1 2 0.7402482732544238
1 21 0.16455385734511951
2 3 -0.845719360241616
2 22 0.28972414072160557
3 4 -0.5698712578532636
3 23 0.8241879986964487
4 5 -0.1807564616849211
4 24 -0.7808767153310621
5 6 0.5262348865687885
5 25 0.7284839462225858
6 7 0.6979316806008036
6 26 -0.3611287898431257
7 8 -0.9598008368191158
7 27 0.9250250489397527
8 9 0.5997276240968121
8 28 -0.07104408673182161
9 10 0.8337768303230597
9 29 -0.5144291271912311
10 11 0.6383173225891481
10 30 0.07637475855020526
11 12 -0.9370086844943835
11 31 0.1548796887701518
12 13 -0.050552195665360955
12 32 0.5802339867102955
13 14 -0.9909988609338021
13 33 -0.017051592758336787
14 15 -0.5188994551828316
14 34 0.7208990510985276
15 16 -0.07994684524103146
15 35 0.3168722185999353
16 17 0.09483062900285488
16 36 0.03533182438484728
17 18 -0.2518612119544641
17 37 -0.8103519180967411
18 19 -0.5706081270825976
18 38 -0.09871060056381831
19 20 0.6659916590222628
19 39 0.35052251016097213
20 40 0.5991331302145346
21 22 -0.44232211859786186
21 41 -0.6281775358196415
22 23 -0.3814848287269057
22 42 0.04850743175275607
23 24 0.518415302883485
23 43 0.3531227153451548
24 25 -0.8285937532576573
24 44 0.49519100746237044
25 26 0.07447980790692643
25 45 0.053353391456796295
26 27 -0.36080347249314904
26 46 -0.47935531057507363
27 28 0.3727627087828178
27 47 -0.07656760148839892
28 29 -0.9571404161203505
28 48 -0.45193488238065127
29 30 -0.7784107202890103
29 49 -0.5416017909292334
30 31 0.021579599697619356
30 50 0.6123094532984503
31 32 -0.6798981769167907
31 51 0.9377233116919015
32 33 0.9462562175947611
32 52 -0.030367970936201916
33 34 0.6741497847214271
33 53 0.5455042646646473
34 35 0.13185967357039452
34 54 -0.12303947907748691
35 36 -0.04409141994664845
35 55 0.9481153988537381
36 37 -0.8931094022139894
36 56 -0.3930379630402321
37 38 0.6886904327426921
37 57 -0.12743568323979426
38 39 0.6747657629500337
38 58 0.2601893373622237
39 40 -0.1399641919701995
39 59 -0.004586955733137055
40 60 -0.019288516587006033
41 42 -0.17779974414977362
41 61 -0.7652489057305689
42 43 0.9161846750682836
42 62 0.7664019117681085
43 44 -0.9572474372675746
43 63 0.3217486537877092
44 45 -0.6339803076854393
44 64 -0.9698252181896676
45 46 0.631913940274329
45 65 -0.7417577230734818
46 47 -0.15002333895210573
46 66 0.7847347666211848
47 48 -0.4866539573180193
47 67 -0.15730885718250565
48 49 -0.744722718610124
48 68 0.1951312695629106
49 50 0.5225293399769744
49 69 0.11501370505973396
50 51 -0.22897038147103488
50 70 -0.6728450331639795
51 52 -0.7398555806318585
51 71 0.02198931389830694
52 53 0.034095379895064504
52 72 -0.9278688437066884
53 54 -0.9982472162856446
53 73 -0.6773650111149021
54 55 -0.17170329001978168
54 74 0.11400076600635556
55 56 0.7839958593653322
55 75 0.22318355797554967
56 57 -0.3693017624088577
56 76 -0.05868902906435847
57 58 0.010822405423524861
57 77 0.8888075993468021
58 59 0.6305320230592133
58 78 -0.5062487050384046
59 60 -0.07183974803211668
59 79 0.29308989875517955
60 80 -0.7377480623559636
61 62 0.36993748874827004
61 81 -0.12477788068069917
62 63 -0.40913621972862013
62 82 0.024751976923359065
63 64 -0.81112081925043
63 83 0.6623251395719059
64 65 0.8275023744411303
64 84 0.8518810753520654
65 66 0.4405590713446912
65 85 -0.866337337088154
66 67 -0.04058763259710929
66 86 -0.30285729130491545
67 68 -0.16161836768896398
67 87 0.10281274213739433
68 69 -0.1603840937568597
68 88 -0.47032294096719696
69 70 0.5499836022801006
69 89 0.24487282372004704
70 71 -0.11401655179703862
70 90 0.1520170229674429
71 72 0.8089363540573444
71 91 0.8059475110586185
72 73 -0.5340892665917676
72 92 0.977647897486406
73 74 0.9323761963484314
73 93 0.8064063154539063
74 75 0.20344550496944214
74 94 0.4090318225177825
75 76 0.17759305627399313
75 95 0.47739229720635623
76 77 -0.7608309799669717
76 96 -0.6606524048224236
77 78 0.21222194101981295
77 97 0.8532583483326135
78 79 -0.5980323627944604
78 98 -0.18207432981701355
79 80 -0.785679920387153
79 99 0.4978463270365301
80 100 0.5885198733614736
81 82 0.11245865034394043
81 101 -0.2658393567613522
82 83 -0.8225951646314345
82 102 0.28343346217566
83 84 -0.7745019151999977
83 103 0.13365921871997632
84 85 0.16574075418712653
84 104 -0.37476090050509914
85 86 -0.9693181885427997
85 105 0.09240806989998651
86 87 0.3643065582033336
86 106 -0.6759780886672218
87 88 0.3160959032057702
87 107 -0.4433116811682354
88 89 -0.685564330186961
88 108 -0.1570653859997082
89 90 -0.8903302464805918
89 109 -0.9231799065676716
90 91 -0.8122733544328451
90 110 0.347822036808316
91 92 0.5306337399078398
91 111 0.355653582713114
92 93 -0.19593424124388292
92 112 0.05711679031556782
93 94 0.9938921136451251
93 113 -0.2892706684471953
94 95 0.9303417214874112
94 114 0.18240987704137046
95 96 -0.7827427604973809
95 115 -0.1559295055701555
96 97 -0.6244043227773592
96 116 -0.8614547891399242
97 98 0.5374200055429452
97 117 0.6615548717593565
98 99 0.12544961696833856
98 118 0.8893297524916386
99 100 -0.10013149536914212
99 119 -0.4692559140937471
100 120 0.4914189519635823
101 102 -0.1952685423715943
101 121 -0.7739185986112074
102 103 -0.7351588925767627
102 122 0.5329716291596682
103 104 -0.6507478264435469
103 123 0.5812132581061706
104 105 0.9965351360239798
104 124 -0.6999718983522969
105 106 -0.815622182734171
105 125 -0.6565912410641119
106 107 0.8976718868484583
106 126 -0.05801646339634137
107 108 -0.5065641682826807
107 127 0.29628725164067027
108 109 0.7426629130457312
108 128 -0.10297947498329996
109 110 0.8149406165378901
109 129 0.7553577151823914
110 111 -0.7007395139540722
110 130 -0.6919773346687355
111 112 -0.7874522123493373
111 131 -0.2107245894178642
112 113 0.7140934103203751
112 132 -0.570869389211724
113 114 0.5557073303170574
113 133 0.4080252878121555
114 115 0.5739099244172181
114 134 0.08230443590643444
115 116 -0.882747845458631
115 135 0.718439628163019
116 117 -0.6161899690360568
116 136 0.20073161608941925
117 118 -0.11472904059709732
117 137 0.9476625580975724
118 119 -0.36119993935882455
118 138 0.9845437894363542
119 120 0.19461650983332368
119 139 -0.8259054274040836
120 140 0.2892639569795441
121 122 -0.10593830746502131
121 141 0.1708902330220714
122 123 -0.8465155195965663
122 142 -0.33791235460481284
123 124 -0.932634402438542
123 143 0.591942364718395
124 125 0.9889629445816646
124 144 -0.7500720196384043
125 126 -0.3327921010664818
125 145 -0.7665616637183401
126 127 0.6394732978327216
126 146 -0.8582890274244652
127 128 -0.9335782569376243
127 147 0.7601832443480476
128 129 0.5329151222598798
128 148 0.21101871011139162
129 130 0.46885791605956495
129 149 0.9144012898655585
130 131 0.08150488088400287
130 150 0.9756737251205596
131 132 -0.8065350686776072
131 151 0.23125627442526064
132 133 -0.8011511252161885
132 152 0.7268222038100238
133 134 -0.929063136208522
133 153 -0.942282201401053
134 135 0.764223064316575
134 154 -0.8069324631544634
135 136 0.3005895123377027
135 155 -0.2754552269290198
136 137 0.8252760862532889
136 156 0.5619044615725233
137 138 0.06948013135131492
137 157 0.8750020877795512
138 139 0.37928553908246965
138 158 0.8006947217018872
139 140 0.22187289312431124
139 159 -0.0015465662023390614
140 160 0.6613627791059482
141 142 -0.6760297923101235
141 161 0.041437576105367135
142 143 0.3597031743663548
142 162 0.018426158921427405
143 144 0.37887454580087976
143 163 -0.01630867261929425
144 145 -0.29789071719096305
144 164 0.06211664934888561
145 146 0.12517340707895408
145 165 -0.17813726821182407
146 147 -0.7871727533283577
146 166 0.015396031453628112
147 148 -0.19707732783636822
147 167 0.6444335835315917
148 149 0.5190140847802494
148 168 -0.09441104483670348
149 150 -0.8368818072764144
149 169 0.0864125905841222
150 151 -0.11738472160369584
150 170 0.6216088849736159
151 152 0.8034010004532857
151 171 0.2083879875400989
152 153 -0.15366124674100767
152 172 -0.4201128451522611
153 154 0.8858213738011282
153 173 -0.9707490650791673
154 155 0.7799500543202886
154 174 0.5963264341375583
155 156 0.5003629278273276
155 175 0.18621199135166355
156 157 -0.30560199869821747
156 176 -0.7822608669272675
157 158 -0.4900514737109454
157 177 0.7463546377190666
158 159 -0.8941590014848995
158 178 -0.23461518190475372
159 160 0.9958529545131016
159 179 -0.27161651480478377
160 180 0.8449863596732261
161 162 -0.347897747724349
161 181 0.398372475888882
162 163 0.3102922804931727
162 182 0.20424071562492152
163 164 -0.82289246059879
163 183 0.8751005251254671
164 165 -0.35279272295230735
164 184 0.612834735547134
165 166 -0.42831661573954327
165 185 -0.20370559020437695
166 167 -0.13672242052146188
166 186 -0.21303754345749204
167 168 0.47788926868917514
167 187 0.4975721459490552
168 169 0.43287488030791343
168 188 0.5165174387092517
169 170 -0.5694424570148564
169 189 0.3746306308699212
170 171 -0.47438995315450794
170 190 -0.477633819380092
171 172 -0.1845422425613945
171 191 -0.0449435911747571
172 173 0.0048070626024059315
172 192 0.02421813432588027
173 174 -0.9059594781313112
173 193 -0.711615043428012
174 175 -0.3603351265201713
174 194 0.12597354650326165
175 176 -0.13440237249427467
175 195 0.6772188392273109
176 177 -0.1460840792094611
176 196 -0.5750866333084375
177 178 0.6758708475958297
177 197 0.5263114329654117
178 179 0.45692102598721607
178 198 -0.3650093466540454
179 180 -0.15625291621990578
179 199 0.31408596413010303
180 200 -0.11087052363327676
181 182 -0.2672109021674327
181 201 0.6727490165321104
182 183 0.43810911509733286
182 202 -0.16956152916336875
183 184 -0.8312755474289062
183 203 -0.06121266001815662
184 185 0.9206385192615865
184 204 0.07894886194522144
185 186 -0.1455751140313606
185 205 0.7716512633640418
186 187 -0.07228856576744658
186 206 -0.023724905957157816
187 188 -0.8783737321632485
187 207 0.9307297408469943
188 189 -0.6374720623322574
188 208 -0.38848422480009326
189 190 0.06511802448255644
189 209 -0.7299047478629856
190 191 0.88976132178918
190 210 -0.6631084367718247
191 192 0.1395704622303804
191 211 0.6410491621101282
192 193 -0.26236359621888683
192 212 0.7576776615295227
193 194 -0.9116444849780425
193 213 0.6779414169568341
194 195 0.948491055613796
194 214 0.4224791928508145
195 196 0.6303968597840399
195 215 0.1764833322109265
196 197 0.15954352605989164
196 216 -0.4206277249583963
197 198 -0.5490943799533157
197 217 -0.13240634707582455
198 199 0.6648371203318866
198 218 0.17628621531808886
199 200 -0.8884725632926929
199 219 0.4629244250573352
200 220 -0.6555280387936737
201 202 -0.037314113504965274
201 221 0.03300459598372196
202 203 -0.20691674160267892
202 222 0.6502779277163453
203 204 0.6112252969041805
203 223 -0.8287070938188514
204 205 -0.0013494450819833137
204 224 0.602247814276738
205 206 -0.12589731338493637
205 225 0.2341206201313777
206 207 -0.3652709127242828
206 226 0.07403942903966332
207 208 0.2952868136845219
207 227 0.35775382785894516
208 209 0.008883767757762673
208 228 -0.9579526086274264
209 210 -0.062497350611114166
209 229 -0.18947010810576748
210 211 -0.31435571471306156
210 230 0.0034848064889203556
211 212 -0.5747878769060584
211 231 -0.29224172902267465
212 213 -0.37625700626582637
212 232 0.6696790239943156
213 214 -0.933348026574107
213 233 -0.44436240280102535
214 215 -0.625767106166903
214 234 -0.608622911636477
215 216 -0.4257250538896096
215 235 0.7413674007365327
216 217 -0.5140446675668904
216 236 0.3997103326331888
217 218 0.0076777446940921035
217 237 -0.39109535585890476
218 219 -0.21488232994569323
218 238 0.6265335729823558
219 220 0.983852754306898
219 239 0.7404982954328534
220 240 -0.3915941782122361
221 222 -0.23390374366126188
221 241 0.9950817917551615
222 223 0.4251035073176066
222 242 -0.804125695706464
223 224 -0.5112409679512901
223 243 0.7856111728221831
224 225 0.5941979038799523
224 244 -0.7602674260720057
225 226 -0.8893570639905477
225 245 0.857087553830868
226 227 0.5206042048751458
226 246 0.7322818530960735
227 228 -0.2890898950167733
227 247 -0.6703447860747804
228 229 -0.09319973148406646
228 248 -0.10512955254321255
229 230 0.31727476336768645
229 249 -0.09386877787900305
230 231 0.741824023657081
230 250 0.25109652232871293
231 232 0.5973557151012276
231 251 -0.12813288589507676
232 233 0.06126891768471432
232 252 -0.12449443232124269
233 234 0.7717402230205845
233 253 -0.16967319974646355
234 235 0.2436998224491902
234 254 0.9789134133245423
235 236 -0.6495005568880239
235 255 0.480418507251692
236 237 -0.03522853294099759
236 256 -0.08948514331395963
237 238 -0.1427010202979051
237 257 -0.5187830986185791
238 239 -0.08324329940966191
238 258 -0.053975272845432576
239 240 -0.7337157374648158
239 259 -0.7288944628685929
240 260 0.8983676702822005
241 242 0.02848897650355786
241 261 0.11810654865694148
242 243 0.6843085171417631
242 262 -0.11835782462080191
243 244 -0.042777838672672486
243 263 -0.6191986474841011
244 245 -0.5080282868006518
244 264 0.25356617653928604
245 246 0.5145187593670657
245 265 0.9517614382941026
246 247 0.5974536629779514
246 266 -0.9437052052084138
247 248 -0.9183520530359899
247 267 0.09370943031579926
248 249 0.32042956578669446
248 268 -0.6790471539859118
249 250 0.6134724055590401
249 269 0.9852136828312703
250 251 0.09508704035285942
250 270 -0.41866106463439556
251 252 0.10032520409082246
251 271 -0.6808639584866387
252 253 -0.8701352479706739
252 272 0.516846822065808
253 254 -0.8285263842119317
253 273 0.553407300276169
254 255 0.3619302122795387
254 274 -0.22653160415056095
255 256 0.5669468914359317
255 275 -0.19504047528150914
256 257 -0.6893543132753159
256 276 0.3054586423613266
257 258 0.9958727973065344
257 277 -0.2516307883544884
258 259 0.11133512557525527
258 278 0.9450507576786094
259 260 -0.8896653885285553
259 279 -0.8774982965720248
260 280 0.9658933023066327
261 262 -0.931100463782857
261 281 0.4398600527346692
262 263 -0.2520215114641704
262 282 0.8273516394295131
263 264 -0.49391153420214007
263 283 0.5246784953832813
264 265 -0.24549948568830526
264 284 -0.8730851481344664
265 266 -0.4966823027146796
265 285 0.9362987422692675
266 267 0.05138494210168498
266 286 0.34120062200676715
267 268 0.9921520570620477
267 287 0.025717170746477613
268 269 0.614855160944046
268 288 -0.049091639626752004
269 270 -0.8134445334664184
269 289 0.6542659670924311
270 271 0.2339547767106589
270 290 0.4920634450315349
271 272 -0.8772088159639053
271 291 -0.5057386454512112
272 273 -0.6113681596454617
272 292 -0.5498600948883334
273 274 0.5853537266464641
273 293 -0.8286992131485864
274 275 -0.3619427057216338
274 294 0.9476335152824082
275 276 -0.2983492222671631
275 295 -0.010277121414415724
276 277 -0.42969769554965165
276 296 -0.7279445127099995
277 278 0.7456152189823746
277 297 0.4026041431173608
278 279 -0.6619500280875703
278 298 -0.5869130926908885
279 280 -0.7537056438418663
279 299 0.7975537151443326
280 300 -0.17511021093239232
281 282 -0.1579929047855153
281 301 -0.12612974941550226
282 283 0.09555603351822617
282 302 -0.4961254742787906
283 284 0.9170804777084054
283 303 0.5246350466673979
284 285 -0.2536027386376425
284 304 -0.8517682955485977
285 286 -0.7200625156757361
285 305 0.42362644265227845
286 287 -0.24957031865251667
286 306 -0.8495930291726859
287 288 0.29322867192869917
287 307 0.15242257071640286
288 289 -0.39325103156543717
288 308 -0.3907964285066903
289 290 -0.26822516110925143
289 309 0.8487076628445973
290 291 0.8622974819417437
290 310 -0.5515873927414308
291 292 -0.01609468982886364
291 311 0.8720889663770657
292 293 0.20904670074113274
292 312 0.7811657688211278
293 294 0.27122770685680386
293 313 0.6641979338515314
294 295 -0.7172231643730924
294 314 0.14988205528053222
295 296 -0.4951805863323
295 315 -0.8243728601445546
296 297 0.7945503171257933
296 316 0.6885817815202084
297 298 0.6845704283012799
297 317 0.4569923695716165
298 299 0.688718610737447
298 318 -0.7599190245263614
299 300 0.9961864411669785
299 319 0.35548292187114994
300 320 -0.18710519313384189
301 302 -0.43659849242203874
301 321 0.8005486761134257
302 303 -0.9450521172512396
302 322 -0.5874854007725194
303 304 -0.35998574709020015
303 323 0.5831628110911826
304 305 -0.9111160258652062
304 324 -0.4139762377306264
305 306 -0.861646796799397
305 325 0.21007825860143292
306 307 0.33812901026763775
306 326 0.180660689444347
307 308 0.883908917267028
307 327 0.16540672251884736
308 309 0.12367448431503147
308 328 0.9052098752637379
309 310 0.23250542590268752
309 329 -0.18359328421505472
310 311 -0.837839984598618
310 330 -0.6317403775519719
311 312 0.13748353728215124
311 331 -0.0632369287934269
312 313 0.3232132457144017
312 332 0.14245802626374604
313 314 -0.13003930331072033
313 333 -0.3209035287791875
314 315 -0.9064669568236485
314 334 -0.8765450783017448
315 316 -0.19511290290580674
315 335 0.28356212844305717
316 317 -0.13492792670514064
316 336 0.6575636366326041
317 318 0.4419558727574502
317 337 -0.9039988486851085
318 319 -0.9592982954165135
318 338 -0.3007078381034267
319 320 -0.0007040413818957258
319 339 -0.8980380786639899
320 340 0.35671065843774064
321 322 0.33922455621440406
321 341 -0.08786249902295662
322 323 0.18177072295506624
322 342 -0.6726969439761163
323 324 -0.020957903363236774
323 343 -0.40729863100100894
324 325 0.5090850423699307
324 344 0.9064948428114992
325 326 -0.8809502212332199
325 345 -0.274225759017924
326 327 0.469260033790178
326 346 -0.2661078359930489
327 328 -0.031693242762560914
327 347 -0.18394386089451853
328 329 0.08569354664863371
328 348 0.4729884926923813
329 330 -0.3892960951311779
329 349 -0.0830710386376734
330 331 -0.7230222181717636
330 350 -0.04060038707476643
331 332 0.94167766186808
331 351 0.9528949809810798
332 333 -0.07666891921265595
332 352 0.7789428779741003
333 334 -0.4489359021697308
333 353 0.1608418907801097
334 335 0.6774841425178508
334 354 -0.5677706240502893
335 336 0.24874406200119648
335 355 0.8218572006011111
336 337 -0.4010899102830945
336 356 -0.6203838517201035
337 338 0.43128291439681155
337 357 0.580048350917407
338 339 -0.40426134297202765
338 358 0.3018454367645418
339 340 0.07508712577185817
339 359 -0.24689594355359867
340 360 0.19942194586391127
341 342 -0.4203913104555279
341 361 0.0516379269294438
342 343 0.6738563278419376
342 362 0.5504063422630712
343 344 0.20392241533455024
343 363 -0.5560982458773325
344 345 0.1774970454503182
344 364 0.975880534134111
345 346 -0.4830529708626632
345 365 -0.9477460310786878
346 347 -0.9849396893100508
346 366 -0.4213992480732147
347 348 -0.7276104284551759
347 367 -0.6829062248644029
348 349 0.4852765614279597
348 368 0.952239905256546
349 350 0.09824589134645523
349 369 0.3212807309685226
350 351 0.022667425939306485
350 370 0.9012339610746274
351 352 0.0560463886056668
351 371 0.7303692525169401
352 353 -0.36272969993392246
352 372 -0.7912661245439703
353 354 -0.22507949526290894
353 373 -0.36292531031064446
354 355 -0.9546821870473658
354 374 -0.220320100431888
355 356 0.9480124505944791
355 375 0.7856565529180599
356 357 -0.8871768510331921
356 376 -0.9691063681324028
357 358 0.794534528024881
357 377 0.8308746930490909
358 359 -0.6708164806302315
358 378 -0.10919553280585537
359 360 -0.9027092945448789
359 379 -0.30999506923192266
360 380 0.8371939420040617
361 362 0.1184841230031235
361 381 0.49056766356097237
362 363 -0.6619170872042872
362 382 0.5339886585672289
363 364 -0.22785475815125045
363 383 -0.9868046715973462
364 365 -0.6038510042625225
364 384 -0.9140624356357874
365 366 0.4651594837522186
365 385 -0.09708290302255951
366 367 -0.19527888636126156
366 386 0.25785480289914453
367 368 0.6596604790928491
367 387 -0.6451428426944936
368 369 -0.2615282541375674
368 388 0.8709744692456536
369 370 0.690718186821436
369 389 0.11413921495141666
370 371 0.5917024390634904
370 390 0.6042416609402141
371 372 0.7397504947012761
371 391 0.5932303931118816
372 373 0.9435168274932251
372 392 -0.13382878920840224
373 374 -0.2372911093434109
373 393 0.3485209095264046
374 375 -0.5931738556996053
374 394 -0.835208455537898
375 376 0.5146636311550006
375 395 0.6104406502826829
376 377 0.9496587104319989
376 396 0.5122235243795434
377 378 -0.8240742325547386
377 397 0.4141096826780044
378 379 0.6769409149101606
378 398 0.16858101406018933
379 380 0.7402514980571295
379 399 -0.8967065691054013
380 400 0.9277040475520213
381 382 0.6566925071466068
382 383 -0.32926830186355205
383 384 -0.28365072481170217
384 385 -0.2325915966822263
385 386 0.7263800307734465
386 387 -0.09899480981678499
387 388 -0.5135451635989143
388 389 0.17247218798366082
389 390 0.7913505149213367
390 391 -0.5301193810502443
391 392 0.6105989558108651
392 393 -0.7303528383244013
393 394 0.8438017982563246
394 395 0.0328010685907596
395 396 -0.526587970262534
396 397 -0.6701124686717075
397 398 -0.3077552974210982
398 399 -0.29235965192797564
399 400 0.39447780253498643
