1 2 -0.9025502383817454
1 21 -0.4217806804203663
2 3 -0.22636713173142886
2 22 -0.1792916428543625
3 4 0.7146847208076494
3 23 -0.6465408745385497
4 5 -0.127761724982552
4 24 -0.2733810891856494
5 6 0.3455396909453494
5 25 -0.4337711128960282
6 7 -0.20851696701352207
6 26 0.19043813830832734
7 8 0.6873274138038412
7 27 0.27662121879840984
8 9 0.7596500068879848
8 28 0.5070832748917142
9 10 -0.3334029041510145
9 29 0.24344259702445292
10 11 0.14504977048070633
10 30 0.9578420140367894
11 12 0.47493231457793095
11 31 0.982821816012236
12 13 -0.5253675697851987
12 32 -0.03100614911056887
13 14 0.6526535145516204
13 33 -0.6249918905339702
14 15 -0.31329051089614124
14 34 0.8629694308887392
15 16 -0.7056034054846041
15 35 -0.47383982336408326
16 17 -0.3874715676663212
16 36 0.48481265844444654
17 18 0.4869769561191033
17 37 -0.3789685474594444
18 19 -0.01913175644533527
18 38 -0.6730163631888924
19 20 0.8111671420365927
19 39 0.709393896831193
20 40 -0.014759626379733604
21 22 0.4419326936624597
21 41 -0.9567675001681004
22 23 0.6203150989852744
22 42 0.20073853076426973
23 24 -0.2529578026993069
23 43 -0.23544247788589567
24 25 -0.43171345563696395
24 44 0.5440510010606263
25 26 -0.4686886794309584
25 45 0.7622823469909821
26 27 -0.13465368778827358
26 46 -0.6942605793617087
27 28 -0.20809190619163598
27 47 -0.3860924786330071
28 29 0.140730547048999
28 48 0.41247911130850134
29 30 0.5005525245180149
29 49 0.26286234075956494
30 31 0.7319606829058833
30 50 0.7525229356791459
31 32 0.6889924481671694
31 51 0.49922517454962634
32 33 0.9369115868222035
32 52 0.2203783421100478
33 34 0.46570669251543695
33 53 -0.4949853309635608
34 35 0.24770942947861174
34 54 0.6641791190730204
35 36 0.8096348688128325
35 55 0.7206998235982276
36 37 -0.6979871763621934
36 56 -0.4608082708478993
37 38 0.4237931164954236
37 57 0.9981868170850168
38 39 -0.14155142061171722
38 58 0.15733860799926713
39 40 -0.051723866062024504
39 59 0.12461699338314935
40 60 -0.45189776876680243
41 42 -0.588154469465122
41 61 -0.8984534866092464
42 43 0.7966806771693886
42 62 -0.019935549901964
43 44 0.14129004403104606
43 63 0.022273433082365512
44 45 0.43163747124413177
44 64 -0.6743381705066507
45 46 0.07825985850996697
45 65 0.48753026998659843
46 47 0.7089913284948188
46 66 -0.281331859240717
47 48 -0.8773113539873789
47 67 0.7930910988053455
48 49 -0.3380645464183678
48 68 0.23271516580189555
49 50 -0.9569245714273356
49 69 -0.3416501961880716
50 51 0.05433373048358758
50 70 -0.76690900478273
51 52 -0.1869529191318342
51 71 -0.861484882811062
52 53 -0.41847504412359404
52 72 0.6234469117706223
53 54 -0.29574431589014916
53 73 0.9472419842796547
54 55 -0.26506768628233157
54 74 0.8728073188932548
55 56 0.3024486244601965
55 75 0.9007606695848158
56 57 0.019436414154924808
56 76 0.9720806700578231
57 58 -0.3177981234646823
57 77 -0.8605945192235429
58 59 -0.6961499442098353
58 78 -0.6675113813685767
59 60 -0.8791088119604897
59 79 -0.35001534135933254
60 80 0.11458029239706913
61 62 -0.3954562120707663
61 81 0.32782058924939994
62 63 0.6566362644325636
62 82 0.7177789423364778
63 64 0.05815461748558959
63 83 0.04640539802194321
64 65 0.5214155459883472
64 84 0.5716563372757519
65 66 0.7956170149706718
65 85 -0.45207781582181794
66 67 -0.7953789405560125
66 86 -0.9255003643934911
67 68 0.8213678511652391
67 87 0.9018896208062919
68 69 0.3846824130089559
68 88 -0.909337713553436
69 70 -0.08992865042230513
69 89 -0.3204144424402873
70 71 0.2559893340905637
70 90 0.9272888792449472
71 72 -0.6248745717731228
71 91 0.5508516434256179
72 73 0.5629630670981676
72 92 -0.201522304065048
73 74 0.47830143268579106
73 93 0.8123166267398603
74 75 0.10476117573263988
74 94 -0.4497171650992431
75 76 -0.49417417465207136
75 95 0.3172576099936897
76 77 -0.2167977518447901
76 96 -0.6114214790159367
77 78 -0.6701503229889048
77 97 -0.8358436761997756
78 79 0.2697779924767072
78 98 -0.9088186190377212
79 80 -0.2552650718469729
79 99 0.478512541778902
80 100 0.9396676222288578
81 82 -0.3837712135262423
81 101 0.16718255243719748
82 83 0.5768902872821859
82 102 0.7753108744144059
83 84 0.8637551151860132
83 103 -0.5068481319861142
84 85 0.4772131937376125
84 104 -0.5423969270742302
85 86 0.06687104036662772
85 105 -0.7336131161226256
86 87 -0.08813530782406653
86 106 -0.7437032164725383
87 88 0.8394185511313563
87 107 -0.9363932100352721
88 89 -0.9267221008063957
88 108 -0.31122198821096236
89 90 -0.6928027043050013
89 109 0.3512575536809883
90 91 -0.11945585361953315
90 110 0.05635488500928809
91 92 0.1304653733751837
91 111 0.7741725626426781
92 93 -0.26903895507776765
92 112 0.20023277798880557
93 94 -0.5324095567284663
93 113 0.05405090724271866
94 95 0.4077860568225249
94 114 -0.4972484787471545
95 96 0.8997153175735653
95 115 -0.5093482218763952
96 97 0.6408912972577783
96 116 -0.36591743964002443
97 98 0.23654153356971608
97 117 0.8925941253219567
98 99 0.5851699285608993
98 118 -0.48421121818032153
99 100 -0.10881705789479623
99 119 -0.06151411810751628
100 120 0.9858849699197583
101 102 -0.8608580907747989
101 121 0.7348089679861767
102 103 0.3977215779049763
102 122 -0.09121938477850078
103 104 -0.5833938979939839
103 123 0.6320607801808937
104 105 -0.3395770373066338
104 124 -0.44773555828951306
105 106 0.9237103815489447
105 125 0.6249118551475683
106 107 0.40747006417936515
106 126 -0.8732073769857187
107 108 0.7522869991537795
107 127 -0.9155999120171034
108 109 0.6207313924158151
108 128 -0.14925233502350244
109 110 -0.9683892322886833
109 129 -0.03492003400637422
110 111 -0.7929784113210927
110 130 -0.3380672494366461
111 112 0.9450813727147191
111 131 0.8366898198501722
112 113 0.6272932140488643
112 132 0.34959657984374215
113 114 -0.6165520481395483
113 133 0.7578804319241672
114 115 0.1190634789478755
114 134 0.010668916122652083
115 116 -0.7054754329910498
115 135 0.9471586742610596
116 117 0.06474491075498934
116 136 0.08940947477074657
117 118 -0.5595349190576728
117 137 -0.9294169619262926
118 119 -0.5883672291471191
118 138 -0.9782407705581493
119 120 0.0039267665209954394
119 139 -0.5466381237274898
120 140 0.2949233047856563
121 122 -0.7335189614965045
121 141 -0.6437506768810033
122 123 -0.388169670422289
122 142 0.6401688098518536
123 124 -0.39226601056929056
123 143 0.35078478182574147
124 125 0.7951968159500185
124 144 0.8502451852442778
125 126 0.3028179965720039
125 145 -0.5954850988457816
126 127 -0.9939381500669806
126 146 -0.8217011357489539
127 128 0.9612584500436248
127 147 0.5176971219996818
128 129 0.7241860132836939
128 148 -0.4135927483025925
129 130 -0.9381709033476964
129 149 -0.3878551451681571
130 131 -0.716406979557555
130 150 0.8111556943023401
131 132 0.38067888059028787
131 151 -0.5937804357788716
132 133 -0.819506589939629
132 152 -0.8885238588708873
133 134 -0.9045635738221383
133 153 0.6715597945333494
134 135 -0.8919535041481048
134 154 0.5805692480240565
135 136 0.9569819950817273
135 155 -0.5349312359277711
136 137 0.1562921542261484
136 156 0.1701205261815979
137 138 -0.29332542421456465
137 157 -0.22692160371058323
138 139 -0.5328667246516117
138 158 -0.9937323496026409
139 140 0.484880147125601
139 159 -0.341079962197689
140 160 0.7642144182637942
141 142 -0.00814090034768844
141 161 0.7273992891164471
142 143 -0.7206706891519601
142 162 -0.1974070030386228
143 144 0.847316096488395
143 163 -0.8600611606074782
144 145 0.23715113045810932
144 164 -0.72139283267207
145 146 0.9416456058165168
145 165 -0.9289279234273373
146 147 0.6117245599077346
146 166 0.40238088886255485
147 148 0.7892855769880984
147 167 0.5032856544322839
148 149 -0.39077058206243986
148 168 0.7651038514179671
149 150 0.9235826854861817
149 169 0.86848311730091
150 151 0.990632383815657
150 170 0.787812626189702
151 152 0.5160580286306815
151 171 -0.09271319892597174
152 153 0.5675183851917378
152 172 -0.39921985838532903
153 154 0.4352860756564827
153 173 0.8443937931687149
154 155 -0.5731396376575328
154 174 -0.8911769157469285
155 156 -0.12049192062743064
155 175 0.2208461401934496
156 157 -0.5500632167376425
156 176 -0.7691429426385108
157 158 -0.7628724396660538
157 177 0.1825697845289853
158 159 -0.4461164323790199
158 178 -0.25323603392636884
159 160 0.8680098009202117
159 179 -0.5723951596051005
160 180 0.008855641371520395
161 162 0.5178876710242286
161 181 0.9409702506983153
162 163 -0.5375753701193287
162 182 0.1809155270867131
163 164 0.563538885204995
163 183 -0.9297940219609739
164 165 -0.7249418491668398
164 184 -0.26826401724927984
165 166 -0.15353154742823727
165 185 0.8888284853628323
166 167 0.7201004028601794
166 186 0.6032936830701889
167 168 0.8123104635064493
167 187 0.4817314030572135
168 169 -0.24175297340790358
168 188 0.014367371448417376
169 170 -0.1586537110628652
169 189 -0.7568038701489479
170 171 0.394157569794797
170 190 0.08257239417378948
171 172 0.549872718431057
171 191 -0.0537552534063126
172 173 -0.7950455828764285
172 192 -0.5189080875299483
173 174 0.6392403156246305
173 193 -0.6469280216813074
174 175 -0.4327106828186482
174 194 0.10056070862876387
175 176 0.384031027975426
175 195 0.4444475235189962
176 177 -0.3273196892223107
176 196 0.9490152776320557
177 178 -0.9598128991869079
177 197 0.9195928211320779
178 179 0.8596915252074011
178 198 -0.29545645278404664
179 180 -0.05886121114291032
179 199 -0.5218023891356753
180 200 -0.5844143881591295
181 182 0.5186051055711056
181 201 -0.23149993581974115
182 183 0.7725361158702917
182 202 -0.34451681917495325
183 184 0.018159325278922278
183 203 -0.12241665315078665
184 185 -0.7690609245227946
184 204 0.023665358070617648
185 186 -0.3615805082901462
185 205 0.5538285941575354
186 187 -0.5427189432933703
186 206 0.01738870047825647
187 188 0.8101538982925791
187 207 -0.9443000253355933
188 189 0.5912137443109995
188 208 -0.3279578428818066
189 190 0.8980424158071301
189 209 0.8927401015520535
190 191 -0.2561623356945759
190 210 -0.41342666868868116
191 192 0.06240856319804844
191 211 0.2361202927346826
192 193 0.5886728248414024
192 212 0.9896249975242886
193 194 0.17545600149328
193 213 0.49103782263534934
194 195 0.05873157235466597
194 214 0.24397556318699865
195 196 -0.0573596860169161
195 215 -0.8708332745174201
196 197 0.3920989377282751
196 216 -0.3817453777784787
197 198 0.7904428038336282
197 217 -0.41029223034664364
198 199 -0.9265574369136285
198 218 0.9890696675187143
199 200 -0.09650494144609789
199 219 -0.5512287917258307
200 220 -0.47324737509132797
201 202 -0.18256334111253492
201 221 0.42672085576895746
202 203 0.6092193040392957
202 222 0.594905678935963
203 204 0.38104356582770094
203 223 0.558493258501708
204 205 -0.4812876770112864
204 224 -0.7790442155612778
205 206 0.9501832000197388
205 225 0.40386918107169034
206 207 0.08113961569629558
206 226 -0.4125867707284252
207 208 0.3602236586093519
207 227 0.6926703981255629
208 209 -0.9900646303917406
208 228 0.1704025411957153
209 210 -0.2644408119040358
209 229 -0.8937208962150414
210 211 0.5090120798404483
210 230 -0.9306685028134829
211 212 -0.4719362709746404
211 231 0.7694347174325871
212 213 0.8362479210149814
212 232 -0.8238818291262364
213 214 0.9508250518899573
213 233 0.2895302238141828
214 215 -0.7147819754520857
214 234 0.9753328398988761
215 216 0.9671929200895968
215 235 0.26494260370015743
216 217 -0.5953460706047458
216 236 -0.9749263868836382
217 218 -0.8491842169141572
217 237 -0.33707825549649906
218 219 -0.00851672972275086
218 238 0.1277743481770417
219 220 -0.4361738425387076
219 239 -0.6237729520212643
220 240 -0.8084038558769393
221 222 -0.4586604546537325
221 241 0.7082057439826881
222 223 0.33138729554838964
222 242 -0.5117750065544531
223 224 -0.9055417399887484
223 243 -0.8508775976591172
224 225 -0.623771893856947
224 244 -0.3520816675797964
225 226 -0.3949418538681966
225 245 0.9373278094009516
226 227 -0.26156970725137296
226 246 -0.4594720254010012
227 228 0.7749669537884014
227 247 -0.9163892271722585
228 229 -0.3007054603337469
228 248 -0.0922023445250344
229 230 -0.7519200172564486
229 249 0.794751859323531
230 231 0.7614101052788342
230 250 -0.2408183083227462
231 232 0.8191537225255068
231 251 0.1476600955614824
232 233 0.3235156826529244
232 252 -0.29411110695470155
233 234 -0.3602266260286817
233 253 0.5806852358873036
234 235 0.30979504681779524
234 254 0.2592349779411196
235 236 0.6820473743245417
235 255 -0.4881082721496739
236 237 -0.760921230816529
236 256 0.3178823115677347
237 238 0.07211685999529749
237 257 -0.7239693407757235
238 239 -0.18625270926708137
238 258 0.20262371733766105
239 240 0.11254097093138826
239 259 -0.2860089057107269
240 260 0.5994922316003644
241 242 0.8263279392236111
241 261 0.5215121393292124
242 243 0.6387124915091273
242 262 -0.06479761910376869
243 244 0.20968907780505752
243 263 0.4247000053464487
244 245 0.33107828655212623
244 264 -0.3760816559984317
245 246 -0.20857361404270902
245 265 0.9026181266710551
246 247 -0.8133732200919985
246 266 0.5062640865534414
247 248 -0.04345761179687058
247 267 0.16566092124469955
248 249 -0.4149370015841207
248 268 0.31111110709055945
249 250 -0.8347987972847608
249 269 -0.14956374577357323
250 251 -0.4006649326011553
250 270 0.5411149483323783
251 252 0.12407410226555071
251 271 0.1990950753059193
252 253 -0.0491960878448372
252 272 -0.014983388485127147
253 254 -0.9648246900499828
253 273 0.10373718667893539
254 255 -0.7646900228547271
254 274 -0.9288113895345653
255 256 0.03019001554587608
255 275 0.7856517401698304
256 257 0.0981511749866002
256 276 0.9038953432366732
257 258 -0.9645804285333568
257 277 -0.6090113415243226
258 259 0.4064901227244695
258 278 0.2601632362771804
259 260 -0.9094305094335278
259 279 0.9923443936015679
260 280 0.3551930941607968
261 262 0.03333707551613241
261 281 -0.6643284695569853
262 263 0.4782174539681787
262 282 -0.07870706335492739
263 264 -0.6984509036567457
263 283 0.22952714900157223
264 265 0.04789750922964986
264 284 -0.332463165399389
265 266 -0.7411879246224562
265 285 0.8741283411054406
266 267 0.4610613958230989
266 286 -0.9927491490139311
267 268 -0.5553352522715767
267 287 -0.13665546954010077
268 269 -0.016648697718712135
268 288 0.6335957963173389
269 270 -0.4405933448725021
269 289 -0.5492278407848774
270 271 -0.07682330547401084
270 290 0.8361430530616281
271 272 0.48152291500182365
271 291 -0.2798583349320003
272 273 -0.23384470924198397
272 292 -0.4267435082066837
273 274 0.24274206704482326
273 293 -0.44987626000090564
274 275 0.9698946536064217
274 294 -0.6030728911628038
275 276 -0.7995909671787171
275 295 -0.6754843256717389
276 277 -0.08366558245351374
276 296 0.7512436693662414
277 278 -0.07919435021702492
277 297 0.19512200212224173
278 279 0.8024547720948267
278 298 -0.046303719323733006
279 280 -0.46663716929113597
279 299 -0.601944050910173
280 300 0.7460475733107066
281 282 -0.40261541678226864
281 301 -0.43211390993873233
282 283 0.7281714991459485
282 302 0.40432858400822647
283 284 -0.6982980239679304
283 303 -0.07653556150001539
284 285 -0.8233302706281755
284 304 -0.8234284903757747
285 286 0.5142160615362172
285 305 -0.9077614367918929
286 287 -0.5207411519327634
286 306 -0.4605653212735008
287 288 0.6740362715882058
287 307 0.957635261288877
288 289 -0.2729151417158171
288 308 -0.5141150439984514
289 290 -0.8176760526299189
289 309 -0.9979174631879495
290 291 0.05742265593351248
290 310 0.7707032415770187
291 292 -0.718172186862194
291 311 -0.7899727409524915
292 293 0.26299496377298737
292 312 -0.2739373628381101
293 294 -0.22413430316350458
293 313 0.7535682796005074
294 295 -0.48521337308607726
294 314 -0.44581533511504867
295 296 -0.5270313965271756
295 315 -0.9775435575210496
296 297 0.18718927881306557
296 316 -0.9183661955741786
297 298 -0.15169278355555593
297 317 -0.5491061832170341
298 299 -0.8010740473262346
298 318 -0.4696472699800911
299 300 -0.5337176941391502
299 319 -0.5779887405203916
300 320 -0.36459199604973525
301 302 -0.3455748467645381
301 321 -0.07971933241404794
302 303 -0.6640498531340862
302 322 -0.6415070537496628
303 304 0.9605265576945181
303 323 0.6870383156136137
304 305 -0.49541424982951354
304 324 -0.5634821097357468
305 306 0.3257442896867666
305 325 -0.5468575417066477
306 307 0.5833114889396525
306 326 0.014868576080775409
307 308 0.3375383994649621
307 327 0.836402842265396
308 309 0.06290985728565746
308 328 0.5356839989651041
309 310 -0.6646761646129009
309 329 0.21023778862089926
310 311 0.03499237518178111
310 330 0.9265506859372838
311 312 0.35480989415694886
311 331 -0.12595597155785154
312 313 -0.3317849676468376
312 332 -0.5931800842309258
313 314 0.9719880938923044
313 333 -0.7209222701898494
314 315 -0.49188656748521
314 334 0.41612829009222607
315 316 -0.8207668319628021
315 335 0.33578955239215724
316 317 -0.8621691159510001
316 336 -0.5702891812820223
317 318 0.9627035369925232
317 337 0.35853294186146
318 319 0.8549961374634181
318 338 -0.18380970710488165
319 320 0.3840265811421848
319 339 0.45123109523542015
320 340 -0.05814235079486019
321 322 0.08873671891527524
321 341 -0.5651982604805561
322 323 0.6998100571001817
322 342 -0.2697755063160292
323 324 0.3838295671058336
323 343 -0.07440214434463832
324 325 -0.8746216211973616
324 344 0.5555541408728206
325 326 0.03890127113976871
325 345 0.021350593003927942
326 327 -0.06862688448656384
326 346 -0.474229703328485
327 328 -0.708909274621945
327 347 -0.09717524493295704
328 329 0.8708638072597921
328 348 -0.4750497401384941
329 330 -0.341253798747585
329 349 0.406384635030445
330 331 -0.4851703098715128
330 350 -0.45531720008241594
331 332 0.2513029305318517
331 351 0.5757472018434355
332 333 0.925626816879721
332 352 -0.13926432429448266
333 334 0.8821734111858095
333 353 -0.1693743433965862
334 335 0.45280580398992765
334 354 0.9496489549539944
335 336 0.9472314037259713
335 355 0.45111283214369124
336 337 0.790687163855095
336 356 0.00605507746940015
337 338 0.857066804229982
337 357 0.9878650928606636
338 339 -0.7435176001631187
338 358 0.7919366734655136
339 340 -0.6954457239005976
339 359 0.028104619194126768
340 360 -0.47417830681660944
341 342 0.5997366538779529
341 361 0.45336889859307083
342 343 -0.2379297211782465
342 362 -0.9175850194677184
343 344 0.8335472411320268
343 363 0.4651349746165523
344 345 -0.007735737108974794
344 364 -0.4514987582336607
345 346 -0.7849161447296658
345 365 0.6301268503581472
346 347 0.20630328313746005
346 366 0.7521491955336843
347 348 -0.8247021523908826
347 367 -0.6342116116504801
348 349 -0.8629743126365428
348 368 -0.23280915122170542
349 350 -0.09043270172029838
349 369 0.43451967324022145
350 351 0.9860730763619254
350 370 0.6831805995710443
351 352 0.3103556382870718
351 371 -0.5493687842596979
352 353 -0.16709803919525656
352 372 -0.13287759123630605
353 354 -0.008879002815833426
353 373 0.4442113901004767
354 355 -0.8279083689902618
354 374 0.5772992033556026
355 356 0.7058433016833203
355 375 -0.9760298395091032
356 357 -0.8162243809806466
356 376 -0.5049848562423023
357 358 -0.16062273631477963
357 377 0.6663438842902836
358 359 0.16113139365495055
358 378 -0.20460138604767186
359 360 -0.9115811805219509
359 379 -0.00039984548507487894
360 380 -0.4649396606907601
361 362 0.6985854267824338
361 381 -0.4649563908358554
362 363 0.26832615382948566
362 382 0.6083566848902608
363 364 -0.9957989982143194
363 383 0.3458584999533878
364 365 0.6196666097349788
364 384 -0.32464776029117504
365 366 0.9249060341646289
365 385 0.17776478599915913
366 367 0.9865856527018166
366 386 -0.9461880232996207
367 368 0.07605139087856294
367 387 0.3567864609245681
368 369 0.4878254390442107
368 388 0.20668137924181185
369 370 -0.6160171602911511
369 389 -0.5464346373174491
370 371 -0.6810319341621747
370 390 0.4745395669920376
371 372 0.7369722275428736
371 391 0.8032799862779589
372 373 0.24139052212325063
372 392 -0.6560314970629073
373 374 0.13119071199442245
373 393 0.1830144083369598
374 375 -0.139191981063024
374 394 -0.38510018441980964
375 376 0.5169312700100346
375 395 0.5592385614923143
376 377 -0.7011335765791553
376 396 0.13445281758346783
377 378 -0.5181864995531014
377 397 -0.8490212712925957
378 379 -0.8607954837946132
378 398 -0.3181842700460542
379 380 -0.057868242066388964
379 399 -0.17220651395840725
380 400 -0.7686125022148627
381 382 0.22964942229686924
382 383 0.7946257952820088
383 384 0.1574920812359999
384 385 -0.6087792167421073
385 386 -0.19149589867054972
386 387 0.049298891090931996
387 388 -0.45707497627131866
388 389 0.5320109081966498
389 390 0.8882308002562069
390 391 -0.16336978621354126
391 392 -0.5934331294603976
392 393 -0.8049724276503061
393 394 -0.015152397493147785
394 395 0.8571006766289273
395 396 -0.789487581852113
396 397 0.712448104440262
397 398 -0.785661536582436
398 399 0.14302294133193194
399 400 0.8670910132977827
