1 2 -0.6394606222464616
1 21 -0.9610495170247508
2 3 -0.8726271384506892
2 22 -0.2707687140079178
3 4 -0.0944816710160048
3 23 0.24566801530597915
4 5 0.03801548317531789
4 24 0.8449004765417398
5 6 -0.8898303357884281
5 25 0.6929939542947174
6 7 -0.8691068345796102
6 26 0.14931188760121894
7 8 0.8750083687455297
7 27 -0.39867785140309375
8 9 0.5291257968933749
8 28 0.6459316118575644
9 10 0.20905447854911974
9 29 -0.9685678838516216
10 11 0.879978443314464
10 30 0.9211873382931166
11 12 -0.30894439739879
11 31 0.7876545032580589
12 13 0.4115334211017625
12 32 0.5048790908153482
13 14 0.10178549006299953
13 33 0.5387259146643948
14 15 -0.6002079045599669
14 34 0.008789346187282998
15 16 0.986510369195241
15 35 -0.040091934508528215
16 17 -0.6849122476143317
16 36 -0.9672208456108169
17 18 0.2047153945484892
17 37 -0.4635569739559662
18 19 0.5726386849875711
18 38 -0.14918188952217992
19 20 0.37641462356773414
19 39 -0.9073006624585311
20 40 -0.41209468423692086
21 22 -0.07356294700331079
21 41 0.44986785838429566
22 23 -0.8599543947509951
22 42 -0.36126458589818
23 24 0.4799030355957894
23 43 -0.16267313963631835
24 25 0.44782252523922805
24 44 -0.012173997732988218
25 26 0.9781623231587118
25 45 -0.5044007150335956
26 27 0.375872493742875
26 46 0.13661166185581486
27 28 0.18643171917824564
27 47 0.17486844759442444
28 29 -0.39510892355175
28 48 -0.5817993887242978
29 30 -0.06775896580671126
29 49 0.764009298935783
30 31 0.40132280754900673
30 50 0.9104700818687455
31 32 -0.06239887871677863
31 51 -0.13206014296573154
32 33 0.38243795542216774
32 52 0.9267572518761291
33 34 0.7236848410214449
33 53 -0.48803976481741373
34 35 -0.7379484827148017
34 54 0.7426839735068722
35 36 0.7699337947489364
35 55 0.0417819257107066
36 37 0.8153467493226636
36 56 -0.16454993289831465
37 38 0.07745787140650684
37 57 -0.1902995720981575
38 39 0.4587610907078765
38 58 -0.43634347247595184
39 40 0.7518300816877486
39 59 -0.7727052436549717
40 60 0.046685402961635925
41 42 -0.15959279082454514
41 61 -0.0291458036644352
42 43 -0.8592348097860862
42 62 -0.4194726657293759
43 44 -0.2647647498647001
43 63 -0.6619423788184953
44 45 -0.005007294503475146
44 64 0.2974443965694009
45 46 -0.8917693910495723
45 65 0.959386616638011
46 47 0.20745309478552376
46 66 0.19930020849236785
47 48 -0.11849203276810405
47 67 -0.49926357153731127
48 49 -0.8548615116751646
48 68 -0.24733546614108426
49 50 0.5605688883927782
49 69 0.3098562412277799
50 51 -0.6500438557976556
50 70 0.7132833212716274
51 52 -0.3901596758217727
51 71 -0.6805270257037694
52 53 0.15976554490174477
52 72 -0.11288789790212062
53 54 0.9047004982327629
53 73 -0.13029546684454663
54 55 -0.15008236265049613
54 74 0.9960735528336002
55 56 -0.22345798497137226
55 75 0.9790516022165465
56 57 0.7073198760013075
56 76 0.14058939753087363
57 58 -0.926311297694292
57 77 0.39351441496100725
58 59 -0.7378328140527142
58 78 -0.8639449802253094
59 60 0.708223166791248
59 79 0.7275172059083388
60 80 -0.7978463623739549
61 62 -0.9744383708187827
61 81 -0.025256785360256773
62 63 0.5802022468675789
62 82 0.8108006416001436
63 64 0.5877448132696141
63 83 0.6660748171688549
64 65 -0.10445767926857741
64 84 0.10127894190473774
65 66 0.5344325692283483
65 85 -0.09160439974579404
66 67 0.8052948580380497
66 86 0.06205881182787887
67 68 -0.33903578226760844
67 87 0.2858385436733586
68 69 0.12496947157233151
68 88 0.7451026980615667
69 70 0.24315744683945573
69 89 0.633224717760364
70 71 0.2363974934945141
70 90 -0.40888150230681464
71 72 0.33774654038399654
71 91 -0.20931806574867684
72 73 0.07359754502980498
72 92 -0.9904763257546869
73 74 -0.7380586337983965
73 93 -0.6820426229079708
74 75 0.32655977373869494
74 94 -0.5918461424678481
75 76 0.543986658225061
75 95 -0.7291082497136752
76 77 0.7617794299638805
76 96 0.8766851476256128
77 78 0.735831987967668
77 97 0.21746924012669955
78 79 0.6768459887852059
78 98 -0.7558031039406687
79 80 0.22528993449526413
79 99 0.08212041641088574
80 100 0.8974785812687727
81 82 0.8836133046867323
81 101 0.7015901787535574
82 83 0.5852427701598524
82 102 0.12363742028975677
83 84 0.468425974610706
83 103 0.7505891600473658
84 85 0.9423504072619895
84 104 0.8648274378772749
85 86 -0.04348671953432626
85 105 0.8310060081973198
86 87 0.7227853748266888
86 106 -0.2960568121920122
87 88 -0.43195682603848984
87 107 -0.30760857208903936
88 89 -0.9339111659010499
88 108 -0.8206893720001762
89 90 -0.41731508090724123
89 109 -0.2117897163808642
90 91 0.19286522177812393
90 110 -0.7814171154495604
91 92 0.7642117284771777
91 111 -0.9136196805577332
92 93 -0.9865545058344771
92 112 -0.01279848994028665
93 94 -0.12526494823643164
93 113 0.6236717719285079
94 95 0.8496861122602379
94 114 -0.41280958291040193
95 96 0.08220355747544006
95 115 -0.24158975308542585
96 97 -0.8313202197954621
96 116 -0.44191126960189786
97 98 -0.7045993390797369
97 117 -0.16101743645873423
98 99 -0.8429244248744048
98 118 -0.6858860275773606
99 100 -0.30078452541505873
99 119 -0.2226757346863395
100 120 -0.16941013751740708
101 102 0.4599289404416371
101 121 -0.7825278562620501
102 103 0.23203677014530277
102 122 -0.27703291559359644
103 104 0.29611288395162694
103 123 0.3921323495413145
104 105 0.6813708607772897
104 124 -0.7459034777772013
105 106 -0.2883398402747961
105 125 -0.8936403424420087
106 107 -0.7187482294930387
106 126 -0.5562458179288752
107 108 -0.291794735237739
107 127 -0.35038825921759664
108 109 0.30629024972823005
108 128 0.34264211765422714
109 110 0.261312531514329
109 129 0.641911564238316
110 111 0.5839796016152221
110 130 0.283754648513836
111 112 0.7486986608494444
111 131 -0.8152613530478832
112 113 -0.24681399774023327
112 132 -0.7300377899656934
113 114 -0.8620314509197544
113 133 -0.5649893278088776
114 115 0.2768008405264901
114 134 0.5303780818339434
115 116 -0.00898714976111048
115 135 0.5113692210630834
116 117 -0.6336923744440088
116 136 0.9132411869554975
117 118 -0.5927817772477928
117 137 -0.6593443261681142
118 119 0.04305059648584164
118 138 0.3767429026417395
119 120 0.8431263667702626
119 139 0.31556518196529093
120 140 0.9198821622748168
121 122 0.7878083405701624
121 141 0.7143084941456592
122 123 -0.6623654028290944
122 142 -0.12751813266967815
123 124 -0.6139638394668048
123 143 0.5352644698786162
124 125 0.11304221174348816
124 144 -0.26714557791703153
125 126 0.2279406584467274
125 145 -0.37491048143759276
126 127 0.5865641244956701
126 146 -0.5406325523346276
127 128 0.6570603464813578
127 147 0.09157067013279274
128 129 -0.7517370160599233
128 148 -0.8072685928145531
129 130 -0.35722264558432104
129 149 -0.6630437729681564
130 131 -0.7859184674635351
130 150 -0.560682431762423
131 132 0.6470362486789689
131 151 -0.08394986949481753
132 133 -0.29142515631371513
132 152 0.28290931741386216
133 134 0.6034786925730846
133 153 0.6467306138623723
134 135 -0.7934126744153882
134 154 -0.6317426527898888
135 136 -0.32508031647970714
135 155 0.20218443111577944
136 137 0.3894620460528171
136 156 0.8513501375289918
137 138 -0.4114541319203615
137 157 0.7919230666989217
138 139 -0.011808354841639002
138 158 0.2416492270838959
139 140 -0.07033466171554115
139 159 -0.28253074969068837
140 160 0.8952684622728229
141 142 -0.6698267648095457
141 161 0.26466802764699215
142 143 0.4656506726963523
142 162 -0.8742247522785991
143 144 -0.3318342113953219
143 163 -0.12408158787444346
144 145 0.823590968551948
144 164 -0.37264169379329126
145 146 0.3631180859964578
145 165 0.8959000595043076
146 147 0.5450754948366912
146 166 0.8056736650815068
147 148 -0.9632602111402548
147 167 0.4831572611056074
148 149 -0.9440473739991748
148 168 0.29746814896943863
149 150 -0.4554874413645589
149 169 -0.12204729265572278
150 151 -0.4165173084338618
150 170 -0.052569096038609375
151 152 0.48034987946517127
151 171 -0.09822433797635854
152 153 0.04557054809317118
152 172 -0.20718648625044067
153 154 -0.5999496550532157
153 173 -0.8875437923233058
154 155 -0.14664268924648205
154 174 -0.28285241091993774
155 156 -0.5235357255456718
155 175 -0.11366333990667465
156 157 0.9705165190289005
156 176 0.5835653574847384
157 158 0.6860233252704093
157 177 0.5872676010297768
158 159 -0.0056015850037831605
158 178 0.4887380574676279
159 160 0.9902533313536976
159 179 0.8715560083529879
160 180 0.18835752207901235
161 162 -0.9590327744175347
161 181 -0.7665254624399676
162 163 -0.9585340422376574
162 182 0.5410961328300381
163 164 -0.3622595204828498
163 183 0.13657933785453258
164 165 0.8615318449185387
164 184 -0.5233077975200571
165 166 -0.27884024320647516
165 185 -0.5060036945592485
166 167 0.08877438255709724
166 186 -0.7135546780724913
167 168 0.004339566071346779
167 187 0.5577864632031326
168 169 -0.4402864370124817
168 188 -0.518014096255279
169 170 -0.8030740442672075
169 189 0.25667102031763367
170 171 -0.5387476971703107
170 190 -0.40488056239378234
171 172 -0.6829284228670378
171 191 0.8963793227108088
172 173 0.5400885518142415
172 192 -0.8932920280976011
173 174 0.30806647414546506
173 193 0.5878846499191355
174 175 -0.3682323121120943
174 194 -0.4595904001287272
175 176 0.7784102814658769
175 195 0.47378590981299196
176 177 0.7483194562636928
176 196 0.8815971247055963
177 178 0.8561389719231063
177 197 -0.7842845800046572
178 179 0.2070699563241032
178 198 -0.6481549105304536
179 180 0.8480798858831846
179 199 0.851303616348583
180 200 -0.9921765778886178
181 182 -0.3672653767749192
181 201 -0.6841753866501261
182 183 -0.40009598113889133
182 202 0.4023285500870337
183 184 0.3173847028661769
183 203 0.15111708211046904
184 185 -0.15921845030869686
184 204 0.9199252946809635
185 186 -0.8940962637831054
185 205 0.6633198790609569
186 187 0.24699320691457016
186 206 -0.2410056232269293
187 188 -0.010872729025881211
187 207 -0.37832449402774904
188 189 0.3290979855587721
188 208 -0.7579990664682248
189 190 0.7929600548552853
189 209 -0.3156043756082927
190 191 0.10296561346097088
190 210 -0.7060287423081049
191 192 0.2849560202793724
191 211 -0.5703660723647013
192 193 0.7722807511813028
192 212 0.3582647289373997
193 194 -0.9004631946191615
193 213 0.045219087270283786
194 195 -0.2788718604042475
194 214 0.9631509770958397
195 196 -0.2742046639052611
195 215 -0.4435482035641758
196 197 0.2187199744433428
196 216 0.6393538684581177
197 198 -0.5620247281329276
197 217 -0.9132273328139511
198 199 -0.3280359642317665
198 218 0.986584115845689
199 200 -0.28649674514400036
199 219 0.6677846674546546
200 220 0.8965683625243992
201 202 0.5179591763210107
201 221 0.636550715728287
202 203 0.46933544180900344
202 222 0.8658092543746918
203 204 -0.3636256120259047
203 223 -0.5639932494589601
204 205 0.1909733809261085
204 224 0.8642972433384435
205 206 -0.8432403845686802
205 225 0.9043509605884847
206 207 0.8168958857210786
206 226 -0.5527230390964144
207 208 0.678576821203766
207 227 -0.65330995465069
208 209 0.07282651087650382
208 228 -0.8181503166706168
209 210 0.9127578832718395
209 229 -0.16074378573767434
210 211 0.5066386848863127
210 230 -0.09886328129978472
211 212 0.19302850351724898
211 231 -0.5807409677879865
212 213 -0.1610259343433078
212 232 0.3834633128296212
213 214 -0.7163461087878771
213 233 0.20172635884151946
214 215 -0.08309600388084948
214 234 -0.0842504284856398
215 216 0.20598655899393647
215 235 -0.0499674002615893
216 217 0.9489890111507726
216 236 -0.05705504013099705
217 218 -0.9917003978759726
217 237 0.2824139862050392
218 219 -0.10267315641265196
218 238 0.3549432029814408
219 220 0.3767448771120676
219 239 0.8258676147279127
220 240 -0.5729168147272752
221 222 -0.31075101808156513
221 241 -0.36240240627513276
222 223 -0.19934313415638316
222 242 -0.2831241433036875
223 224 0.6898770617443515
223 243 -0.3956706244247785
224 225 0.07770058377015143
224 244 -0.5439262676114855
225 226 0.41229525565546754
225 245 0.8230656935381664
226 227 -0.531422976124152
226 246 -0.035277808835264324
227 228 -0.4434468604612647
227 247 -0.031704234884575966
228 229 -0.8685011824490663
228 248 0.3370663459876795
229 230 0.0714875877093879
229 249 0.9534617680785029
230 231 -0.185796848604036
230 250 0.14695956828867152
231 232 -0.19612613791172717
231 251 0.190449967935316
232 233 0.8784858326954215
232 252 0.3096776091420119
233 234 -0.7751168535762034
233 253 -0.7364302460139138
234 235 -0.49898816132563595
234 254 -0.62064171673783
235 236 0.9750912139223094
235 255 -0.4078383286482419
236 237 -0.5665494076956221
236 256 0.3307949262986889
237 238 -0.18295382523654036
237 257 0.13108561573719757
238 239 -0.6551399080711471
238 258 0.3516314612301703
239 240 0.4711316940568837
239 259 0.666116771425582
240 260 0.7514516372125011
241 242 -0.7766775360106792
241 261 -0.8320937133558859
242 243 0.6131335818554422
242 262 0.5289821930889429
243 244 -0.12355865824531254
243 263 -0.8171708261486996
244 245 0.4259258404660695
244 264 0.043146982791606225
245 246 0.6288817418301011
245 265 -0.618556774294228
246 247 -0.012891275297876037
246 266 -0.6244685713624551
247 248 0.7197423719347811
247 267 -0.7695759562920768
248 249 0.5832289575392104
248 268 -0.0751444638969343
249 250 0.4200669866722393
249 269 0.011018550639423585
250 251 -0.6846312638192558
250 270 0.7830523291667875
251 252 0.2205360491025794
251 271 -0.7841247017196078
252 253 0.3366872966920216
252 272 0.4041943185768999
253 254 0.08110064908234338
253 273 0.8939908791149225
254 255 -0.48512858328755404
254 274 0.7712963771018855
255 256 0.8416125824502112
255 275 -0.5309320234747574
256 257 -0.8891553776945347
256 276 -0.3811753226568284
257 258 0.737563581292672
257 277 -0.4267625914127817
258 259 0.39599608904673556
258 278 -0.6796241899933331
259 260 0.6004331106677587
259 279 0.15721941014401652
260 280 -0.49971764021454734
261 262 0.4254518713776858
261 281 0.19908679251531103
262 263 0.3052294798311679
262 282 0.6219331479101347
263 264 -0.39804166031813226
263 283 -0.8286103879732265
264 265 0.010946337239142068
264 284 -0.7270309734889124
265 266 -0.648193036548085
265 285 0.9227755435141483
266 267 -0.2513288632602888
266 286 0.3363420445354246
267 268 -0.3226230592479604
267 287 0.06448035821349363
268 269 -0.19570788352148605
268 288 0.4030975970574673
269 270 0.5091160332469273
269 289 -0.053385344863702056
270 271 -0.7696813075895115
270 290 0.09423719391786678
271 272 -0.6148661789619181
271 291 -0.08350408230799489
272 273 0.8313638329946007
272 292 0.7786515226205111
273 274 -0.942789183224022
273 293 -0.8011992611678689
274 275 0.7724828212813684
274 294 -0.6585034795671212
275 276 0.6027162155698607
275 295 0.7307682540155145
276 277 -0.2464970160379043
276 296 0.6098071814562864
277 278 -0.5107956882202014
277 297 0.6426186102264368
278 279 0.882735525899516
278 298 -0.21139559873028868
279 280 0.3930944610174596
279 299 -0.8487752570522022
280 300 0.5554149711135512
281 282 -0.8886526408298432
281 301 -0.04040543668113927
282 283 0.2844297174821102
282 302 0.9148881056519103
283 284 -0.31257338607939134
283 303 0.41860203554287145
284 285 -0.7101610761909791
284 304 0.859210228700489
285 286 -0.4179240483933433
285 305 0.5812270519460163
286 287 -0.058959901569595186
286 306 -0.8805605445411095
287 288 0.3566991178157788
287 307 -0.7896118615217296
288 289 -0.8479172441465588
288 308 -0.443434249634292
289 290 0.44314796293491043
289 309 -0.5553018444653888
290 291 0.9298904245493731
290 310 -0.7216175082664735
291 292 0.03231501293134076
291 311 0.7144885538625063
292 293 -0.44127416238962014
292 312 -0.9551431070714096
293 294 -0.5960810712781688
293 313 0.629386140333615
294 295 -0.20675977026185954
294 314 0.1608712994532826
295 296 -0.6221760246988282
295 315 -0.1123289434838024
296 297 -0.9520791016102341
296 316 -0.35653867102665227
297 298 -0.9503407487856139
297 317 0.8519577717510014
298 299 -0.30773657984459146
298 318 0.3558704301594813
299 300 -0.23072026236501264
299 319 0.6094089019164648
300 320 0.5098633021773407
301 302 -0.1966470387386956
301 321 0.695957995093949
302 303 -0.3322511570978153
302 322 0.476505245697346
303 304 0.9479365115305183
303 323 0.2504496801426406
304 305 0.9121165280965742
304 324 0.9318617933986333
305 306 -0.6584197043436699
305 325 -0.4018195394160293
306 307 -0.16938496877429743
306 326 -0.1683808882462312
307 308 0.5105672654478901
307 327 0.11384219108989746
308 309 0.8105348174767182
308 328 0.8979116138133654
309 310 -0.8462089011336373
309 329 0.19831445206545828
310 311 0.39762062241909324
310 330 0.950391218807449
311 312 0.15346394999486845
311 331 0.623036870855818
312 313 -0.4443696738196312
312 332 -0.2719466298429014
313 314 -0.5194289068716147
313 333 -0.45595596775877945
314 315 0.10697703393460145
314 334 -0.5971713620204517
315 316 0.42199525762175716
315 335 -0.17597586524509
316 317 -0.3866761477627596
316 336 0.3250994811822481
317 318 -0.30599619527060784
317 337 -0.9331555727242018
318 319 0.8404431492057685
318 338 0.6764671263926547
319 320 -0.8141238787183105
319 339 -0.3398211501855575
320 340 -0.5889459300417832
321 322 0.4356983586797576
321 341 0.20412810249764912
322 323 0.8996666114743623
322 342 -0.33127169167752
323 324 -0.4613929196429112
323 343 0.31341761237732446
324 325 -0.2844215174083651
324 344 -0.9082595896183734
325 326 0.3469802874403911
325 345 -0.5031606355137086
326 327 -0.10479044574325402
326 346 -0.9523203919822822
327 328 0.034288798518317565
327 347 -0.2382590766556374
328 329 -0.9232078155027559
328 348 -0.9938717549554468
329 330 0.047368078766868216
329 349 -0.07862772895796666
330 331 0.991656587908633
330 350 -0.3045255767020383
331 332 -0.26058559492162114
331 351 -0.6245486116051562
332 333 -0.5050911008977468
332 352 -0.0853933091333341
333 334 -0.14126410331932115
333 353 0.7136152077167879
334 335 -0.8765416494125824
334 354 0.5932661677616384
335 336 -0.7851235542345592
335 355 0.5351028540997687
336 337 0.7506374717342339
336 356 -0.039051439396836196
337 338 -0.5662617825032283
337 357 -0.8382316803554042
338 339 0.12407810857063062
338 358 -0.8913257539203006
339 340 0.25258369294900196
339 359 -0.09971541292928277
340 360 0.8542326458672158
341 342 0.1047676430109945
341 361 0.898204795493275
342 343 0.22326399346962877
342 362 -0.2686596648456938
343 344 0.2539956383826214
343 363 0.6513044581445004
344 345 0.10785454564317187
344 364 0.4726189435641426
345 346 0.5037343383257087
345 365 0.7585121261047976
346 347 -0.4520152163845017
346 366 0.9008225311649898
347 348 -0.37070575973929
347 367 0.7810092415777687
348 349 0.5357682445509602
348 368 -0.09624344760445758
349 350 -0.765045141888248
349 369 0.8690879261156046
350 351 0.2515266776635905
350 370 0.8847519246051885
351 352 -0.4406170062246506
351 371 -0.9500509161090356
352 353 0.8759753952099432
352 372 -0.621292191846204
353 354 -0.4394641569335114
353 373 -0.05655955402690371
354 355 -0.7403349725224644
354 374 -0.2049880312590333
355 356 -0.0267428992232579
355 375 -0.6310079229379348
356 357 0.68792596374663
356 376 -0.1556729191784274
357 358 0.689559749103686
357 377 -0.8889239958654693
358 359 -0.02826388710552008
358 378 0.24154251247318292
359 360 -0.8553176775053202
359 379 -0.6578907125268045
360 380 0.33718519960763427
361 362 0.9733466607169372
361 381 -0.3238919007009444
362 363 -0.07691941722539908
362 382 -0.8499960137825686
363 364 0.06738796379270684
363 383 0.8222433296014537
364 365 0.2960929463451938
364 384 -0.8941343017705254
365 366 -0.3592551006216367
365 385 -0.4025842472682166
366 367 0.7660135365815923
366 386 0.8814179847407726
367 368 0.987552938777684
367 387 -0.64957027048992
368 369 0.5248609123327546
368 388 0.28596611918506953
369 370 -0.7765231135110042
369 389 0.9349299106711857
370 371 0.24907579524304957
370 390 0.7456394913370568
371 372 -0.27173792265035623
371 391 0.27100075708146654
372 373 -0.23700049054951045
372 392 0.6660834073509889
373 374 -0.05006960369458957
373 393 -0.0008265370193671906
374 375 0.5245770227321414
374 394 0.3706029659560872
375 376 -0.8973864544644061
375 395 0.04136175578070511
376 377 0.004796433994125104
376 396 -0.3578049453845722
377 378 -0.8931394476576988
377 397 0.2299447257115188
378 379 0.6732342358242205
378 398 -0.5956674462385199
379 380 0.3321061136620398
379 399 0.09609799037855349
380 400 0.4445608072922844
381 382 -0.5202506418950532
382 383 -0.9613132754035147
383 384 -0.16899266155031945
384 385 -0.5342343347414227
385 386 -0.94453467848329
386 387 0.5177802072454747
387 388 -0.5769976437277524
388 389 -0.10406721954610565
389 390 -0.36376178528680736
390 391 0.3951510518060779
391 392 0.6839443707660284
392 393 -0.7378749562775664
393 394 -0.10828618437069437
394 395 -0.1833032673985331
395 396 -0.4153854337387668
396 397 -0.6077512938356806
397 398 -0.5800552110383397
398 399 -0.06857556726886216
399 400 0.17697047365154184
