1 2 0.10159580514915101
1 21 0.41629564523620965
2 3 -0.18696016724750275
2 22 -0.06211950260166188
3 4 -0.7414122707822917
3 23 0.10655546361530699
4 5 -0.5812533009552727
4 24 0.4614162482580766
5 6 0.6557256028428418
5 25 0.9304562971878307
6 7 -0.8629001634763265
6 26 -0.8470074353680859
7 8 0.13413310088254926
7 27 0.22318767109319393
8 9 -0.41903020792969703
8 28 0.8014217347747019
9 10 0.6479223610064944
9 29 -0.02657762235368577
10 11 0.6405824108238947
10 30 0.14572142187941095
11 12 0.05601039031421817
11 31 0.34671928120823203
12 13 0.24727563491684235
12 32 -0.7162291450146778
13 14 0.020945679169024345
13 33 -0.40914745804173513
14 15 -0.7636758611043166
14 34 -0.41871513516518655
15 16 -0.0761634998662215
15 35 0.4132717254996703
16 17 -0.4978149256682225
16 36 -0.5243487559855606
17 18 0.49921805846182465
17 37 -0.5230394419237461
18 19 -0.11258387088739341
18 38 -0.9261493950733692
19 20 -0.2690035959928654
19 39 0.3695719260585235
20 40 0.8475466356829537
21 22 -0.41819052217411135
21 41 0.02165521039532603
22 23 -0.4615288434978775
22 42 -0.4164144515491348
23 24 -0.6243703501522435
23 43 0.9042024860624165
24 25 0.30224554088319877
24 44 -0.04204340524604455
25 26 0.3976199967608469
25 45 -0.03500591645234019
26 27 0.07758531600634
26 46 -0.8488671909895384
27 28 -0.9159382980128528
27 47 -0.16546621048554644
28 29 0.3375751559702145
28 48 0.5776646866859343
29 30 0.7829091978435834
29 49 -0.20987842044966842
30 31 -0.607074078609442
30 50 0.8409388490187077
31 32 0.49073169016398954
31 51 0.45994748405114483
32 33 0.395456882873338
32 52 0.9315125146691867
33 34 -0.3168432914492927
33 53 -0.3563218995559698
34 35 0.50114683775796
34 54 0.38736894219600493
35 36 0.9565232280877063
35 55 -0.8135048418441144
36 37 -0.4644656349798193
36 56 -0.47362014710096667
37 38 -0.7994659807088562
37 57 -0.3417406830379319
38 39 0.8254089648209653
38 58 -0.4243892644067748
39 40 0.13764214856794976
39 59 -0.8300965135298484
40 60 -0.4451674885390793
41 42 0.7858939086953094
41 61 0.7925861778668761
42 43 -0.08462720135404411
42 62 0.721067825893853
43 44 0.36322355761485325
43 63 0.08203934671954238
44 45 -0.4504389890087215
44 64 0.3044462501323695
45 46 -0.4259004706377343
45 65 0.6673757686863193
46 47 -0.6324553639751145
46 66 -0.12728583166697205
47 48 -0.9914671316656811
47 67 -0.506929062278221
48 49 0.7914790621862346
48 68 -0.49962211522127986
49 50 0.489222894168885
49 69 0.10551452483476464
50 51 -0.15170550519107318
50 70 0.23865454615896553
51 52 -0.15176819942290254
51 71 -0.08809533778621015
52 53 0.7896987733060534
52 72 0.1160081667356323
53 54 0.6690743672293613
53 73 -0.6489987752447974
54 55 0.5252048433435734
54 74 0.3193278869063805
55 56 0.12535211450240946
55 75 0.3519220999300128
56 57 0.9454309733071078
56 76 0.5823225038340005
57 58 -0.7489164318570112
57 77 -0.1670202086556578
58 59 -0.4413118808080123
58 78 -0.9005516741326938
59 60 -0.8437214222681868
59 79 0.5420038942317662
60 80 0.7177860746581692
61 62 -0.7488293790723275
61 81 -0.5855142437236265
62 63 0.17250580893564282
62 82 -0.4330242751355804
63 64 0.41436120161579537
63 83 -0.4722266580949732
64 65 0.9128990226347609
64 84 -0.12895888764961438
65 66 0.7443590167988519
65 85 -0.8157368163988168
66 67 -0.004434337963085122
66 86 0.1666238304835148
67 68 0.4121123671680127
67 87 -0.8769185681586005
68 69 0.8396412279448449
68 88 0.7252101745171162
69 70 0.2476501715446522
69 89 -0.4592160062333748
70 71 -0.5937846865176495
70 90 -0.34386851239577654
71 72 0.7470142029395843
71 91 -0.2744241548587196
72 73 -0.9705704325027984
72 92 0.6110926635362739
73 74 -0.5271048635706357
73 93 -0.6710501562977718
74 75 0.588468395016523
74 94 -0.7020873762398081
75 76 0.2664371603962803
75 95 -0.4754953859794604
76 77 0.7818214632383591
76 96 0.42700579002516936
77 78 0.522248701219348
77 97 -0.4378058596390395
78 79 0.43479060201370845
78 98 0.8189082659711957
79 80 0.40212306785581675
79 99 0.29715159216000586
80 100 0.11932583858496937
81 82 -0.8970655933983402
81 101 -0.11838031269872706
82 83 -0.44404498675279735
82 102 -0.09075584895610644
83 84 0.8534513685074556
83 103 0.6783861155999413
84 85 -0.8597349898246596
84 104 -0.8845370243540649
85 86 -0.5681010579604466
85 105 0.663522180915733
86 87 0.24102536280981468
86 106 -0.25437700071466307
87 88 -0.41061300279344026
87 107 0.9762255056243563
88 89 0.01217052424997278
88 108 0.13580434828806132
89 90 0.875190015879578
89 109 0.5393094307157957
90 91 -0.31009307413080855
90 110 -0.2104962591960784
91 92 0.4760656619152708
91 111 0.9881344633800206
92 93 0.8637226800022804
92 112 0.46785796408328917
93 94 -0.9697984535253519
93 113 -0.14879054029273653
94 95 0.10862718756111334
94 114 -0.9570804941468094
95 96 0.7499075892945675
95 115 -0.5089376831518508
96 97 -0.30667652327841544
96 116 0.8837068447228602
97 98 0.7116889595880866
97 117 -0.0940306455480151
98 99 -0.0740914887132178
98 118 0.6282484519835787
99 100 -0.5583592210999331
99 119 0.5676366856980077
100 120 0.8522352650353737
101 102 -0.9402475782428661
101 121 -0.08633355121057784
102 103 -0.589179310790025
102 122 -0.5972425779138537
103 104 0.45263899685607445
103 123 -0.03952008782917993
104 105 -0.8342579624048851
104 124 0.9194143745064423
105 106 0.6966077941589921
105 125 -0.37069400247200535
106 107 0.23747316596115975
106 126 -0.6855106832297275
107 108 0.942444460453951
107 127 -0.03630722264059005
108 109 -0.7701355239264429
108 128 0.5242316811155372
109 110 -0.7088099418601868
109 129 0.074868739889147
110 111 -0.9555362268856236
110 130 0.3206941043903968
111 112 0.8496167670739241
111 131 0.09847373558485595
112 113 -0.14209374541658115
112 132 -0.2383177832276313
113 114 0.6878949842132016
113 133 0.8054985148074021
114 115 -0.01667220552681914
114 134 0.6868336942193733
115 116 0.6899230915808781
115 135 -0.05854276879617193
116 117 -0.03108970090635621
116 136 -0.6291301203102106
117 118 -0.6761895621498557
117 137 0.2845600336657781
118 119 -0.342369581584933
118 138 -0.23052953452359115
119 120 0.1538819385907002
119 139 -0.7057741111068923
120 140 0.014864097772532725
121 122 0.2982880952295215
121 141 -0.4430254347040494
122 123 0.028070119634883817
122 142 -0.8255412624383907
123 124 0.6842063717532936
123 143 0.4895046468487185
124 125 0.08152167237298769
124 144 0.6749248653394448
125 126 -0.4414108063062874
125 145 -0.13836995596308
126 127 -0.4489830491326128
126 146 0.597436541192621
127 128 0.4713867730564918
127 147 0.2653115483722779
128 129 -0.6535499856313527
128 148 0.06767208201181907
129 130 0.9915726111111709
129 149 -0.9018873349897367
130 131 -0.6600199640043516
130 150 0.20660052650656313
131 132 -0.38977722625072797
131 151 0.24462527170170034
132 133 0.4892095273100956
132 152 -0.7842978057002739
133 134 -0.025268676209249108
133 153 -0.15724728267643706
134 135 -0.055425753446345816
134 154 -0.4088280465979037
135 136 -0.7138149593109062
135 155 0.648259209651932
136 137 0.4589984392387918
136 156 -0.48138981018768234
137 138 -0.12295182103040636
137 157 -0.3395409620968157
138 139 -0.4165524112769652
138 158 -0.41012295452722847
139 140 -0.6676539347130297
139 159 0.24160439166385328
140 160 0.3193852265751518
141 142 0.35250980396026255
141 161 0.18172563483270165
142 143 -0.032828935296826955
142 162 -0.27564757522433325
143 144 0.32065181279922506
143 163 0.8279505340118756
144 145 -0.6599329115257306
144 164 -0.4793098545421697
145 146 0.07889300052933357
145 165 -0.8088663699867729
146 147 -0.6938213985469677
146 166 -0.5533540542285265
147 148 -0.06861385711252654
147 167 0.7141328652826393
148 149 -0.7471253895425616
148 168 -0.8541658128356855
149 150 -0.39436032416477307
149 169 0.4816267427043326
150 151 0.23916069306961374
150 170 0.39580949286468714
151 152 0.3686033364624297
151 171 0.053924509832587786
152 153 0.5693916945518
152 172 -0.002389563240001946
153 154 0.7363344620015737
153 173 0.05698955438234132
154 155 -0.4506899976651433
154 174 -0.21291711025062376
155 156 -0.8436353978069273
155 175 0.5899792578935072
156 157 0.6455708246863903
156 176 0.4809578310633642
157 158 0.032770526152901436
157 177 0.9821448637988246
158 159 0.12257827827707124
158 178 -0.34811686966930866
159 160 0.9565465531353832
159 179 0.17214308637143994
160 180 0.312872590333626
161 162 -0.9520362352456693
161 181 0.11770817598176397
162 163 0.4153732436313422
162 182 0.4934924462040091
163 164 0.26733112757514954
163 183 -0.26811883029478123
164 165 0.38395502374568546
164 184 0.7911406562839671
165 166 0.6738242774272303
165 185 0.06946974070264189
166 167 -0.5140436406120898
166 186 -0.04098539035386617
167 168 -0.654963495667642
167 187 0.6568638444882211
168 169 0.218054887521129
168 188 -0.017593740768639954
169 170 -0.9212771046947703
169 189 0.4933421819845165
170 171 -0.4161376279073279
170 190 -0.4159360268713077
171 172 -0.3170467383533109
171 191 -0.08914685732121042
172 173 -0.8597619737462707
172 192 0.6460904282573636
173 174 0.09733434981407929
173 193 0.29862383612030174
174 175 0.8276460002665309
174 194 0.9485921280348644
175 176 0.20002443531602676
175 195 0.753319002100447
176 177 -0.4195993681507062
176 196 -0.08071428928657909
177 178 0.5037661872201853
177 197 -0.41288411062788244
178 179 -0.8684077869376057
178 198 0.3805364198145973
179 180 -0.4096656897992965
179 199 0.4322057151086123
180 200 0.21980603346348349
181 182 -0.4814951061850692
181 201 -0.1697976059798607
182 183 0.38218584371152864
182 202 0.37836082750982825
183 184 0.1056891463008911
183 203 -0.6072388465997263
184 185 -0.31862303107968093
184 204 -0.8706536040194335
185 186 0.5499356300818472
185 205 -0.5383274688473463
186 187 -0.9985089559162041
186 206 -0.939377278955067
187 188 -0.9158609530833639
187 207 0.7339073836255969
188 189 0.3496198694785453
188 208 0.5817083661085687
189 190 0.14684255996752205
189 209 0.4634113511241331
190 191 0.5110589538056722
190 210 -0.22355160946313135
191 192 -0.8364185139696392
191 211 -0.4174355900021458
192 193 -0.21658504535983303
192 212 -0.7864701286396785
193 194 -0.8407745386110914
193 213 0.6770111536299868
194 195 0.4967660888983392
194 214 0.9750201464701098
195 196 0.6064090341370183
195 215 -0.19605849735858927
196 197 0.4301946434152468
196 216 0.3360309290275185
197 198 0.8548796237486957
197 217 -0.6316685236635204
198 199 -0.3827246195130065
198 218 -0.21542959422743047
199 200 -0.5935722514442627
199 219 0.28273799030832825
200 220 0.7093609235584715
201 202 -0.4329498364573625
201 221 0.38627583662599263
202 203 -0.2527997517021434
202 222 0.3362696094705351
203 204 -0.6158554072127937
203 223 0.4513392478656417
204 205 0.7282393388212876
204 224 -0.41825510834104795
205 206 0.9305867022127314
205 225 0.5020546146367586
206 207 -0.07690369670438901
206 226 -0.6749586302669615
207 208 0.3519931749364955
207 227 -0.1081717801782629
208 209 0.9653749852911324
208 228 -0.8318386378466374
209 210 0.10166519175326649
209 229 0.8788069566023176
210 211 -0.6950734780838492
210 230 0.8105298025604286
211 212 -0.7102064900295448
211 231 0.3329614616429688
212 213 -0.6524031115837494
212 232 0.7188652315789588
213 214 -0.788513916179111
213 233 0.06464309307618676
214 215 0.5244767988585091
214 234 -0.4315196371857186
215 216 -0.7296156937069651
215 235 -0.46761700640771053
216 217 0.053156928381361324
216 236 -0.5717141552401448
217 218 -0.1837158632978999
217 237 -0.25481108353837123
218 219 -0.6274136176572129
218 238 -0.9012705331626853
219 220 -0.17219164934351827
219 239 -0.9383954333456246
220 240 -0.9572978054054053
221 222 -0.11909256465852103
221 241 -0.6862645230500735
222 223 -0.3203026720863642
222 242 0.14558773973775008
223 224 0.5698734068622622
223 243 0.9441967273675316
224 225 0.48216481279912515
224 244 -0.683932690597012
225 226 -0.31381227121607713
225 245 0.8970552939199095
226 227 0.35900360754657035
226 246 0.5904091743532769
227 228 0.34314049526855395
227 247 -0.07926299222151623
228 229 0.2624242248671609
228 248 0.15394979076289572
229 230 -0.307196594199459
229 249 0.148938919872456
230 231 -0.9738343800956368
230 250 0.7729688153115646
231 232 0.9184682830766584
231 251 -0.685530633868773
232 233 -0.6545164010072937
232 252 0.5685009310353892
233 234 0.8520190848336355
233 253 0.09741362594535397
234 235 -0.12983591669298367
234 254 0.44629832014216797
235 236 -0.997354931488668
235 255 0.3068064960318513
236 237 -0.35121400438317707
236 256 0.38958616897294496
237 238 0.9713933894398594
237 257 -0.9909632636346688
238 239 0.3085660535449726
238 258 -0.15357587286440966
239 240 0.032798279109294004
239 259 0.015021264644917487
240 260 0.377082908397127
241 242 0.08929803606368947
241 261 0.5606295290227341
242 243 -0.34838568387025104
242 262 -0.10970990147293591
243 244 0.7019428340830034
243 263 0.08718865319164548
244 245 0.38992687028175177
244 264 0.6828392380622963
245 246 0.4010235579325456
245 265 0.681122170972474
246 247 0.15632671747542037
246 266 0.38952995434641147
247 248 0.5600064447571704
247 267 -0.7731118322717654
248 249 0.301284353583406
248 268 0.08635890962875936
249 250 -0.8984400419954475
249 269 0.10686566830871369
250 251 -0.415486448095828
250 270 -0.23634991977588138
251 252 -0.9434118562967457
251 271 0.4827143384325552
252 253 0.6082322006334144
252 272 -0.8269637087249992
253 254 -0.31558431272986076
253 273 0.4532617353291464
254 255 0.4186800369438417
254 274 0.3562500997469218
255 256 -0.8289751974390123
255 275 -0.6414228460531244
256 257 -0.08603383462835623
256 276 0.4357203027207681
257 258 0.298531185204705
257 277 0.01732254356056706
258 259 0.8647808072444252
258 278 -0.962151317543088
259 260 0.8238473541848068
259 279 0.4217373714520465
260 280 -0.896474963644533
261 262 -0.3872729352476405
261 281 -0.5560842321356372
262 263 -0.8769421383401215
262 282 -0.5146491556313237
263 264 -0.8204182609538704
263 283 -0.022253510767774376
264 265 0.45430415749341857
264 284 -0.2817849502730172
265 266 -0.9090053882882623
265 285 -0.8887169178966237
266 267 -0.21808396853224266
266 286 -0.9074075940141033
267 268 0.01631485769721075
267 287 0.7429790798877458
268 269 0.1147347750604033
268 288 0.7371092672809771
269 270 -0.16121411270412578
269 289 0.9663235755804029
270 271 0.9568103047921115
270 290 -0.12664851711967562
271 272 -0.29167102046460025
271 291 0.01193255326864251
272 273 -0.12922684404862772
272 292 0.5743179468199873
273 274 0.8020291006408835
273 293 0.2324707320237147
274 275 -0.024223794286272637
274 294 -0.7137357428096802
275 276 -0.5100469448348761
275 295 -0.1877950352057718
276 277 0.3682320400050634
276 296 -0.2886966593129845
277 278 -0.6881311488455106
277 297 0.2833562767465352
278 279 0.649791857944003
278 298 -0.9629216324634424
279 280 -0.39233660476566445
279 299 0.29030488720744496
280 300 -0.3239717704058569
281 282 -0.22405748488870247
281 301 0.8727672997208609
282 283 0.9432052123471353
282 302 -0.538831591289852
283 284 0.8558726951242512
283 303 0.5752363990069527
284 285 0.45337950298039575
284 304 -0.7210657516350794
285 286 0.48547454709925764
285 305 -0.3906271341032159
286 287 -0.12115693474070133
286 306 -0.25603937558112055
287 288 0.855058551624045
287 307 -0.5593273369033747
288 289 -0.09597676725684945
288 308 0.06995115726072276
289 290 0.8912146376740893
289 309 -0.7234411702837993
290 291 0.43176395748373264
290 310 -0.17523446613555782
291 292 -0.8779038496429172
291 311 -0.6444701065237706
292 293 -0.019878237586590686
292 312 0.7320316374582163
293 294 -0.8882277145496673
293 313 0.7576171968415168
294 295 0.9192771452416961
294 314 -0.5597535162737144
295 296 0.3735998959181215
295 315 -0.11106487106720841
296 297 -0.8018036856909105
296 316 0.3615727368323798
297 298 0.6157163536778827
297 317 0.533963304711649
298 299 -0.6540655867869325
298 318 -0.9723278352290365
299 300 -0.4999963118258699
299 319 0.3083003849547885
300 320 -0.6878892732157429
301 302 0.9519908449458676
301 321 0.34476735182562734
302 303 0.38295502189466046
302 322 0.30095371642747915
303 304 -0.02981154789182372
303 323 -0.08944127703822735
304 305 -0.37236176953355593
304 324 -0.16083448663411093
305 306 0.03356873168649055
305 325 -0.687475152657453
306 307 0.19400648440066015
306 326 -0.7315636606019338
307 308 -0.4961393948907622
307 327 0.8080249432179774
308 309 0.3819274075305301
308 328 -0.8210100172097823
309 310 -0.9167687169380756
309 329 -0.7586498658621856
310 311 0.8270716243386182
310 330 0.4389809984206752
311 312 0.3910125838816303
311 331 0.21042123923441136
312 313 -0.24055749994866593
312 332 0.2566288376421797
313 314 -0.9640450972724968
313 333 0.3564784741183049
314 315 0.9587686896942478
314 334 -0.74515250313852
315 316 0.007541131720548044
315 335 -0.8135844054468584
316 317 -0.2888333059900172
316 336 0.12992961141321402
317 318 -0.8447491701984529
317 337 0.5901988648102188
318 319 0.018768137146977004
318 338 -0.2925907151357001
319 320 0.20288281362705352
319 339 0.2289717398373463
320 340 -0.7937885729377709
321 322 0.8056682170767961
321 341 0.6915017425863585
322 323 0.44787827887496423
322 342 -0.049822778731137385
323 324 -0.5640284631812928
323 343 -0.6455732383963528
324 325 0.7544240778886342
324 344 -0.692519582857714
325 326 0.9559048193139694
325 345 0.005502095348838942
326 327 -0.5445742065563282
326 346 0.6295648330545596
327 328 -0.3089653225697431
327 347 -0.8862548519025688
328 329 -0.13614936222538043
328 348 -0.7957315585910234
329 330 -0.6145060645603595
329 349 0.4523359886211047
330 331 -0.03861642312922431
330 350 -0.8315567020317598
331 332 0.7068224448377991
331 351 0.9258464270765379
332 333 -0.5729594700231124
332 352 0.6845127682277428
333 334 0.8000920461964101
333 353 -0.6851088723366563
334 335 0.9606712682353198
334 354 -0.24776773238157523
335 336 -0.3236451977933763
335 355 -0.5866629104813903
336 337 -0.750009646923337
336 356 -0.70795751879944
337 338 -0.30818540420908525
337 357 0.7051935271571335
338 339 -0.36330281649996277
338 358 0.9487828038194217
339 340 -0.6777479501798038
339 359 0.4213686851966345
340 360 -0.35286742100745894
341 342 -0.24401191734222172
341 361 -0.8155659822565515
342 343 0.19332754920372563
342 362 -0.8660611521343473
343 344 -0.8527526615612848
343 363 0.784786375174185
344 345 0.7602495804986311
344 364 0.5979286384416078
345 346 0.6580021569494507
345 365 -0.8519244074400072
346 347 -0.4713489467195737
346 366 -0.1793595901856735
347 348 0.42977334422406566
347 367 -0.1711622816932843
348 349 -0.7243802141779334
348 368 -0.995748883068182
349 350 0.08795590707744716
349 369 0.06985066907056292
350 351 -0.27273226434258
350 370 -0.01878659530547999
351 352 -0.28076980178952105
351 371 0.24049701332165885
352 353 0.6787145728001627
352 372 0.13166866911518627
353 354 0.05633025960014093
353 373 0.4101091794951981
354 355 0.6218732217947567
354 374 -0.985415754735284
355 356 0.4782750971670462
355 375 -0.9646947706538005
356 357 -0.15232192894873897
356 376 0.338757670452702
357 358 0.1241905876661189
357 377 -0.8401351901445124
358 359 0.15609513685139054
358 378 0.8526865016300953
359 360 0.07544702603036502
359 379 0.4846098566259509
360 380 -0.16044134263836018
361 362 0.30682180504707235
361 381 0.11568152477690186
362 363 -0.8548757243555332
362 382 -0.6020479474058433
363 364 0.28035323379811783
363 383 -0.7133353650573573
364 365 0.9432485941559614
364 384 -0.2645940333930792
365 366 -0.04216909556432369
365 385 -0.8754410391884482
366 367 0.8719443529915631
366 386 -0.44889507395829087
367 368 0.4706483749902881
367 387 -0.04581673311326129
368 369 -0.5805871276767576
368 388 -0.5667254751235316
369 370 -0.07092604107492617
369 389 -0.9866115632369674
370 371 -0.4322716330972325
370 390 0.06928101883929672
371 372 -0.10464517557348652
371 391 0.011193925399201277
372 373 -0.3538231067643016
372 392 -0.30486361817268226
373 374 -0.648976740505586
373 393 -0.5096048308969501
374 375 -0.1099984151298985
374 394 -0.5021164545803796
375 376 0.23359188343367654
375 395 0.39577385133928233
376 377 -0.7650706404529188
376 396 0.548894368275753
377 378 0.489501238139191
377 397 0.12718876507697607
378 379 0.777919182891829
378 398 -0.3208657542279185
379 380 -0.9106589252845743
379 399 0.46602738420072365
380 400 0.8725051669343853
381 382 -0.27687047387484376
382 383 -0.6962780059829179
383 384 -0.1717461605675854
384 385 -0.5901204621844418
385 386 0.7684828621754745
386 387 -0.7094200822928722
387 388 0.0011311088728638286
388 389 0.032488962468885774
389 390 -0.2150561729110667
390 391 -0.5806978636366842
391 392 -0.21699648282057882
392 393 0.18936548407554232
393 394 -0.8668600220974934
394 395 0.3890504042897387
395 396 0.009286034243299879
396 397 0.7027281577252646
397 398 -0.09714523016041898
398 399 0.3070914938897653
399 400 0.9005234091631493
