1 2 0.542641286533492
1 21 -0.958496101281197
2 3 0.09517231183848707
2 22 0.6385739913401374
3 4 0.21115512878751352
3 23 0.026933254816576824
4 5 -0.5624613016409266
4 24 0.5049923404372056
5 6 -0.4081924755583253
5 25 -0.9248846481166446
6 7 0.6266321673416082
6 26 0.5697334365538937
7 8 -0.39957877681197385
7 27 -0.207116242243099
8 9 0.08693007694983201
8 28 -0.32449070622963294
9 10 0.6017036195672321
9 29 -0.5841458037356972
10 11 -0.8250138949521892
10 30 -0.7662411208512037
11 12 -0.5265782470396791
11 31 0.5462311985534276
12 13 -0.11364582594530526
12 32 -0.6539005530467927
13 14 -0.5272932095524434
13 33 -0.8203767218735489
14 15 -0.5424887725681682
14 34 0.682995942350392
15 16 -0.7734937311652206
15 35 0.8096279534056494
16 17 -0.6646073851305545
16 36 0.8493652075645763
17 18 -0.0881791314405258
17 37 -0.6970325740989971
18 19 0.34557272292573793
18 38 0.4282997867091214
19 20 -0.6281705408940936
19 39 -0.37444856791288794
20 40 0.32935931014712416
21 22 0.26729646985255084
21 41 0.4976077650772237
22 23 -0.6021049206423754
22 42 0.7137006049154664
23 24 0.1956732959259473
23 43 -0.47556867773609945
24 25 -0.7862408312128617
24 44 0.48920648155112123
25 26 -0.9386303192541074
25 45 -0.09378999959753309
26 27 -0.2131617751269692
26 46 0.7289583876039065
27 28 0.5865464660552282
27 47 -0.17544784529319868
28 29 0.7960486176990307
28 48 0.8814140769664465
29 30 -0.713494978189636
29 49 0.39978796905850555
30 31 0.542142510615709
30 50 0.46559053759304403
31 32 0.34251381025126326
31 51 0.412661770401334
32 33 -0.7709457755474729
32 52 0.5957611920424615
33 34 -0.6110436513559236
33 53 0.23161575073423357
34 35 0.6887169470163963
34 54 -0.5597080132387227
35 36 -0.991552172983186
35 55 -0.8529922387864792
36 37 0.4346799027266084
36 56 -0.6903727770036663
37 38 0.29344039024472
37 57 -0.9415308562408049
38 39 -0.5255315940389012
38 58 0.6114347369598703
39 40 -0.2673420672654683
39 59 0.1798135804244705
40 60 0.8168962107033915
41 42 -0.0029859753948191514
41 61 -0.5504067089383047
42 43 -0.2966947211358242
42 62 0.5092953830597144
43 44 -0.3982573821185855
43 63 -0.9492004358997879
44 45 -0.060429413119011066
44 64 0.19651134255821834
45 46 0.48972815390013547
45 65 0.1145908124727939
46 47 -0.2319384637685351
46 66 -0.48539422558999235
47 48 -0.6302649000181753
47 67 0.6804946321767811
48 49 -0.2317563016928612
48 68 -0.20776441531880607
49 50 -0.8841003879798905
49 69 -0.4867848663020069
50 51 -0.8257432861349756
50 70 -0.2850736037602306
51 52 0.7063108263808042
51 71 0.04409913367201579
52 53 0.29781030289122756
52 72 0.0034919962939921056
53 54 0.8641673511302186
53 73 0.38216789956621944
54 55 0.622275279504324
54 74 0.07190706777823119
55 56 -0.7354172720892753
55 75 0.8842998385494001
56 57 0.4472672116387866
56 76 -0.6271801483497512
57 58 0.5070417450201041
57 77 0.7794658921803088
58 59 0.8365925947964081
58 78 0.9692436924376064
59 60 0.5184778798247873
59 79 -0.3552984434491111
60 80 -0.03619996224540256
61 62 -0.603874270480752
61 81 0.5210614243979175
62 63 -0.4080765862406426
62 82 0.7678729591223725
63 64 -0.3938748786979305
63 83 -0.5158482491929453
64 65 -0.7047596154294047
64 84 -0.6319303558136975
65 66 -0.22977280086902696
65 85 -0.6638544049347628
66 67 0.6588038396544718
66 86 0.4727654076771268
67 68 0.13854279940257697
67 87 -0.8798995888983607
68 69 0.7945598896386961
68 88 -0.8823552637963059
69 70 0.02066356909768996
69 89 0.990517569640512
70 71 0.5464232435045231
70 90 -0.7370567967764878
71 72 -0.11446069335709752
71 91 0.10749688251100742
72 73 -0.42871958353566963
72 92 0.27339165697078327
73 74 0.12569409340851267
73 93 -0.4724884091749155
74 75 0.2208568979648664
74 94 0.047739766252563376
75 76 -0.3941406275147552
75 95 -0.5733738976393936
76 77 0.6593291304869531
76 96 -0.6067164733204913
77 78 -0.9792399214456888
77 97 -0.34514431438671656
78 79 0.9940942900408658
78 98 0.03184792132588821
79 80 0.004044290209773926
79 99 0.1676621305952406
80 100 0.27874584399695546
81 82 -0.6617783268749291
81 101 -0.8233203716519795
82 83 -0.3489767243355024
82 102 -0.669968204561703
83 84 0.11515637732528838
83 103 0.13101403977633508
84 85 0.2901442529364837
84 104 -0.9027439874731888
85 86 0.6765226414073857
85 105 0.19810359492298524
86 87 0.015201816109918775
86 106 0.28865323008283394
87 88 0.9778339483924023
87 107 -0.5424353335960694
88 89 -0.1892414231408619
88 108 -0.7396489187381752
89 90 -0.7069686413663967
89 109 -0.10097044480264716
90 91 0.07566486770794811
90 110 0.5094471324538983
91 92 0.30398969681222
91 111 0.5771077489504806
92 93 -0.26331618933955303
92 112 0.07907708670450386
93 94 0.05429376176993306
93 113 0.6087658294181688
94 95 0.27925829699112525
94 114 -0.9896873039321659
95 96 -0.48867489496894856
95 115 -0.8081598664112402
96 97 0.9226013382234317
96 116 0.09519516963291585
97 98 0.656982182944978
97 117 -0.7748048120791617
98 99 0.4001686172343688
98 118 -0.8468824495616092
99 100 -0.46679823485361616
99 119 0.4276932890913321
100 120 0.6061481444896923
101 102 0.3707196367355945
101 121 0.9067866923898731
102 103 -0.21494151210682544
102 122 -0.8130792508826994
103 104 -0.049735505169898886
103 123 -0.4144040474209818
104 105 -0.5027749843944611
104 124 0.08481703245600847
105 106 0.5654296364899423
105 125 0.6970183637894292
106 107 -0.5736268692427038
106 126 0.7914178974071162
107 108 0.22940342596033925
107 127 -0.26394663832908116
108 109 -0.8260611821507649
108 128 0.5679285739179756
109 110 0.20288075236561243
109 129 -0.8054550117202397
110 111 -0.4549476480177297
110 130 0.13303399181465658
111 112 0.7845389033853758
111 131 -0.3817896826418925
112 113 0.5241336039597517
112 132 0.679774962308761
113 114 -0.4098482121880027
113 133 -0.6333228988809982
114 115 -0.950522433168761
114 134 0.38005277063142473
115 116 -0.19640423400180662
115 135 0.4620552807113989
116 117 -0.5542728005278796
116 136 -0.5745466189717117
117 118 -0.9506085241725768
117 137 0.6287070577445315
118 119 0.8022829935033002
118 138 0.6271652942234354
119 120 -0.08545778590267261
119 139 0.3004627447847317
120 140 -0.2258612942625251
121 122 -0.9921034673441711
121 141 0.024384526771553228
122 123 0.6422113156738569
122 142 -0.6976959607148723
123 124 -0.8714978786103511
123 143 0.9576382915152852
124 125 -0.5464533134599816
124 144 -0.23717693019073582
125 126 0.20632595172406965
125 145 0.5621212345805642
126 127 0.9318925030156302
126 146 -0.36599687538842374
127 128 0.6055518726964928
127 147 0.25512370541125784
128 129 -0.3908532893067598
128 148 0.16811174511053806
129 130 -0.42253023891604946
129 149 0.4415998038148141
130 131 -0.046630058566676125
130 150 0.11324138508367887
131 132 -0.7287804554658615
131 151 0.5018533036883746
132 133 -0.7900851759566241
132 152 0.021262616691831493
133 134 -0.9605350809867588
133 153 0.48664246394509925
134 135 -0.6568139608755732
134 154 0.3878613473773129
135 136 0.29641987048318175
135 155 -0.49830883833096196
136 137 0.2559759248128801
136 156 0.26655225829990403
137 138 -0.5021894560496698
137 157 -0.5016068087417351
138 139 -0.2818765734988422
138 158 0.9514074741859486
139 140 0.005337677038177224
139 159 -0.13721286916569997
140 160 -0.5272863289424605
141 142 0.625241923304227
141 161 0.2250521336587763
142 143 -0.23177110261560085
142 162 0.8885214244776023
143 144 -0.3205843127242727
143 163 -0.009902738235091357
144 145 0.8444655738070925
144 164 0.8507137457355536
145 146 0.2314737520671386
145 165 -0.95766961765569
146 147 0.7311052364545663
146 166 -0.37943258611976205
147 148 0.6424329523965207
147 167 -0.42349372241556726
148 149 0.7569323568533262
148 168 0.7615841212270811
149 150 0.10161212808189757
149 169 0.6771540301077745
150 151 -0.11852588517239782
150 170 0.38747472852382336
151 152 0.05366644307415158
151 171 0.5694771615209482
152 153 0.2909773254883514
152 172 -0.6938663714946818
153 154 -0.9234131916283268
153 173 -0.13264066205230285
154 155 -0.4294687537563744
154 174 -0.8897881584366232
155 156 -0.5451221720963437
155 175 -0.00836768331906268
156 157 -0.3934419254282764
156 176 0.632735502906933
157 158 -0.6835263998795322
157 177 -0.4478881028855546
158 159 -0.22802780600760886
158 178 -0.9675812160179114
159 160 0.4355329221758981
159 179 -0.9752783148576691
160 180 0.17756466093122292
161 162 0.4435106348635991
161 181 -0.4162478636587337
162 163 0.9752509498037445
162 182 -0.08739090581043185
163 164 0.9541614518453636
163 183 -0.11845235019866696
164 165 0.1334998491499999
164 184 0.06694176997800527
165 166 0.500929220974982
165 185 -0.6479157334326122
166 167 -0.9494721091363658
166 186 -0.9016096844525427
167 168 -0.4504097368144626
167 187 0.20210378226502002
168 169 0.20190841449135277
168 188 0.29045549136806637
169 170 0.16066270293595308
169 189 -0.6308565267807478
170 171 0.43647436063929446
170 190 0.512764715791197
171 172 -0.14014779428685542
171 191 0.6776931752270521
172 173 -0.9964807017912805
172 192 0.9340915064601005
173 174 0.6641695226254973
173 193 -0.9730828830004845
174 175 0.1644458051720188
174 194 -0.408362546868809
175 176 0.7295299335659573
175 195 0.2681275062456929
176 177 -0.1618865659822113
176 196 0.6277165704679801
177 178 -0.14257930885266412
177 197 -0.4831563891910582
178 179 -0.9626510892733895
178 198 0.08827908672431017
179 180 -0.8394112498893451
179 199 0.1527458906976924
180 200 0.9803354851903225
181 182 0.8355482450258869
181 201 0.42915156679538113
182 183 0.6522456876854796
182 202 -0.4972517315858813
183 184 -0.3634543890420976
183 203 0.03959397175076029
184 185 -0.9702799507335438
184 204 0.9557985268040099
185 186 -0.08297158752545397
185 205 0.026245415464490218
186 187 -0.630746323971469
186 206 -0.8619333167654919
187 188 0.877028394418675
187 207 0.41459261868287456
188 189 -0.8867435943237876
188 208 -0.40503180604815636
189 190 0.2310042341170815
189 209 0.7739101769372208
190 191 -0.9253559819773218
190 210 0.35767079378596267
191 192 0.07470805084725907
191 211 -0.4991521336996514
192 193 0.6157330665301846
192 212 -0.45186482127305694
193 194 0.018670783028277294
193 213 -0.040902599717494326
194 195 -0.3543677288493907
194 214 0.9339787757099929
195 196 0.5089849498165295
195 215 -0.1257536174645364
196 197 -0.4695696588779379
196 216 0.9668509428069734
197 198 -0.26610591578895604
197 217 -0.30140881340511805
198 199 -0.11370736553344973
198 218 -0.9485997051058435
199 200 0.627243432946408
199 219 0.12307246729677024
200 220 -0.31175793253939377
201 202 0.08508873602252254
201 221 -0.7156599047969461
202 203 0.19474329646176858
202 222 0.8056635206632548
203 204 0.156272859764935
203 223 0.7078675010009727
204 205 0.1460578080663717
204 224 0.583513992553248
205 206 -0.031958219426348355
205 225 0.6887715890786952
206 207 -0.4850491531909138
206 226 0.8271634631413491
207 208 -0.47319367008648494
207 227 -0.75532815776999
208 209 0.38354921515293317
208 228 -0.6219410942887293
209 210 0.033578555640883856
209 229 0.25228733825284677
210 211 -0.04555839818413121
210 230 -0.7996572246581357
211 212 -0.8822119771184525
211 231 -0.8161014301847047
212 213 -0.44182078585574813
212 232 -0.7586407171560436
213 214 -0.9406901184045435
213 233 -0.9771429463518675
214 215 -0.6101306704338265
214 234 -0.3052069897087719
215 216 -0.19957581951443637
215 235 0.4458326278905087
216 217 0.7446106453198149
216 236 -0.1029508212701089
217 218 -0.3339284391253481
217 237 -0.3932656044496403
218 219 -0.26339097088252394
218 238 -0.1593589841781935
219 220 0.20718339232253924
219 239 -0.5588383495671758
220 240 0.8661207703052389
221 222 -0.2533184798970616
221 241 0.34826723013269056
222 223 0.06911589760363013
222 242 0.18040272597084583
223 224 -0.8638054529240999
223 243 -0.07093838444133493
224 225 0.12311472055273787
224 244 0.7546704831298694
225 226 -0.6503722103557612
225 245 -0.9707302497935002
226 227 -0.08430097605117903
226 246 -0.7395764210408102
227 228 -0.08255154162027267
227 247 0.9496249987933383
228 229 0.6060150734337957
228 248 0.02952749971342561
229 230 0.010118235112922314
229 249 0.8193251531731087
230 231 0.22839246742938069
230 250 0.6758290179323923
231 232 -0.6516001137171072
231 251 -0.12149129880344933
232 233 -0.03862347001828592
232 252 0.864603957525125
233 234 -0.3363119995310113
233 253 -0.8771378427894101
234 235 -0.7919718697785818
234 254 -0.19643629505102211
235 236 -0.2552628411753708
235 255 0.10519606079860089
236 237 -0.3292309803052331
236 256 -0.9405878920332034
237 238 -0.36974542769217966
237 257 -0.45954964521614716
238 239 -0.18919207749564815
238 258 0.9961553292973846
239 240 0.8390820852282261
239 259 -0.5889985991813023
240 260 0.2342101548226314
241 242 -0.11633365115400784
241 261 -0.13197201333341257
242 243 -0.9214364655492253
242 262 -0.28563648273092745
243 244 0.5638982372382968
243 263 0.43720562076450054
244 245 0.16839165706135106
244 264 0.41769965273791043
245 246 0.6975281436224643
245 265 0.4853491545988682
246 247 0.6197833308003573
246 266 -0.19306031903866794
247 248 0.36114874888888937
247 267 -0.6134925354270779
248 249 0.5145720806312295
248 268 -0.6444225027658042
249 250 -0.1733906888708594
249 269 0.07093743258344598
250 251 0.46778807531766686
250 270 -0.35686883457618546
251 252 0.6218684501502116
251 271 0.8208042472126693
252 253 0.8298548515365372
252 272 -0.5122498080483779
253 254 0.1963470161129488
253 273 0.7718405070452465
254 255 -0.8143047098254177
254 274 0.009687612923398481
255 256 -0.8390727652856171
255 275 0.18855113420706804
256 257 0.9818734972991532
256 276 0.3618990496611785
257 258 0.8005892375048065
257 277 0.9339484065875661
258 259 -0.6866492491161988
258 278 -0.12608218641236113
259 260 0.37667712919391394
259 279 -0.24958035657404065
260 280 0.9896595324423381
261 262 0.23553395693863433
261 281 0.026276485108781777
262 263 -0.8407738196880716
262 282 -0.38908016331436346
263 264 0.1720439601063517
263 283 -0.9258111735311843
264 265 -0.7029330972870829
264 284 -0.14309852206420715
265 266 -0.08660492935965558
265 285 -0.1662031859012445
266 267 -0.9511347100336718
266 286 0.7136620852555051
267 268 -0.90652154567721
267 287 0.9052878735412477
268 269 -0.8347594174090145
268 288 -0.03585606055428303
269 270 -0.31471374887094683
269 289 -0.7408464457134798
270 271 -0.8642893778261993
270 290 -0.925339525871455
271 272 0.1521814240239754
271 291 -0.41769114043930156
272 273 -0.21028340716825222
272 292 0.9404790604531781
273 274 -0.17573244927211862
273 293 -0.9234556021956086
274 275 0.4851814818894815
274 294 -0.9894189816612342
275 276 -0.4381570661335856
275 295 0.48489517262880155
276 277 -0.6216836271968131
276 296 -0.9099089010056538
277 278 0.7933970946833315
277 297 -0.2534492404066746
278 279 -0.4595346913803511
278 298 0.9379268731993262
279 280 -0.576941946443539
279 299 0.6419826844240797
280 300 -0.9434891752235792
281 282 0.30079436386293446
281 301 0.20207790680908877
282 283 -0.338561376035736
282 302 0.5476605924211917
283 284 -0.29868721743373405
283 303 0.12638136898549002
284 285 0.38778013268482336
284 304 -0.7907605109542937
285 286 -0.7665409781060735
285 305 -0.32264173402132057
286 287 -0.4514103619692076
286 306 0.4182119281439811
287 288 0.7172980309368531
287 307 0.6558063514971424
288 289 0.05770775872425227
288 308 0.39261654361799403
289 290 0.32564350279997756
289 309 0.8713400039912991
290 291 0.1182506079209642
290 310 -0.6782946014629043
291 292 0.30357274356243114
291 311 0.2758414015111361
292 293 -0.4487607327924772
292 312 0.8756988817328275
293 294 -0.8383151924183887
293 313 -0.8361709153963028
294 295 -0.8196776623099584
294 314 -0.8876320381761194
295 296 -0.4023456066946338
295 315 0.5150733683423232
296 297 -0.9737209092750019
296 316 0.32362123325919123
297 298 0.29655843254404757
297 317 -0.3771163690774888
298 299 0.17961808303165094
298 318 0.40837284828166753
299 300 -0.7708511238287832
299 319 0.546101388561754
300 320 -0.320048176348122
301 302 0.6104463936654929
301 321 0.043294304787268256
302 303 -0.9200815826200455
302 322 -0.14101564313672332
303 304 -0.4005402551508743
303 323 0.024668306547098506
304 305 -0.12078952445081903
304 324 -0.6675957045909326
305 306 -0.8106819185126939
305 325 0.43166174550262837
306 307 -0.28845531435267335
306 326 0.5886181236530683
307 308 0.9278010456765657
307 327 0.1978728981453497
308 309 -0.5904767719396076
308 328 0.3427446599147268
309 310 0.22545836385810802
309 329 0.6854769988995286
310 311 -0.46422362859581634
310 330 -0.5285760871280061
311 312 0.0071494794346611545
311 331 0.9311054312435925
312 313 0.5380243140470129
312 332 0.7694373762121212
313 314 0.6187346676430698
313 333 0.6013880057699958
314 315 0.768651326732867
314 334 0.9711717133057012
315 316 -0.5472797239623199
315 335 -0.9911847101538613
316 317 -0.7849753106069444
316 336 -0.380084721390624
317 318 0.6199442038434062
317 337 0.6095457934176323
318 319 0.2998733444253472
318 338 0.5108141667090795
319 320 -0.0338789638834458
319 339 0.8994195126280704
320 340 -0.4087106126703848
321 322 0.8172977616173365
321 341 -0.36152782202290945
322 323 -0.3701462563146234
322 342 0.27298228613508924
323 324 0.34693385056944104
323 343 -0.681612533243813
324 325 0.013957258528094707
324 344 0.6380717282724251
325 326 -0.8458291911679228
325 345 -0.588099483262055
326 327 0.6892377222877011
326 346 0.0762950342799169
327 328 0.861831671695503
327 347 -0.7064623714425464
328 329 0.5865386506528412
328 348 -0.9165243749660779
329 330 -0.5641831275943145
329 349 0.806343479459843
330 331 -0.9613050767643454
330 350 -0.6966271512100417
331 332 0.6133822992209805
331 351 0.8570387128072343
332 333 0.7420099504880007
332 352 -0.7070580815463698
333 334 -0.9661803772905846
333 353 0.7225886504612355
334 335 0.04034937125499738
334 354 -0.6031651409344085
335 336 -0.7204394380256083
335 355 -0.4084725955196815
336 337 -0.3841051034123799
336 356 -0.7650555476703231
337 338 0.5888353773406734
337 357 -0.7771296543372794
338 339 0.7706285420553449
338 358 -0.4938945304091502
339 340 0.0994074325964962
339 359 0.048852418340659565
340 360 -0.02598094262039341
341 342 -0.8190813014581853
341 361 -0.3985998867275933
342 343 -0.30730569983993394
342 362 -0.9138052875900111
343 344 -0.8990446596920048
343 363 -0.32436822587064107
344 345 -0.8197865305511229
344 364 0.6001375013882904
345 346 0.1475524629024043
345 365 -0.41233688959246395
346 347 0.1181730328065167
346 366 -0.7549800371251603
347 348 -0.7720793824906156
347 367 -0.2559421956523311
348 349 0.9267150114429819
348 368 0.9507854343466655
349 350 -0.9804600457606285
349 369 -0.5483745466731305
350 351 -0.9321949737348765
350 370 0.9636697161757564
351 352 0.2278702533288759
351 371 0.9640078326862025
352 353 0.5783775758503527
352 372 0.8184444913430196
353 354 0.8226004487048968
353 373 -0.19824663072967574
354 355 0.8666966321660383
354 374 0.30919640668427384
355 356 -0.6088123674984867
355 375 0.09776407568578316
356 357 0.8938628415900007
356 376 0.95478109847121
357 358 0.623196287266599
357 377 0.559104677193117
358 359 -0.544012386967822
358 378 0.20528341655528082
359 360 0.747169620883265
359 379 0.293451640316144
360 380 0.8398973965272563
361 362 -0.7720312762729005
361 381 0.6573626526153533
362 363 0.759830349035832
362 382 0.5264811742873621
363 364 -0.7838724544410949
363 383 -0.6421943828578192
364 365 0.13025270791560906
364 384 0.1786954233612148
365 366 0.3114534854291964
365 385 0.6071366954864392
366 367 -0.2447161628518395
366 386 -0.14250534174191465
367 368 0.5331202531418135
367 387 -0.3577159370700811
368 369 0.10132156844363016
368 388 -0.8701860351867807
369 370 -0.7358897454560263
369 389 0.8150858930321021
370 371 -0.2790293796918826
370 390 0.6509290571240338
371 372 0.4299759116906523
371 391 -0.9826814571654179
372 373 0.6763410970614101
372 392 0.4240623727743247
373 374 -0.4262186033245845
373 393 0.6860897705276772
374 375 0.5835834943201741
374 394 0.02243135722275791
375 376 -0.5800156598199082
375 395 0.5569843405574042
376 377 0.8089585085374178
376 396 0.5923602989300707
377 378 0.7701603101952781
377 397 -0.35515789635342565
378 379 -0.5276716791474467
378 398 0.461972600788237
379 380 -0.3415384605634475
379 399 -0.9791013605418246
380 400 -0.4465610990489477
381 382 -0.9062073612215005
382 383 0.7561932854497166
383 384 0.7716541923354114
384 385 -0.6037986855674622
385 386 -0.2975729940071825
386 387 0.022417292570930725
387 388 0.27607016268925344
388 389 -0.3095264202762851
389 390 0.820461273319526
390 391 -0.17552518296508945
391 392 -0.4237088380123777
392 393 -0.38524116292507116
393 394 0.2340891059548329
394 395 0.5764237847584406
395 396 -0.030640193915448366
396 397 -0.8691411542643439
397 398 -0.7856691365200315
398 399 0.32799783518553904
399 400 -0.7258091835192111
