1 2 0.6976353945371574
1 21 -0.642208150158003
2 3 -0.8406677892202044
2 22 -0.8863375971758325
3 4 -0.7448156900959211
3 23 -0.3926925204256009
4 5 -0.19742300052810968
4 24 0.1800109228113973
5 6 0.59477099157076
5 25 0.9382621141679188
6 7 0.5383959754998215
6 26 0.08164938607331207
7 8 -0.46103492566546156
7 27 -0.4716275892060897
8 9 -0.052245303885401606
8 28 0.5193992886085466
9 10 0.10257940441340296
9 29 0.699945612902998
10 11 -0.350834513384237
10 30 0.39877817146949646
11 12 -0.2979385468811562
11 31 -0.3513452912501538
12 13 -0.9969388485860624
12 32 -0.85531149181131
13 14 0.19581811727673637
13 33 -0.6315114315648962
14 15 -0.9603877028187082
14 34 -0.9322935928676688
15 16 0.5878909404359873
15 35 -0.9793512517254315
16 17 0.6912673559020521
16 36 0.40659184988975805
17 18 0.4000180564980793
17 37 -0.24125516078552978
18 19 -0.3499328217127686
18 38 -0.9282343904014967
19 20 0.7911998381726895
19 39 -0.5639037926918429
20 40 0.10569861124165869
21 22 -0.8912735713871371
21 41 -0.2769231078235541
22 23 -0.8433381827338222
22 42 0.3913556212782552
23 24 -0.40940685660236276
23 43 0.13821007528515117
24 25 0.9878294024557581
24 44 0.22301774709598376
25 26 0.9370105014356145
25 45 -0.8419409898157926
26 27 -0.46347148921411074
26 46 0.46606144266974603
27 28 -0.5044744798511329
27 47 0.7202586337609547
28 29 0.6558698286736264
28 48 -0.7298234940981252
29 30 0.061435482871539326
29 49 0.9921334572406082
30 31 -0.5301094231483428
30 50 -0.12987533580840593
31 32 0.6953495231592082
31 51 -0.23273209785026983
32 33 -0.674339511942045
32 52 0.4716154843277245
33 34 -0.8287926497639786
33 53 0.8054399674936705
34 35 -0.45802964923611533
34 54 0.018276382882457254
35 36 -0.2515458413084799
35 55 -0.023562791654880177
36 37 0.45722171957060587
36 56 -0.33072887073513413
37 38 0.6370356955441321
37 57 -0.6936783889312022
38 39 -0.8777714263460457
38 58 -0.08033466029996683
39 40 0.7372677033287023
39 59 -0.791423500655484
40 60 -0.39659054093196433
41 42 -0.44919814278717607
41 61 0.06000044979085062
42 43 -0.9416820781897142
42 62 -0.0010151605418320386
43 44 0.48683925893199786
43 63 -0.3399696294593315
44 45 0.36604270179842113
44 64 -0.8075774129617372
45 46 -0.6305140439400179
45 65 0.767071469774322
46 47 -0.9853369829027883
46 66 0.7921810894970192
47 48 0.8950992817878625
47 67 -0.6919773306377812
48 49 -0.3358770671028857
48 68 -0.9144863177716913
49 50 0.8439836906023945
49 69 0.08969042640149838
50 51 0.9083491557908971
50 70 0.9249709220583782
51 52 -0.030795998785413614
51 71 -0.9441587312110613
52 53 -0.3869849776688752
52 72 0.1127343605794735
53 54 0.07994000323124029
53 73 0.7399130862705063
54 55 0.1644289135244077
54 74 -0.7089795320574623
55 56 0.03028935260849397
55 75 0.7645216785692128
56 57 0.3179522865492215
56 76 0.34677540744925217
57 58 0.36335443070655526
57 77 -0.80657270525108
58 59 0.12210895936483146
58 78 -0.5967358567499914
59 60 -0.8992682245230608
59 79 -0.9481119677156515
60 80 -0.6792603971229436
61 62 -0.388162168528168
61 81 -0.39105128169171377
62 63 -0.7347313645110776
62 82 -0.9384887329084297
63 64 0.21570461474505676
63 83 0.03135070629660475
64 65 -0.13195665688048774
64 84 -0.7416826094011819
65 66 0.48902745669679937
65 85 -0.6659675090929682
66 67 -0.5815857444768628
66 86 0.6826469930816021
67 68 0.8907786573485033
67 87 0.006639167773225818
68 69 -0.8611027657621793
68 88 0.23397967454666424
69 70 0.39204297249149156
69 89 0.6608378238186838
70 71 -0.45040861835020074
70 90 0.5309721673477192
71 72 -0.7500393496528437
71 91 -0.9007200266156827
72 73 0.8487001052882401
72 92 -0.5420645137611062
73 74 -0.10514283034639349
73 93 -0.515953188866207
74 75 0.12556204980935548
74 94 -0.5771774012277688
75 76 -0.00295343611351484
75 95 -0.1548796891930766
76 77 0.25118670937789744
76 96 -0.8445000104665841
77 78 -0.3219402663160291
77 97 -0.15102278314083684
78 79 -0.3544109078750519
78 98 -0.4322245712656727
79 80 0.2964560445330615
79 99 0.7643859200536767
80 100 0.9539437619675719
81 82 -0.7765174476488106
81 101 -0.500201972239771
82 83 0.27897885662775845
82 102 -0.10800370496077494
83 84 0.8396014492465464
83 103 -0.5972667776293765
84 85 -0.5691932618073634
84 104 0.7001318930792078
85 86 -0.12298138141222248
85 105 0.025314859603023043
86 87 -0.024226751750075604
86 106 0.7692081118412877
87 88 -0.35532081529011994
87 107 0.5199137392152777
88 89 0.1845841981507519
88 108 0.9238563042454639
89 90 -0.5606973955322094
89 109 -0.12379016482632066
90 91 0.8648249296874742
90 110 0.05211913068912688
91 92 -0.28138214032935926
91 111 0.5613924868983176
92 93 -0.18020034282383612
92 112 -0.14732284778527416
93 94 -0.26716108934505356
93 113 -0.2986234541963664
94 95 0.9033963504670153
94 114 -0.6528009322458153
95 96 -0.10849524519562714
95 115 0.21817947756216305
96 97 -0.8655073966746443
96 116 0.0007547756500716485
97 98 -0.8085408281707793
97 117 0.7520371583078109
98 99 0.7018721019699321
98 118 -0.9880690659048612
99 100 -0.4445054416226477
99 119 -0.790430740538997
100 120 -0.10431457732937255
101 102 0.8352597956731249
101 121 -0.47170629349325277
102 103 0.9492132714390935
102 122 -0.3404681352568173
103 104 -0.9967104844798591
103 123 -0.8565336065304661
104 105 -0.26002150726785755
104 124 -0.5435750412909091
105 106 -0.5652366859654743
105 125 -0.7967131358968331
106 107 -0.023869825458461946
106 126 -0.010978896504743263
107 108 0.8509572723208307
107 127 -0.4789651065285383
108 109 -0.4986060842716973
108 128 0.870205748234429
109 110 0.7685727516596348
109 129 -0.9002414909674608
110 111 0.26900645957049996
110 130 -0.028623015009223707
111 112 -0.7816920474233255
111 131 0.6471909528871005
112 113 0.4925269554640923
112 132 0.5960674455240542
113 114 0.3601450580632801
113 133 -0.5087592080174803
114 115 -0.5107262851875725
114 134 -0.27212450057718995
115 116 0.5037261272562237
115 135 0.004872615166350958
116 117 -0.9181263105663926
116 136 -0.6822412446308073
117 118 0.4819951347376321
117 137 -0.7001320286870976
118 119 0.4986166047098848
118 138 -0.008752685467299237
119 120 -0.4349589327014054
119 139 0.9912945574087426
120 140 0.4902710411152178
121 122 0.43554737494711215
121 141 0.7314300683803081
122 123 -0.6091503535736258
122 142 0.3680924246268189
123 124 -0.15901100696815607
123 143 -0.002165256296317697
124 125 0.7198653026085349
124 144 -0.06849844213215395
125 126 -0.5020701577298723
125 145 0.9332246345856321
126 127 -0.5811596964112018
126 146 -0.4756237278372826
127 128 -0.8348319285610786
127 147 -0.892943780899774
128 129 -0.049679433793181405
128 148 0.3647049880662585
129 130 0.07373069399112175
129 149 -0.4907375640078584
130 131 -0.48543536654363595
130 150 -0.053420073419713665
131 132 -0.6293171509929989
131 151 -0.48182483319002345
132 133 0.4108386522277332
132 152 0.1544609644722732
133 134 -0.07181722527393841
133 153 0.5476232212900247
134 135 0.938004500834767
134 154 -0.8604773722720331
135 136 0.06789155654773382
135 155 -0.13578015722850667
136 137 -0.06979282599286418
136 156 -0.826886128375161
137 138 0.1529604554332744
137 157 -0.4680748310410101
138 139 0.634871102581541
138 158 0.32402687875526626
139 140 -0.2055587164168422
139 159 -0.3455352063021748
140 160 0.3006124813894615
141 142 0.6141589644907515
141 161 -0.578898834682344
142 143 -0.29780228546563814
142 162 0.5420722266785365
143 144 0.1475033731257449
143 163 0.7607467639601286
144 145 0.35623394217240123
144 164 -0.24424804584328785
145 146 0.6436930110097463
145 165 -0.12976773855295987
146 147 0.2469025279892536
146 166 -0.08963855183491587
147 148 0.6102527263985722
147 167 -0.3765425788490657
148 149 -0.9152312932101414
148 168 0.923435921942851
149 150 -0.20330849655758243
149 169 -0.5351928213071642
150 151 0.5457737861072711
150 170 0.5054069780015169
151 152 0.6307915402063482
151 171 -0.9678998183174294
152 153 0.9747174290358493
152 172 0.3066317843481008
153 154 -0.331607556410106
153 173 0.5984490473522195
154 155 -0.8391717955836302
154 174 -0.06696080652927838
155 156 0.14819988051510014
155 175 0.1849440355197216
156 157 -0.362938987495693
156 176 -0.2707354411228031
157 158 -0.08887472449216749
157 177 0.4754783418558668
158 159 -0.6195959536802516
158 178 -0.7254350370775478
159 160 -0.002881708290085161
159 179 0.6530168664953173
160 180 -0.34651096567253403
161 162 -0.665513937087109
161 181 -0.9065872166358566
162 163 0.5835990027389495
162 182 -0.1122508217491418
163 164 -0.5985600673918445
163 183 -0.1576438814599761
164 165 0.4328671105733446
164 184 -0.2699604252010881
165 166 0.6556246721928827
165 185 -0.9049260206154159
166 167 0.8176968177288686
166 186 0.10998469181432302
167 168 0.30013184740495147
167 187 -0.6571603553098464
168 169 -0.5617594459906985
168 188 -0.4746453286251815
169 170 0.22458843987588062
169 189 0.6588484602157896
170 171 -0.4866986903595074
170 190 0.5116680617194549
171 172 -0.9911369988094845
171 191 0.7345914397122006
172 173 -0.6906974217109718
172 192 -0.775321518783681
173 174 0.6198142181114763
173 193 -0.22149067008404089
174 175 0.011837606632387532
174 194 0.4900574991495299
175 176 0.2787945623857111
175 195 -0.4938323421713482
176 177 -0.29407112796063384
176 196 -0.9323192299502028
177 178 -0.31581026019947966
177 197 0.7779731211139402
178 179 0.4820752810777047
178 198 0.7966728039482691
179 180 -0.11171700079178404
179 199 -0.5179624915867254
180 200 0.19347704200314175
181 182 -0.9211553764850038
181 201 -0.5995383804490542
182 183 -0.4623433974835194
182 202 -0.9521911558909668
183 184 0.8645546870818193
183 203 -0.273418403938984
184 185 0.10304374458800192
184 204 0.1725374005887652
185 186 0.5397064876587037
185 205 0.9312031261060298
186 187 0.4061977521931921
186 206 -0.5896100910174036
187 188 0.6002217597249475
187 207 -0.19498331370928002
188 189 0.5439400760483859
188 208 0.7481120469974754
189 190 0.8493816872994742
189 209 -0.7022776766708183
190 191 -0.2727305870488175
190 210 -0.8550407339461579
191 192 -0.31546516156113436
191 211 0.5968926833160229
192 193 0.13480820379820857
192 212 -0.6529622647299862
193 194 0.10504159360749843
193 213 0.1838900221384463
194 195 -0.21384753409952184
194 214 0.35298869278955913
195 196 0.5485767157658921
195 215 -0.08300765264497034
196 197 -0.6545720905611301
196 216 -0.8612942946735997
197 198 -0.18769576864827697
197 217 0.7615613429228276
198 199 0.8224577604088006
198 218 0.4652735943109594
199 200 -0.8196380877013354
199 219 0.7146919041692359
200 220 -0.3156557977745369
201 202 0.997086805454344
201 221 -0.2544260433442236
202 203 -0.2573348684643504
202 222 -0.8045382406882735
203 204 -0.9699916873001995
203 223 0.799454817621909
204 205 -0.7692233025940047
204 224 -0.6809284989956474
205 206 -0.9382537308075165
205 225 0.18179202469504885
206 207 -0.47104739152537545
206 226 -0.16605331870422813
207 208 -0.8791856637328801
207 227 0.2048796309077472
208 209 0.9840662362662764
208 228 0.4166058843460303
209 210 0.8276963281852248
209 229 0.5447371688437925
210 211 0.6160406431117811
210 230 0.8729896751449806
211 212 -0.9717648944047714
211 231 0.2572175670470229
212 213 -0.7315411274826136
212 232 -0.417963004407345
213 214 -0.5603800522222313
213 233 -0.8309150809559731
214 215 0.7576597403460146
214 234 0.7618813740789483
215 216 -0.25429520123719507
215 235 0.6418235156698917
216 217 0.38525172352291537
216 236 0.20621221837314807
217 218 -0.7500099678196901
217 237 -0.8267692655937462
218 219 -0.10689754092528236
218 238 -0.9659239080726942
219 220 0.8962319514140924
219 239 -0.5264521665680644
220 240 0.3398846411433849
221 222 0.5210205478578993
221 241 -0.05305111463367762
222 223 0.45504509715582464
222 242 -0.08111114932856855
223 224 0.23080033383490073
223 243 0.9418841366250685
224 225 0.49087645524502643
224 244 -0.05531661174482139
225 226 0.49667165452897666
225 245 -0.6031389189145497
226 227 -0.9477522542978205
226 246 0.4180558441275124
227 228 -0.6514425865163986
227 247 -0.14087197325974588
228 229 -0.17245253211632017
228 248 -0.9971107736574809
229 230 0.5598602107227968
229 249 0.5609935618933848
230 231 -0.8140831035471909
230 250 0.9823141066515366
231 232 0.5293194699774049
231 251 -0.9845670543585725
232 233 -0.38265930218699107
232 252 0.7342600654583558
233 234 -0.03344490601215333
233 253 -0.18770089658888467
234 235 -0.038091960137371705
234 254 0.7512349830541327
235 236 -0.7882530342894709
235 255 -0.06731577827372504
236 237 0.11899174149212843
236 256 -0.6353262029911579
237 238 -0.06188898739507609
237 257 -0.2635719834530881
238 239 -0.18010024019553805
238 258 0.983808485775417
239 240 0.8000489831832702
239 259 0.5313861773760327
240 260 -0.1964018799502003
241 242 0.019430611635309347
241 261 0.8900768343808854
242 243 0.04099294961948208
242 262 0.36913808580702834
243 244 0.24324066815677092
243 263 0.8725249125324808
244 245 0.2604058563942193
244 264 0.6240273805715368
245 246 -0.0954679563066263
245 265 -0.4944619458036601
246 247 -0.16044346092217143
246 266 -0.959914702471137
247 248 -0.16307200099755392
247 267 0.8565255246542072
248 249 0.8660635509055656
248 268 0.7192540546162975
249 250 -0.4550936674301025
249 269 -0.3645646772382414
250 251 -0.2568951172086591
250 270 0.7962701357193036
251 252 -0.22883855128956543
251 271 -0.45454269020165183
252 253 -0.8432585308467948
252 272 0.9691266099636855
253 254 0.6605104246386246
253 273 -0.7938346531268188
254 255 -0.5307839352329642
254 274 0.6245818192130912
255 256 -0.5771251921745755
255 275 -0.7270743397117099
256 257 -0.6018445962619656
256 276 0.3488449998291392
257 258 -0.08850256536248602
257 277 0.6692561985517682
258 259 0.5125412081328624
258 278 -0.002917176669222643
259 260 -0.9226546539316944
259 279 -0.9811715718050353
260 280 0.9420196023885206
261 262 -0.7811067033163401
261 281 -0.06981367847032893
262 263 -0.1494194094152983
262 282 0.20694611462250978
263 264 0.1980793427944374
263 283 -0.7214425693616893
264 265 -0.8679977549058775
264 284 -0.4001621606015353
265 266 0.6345129217607182
265 285 0.9017216077277204
266 267 0.35580243544788415
266 286 -0.2701224814489185
267 268 0.8567319849482142
267 287 -0.37688295705793995
268 269 -0.8576194113585542
268 288 -0.525966349080297
269 270 -0.08351054066101948
269 289 -0.8339911007653309
270 271 0.3083634182178596
270 290 0.5378765638749823
271 272 0.4806741632184557
271 291 0.8663487730237096
272 273 0.3587251929827522
272 292 -0.5403277766603338
273 274 0.6883649191559364
273 293 0.7043589524793521
274 275 0.21691115015975249
274 294 0.11873222634634306
275 276 -0.9756424398552472
275 295 -0.0675371721458844
276 277 0.10291119733616005
276 296 -0.9490037400151952
277 278 0.2728046247377638
277 297 -0.7970208096879643
278 279 0.4851272389744896
278 298 0.9256556063862076
279 280 0.9406207588495554
279 299 -0.7099224119473797
280 300 0.5159458372943637
281 282 -0.7168894801983972
281 301 0.07669752431385124
282 283 0.6476982169128216
282 302 -0.0962574731144541
283 284 0.3567494464779377
283 303 0.0926780946662058
284 285 0.24716410723680915
284 304 -0.013624925515278496
285 286 -0.47550480050913224
285 305 -0.7335125005100029
286 287 -0.5493009210972701
286 306 0.018002005543540145
287 288 -0.4987144897219109
287 307 0.7412803131357137
288 289 0.47229681719666994
288 308 -0.4794342915880998
289 290 0.025816524589517886
289 309 0.2978119884043895
290 291 -0.6619447420444775
290 310 0.3549916442071632
291 292 0.8735122909968995
291 311 -0.9922258626827889
292 293 -0.2550476643399324
292 312 -0.8996475055623037
293 294 -0.6708724182861039
293 313 -0.8857054766982233
294 295 -0.5159724148245823
294 314 -0.4514304599227934
295 296 0.028323218540834194
295 315 -0.8355485652777241
296 297 0.7950949157177909
296 316 -0.3353196688820128
297 298 0.21307917843790958
297 317 -0.18572350631342305
298 299 0.6267891593639472
298 318 -0.7737852592144991
299 300 -0.2285219280728632
299 319 -0.5865848776221754
300 320 0.7978708487104513
301 302 -0.40200268699950903
301 321 0.07549043883767204
302 303 0.7758904020666113
302 322 -0.5592009266527223
303 304 -0.9819112329326749
303 323 0.5495404798401282
304 305 0.5784394579545258
304 324 0.6775798552381922
305 306 -0.6642557303188015
305 325 -0.1792026386584633
306 307 -0.711139512029697
306 326 0.8820707950758322
307 308 0.3719377087286173
307 327 -0.3582046591109971
308 309 -0.6645607655370875
308 328 0.9493694758350002
309 310 -0.6750742140865711
309 329 -0.8846446156464645
310 311 -0.0007281713429545533
310 330 -0.34874727497248426
311 312 -0.8672428827542211
311 331 -0.9576360975956757
312 313 -0.3028045595790392
312 332 0.7630033216378129
313 314 0.12235057435829644
313 333 -0.04587967782650515
314 315 -0.9812411553428355
314 334 -0.794406881109516
315 316 -0.17216898793127866
315 335 -0.9176808359230009
316 317 -0.7454360352948022
316 336 -0.7947718251096536
317 318 0.3270209215763096
317 337 -0.6473328719935625
318 319 0.5122201044020154
318 338 0.5184449174891124
319 320 0.06319747866444092
319 339 0.028968099006954295
320 340 0.02318004694906506
321 322 0.3312550756497088
321 341 -0.27134239886370803
322 323 -0.7863546965589521
322 342 -0.9759797487411825
323 324 -0.7571509902464215
323 343 0.03478828514569754
324 325 0.5225533423139104
324 344 -0.7570168270753945
325 326 -0.031575753270117524
325 345 -0.7078175026941005
326 327 -0.9681271326957073
326 346 0.45578699685480695
327 328 0.33880589242420256
327 347 0.8800112552352184
328 329 -0.21665237797263281
328 348 -0.3822136428071625
329 330 0.7575829877902465
329 349 0.05824859209491362
330 331 -0.6832447009389193
330 350 0.8230592563790287
331 332 0.6189566997807232
331 351 0.2714587765849612
332 333 0.6536117560664201
332 352 -0.6639864495166339
333 334 -0.017207590815624618
333 353 -0.3714459067127043
334 335 -0.9039147426615315
334 354 -0.7650909944855251
335 336 0.44272510671507836
335 355 -0.2837641698273894
336 337 0.1499389430634075
336 356 0.12753014443211197
337 338 -0.7514249124127002
337 357 0.5757634622214631
338 339 -0.36838863356087437
338 358 0.16425846776721031
339 340 -0.6751398780842675
339 359 0.003649556714374169
340 360 -0.6707770793697001
341 342 0.24603723866912075
341 361 0.28544977049042264
342 343 0.8358827973033531
342 362 0.2731324284557475
343 344 0.3315046876831742
343 363 0.5258256830076014
344 345 0.9394854240479962
344 364 0.7276184558449548
345 346 0.43510700190865315
345 365 -0.26029171533876294
346 347 0.7170722391741315
346 366 0.7455304109839109
347 348 0.6267282909311762
347 367 -0.8856035938997149
348 349 -0.5411892200360957
348 368 -0.8776486698407235
349 350 -0.4371148122590227
349 369 0.5600895686995258
350 351 0.30422658635096633
350 370 0.5005149637218045
351 352 -0.8548781441385671
351 371 0.3242636142967288
352 353 -0.19038740811532762
352 372 0.18731485018260163
353 354 -0.28502060349572456
353 373 -0.6858107847724282
354 355 -0.1204432337618413
354 374 0.20814728234965596
355 356 0.34403715279543357
355 375 0.35929862297130843
356 357 -0.8649082034069169
356 376 -0.3911224550261465
357 358 0.029667947019801577
357 377 -0.6504006100491293
358 359 -0.8677705273467529
358 378 -0.45210071933048224
359 360 -0.5268243854490424
359 379 -0.5189749309969625
360 380 -0.31514620240430524
361 362 -0.16003635980525321
361 381 -0.19351513197967551
362 363 -0.5604759253257305
362 382 0.095104867291945
363 364 0.8817577613526411
363 383 -0.752024871161777
364 365 -0.8014188852151274
364 384 -0.3146899945334878
365 366 -0.6829063256695618
365 385 0.20609635320321273
366 367 0.056813088086128394
366 386 -0.18317844530739213
367 368 0.9571659478154282
367 387 0.8014382400937972
368 369 -0.06295245504414626
368 388 -0.9524791280445797
369 370 0.04577562587096695
369 389 -0.03774753203529668
370 371 0.3537836913023109
370 390 -0.6001500723262501
371 372 0.030832870530057788
371 391 -0.36999003640577444
372 373 0.2040743104118894
372 392 0.3413069915286293
373 374 0.7616684395117579
373 393 -0.8369594317811626
374 375 -0.8234150374320768
374 394 -0.2656790456387301
375 376 0.12185064333002305
375 395 -0.7131792538213753
376 377 -0.18948527282208372
376 396 0.7530619119113089
377 378 -0.7718081991632033
377 397 -0.6317733516006532
378 379 -0.7085508359239587
378 398 0.8021612727587193
379 380 0.749289866754876
379 399 -0.20793707376192572
380 400 -0.4591116581493144
381 382 -0.2191593478069187
382 383 0.8415993406944
383 384 -0.5800085239150901
384 385 -0.9277458952260234
385 386 -0.37571692638742915
386 387 0.48509715044440904
387 388 -0.21455120667572136
388 389 0.43632358717598496
389 390 -0.7198451095372176
390 391 0.9385613638071171
391 392 0.4356200808161024
392 393 0.6963248205502433
393 394 -0.8535952295763338
394 395 -0.14217955218113176
395 396 0.017001578578620613
396 397 0.8628798255147596
397 398 -0.0008626200044117294
398 399 0.3612242697024919
399 400 -0.7476702039358181
