1 2 0.9340596780273533
1 21 0.09446449835144466
2 3 -0.20619999419653467
2 22 0.24783222709644614
3 4 -0.902931727160895
3 23 -0.7803637637643119
4 5 -0.06902065036492866
4 24 0.5259872825507323
5 6 -0.2673277214969314
5 25 0.6809321294443644
6 7 -0.5385081165444479
6 26 -0.8951302426271948
7 8 -0.19237947658559817
7 27 0.1347379289926276
8 9 -0.14745766662060622
8 28 -0.6197400088152369
9 10 -0.1294473836194301
9 29 -0.8556651598648211
10 11 0.25028238956046844
10 30 0.7063468662436885
11 12 -0.35115682311618635
11 31 -0.9761573439112738
12 13 0.4142932573434761
12 32 -0.3127594585206084
13 14 0.7709158165113992
13 33 -0.07492669541034003
14 15 -0.17056450604614048
14 34 0.34976143822600636
15 16 0.766121133561976
15 35 0.8760080940584181
16 17 -0.4833824396838071
16 36 0.3739270536974737
17 18 0.27113526365160223
17 37 -0.9669928906283627
18 19 0.4108227357245142
18 38 0.19928495000005464
19 20 0.5217882900540434
19 39 0.037149833978255886
20 40 0.6591648431227863
21 22 0.9453687199297687
21 41 0.4296319873487293
22 23 0.5348099341802477
22 42 -0.6420521799177383
23 24 0.36804643024725525
23 43 0.029307394167312983
24 25 0.5056403909608258
24 44 0.9624198382625215
25 26 -0.34335572623818367
25 45 -0.3548500474934886
26 27 0.71744169697857
26 46 -0.32155018355176224
27 28 0.27226802952828666
27 47 -0.7343159870678209
28 29 0.2777262062871906
28 48 -0.14369003711559936
29 30 0.0644570458300402
29 49 0.8776578173112486
30 31 -0.003934181774648993
30 50 0.14516233484881447
31 32 -0.8643836808332073
31 51 0.923349172175848
32 33 -0.7420324369531652
32 52 -0.010260563660803745
33 34 -0.6131620513182461
33 53 0.6721137966816031
34 35 -0.05553171671712187
34 54 -0.9628582108538308
35 36 -0.7729256148551142
35 55 -0.5581422859617375
36 37 0.35616503314242154
36 56 -0.24298001501268618
37 38 -0.45313723188092037
37 57 0.11377526297452434
38 39 -0.7241033372098284
38 58 0.721553720376797
39 40 -0.526291834234859
39 59 0.48498559038122524
40 60 -0.20752669252723566
41 42 0.3954576491945416
41 61 -0.5678210088392472
42 43 -0.24884846282491524
42 62 0.005066118653868745
43 44 0.1432827432294983
43 63 0.6874139879813108
44 45 0.9465559882578614
44 64 -0.9198177507176633
45 46 0.8705817144673749
45 65 0.8399746953957956
46 47 -0.21350654326688878
46 66 -0.4592690355233955
47 48 -0.8345847763742871
47 67 -0.6869355745364936
48 49 0.011614141556514745
48 68 0.30210311673551726
49 50 -0.39036858461351387
49 69 -0.8729252419162288
50 51 0.005109035565948217
50 70 0.592884067901817
51 52 -0.05014585530576143
51 71 -0.7567247286731624
52 53 0.5279840941774878
52 72 0.04224066616164257
53 54 0.7952471749449923
53 73 0.3439128159281324
54 55 0.8570286990895979
54 74 -0.49812762076587536
55 56 0.9813356261399624
55 75 0.8393004287586576
56 57 -0.4039737981772955
56 76 0.49061556028331643
57 58 0.3437049410329356
57 77 -0.7561728177930231
58 59 -0.6637393406206045
58 78 -0.44937219392218397
59 60 -0.7669147713814057
59 79 0.42606379865409205
60 80 -0.4881693584273781
61 62 0.9525489095524835
61 81 -0.9875394895908203
62 63 0.3733341598326916
62 82 -0.4926407026772337
63 64 -0.024524721700651453
63 83 0.6202888442522898
64 65 -0.9680574449368786
64 84 0.08658063004706817
65 66 0.9373482507543638
65 85 0.6150979064292015
66 67 -0.7535442225411764
66 86 -0.08612151647586952
67 68 0.9724494466601052
67 87 -0.7909695160334611
68 69 0.879883069070662
68 88 0.6164994532678811
69 70 0.6964526546680159
69 89 0.8951871305383419
70 71 0.8138702280952681
70 90 -0.35467797265026246
71 72 -0.7842315486094618
71 91 0.03520024677786027
72 73 -0.6112021901129574
72 92 -0.3913169396743017
73 74 0.6107770370554892
73 93 -0.9619622389984239
74 75 -0.9852218065422083
74 94 -0.11488068925320927
75 76 0.2563868534644689
75 95 -0.05207183090874823
76 77 -0.8359755691421575
76 96 -0.9561159193836386
77 78 0.07804215637143863
77 97 0.4189559176605513
78 79 0.06902521321318345
78 98 0.3557369056524402
79 80 0.5305060379423203
79 99 0.07463026221774771
80 100 0.37354993414814053
81 82 -0.4940352752331121
81 101 -0.13041693519110842
82 83 0.10948172588511706
82 102 0.24986168812819542
83 84 0.020487258589880097
83 103 0.8534413864805024
84 85 -0.9322447642031817
84 104 0.314969271670545
85 86 -0.8261687647144695
85 105 -0.8181788967581796
86 87 -0.5305658938343167
86 106 0.1263064698598515
87 88 -0.15468815706879124
87 107 0.7501246942680262
88 89 -0.7535667335021492
88 108 0.8149244180393571
89 90 -0.01785849881535473
89 109 0.817018968883821
90 91 0.44879401187517054
90 110 0.30951189682639146
91 92 0.30300277824316013
91 111 0.6682346846510052
92 93 0.514752785220892
92 112 -0.07859905398648137
93 94 0.24124697544545004
93 113 0.6140410692704485
94 95 0.7012089301526074
94 114 0.8672746095963235
95 96 0.5797049077487646
95 115 -0.024460107283114096
96 97 -0.18867422207471995
96 116 -0.3535624129865744
97 98 -0.9077284677688551
97 117 -0.07358960022931704
98 99 0.8569921655057904
98 118 -0.7072410957878177
99 100 0.06642153509989468
99 119 0.5184255850989394
100 120 -0.5963432753878777
101 102 0.5587658435875049
101 121 -0.6046298507994938
102 103 0.7910023321122921
102 122 -0.27429282313374714
103 104 0.333855543079252
103 123 -0.7025463211318861
104 105 0.06980520332890516
104 124 0.33311679220052026
105 106 0.11416415053040807
105 125 0.7123675418556352
106 107 -0.5944699045210824
106 126 0.022774564271497377
107 108 0.16855130541757535
107 127 -0.9649326572564221
108 109 0.3541346654176607
108 128 -0.3611496096610549
109 110 0.8172808251376373
109 129 0.4690383599921524
110 111 -0.253424335699169
110 130 0.6069919987187917
111 112 0.1428906457910204
111 131 -0.33219489362429555
112 113 0.5304867930612289
112 132 -0.6479730310404013
113 114 -0.4282864488196687
113 133 -0.689256713813378
114 115 -0.7336237952967481
114 134 -0.861805398358676
115 116 0.9513395981165951
115 135 0.5365243861527302
116 117 -0.8585240320947063
116 136 -0.8273931883476753
117 118 -0.25983312030157446
117 137 -0.8556246967577668
118 119 -0.9025906901582335
118 138 0.22618485566715063
119 120 0.1323863554553344
119 139 -0.8507404702417889
120 140 -0.8181680400251299
121 122 0.7259864711984445
121 141 0.9668013543506255
122 123 0.2751141460374733
122 142 -0.6171071957620733
123 124 -0.27089364934848836
123 143 0.7315498318881986
124 125 -0.11731859125465993
124 144 -0.45505708255252775
125 126 0.7683957279505365
125 145 0.2736973457332017
126 127 0.8966517678857717
126 146 -0.2563325872742799
127 128 0.7774051620728235
127 147 -0.2317046735691488
128 129 0.4599859771024988
128 148 -0.05007216165428008
129 130 0.6626546643013986
129 149 -0.6759915321918979
130 131 0.39010735443366773
130 150 -0.016253460880143678
131 132 0.40161446057945827
131 151 -0.624614563111968
132 133 0.3698576974959198
132 152 0.5991630889677213
133 134 0.7809156772920685
133 153 0.5646796945230956
134 135 0.6694051100517155
134 154 0.6884774519023187
135 136 0.27410214778972297
135 155 -0.7758423726507226
136 137 0.001432174099457173
136 156 0.9102027269824584
137 138 0.16233637567792436
137 157 -0.8454888603063369
138 139 0.14705983567667857
138 158 0.4587076055463368
139 140 -0.8523738348590593
139 159 0.9120348436059806
140 160 0.23155554567436387
141 142 -0.6723155171906026
141 161 0.19466788786571843
142 143 -0.004411770765388567
142 162 -0.6351091908575863
143 144 -0.29942957828896866
143 163 -0.6219484810876903
144 145 0.8993378798956879
144 164 0.4565388803864938
145 146 0.911609187967831
145 165 -0.6962287975346055
146 147 0.9084381786653604
146 166 -0.8855881674887063
147 148 -0.6645395844921607
147 167 -0.3256403386876876
148 149 0.12206512763090083
148 168 0.14364938728676968
149 150 0.6910782008318781
149 169 -0.16871535168467378
150 151 0.14384502057900006
150 170 0.897878862431919
151 152 -0.33441679344094055
151 171 -0.758137478565994
152 153 0.7749246815282609
152 172 -0.4033460082196241
153 154 -0.28356390717150104
153 173 0.1553410786950784
154 155 0.8297646458318866
154 174 0.5809642479185928
155 156 0.44078955106985185
155 175 -0.76506468622128
156 157 0.3992687654245577
156 176 -0.6401397762818233
157 158 0.3693151453330097
157 177 0.006337631207320005
158 159 -0.6346318849478081
158 178 0.5667618628869762
159 160 -0.013450216651460067
159 179 0.328540118325064
160 180 -0.890584414275083
161 162 -0.98202780466489
161 181 -0.22685743471274122
162 163 0.8367660782795254
162 182 -0.13635585731754474
163 164 -0.0547573816684539
163 183 -0.21443765035574014
164 165 -0.9873521254690345
164 184 -0.801344470211651
165 166 -0.556838140038894
165 185 -0.33500966602500704
166 167 0.09761023656416468
166 186 0.19959498237839934
167 168 0.18829626374873
167 187 -0.9245096399276722
168 169 -0.6970215015103649
168 188 -0.2760357634378088
169 170 -0.42662592721609616
169 189 0.12372453940537143
170 171 0.28034018594722254
170 190 0.2697822492255644
171 172 0.36137806855888743
171 191 0.07930330694077914
172 173 0.8243106848154729
172 192 0.17136676186584476
173 174 -0.5441650107420648
173 193 -0.33737153045257195
174 175 0.6727532123597251
174 194 0.6354954487067463
175 176 -0.7073767845845078
175 195 0.7249422446219942
176 177 -0.28379440212253404
176 196 0.36214653026711474
177 178 0.7282856796928128
177 197 -0.043611784689915334
178 179 -0.8716668247919728
178 198 -0.7416129323476364
179 180 -0.27074129383581047
179 199 -0.2849693604642467
180 200 -0.6529030251666263
181 182 -0.9116798841370009
181 201 0.9133059354284718
182 183 0.6603762041966925
182 202 -0.16644739064327485
183 184 0.23785985328818726
183 203 -0.12646741612097356
184 185 0.26338449024995914
184 204 -0.4239263460045837
185 186 -0.4863901582368857
185 205 -0.37558993543989616
186 187 0.9235066354917194
186 206 0.8503702624568454
187 188 0.2866170426290051
187 207 0.22021280063704385
188 189 -0.12853051751200062
188 208 -0.884549801662035
189 190 0.7149864696471258
189 209 -0.13366269238233186
190 191 -0.2387202167293503
190 210 0.5638089772423638
191 192 -0.12105162959707583
191 211 -0.5394676356354662
192 193 -0.41166588533923165
192 212 -0.938086185281007
193 194 0.37319856880390057
193 213 0.5223711100470247
194 195 -0.9203810597503177
194 214 -0.6478096393660306
195 196 0.14674540943194025
195 215 0.1259572763421588
196 197 -0.8451377083071918
196 216 -0.6066637676911524
197 198 0.7051498554671176
197 217 -0.2846697280581443
198 199 -0.6442692277156048
198 218 -0.8241825784500472
199 200 0.3699803414104039
199 219 -0.3784356117608574
200 220 -0.5886457206137319
201 202 -0.1277067062404047
201 221 0.8979546135631256
202 203 0.8093351774867339
202 222 -0.19034956537818792
203 204 -0.47815568541100895
203 223 -0.17505557667448635
204 205 -0.18475664541668468
204 224 0.5630622477954195
205 206 -0.7631089673328304
205 225 -0.2493197133273286
206 207 0.021812259036110504
206 226 0.5189722803305616
207 208 -0.5424121557659534
207 227 -0.1479644795493118
208 209 0.44746502149767453
208 228 -0.3463904612444588
209 210 -0.8444624641483105
209 229 -0.4254434395153641
210 211 0.7447679684129453
210 230 -0.3810180443370754
211 212 0.6873837305271737
211 231 -0.20707054646732126
212 213 0.32934192976440735
212 232 0.8988029951330299
213 214 0.7592368717647571
213 233 0.3177981298022574
214 215 -0.9128361644121048
214 234 -0.998186659569422
215 216 0.39685602450194435
215 235 0.690642750955929
216 217 -0.8608093700231207
216 236 -0.05810525991816484
217 218 -0.044581557854725284
217 237 0.20416435692431545
218 219 -0.913589003035421
218 238 0.29569156672225483
219 220 -0.7973845916229907
219 239 -0.33875648273234327
220 240 -0.8293580382202608
221 222 0.5726119718701219
221 241 0.7325785971633969
222 223 -0.33765099381775454
222 242 0.14427754054549724
223 224 -0.16193193089539926
223 243 0.8048437117522818
224 225 -0.2917089236412693
224 244 0.851617194558518
225 226 -0.9404520065345217
225 245 0.07556333235109336
226 227 0.9518105632150309
226 246 0.4730005279265377
227 228 -0.6129700730708938
227 247 -0.9573403209968914
228 229 -0.046294268337702116
228 248 0.8961156106433181
229 230 -0.42937813613442577
229 249 0.3941028757633911
230 231 -0.3471764577242189
230 250 0.34639294504110874
231 232 0.8245994463826047
231 251 -0.4564131648169212
232 233 0.1490000245089793
232 252 -0.3994374686187543
233 234 0.5988526201275333
233 253 -0.6208862434859852
234 235 0.9531940130516672
234 254 0.9987280792702613
235 236 0.8935390610005896
235 255 -0.8707554037883842
236 237 0.09064691317802165
236 256 0.7259943145462084
237 238 0.38239129701538066
237 257 -0.3891867671134177
238 239 0.9543157521448644
238 258 -0.16019374442315737
239 240 -0.7630539420830253
239 259 0.9519975685939319
240 260 0.7652385765320409
241 242 -0.6536691570081037
241 261 -0.850102825973786
242 243 0.6908872981882266
242 262 0.7220286235061439
243 244 0.9592325240809707
243 263 0.24713767881382775
244 245 0.4409042428492327
244 264 0.10385288146274929
245 246 0.8916565893508868
245 265 -0.1097496138794638
246 247 0.9079119479085653
246 266 0.877787958638532
247 248 0.16783974789330935
247 267 -0.10928591094528484
248 249 0.7359366582568123
248 268 -0.4538076467238059
249 250 0.9101318753463317
249 269 0.10029485517610315
250 251 -0.4222901512915258
250 270 -0.8365719489333996
251 252 0.2745042265978257
251 271 0.4749633374163431
252 253 -0.34047573713392
252 272 -0.018656176083641007
253 254 0.4381969877452976
253 273 0.9617192636012384
254 255 0.11106056401387088
254 274 -0.704028839800493
255 256 -0.9196043149226139
255 275 -0.8448816620359776
256 257 -0.9362172105632507
256 276 -0.7237224559385729
257 258 -0.9022038545424449
257 277 0.39800812510476646
258 259 -0.6968237287795658
258 278 -0.4088154595638256
259 260 0.6982444739156997
259 279 0.2732915436973278
260 280 -0.37638213740369686
261 262 0.2014854427555386
261 281 -0.6640556325631923
262 263 0.19137623413666893
262 282 -0.8306767779591795
263 264 -0.8336317548582777
263 283 0.46599743519199
264 265 -0.6380703279497952
264 284 -0.18081722066470118
265 266 0.24830648866064853
265 285 0.22362469720345812
266 267 -0.036465677200137936
266 286 0.3197884617604363
267 268 0.6841132960840399
267 287 -0.6018886920724922
268 269 -0.19945659442354957
268 288 0.14246840777033354
269 270 -0.49277494846610903
269 289 0.40625976010341036
270 271 -0.4238018567569346
270 290 0.3941571148756011
271 272 -0.6614528707141367
271 291 -0.6358499845665198
272 273 0.967931431525743
272 292 -0.13890697648095363
273 274 0.8175565190210019
273 293 0.568574971847144
274 275 -0.7276514974288593
274 294 0.8230122395790127
275 276 0.9559923519321385
275 295 0.0681802146466648
276 277 -0.44540500932236027
276 296 -0.17182733635121927
277 278 0.5182401235707581
277 297 0.7576037366893871
278 279 -0.5112029772169469
278 298 0.4311076188606031
279 280 -0.8552601946145526
279 299 -0.12358687636680221
280 300 -0.9588553931237032
281 282 0.4667603350211398
281 301 -0.18311227969597055
282 283 0.19453321463834983
282 302 -0.5090925828337958
283 284 0.357370804957968
283 303 0.6520457340504391
284 285 0.5257635796866469
284 304 0.9815936370341143
285 286 0.8667583361620805
285 305 0.46903810601729856
286 287 -0.6403007341642035
286 306 -0.12595305516905753
287 288 -0.11880190567717808
287 307 0.3349090650562103
288 289 -0.761036164470789
288 308 0.5923687571023832
289 290 -0.7045459766544395
289 309 -0.8767418121467634
290 291 0.00533097232964308
290 310 0.16012698894323418
291 292 0.5293129566006836
291 311 -0.8211686881591935
292 293 -0.22558823268124195
292 312 -0.010928833216877543
293 294 0.7859980601998593
293 313 -0.08983418622073924
294 295 0.8354826896910084
294 314 0.16952466753293272
295 296 -0.24887016172298448
295 315 0.21852709601289555
296 297 -0.39146750533872776
296 316 0.9810523859577134
297 298 0.2151676532880269
297 317 0.5957310771590474
298 299 0.24375883505123253
298 318 0.2226721425986824
299 300 0.7885818326611056
299 319 0.23184480965629573
300 320 -0.8548799280818695
301 302 0.05581764683584067
301 321 0.875143167901884
302 303 0.46518689717993555
302 322 0.7893025846334776
303 304 -0.3050973265778887
303 323 -0.8822398116837538
304 305 -0.8526952517587467
304 324 -0.7304947859964455
305 306 0.6496418564120487
305 325 -0.3283011801950866
306 307 0.7322483776807871
306 326 0.15446414050487411
307 308 -0.863330739965875
307 327 -0.28932674223374377
308 309 -0.35249607983517506
308 328 -0.7687426922662102
309 310 0.2980154681274543
309 329 -0.24849535895983244
310 311 0.2524750687938482
310 330 0.07020854476003646
311 312 -0.04329894414284774
311 331 -0.8343529537789462
312 313 -0.5565685792258284
312 332 -0.418509359656843
313 314 -0.36454193165872795
313 333 0.2777289575399724
314 315 0.4446156112207138
314 334 0.19922249210924647
315 316 -0.7574789284181422
315 335 -0.2224206629779426
316 317 -0.2919165676592297
316 336 0.815405406406535
317 318 -0.6357109703896742
317 337 -0.3137656166249321
318 319 0.9693041302725904
318 338 -0.4481773572835097
319 320 -0.21456871095086671
319 339 -0.2542147341182681
320 340 -0.3998235822836975
321 322 0.043392244889916
321 341 -0.7836132342255386
322 323 0.0294679418262902
322 342 0.20712702072041278
323 324 0.2236436329105842
323 343 -0.751970763373456
324 325 0.4800894600038519
324 344 0.6675627398427826
325 326 0.8149292928561624
325 345 -0.6295815316533744
326 327 -0.44109279161878634
326 346 -0.7544214944679681
327 328 0.3720726062885318
327 347 -0.509856205911694
328 329 0.4143996970180046
328 348 0.02981647616965999
329 330 -0.09838454233542837
329 349 -0.852035106447588
330 331 0.9226075941052365
330 350 0.621326817525417
331 332 0.9274988842619658
331 351 0.6703984893103048
332 333 0.6201645342168269
332 352 0.7857515904543224
333 334 0.17097465458571737
333 353 -0.9192838086700168
334 335 0.42589263042946657
334 354 0.9566428716257271
335 336 -0.4078582790088314
335 355 0.34965605902425634
336 337 0.9869777019716481
336 356 -0.4161104089892267
337 338 -0.20209147609838674
337 357 -0.32860225413494537
338 339 0.25229355107799534
338 358 -0.2078344775715526
339 340 -0.6478515836181173
339 359 -0.9939080350705338
340 360 0.44743320708598366
341 342 -0.6835531856304011
341 361 0.09040530340642561
342 343 -0.8698643752343853
342 362 0.08014945928561268
343 344 0.5190590583266628
343 363 0.5888466351532844
344 345 -0.8224542852195946
344 364 0.6588358994420114
345 346 -0.18403546221209832
345 365 0.47490394682935255
346 347 -0.5362895963632905
346 366 -0.7500148704265521
347 348 -0.27204535506791294
347 367 0.15472739758195853
348 349 -0.94579919807912
348 368 0.1255672262721701
349 350 -0.0406243608661927
349 369 0.21228842607637555
350 351 0.9267643369368539
350 370 0.3866889814346277
351 352 -0.5352513954933626
351 371 0.6868372171429535
352 353 -0.25955174203417863
352 372 -0.0358043059036679
353 354 -0.46018844274573056
353 373 0.16890136891289043
354 355 -0.13038449611484904
354 374 -0.8455850555760811
355 356 -0.6868546601770926
355 375 0.9460930353849037
356 357 -0.6908531949647723
356 376 0.7057888458214214
357 358 -0.3457968781401446
357 377 0.2859662439104269
358 359 0.47450035497589305
358 378 -0.277195505027632
359 360 0.07721083829367026
359 379 0.33394190877798424
360 380 -0.35691605558406403
361 362 0.04880816013694678
361 381 0.2752204882519873
362 363 -0.7416264326591246
362 382 0.22912569270066396
363 364 -0.18274642650020412
363 383 0.8875950117660911
364 365 0.573464628870169
364 384 0.37644254640825214
365 366 -0.3330872364724111
365 385 0.7722684627082654
366 367 -0.5324391395446004
366 386 -0.23283997991935568
367 368 -0.18112881544590387
367 387 0.7535630053435092
368 369 0.5284176888951964
368 388 -0.9379146639967368
369 370 0.9650237359002016
369 389 -0.957060221536971
370 371 0.6034281791375093
370 390 0.5027669047541314
371 372 0.4950437582627316
371 391 -0.7831067022336582
372 373 0.8070154051338867
372 392 0.4268348659809238
373 374 -0.8702012793297718
373 393 -0.8744963739467362
374 375 -0.8441810553886118
374 394 0.30827373774047984
375 376 -0.9176935407103777
375 395 -0.7941584411286537
376 377 -0.9708140710520712
376 396 -0.7490267955050935
377 378 0.6691720363546196
377 397 0.051701295039262796
378 379 0.6575458753696575
378 398 -0.4466858979997801
379 380 -0.5862034895559811
379 399 0.17216720305955913
380 400 0.8611228507973916
381 382 -0.1970091128194542
382 383 -0.2726993059103242
383 384 -0.6524404124894483
384 385 -0.3201471670356899
385 386 0.7213117242717624
386 387 -0.9142029382328527
387 388 0.719762556119802
388 389 0.3151752414094855
389 390 0.033493527763071906
390 391 0.8821950278789601
391 392 -0.4661954063895728
392 393 -0.08448159406583144
393 394 -0.24724875726790008
394 395 -0.8822296510629857
395 396 -0.6694779026246007
396 397 -0.6079081442197221
397 398 0.45894290089215484
398 399 0.3845590068583553
399 400 -0.18386357832578648
