1 2 -0.8473834212520857
1 21 0.5598375844802292
2 3 -0.0943141349071992
2 22 -0.2940432681112106
3 4 -0.6689971990684251
3 23 -0.170196454853496
4 5 -0.5518427261073613
4 24 0.1497251751782982
5 6 -0.9788401861233085
5 25 0.6612806519876093
6 7 0.5039071222844151
6 26 -0.8766693396602627
7 8 0.6938131209199481
7 27 -0.15749258280145328
8 9 -0.7302707372062063
8 28 0.9227874268758471
9 10 -0.5243264525941549
9 29 0.32918151109771565
10 11 -0.6783484697254119
10 30 0.4680813551340155
11 12 0.6141106381442258
11 31 -0.031062095922673283
12 13 -0.5665160194196541
12 32 0.12696350542723533
13 14 0.9202893832422001
13 33 0.7879025269426683
14 15 0.21427509380033039
14 34 -0.35398112160355
15 16 -0.13786335708714348
15 35 0.024376536383552416
16 17 0.5853425546338262
16 36 -0.5502454599213022
17 18 0.4170976594986957
17 37 -0.8739787044517555
18 19 -0.21951052993056286
18 38 -0.6975630696217163
19 20 -0.520133835285634
19 39 0.4657838543906856
20 40 -0.2806802169296434
21 22 -0.123181537118213
21 41 0.44693035566188244
22 23 0.3147989255595165
22 42 -0.2592978340239296
23 24 -0.10375868499455332
23 43 0.5498007516280343
24 25 -0.6609525528675817
24 44 0.5644603026475565
25 26 0.8532258755401132
25 45 -0.08279304046406133
26 27 0.48964734736361915
26 46 0.8925518543448556
27 28 0.7846749145104641
27 47 0.6709371222950695
28 29 0.06041077218312463
28 48 -0.9136601288049571
29 30 -0.2516002050768118
29 49 0.5509651064527132
30 31 0.615825904278394
30 50 0.39780229997189775
31 32 -0.29659664651934015
31 51 -0.24750517179541864
32 33 -0.5527224801080386
32 52 0.14984899289399456
33 34 -0.5914920428931398
33 53 -0.49237409058476134
34 35 -0.980514994176739
34 54 0.9623587042490744
35 36 -0.5000768334418
35 55 -0.24021516661508158
36 37 -0.04573585720963069
36 56 0.030804367326944027
37 38 -0.8845824855430793
37 57 0.8649990744435987
38 39 0.2607468662889858
38 58 -0.1995079539761757
39 40 -0.8381392349839532
39 59 0.06494927186650679
40 60 0.4373957593781259
41 42 0.9559790239932053
41 61 0.07699174082086735
42 43 -0.08181404421713712
42 62 0.4386482450180831
43 44 0.592781401565097
43 63 0.04478025600322377
44 45 0.7139512522235203
44 64 -0.9326515909943036
45 46 0.5428846891273644
45 65 0.7323980681687823
46 47 0.20711910339097295
46 66 -0.42484011576019953
47 48 -0.8013049716807388
47 67 0.2925082188975845
48 49 0.8619093554803994
48 68 -0.28354891108175617
49 50 -0.6084513413550916
49 69 -0.04674541321394554
50 51 0.9296926780539232
50 70 -0.4877110975880976
51 52 0.9623907151914859
51 71 -0.775574429736601
52 53 0.8720492428123765
52 72 0.697351951067172
53 54 0.9217556982715864
53 73 0.13999529425105028
54 55 0.9385521908979984
54 74 0.0736128915581511
55 56 -0.7932620546169213
55 75 0.3176431235489239
56 57 0.6754047961543375
56 76 -0.6719335860332332
57 58 0.612491756681683
57 77 -0.49263790637273863
58 59 0.8323051514195099
58 78 0.6428317505556085
59 60 0.31622221239294745
59 79 -0.5805539092939977
60 80 -0.016745427144666092
61 62 0.002240927319875796
61 81 -0.8558977332804769
62 63 -0.17401634177233083
62 82 0.8128465383286774
63 64 -0.07873940767344623
63 83 0.5564272030877933
64 65 0.06528960988734722
64 84 0.5939027148871288
65 66 0.21922959666911845
65 85 0.7452543662883742
66 67 0.34473843685857286
66 86 0.42409757356278965
67 68 -0.37901086700851505
67 87 0.5081063939663497
68 69 0.46284255780021333
68 88 0.047416029599496756
69 70 -0.7928828392731864
69 89 -0.5760196517340443
70 71 -0.5284753460040366
70 90 -0.7055398163767999
71 72 0.7780477911384183
71 91 0.7152177468533985
72 73 -0.8014730738348639
72 92 -0.5861904032591445
73 74 -0.26295341462057076
73 93 -0.06691141704978687
74 75 0.2363714044389158
74 94 0.3377336035220728
75 76 -0.2147888590646856
75 95 -0.6769488010506819
76 77 -0.9705627878384806
76 96 0.013310064651285813
77 78 -0.3165838163873993
77 97 0.6518393996024388
78 79 -0.5396401922206002
78 98 -0.5153720556175805
79 80 -0.34473975690151426
79 99 0.10101815346188348
80 100 -0.36454224020881076
81 82 -0.46312203979625766
81 101 -0.00023499834888007776
82 83 -0.6390967615946368
82 102 0.48223774582652856
83 84 0.7745779037054696
83 103 0.34983753973357534
84 85 0.9502793623142314
84 104 -0.4514828136111575
85 86 -0.9521939477153383
85 105 -0.4568095594808723
86 87 0.3129005730772041
86 106 -0.7061393686129129
87 88 0.0852633148954629
87 107 -0.084802250696566
88 89 -0.8148363937100855
88 108 -0.7878815639588828
89 90 0.8703493726885396
89 109 -0.3679057789843432
90 91 0.07881241990131382
90 110 -0.2011023552285689
91 92 -0.5512231881254113
91 111 -0.30128253166404173
92 93 -0.1745015154720011
92 112 0.29225515331849494
93 94 -0.45558010264427873
93 113 0.1671545599787907
94 95 0.8530774180881016
94 114 -0.0649826439414447
95 96 -0.005212737427560565
95 115 -0.5832503204941204
96 97 -0.2895081664387986
96 116 -0.41566924828642793
97 98 0.23847092931670488
97 117 -0.4701647675806493
98 99 0.5645411829946954
98 118 0.11977391072175858
99 100 0.1799699170265463
99 119 -0.6915648877493437
100 120 -0.41175343717779356
101 102 0.35845999224188096
101 121 0.6074780722087509
102 103 -0.1552519127137193
102 122 -0.14709285463011534
103 104 0.6009580979969271
103 123 0.8782227074643707
104 105 -0.6617978732692333
104 124 0.7534018603632706
105 106 -0.4455608346114095
105 125 -0.7587351433876837
106 107 0.9469511365394017
106 126 0.9107669036417578
107 108 0.790733569074124
107 127 -0.8854928803996647
108 109 -0.7015500986178265
108 128 -0.6775999815663061
109 110 0.7859540081799965
109 129 0.04860617497124253
110 111 -0.2866759025708532
110 130 -0.07939079813627758
111 112 0.13911977345086646
111 131 0.6047854074804935
112 113 -0.2268672743302298
112 132 -0.4967752633195823
113 114 0.45054364477956543
113 133 0.030896511476400823
114 115 0.16575635290924406
114 134 -0.5469206869924597
115 116 -0.4157414440674281
115 135 -0.7516591342771644
116 117 0.5444741949131677
116 136 0.3669341427610444
117 118 -0.10196160812005961
117 137 0.7111191746337993
118 119 -0.9795785886048172
118 138 0.25976610530650457
119 120 -0.1784506950960696
119 139 0.9994660283346115
120 140 0.7702808266240091
121 122 -0.23811773370292322
121 141 -0.8681273061881898
122 123 0.26875973726767755
122 142 0.04581240205669057
123 124 -0.9186883811266284
123 143 0.7513434497401665
124 125 0.8183649275216973
124 144 -0.6049342210656863
125 126 0.8214269085764765
125 145 -0.9391214666687537
126 127 -0.1507489344087174
126 146 0.1872746588177443
127 128 0.11463525173595857
127 147 -0.3441778014066472
128 129 -0.8944884137509934
128 148 -0.9059736699341996
129 130 -0.9219336970495493
129 149 0.5859633646677136
130 131 -0.45091554414185286
130 150 -0.9914792446698804
131 132 0.9008908106762727
131 151 0.983617407166202
132 133 -0.31068192574252396
132 152 -0.5919728269404179
133 134 0.6413326690770615
133 153 -0.7735789298780449
134 135 -0.5152035149899332
134 154 0.044224389445181034
135 136 0.5614609823295345
135 155 -0.441369543448658
136 137 -0.8321257046398756
136 156 0.09620672545273345
137 138 -0.9986172947359029
137 157 0.9847877329089669
138 139 -0.210174175303252
138 158 0.5704275306232645
139 140 -0.3551301137375642
139 159 0.5707121210152659
140 160 0.391835466749362
141 142 -0.4237088013840129
141 161 0.8191870554392273
142 143 -0.17022804312111361
142 162 -0.9971462388744836
143 144 -0.4468738550977316
143 163 -0.048471001151511484
144 145 -0.11694051459472043
144 164 0.438464283384673
145 146 0.34512205904422544
145 165 -0.8573206254855854
146 147 -0.9207428522662113
146 166 0.9772686691238772
147 148 -0.9294533273730745
147 167 0.5070370374058353
148 149 0.8968565921174372
148 168 -0.8174164200207714
149 150 -0.8960862097350208
149 169 0.6538870567279791
150 151 -0.05649862229717573
150 170 -0.448230966983707
151 152 -0.4375365862355496
151 171 -0.6152728513182986
152 153 0.7237334390453658
152 172 0.39450342468665744
153 154 0.2073059477158239
153 173 0.9792045946109289
154 155 -0.5415900971795298
154 174 -0.9394944291398784
155 156 0.9113533118107622
155 175 -0.1891361782062877
156 157 0.5956892382211905
156 176 0.8193686749504125
157 158 0.1318670679709597
157 177 -0.63595984641942
158 159 0.4936940689668503
158 178 0.8446560170838
159 160 -0.5967721533258639
159 179 -0.07761207309282869
160 180 0.014858570406359739
161 162 -0.573229292840169
161 181 -0.09575207636463379
162 163 -0.8154753083064958
162 182 0.41878878745042547
163 164 0.5935219138638046
163 183 0.43448446455045997
164 165 0.6906903175279469
164 184 -0.6634493892655113
165 166 -0.2784390124295577
165 185 -0.16380091464486823
166 167 0.6374899852465976
166 186 0.2730046848593346
167 168 0.12348131213775293
167 187 0.7882906739124311
168 169 0.016703351776779174
168 188 -0.7627403592528477
169 170 -0.982401778599441
169 189 0.3482226546933489
170 171 -0.10043278214022378
170 190 0.8577502280231875
171 172 -0.024549694665023658
171 191 0.11512780186813654
172 173 -0.17794179518811437
172 192 0.4008628564199417
173 174 -0.701841900264887
173 193 -0.009927867208446628
174 175 -0.26318408103730584
174 194 0.49989028827310533
175 176 -0.689611016635775
175 195 0.4104259379868531
176 177 -0.9996301619401209
176 196 0.615100197371607
177 178 0.6003856115210329
177 197 -0.8476096239451396
178 179 0.3985719425287346
178 198 0.825957173686211
179 180 0.03633910817155406
179 199 0.19203657985205824
180 200 -0.1367914800565897
181 182 0.8624120393780434
181 201 -0.950201544899304
182 183 0.04869119353039442
182 202 0.39232092703393784
183 184 -0.7057048561166139
183 203 0.3174965179082909
184 185 0.3299379258095221
184 204 0.615670918592139
185 186 -0.6371914218852661
185 205 0.04202820656435269
186 187 0.5221694884433719
186 206 -0.6239401428348277
187 188 0.19652245514366173
187 207 -0.32593144113946404
188 189 -0.5704242975825788
188 208 0.5261441455621676
189 190 -0.6685721505077651
189 209 -0.31424952374783977
190 191 -0.6419891863305565
190 210 0.2749671560136191
191 192 0.3134093607865498
191 211 -0.784817735371327
192 193 0.03945863495745239
192 212 0.05252442231714061
193 194 0.26029056888348734
193 213 -0.3249411595764018
194 195 -0.44585963440896914
194 214 0.7254078769761616
195 196 0.46711629651732833
195 215 0.7626392920467617
196 197 -0.9135041446788215
196 216 0.3642411608211511
197 198 -0.17999984126026614
197 217 0.1462645265363609
198 199 -0.43069036267781646
198 218 -0.3225686201534623
199 200 0.43530594966025005
199 219 0.5918207544160876
200 220 0.24556208877309937
201 202 0.20109783492824507
201 221 0.9002590008272913
202 203 0.9109366460058519
202 222 0.36582770875083503
203 204 -0.8614958599803291
203 223 -0.2858587432942421
204 205 0.09942824160145491
204 224 -0.6705666824419743
205 206 0.06998352185583134
205 225 -0.3659122361276077
206 207 -0.38469081981429687
206 226 -0.5072127114285583
207 208 0.9704393107590932
207 227 -0.7685718987813892
208 209 0.8762696420566984
208 228 -0.06057461055356539
209 210 0.9055027895906964
209 229 -0.027533053738293622
210 211 0.28882979252488106
210 230 -0.43741363288673596
211 212 0.2927120387103066
211 231 0.8427581613566761
212 213 -0.2652887830720936
212 232 -0.02356328285538578
213 214 0.9292346385049608
213 233 -0.029179184615756304
214 215 0.4050047694664074
214 234 0.3066382182960985
215 216 -0.7369750481403166
215 235 0.5797719181553138
216 217 0.19601420730113772
216 236 0.9040325844799915
217 218 -0.5056113034360443
217 237 0.7704656348751173
218 219 -0.8815983093722488
218 238 0.7338722188101305
219 220 0.4003314306686949
219 239 0.6144010410198217
220 240 0.27264762993350034
221 222 -0.5393942419580704
221 241 0.09697983847206082
222 223 -0.8937426186540849
222 242 -0.38229463027240573
223 224 0.6256591003274126
223 243 -0.14459033394489884
224 225 -0.9289423903392733
224 244 -0.4369323643030125
225 226 0.47417611910458146
225 245 -0.679595178761661
226 227 0.19209824025030087
226 246 -0.8161902956724554
227 228 -0.8947965148424228
227 247 0.4652438189041619
228 229 -0.9887160921620042
228 248 0.9984166027946499
229 230 0.3148527703237154
229 249 0.48147019252296896
230 231 -0.05822400654186355
230 250 0.9392232832626484
231 232 0.8304021356590827
231 251 0.8875479986001507
232 233 0.9710324833907387
232 252 0.568929734625496
233 234 -0.042602627364537016
233 253 0.8053274088527453
234 235 0.7849662818062733
234 254 -0.8523779385001209
235 236 0.7195181749233011
235 255 -0.3909634096082335
236 237 0.2637581844803929
236 256 -0.8601218718318409
237 238 0.39378807715309483
237 257 -0.6763437222065727
238 239 -0.6915648242116474
238 258 0.10263902431461425
239 240 0.7719233989347907
239 259 -0.3477614298586613
240 260 -0.0835533871886176
241 242 0.8182567497734625
241 261 -0.7336611084814997
242 243 0.1851893746467459
242 262 -0.5297591854850714
243 244 0.19970887508689272
243 263 0.4563225662942676
244 245 0.6157416929071031
244 264 -0.910467478309722
245 246 -0.6149835620802893
245 265 -0.29097796390878794
246 247 0.7912199704298839
246 266 -0.07544811573854471
247 248 -0.2582502014210315
247 267 -0.2770698427429268
248 249 -0.9044535746281284
248 268 -0.22110419193892672
249 250 -0.780144046925576
249 269 0.6775915162219559
250 251 -0.3150797491977191
250 270 0.42469036490436585
251 252 0.8446791950637678
251 271 0.9215556549652846
252 253 0.6554005853034872
252 272 -0.7512562971516366
253 254 -0.9681791775111204
253 273 0.7377703179533222
254 255 -0.642469200990033
254 274 0.818540444918777
255 256 -0.0910356367775722
255 275 0.2392839180838222
256 257 0.34079596629633
256 276 -0.49015916670265547
257 258 -0.69480099654249
257 277 -0.8761336049729713
258 259 0.018390776866547
258 278 0.6278701578907206
259 260 0.654618609795135
259 279 0.039956371206669505
260 280 0.14242439912551053
261 262 0.046825161347531674
261 281 0.5008197182040697
262 263 0.9299419990722537
262 282 0.8900964475855877
263 264 0.642455216613119
263 283 0.5210302399605662
264 265 -0.9835669899213759
264 284 -0.2767667045758855
265 266 -0.24324773313716141
265 285 -0.5874282869986913
266 267 -0.1103752700912426
266 286 -0.7905773928535125
267 268 0.7530643129791443
267 287 -0.34541270696922677
268 269 0.07811340136327183
268 288 0.7834668751084384
269 270 0.8278398774451032
269 289 -0.6891586953011821
270 271 0.6804383113626191
270 290 -0.2786177845660682
271 272 -0.9026149257673011
271 291 0.8320363814045322
272 273 0.008547966169307974
272 292 -0.26619811919587466
273 274 -0.7418531984244932
273 293 -0.2416631635472073
274 275 0.8140747536395814
274 294 -0.8434654882030208
275 276 -0.5089737133643242
275 295 0.7427118392631833
276 277 0.6638879870694852
276 296 -0.937075820178793
277 278 0.14299702822474947
277 297 -0.6254659797353748
278 279 -0.2240210671785312
278 298 -0.7146706557473888
279 280 -0.48114426755525774
279 299 -0.6538525911974649
280 300 -0.1796904936254211
281 282 0.33802648176782757
281 301 -0.06449428051003858
282 283 0.6968017616753774
282 302 -0.05535200742319546
283 284 -0.985713449442003
283 303 -0.15948633265492984
284 285 -0.8727554286028962
284 304 -0.7010273933515392
285 286 0.8374184102845361
285 305 0.6561871390938951
286 287 0.36980807412022765
286 306 0.6337879886848963
287 288 0.7779771937682183
287 307 0.28797595846324464
288 289 0.6462242233210835
288 308 0.2187732820892483
289 290 0.09247685778954673
289 309 -0.43298975362548164
290 291 0.9798282681064605
290 310 0.2517384809552625
291 292 -0.45757438421579333
291 311 -0.358668529067689
292 293 -0.8221860585449117
292 312 -0.20944594752730383
293 294 -0.023087659138035788
293 313 -0.046882606168682894
294 295 0.5484631051104423
294 314 -0.9691351691262187
295 296 0.39838850982217355
295 315 0.7133660917386633
296 297 -0.3517283524569019
296 316 0.35287177396004865
297 298 0.08596535219120605
297 317 0.6389449562464324
298 299 -0.23383790800382753
298 318 -0.9039000107666952
299 300 0.5288980131636807
299 319 0.273265657037828
300 320 -0.606389938516894
301 302 -0.5903018194044098
301 321 -0.01846822181785912
302 303 0.6829534297967945
302 322 -0.7377787153041722
303 304 -0.07372756392370539
303 323 -0.8890009937745547
304 305 -0.9536192638012757
304 324 0.04943967353726375
305 306 -0.7862465114867172
305 325 -0.26102816867923195
306 307 0.2591003429246639
306 326 -0.5159547850717343
307 308 -0.3419009122264758
307 327 -0.8809346911750662
308 309 -0.20279541804826873
308 328 0.6689574383245336
309 310 0.4812934617195783
309 329 -0.9434592142850013
310 311 0.0019705411878447876
310 330 0.42981503501250096
311 312 -0.08277151810407424
311 331 0.9105607900152695
312 313 -0.8516246505354834
312 332 -0.5319605710695052
313 314 -0.9211828836637641
313 333 -0.3657857452114277
314 315 -0.729528893262908
314 334 -0.7804788526125794
315 316 -0.10016990016287441
315 335 0.037996725865512726
316 317 -0.6887303997200327
316 336 0.2925440185114039
317 318 0.7583700415367343
317 337 -0.7672993267928827
318 319 -0.3970603736279681
318 338 0.26000542443649
319 320 -0.8585372621842102
319 339 0.17490745084381643
320 340 0.8630047830911307
321 322 -0.25523062122988205
321 341 -0.04519769029682319
322 323 -0.38253268540432916
322 342 -0.07400721169116586
323 324 0.08288426419043926
323 343 0.21554150288773433
324 325 0.3933918043788258
324 344 -0.14589301397254473
325 326 -0.5346578087360525
325 345 -0.09784279409891505
326 327 0.5708414431710194
326 346 -0.7086411332331322
327 328 -0.5097812947188838
327 347 0.936826402433699
328 329 0.7381167726113398
328 348 0.7438098146919709
329 330 0.025094006882774078
329 349 0.5856297107132777
330 331 -0.1523401322668818
330 350 0.4246534456871862
331 332 0.2101778053114598
331 351 -0.2946135666959262
332 333 0.5975254225032189
332 352 0.372434952487932
333 334 -0.2864106192653082
333 353 0.9123586537278883
334 335 -0.4120088443632346
334 354 -0.22346315871278022
335 336 -0.6114911099397675
335 355 -0.3719512368082738
336 337 0.39444961055637817
336 356 0.46755532992773685
337 338 -0.33552514744435946
337 357 -0.16524856518198283
338 339 -0.8857137118626499
338 358 0.9793924529056295
339 340 -0.91090676089007
339 359 -0.21748789893358267
340 360 -0.9086029647942615
341 342 -0.2682192284388141
341 361 0.6758359886185212
342 343 0.48369440136693354
342 362 -0.028349542582206677
343 344 0.6569063899922507
343 363 0.883618536382897
344 345 -0.7308590827106247
344 364 -0.33728557807518866
345 346 -0.44736562757841325
345 365 0.0036137822368469408
346 347 0.6545526579591943
346 366 0.16141074122377153
347 348 -0.18946471953209
347 367 -0.6799330771093444
348 349 0.4352728708266973
348 368 -0.8044253120441653
349 350 0.4694738155850535
349 369 -0.7836323371327181
350 351 -0.45039523333079434
350 370 0.8544166286913768
351 352 -0.2516847048944655
351 371 0.8098569776463347
352 353 0.3970932766931867
352 372 -0.8412842461383727
353 354 0.8339707499571818
353 373 0.16869726839319577
354 355 0.8217477285417234
354 374 -0.1272043744540894
355 356 0.45902431903984175
355 375 0.9180155563354397
356 357 0.7506703843021558
356 376 -0.17366776789604121
357 358 -0.2331650468864006
357 377 -0.1623420850916173
358 359 0.0723781778668684
358 378 -0.39985629360614716
359 360 0.14232247587746572
359 379 0.3003893093105774
360 380 0.8665224507342588
361 362 0.5372950130390186
361 381 -0.37201064557467567
362 363 -0.7262477624050983
362 382 -0.31292694059128334
363 364 -0.7437042919945343
363 383 -0.5391386511795611
364 365 0.18069170861267025
364 384 0.8813227867927762
365 366 0.8452063061559136
365 385 -0.2349777221403324
366 367 -0.4212543768431276
366 386 0.026486799687478024
367 368 -0.40397350159829304
367 387 0.7991515577226496
368 369 -0.40284114373120206
368 388 -0.028155888025054088
369 370 0.6658802174675515
369 389 -0.5243185397658534
370 371 0.08392567586751887
370 390 -0.5167010128254887
371 372 0.6446951364719413
371 391 -0.7249245595280482
372 373 -0.6720354448255474
372 392 -0.9568317118582657
373 374 0.8667354098746287
373 393 0.7274248066889288
374 375 -0.752301845212821
374 394 -0.4553025056985327
375 376 -0.6957942631581397
375 395 -0.8987129445335953
376 377 -0.7150340530175183
376 396 -0.4793781392177088
377 378 -0.08002503729310972
377 397 0.5131005909493311
378 379 0.6675744869016311
378 398 -0.7250696374604844
379 380 -0.684294488382929
379 399 -0.9103267215708177
380 400 0.9744942260607079
381 382 0.14525066528790798
382 383 -0.35114766065511405
383 384 0.3183167941411218
384 385 0.9851154383452805
385 386 0.30025665725726536
386 387 0.2577028061292941
387 388 -0.6700465689829957
388 389 0.010106734402682394
389 390 0.6155752624336623
390 391 -0.12560666313699542
391 392 -0.5026362676856628
392 393 -0.8049709461799417
393 394 -0.2485545977669481
394 395 -0.9872463437974348
395 396 -0.8650946517607498
396 397 -0.2206291971146943
397 398 -0.3889684215086675
398 399 -0.3560720560745556
399 400 0.15204752849981662
