1 2 0.920034606671837
1 21 0.3990240998991521
2 3 -0.19556317083845776
2 22 0.24875012431977095
3 4 -0.2743764620285578
3 23 -0.8242278704798098
4 5 0.3021826972285018
4 24 -0.6925887655458667
5 6 0.964585992980777
5 25 -0.908212794679067
6 7 -0.42721116054575115
6 26 0.7588534360246617
7 8 0.9802515447141187
7 27 0.5277084584014093
8 9 -0.24754834449992824
8 28 -0.5474760822917464
9 10 0.9861281934805195
9 29 0.12569431124691222
10 11 0.2287114235707921
10 30 0.8873069237924343
11 12 0.5977840233875589
11 31 -0.9449331753486017
12 13 0.23883869600241403
12 32 -0.41620095466501317
13 14 -0.029844750978642365
13 33 0.6659345773352447
14 15 0.6301677440399112
14 34 -0.2763937976809254
15 16 -0.7723485142960436
15 35 -0.24951953000246552
16 17 0.3855200475410008
16 36 -0.2844502084637095
17 18 0.013358661164881713
17 37 0.764976406845848
18 19 0.6516511967905869
18 38 0.2711668042140849
19 20 0.6860873402954502
19 39 0.8746118317390754
20 40 0.016409345106165985
21 22 0.9997345852477584
21 41 -0.5598654004342964
22 23 -0.7139265882321963
22 42 -0.7544030328134415
23 24 -0.312333152541336
23 43 0.14221929138220868
24 25 0.05654214749744013
24 44 0.36429699805264226
25 26 0.13361016520612257
25 45 -0.801095399466021
26 27 -0.9308069334446567
26 46 -0.9635896284556302
27 28 -0.8563328621431088
27 47 0.9480558364788798
28 29 -0.4148930154502042
28 48 -0.1627883747912937
29 30 -0.5979806734439943
29 49 -0.14746746434138513
30 31 0.026192044299178985
30 50 0.4092037034237428
31 32 0.3224756348545288
31 51 0.29342379775912786
32 33 -0.7856331043715312
32 52 -0.5133961321472944
33 34 -0.09486396136980635
33 53 -0.46899461752714666
34 35 0.7438883792424076
34 54 -0.5788146466963009
35 36 0.1319919456929921
35 55 -0.2823588630255829
36 37 -0.8628130488671677
36 56 -0.4858814532829636
37 38 0.4736640505377445
37 57 -0.4070496244048347
38 39 0.4124954449458553
38 58 -0.13273324558771438
39 40 -0.21476653184660432
39 59 -0.43481862971787444
40 60 0.5278564658311145
41 42 -0.277887292071884
41 61 0.4796819804188741
42 43 -0.16634017847499583
42 62 0.11376596410391993
43 44 -0.6689746350793613
43 63 0.263231877706223
44 45 0.42359922674529105
44 64 0.48523336627974323
45 46 -0.2993260530609583
45 65 -0.21107307491361849
46 47 -0.3645687104002193
46 66 -0.24974337529908608
47 48 0.971063384965557
47 67 -0.519611471139878
48 49 0.6117041717365415
48 68 -0.9780105127154921
49 50 -0.32258344628653957
49 69 0.8190978988576134
50 51 0.46028924691220663
50 70 -0.847752003658899
51 52 0.598063297530034
51 71 -0.547832271086262
52 53 0.9934753601572852
52 72 -0.5433529986148198
53 54 -0.35857192945785754
53 73 0.4101463580675313
54 55 0.2104616975004825
54 74 0.27095285549191317
55 56 -0.005991648727365906
55 75 -0.13659735430246434
56 57 -0.019231269342286916
56 76 -0.1462173020114783
57 58 0.8112024056909997
57 77 0.26526555639398586
58 59 -0.12159529680752712
58 78 -0.2899512346869424
59 60 0.7918519987396413
59 79 -0.08547691881552133
60 80 0.21340244765835403
61 62 0.9929114501781939
61 81 -0.36730604441878323
62 63 0.8828383508788449
62 82 -0.18148195499353892
63 64 -0.8688689294023078
63 83 0.8257483824099663
64 65 0.157468736130296
64 84 -0.2390005352411042
65 66 -0.22543427153873208
65 85 -0.19460165519843842
66 67 0.993824587590662
66 86 0.6301043259453551
67 68 0.002033402553150543
67 87 0.39127503761547056
68 69 -0.7007791240259709
68 88 0.9565429001512169
69 70 -0.18277677726032282
69 89 -0.9856639052438676
70 71 -0.7226039655513572
70 90 -0.015012567196829751
71 72 -0.6967710065478028
71 91 0.1416484542524481
72 73 -0.5458803113234825
72 92 0.7390206911258408
73 74 -0.4692001061247282
73 93 0.5704971625689512
74 75 0.8338696539385515
74 94 -0.7011981735661312
75 76 0.0448993916850271
75 95 0.8820374780290021
76 77 -0.6044663351436084
76 96 -0.22264651077899078
77 78 -0.10760894758282702
77 97 -0.3098707898958386
78 79 0.39123481932068116
78 98 0.41075525335054497
79 80 0.1291241019577969
79 99 0.7791907509026124
80 100 0.9725827805783043
81 82 -0.7269108403529507
81 101 -0.2320399796967998
82 83 0.4735028987658805
82 102 0.9909013487324982
83 84 -0.8226920415464909
83 103 -0.6012246433963455
84 85 0.5300992415009178
84 104 -0.8975275454015583
85 86 0.8598322912551408
85 105 0.8842753802676953
86 87 0.2830070540133083
86 106 -0.6928185924388326
87 88 -0.46962505439682145
87 107 0.930879371174101
88 89 -0.9180987768431621
88 108 -0.999562588455156
89 90 0.09511240760958306
89 109 -0.7645371207562677
90 91 -0.646077885884548
90 110 -0.45921334528386737
91 92 -0.18045165281792142
91 111 0.7870709388759518
92 93 -0.15966816001772344
92 112 -0.5000143882368977
93 94 0.7581036210895433
93 113 -0.9464384075574799
94 95 -0.15592698976138597
94 114 0.3913621180014535
95 96 -0.11174055848605935
95 115 0.8501415712914118
96 97 0.4593844541060159
96 116 0.9211790847007268
97 98 -0.07036573829014814
97 117 0.12223399627608278
98 99 -0.3933538731410713
98 118 -0.16418708288646555
99 100 -0.6710760650506182
99 119 0.7074946781950369
100 120 0.5275611276603505
101 102 -0.3589614328696138
101 121 -0.26717049383296976
102 103 0.8333286984219352
102 122 -0.9959534548118836
103 104 -0.0560946040982353
103 123 -0.11800563960452437
104 105 0.8246726173077592
104 124 -0.12591398861384473
105 106 -0.6395192122340425
105 125 0.4610262168171506
106 107 0.46611828815478606
106 126 -0.4252137037402277
107 108 0.7971911623970178
107 127 0.05096864966946768
108 109 0.7366133584720826
108 128 -0.7865433151868724
109 110 0.40074921055334034
109 129 -0.9868117988941234
110 111 -0.405250343596105
110 130 -0.36487734890193635
111 112 -0.6243317164482121
111 131 -0.7362696196199796
112 113 -0.01980703138940565
112 132 0.6822967851944008
113 114 -0.9453936850102906
113 133 -0.9793732187436155
114 115 -0.34793348755055753
114 134 -0.9386211845978436
115 116 -0.46796635205427917
115 135 -0.5899811784079141
116 117 0.45291584431354814
116 136 -0.5827401345174243
117 118 -0.0013930033321545299
117 137 -0.4445163378228112
118 119 0.3403628849787741
118 138 0.8070818708515477
119 120 0.2223880553076505
119 139 0.6527978443789055
120 140 0.9886433915230226
121 122 0.4193031251762549
121 141 0.800284861046747
122 123 0.9426633864585794
122 142 0.7780963533974476
123 124 0.5311028533772693
123 143 -0.9745129326662649
124 125 0.2719029584232693
124 144 0.642841587240913
125 126 0.36036249985152047
125 145 0.7677967705879669
126 127 -0.2617342871605419
126 146 -0.9665365014569878
127 128 0.015040120137358226
127 147 -0.12273343360934597
128 129 0.7701090997909319
128 148 0.30535309175978687
129 130 0.23588702826874597
129 149 -0.08488972497334313
130 131 0.40766186270232296
130 150 -0.9850725011151307
131 132 -0.3565648782433468
131 151 0.13947219342834738
132 133 -0.26148642640113695
132 152 0.8484391148110364
133 134 0.8550215782626438
133 153 -0.9090224259627591
134 135 0.32436970314350977
134 154 -0.8615467436702395
135 136 -0.1690793474586474
135 155 -0.6658410090795708
136 137 -0.5691927344897125
136 156 -0.12094443131724852
137 138 -0.4064317577054808
137 157 0.30156305140625284
138 139 0.1997061706419927
138 158 -0.7953858136516494
139 140 -0.2191656376255604
139 159 0.9471502861958909
140 160 -0.21541077727235924
141 142 0.06823087839544106
141 161 -0.5054124701801097
142 143 0.39897721247438
142 162 -0.8049506629041474
143 144 0.3613259283418577
143 163 -0.44879472015292365
144 145 -0.6475795728475817
144 164 0.10358299817107075
145 146 0.16175013039625075
145 165 0.3975489782965913
146 147 0.7059723973979037
146 166 -0.38101808266452863
147 148 -0.9798717887419304
147 167 0.7043070855102953
148 149 -0.6587773426815948
148 168 -0.9675487826645652
149 150 -0.6582675924547934
149 169 0.3585257515411384
150 151 0.4420246218994144
150 170 0.8854988023728643
151 152 0.8532616982078256
151 171 -0.7795772296811321
152 153 0.9893845834149242
152 172 0.3581713062651797
153 154 0.06050811133126044
153 173 -0.7685412415752049
154 155 -0.5656187884217156
154 174 0.1760427457593461
155 156 0.4623456209732235
155 175 -0.41365503590987607
156 157 -0.3714531208130145
156 176 -0.8545941772138583
157 158 0.5181456482155982
157 177 -0.8244674595873553
158 159 -0.4833578559100995
158 178 0.3339262413046875
159 160 0.7630274674537998
159 179 -0.22301313612641738
160 180 -0.3144863374711402
161 162 0.34361312515415054
161 181 0.12345821462627526
162 163 0.14685807783680271
162 182 0.6400742326601914
163 164 0.20795964251568289
163 183 0.09194569237458139
164 165 0.09681321106453877
164 184 0.8406561587956372
165 166 -0.49743056637309535
165 185 0.6258370749070921
166 167 0.12585419343654314
166 186 -0.8181347492804583
167 168 0.3624555863867913
167 187 0.9102847569279362
168 169 -0.711526409877973
168 188 -0.6587796704036784
169 170 -0.8495644335002719
169 189 -0.22364552029684037
170 171 -0.2890045364481477
170 190 0.42646492513018597
171 172 -0.8547107978256105
171 191 0.2763091313784696
172 173 -0.19738978030775867
172 192 -0.23072072186115844
173 174 -0.3831431334368276
173 193 0.44790436686248314
174 175 -0.8022022706546534
174 194 0.7170039583364651
175 176 -0.30863255681839297
175 195 0.9798493189969522
176 177 0.11419449505341683
176 196 -0.8910424853497474
177 178 -0.38577177405192353
177 197 0.9637992183942288
178 179 0.12427220023040841
178 198 -0.549408297183247
179 180 0.8270056039930318
179 199 -0.6831509953175137
180 200 0.7487459954577871
181 182 0.08511975341901956
181 201 0.7868952073898015
182 183 0.12178210129118883
182 202 -0.2984750785591168
183 184 -0.5804203788984343
183 203 -0.7277544926398376
184 185 0.6665737950767556
184 204 0.32003803972009814
185 186 0.12581650580273118
185 205 -0.3794568723811633
186 187 0.5852031624331995
186 206 -0.9415810213644344
187 188 -0.5071566555813507
187 207 -0.7227343108095132
188 189 0.7857192923266931
188 208 -0.5999531970069614
189 190 -0.4490263757800581
189 209 -0.46057687027205274
190 191 -0.3166017444307965
190 210 0.9712308664561062
191 192 -0.22511785444167098
191 211 -0.5391386229210879
192 193 0.5532844516429325
192 212 0.6724691950338073
193 194 0.11489320889347532
193 213 -0.4433915405896529
194 195 0.5458739832592951
194 214 -0.039609368776812426
195 196 -0.08619700411263054
195 215 -0.6734749666735496
196 197 0.3123022443565282
196 216 -0.9956837374518124
197 198 0.8746544984833213
197 217 0.009115597391885943
198 199 0.5855441666790531
198 218 -0.8232656756829175
199 200 -0.392249703256607
199 219 0.8762843680468497
200 220 -0.10082041007596465
201 202 0.685559099130086
201 221 -0.387974820100754
202 203 0.08699951218770963
202 222 0.7591781834242417
203 204 0.5383252279074453
203 223 -0.05083149482898275
204 205 0.3793973949768219
204 224 -0.42750847732874586
205 206 -0.2507309462027787
205 225 0.6436326037318747
206 207 -0.888546637012253
206 226 0.4406996706432522
207 208 0.35476949979490735
207 227 0.2710067321810854
208 209 -0.06567904211699993
208 228 -0.6901559566623832
209 210 0.8773448752367377
209 229 0.5570660510932774
210 211 -0.5535011179780045
210 230 -0.6627925391484211
211 212 -0.14536095158790818
211 231 -0.979004175761317
212 213 -0.9839018465890381
212 232 -0.2879323355121377
213 214 0.3661666440572293
213 233 0.7861121989162125
214 215 -0.868415439866133
214 234 0.16222596592424998
215 216 0.5296106482260536
215 235 0.7865422543754459
216 217 0.26485610076503985
216 236 0.6467005700587412
217 218 0.9858227513126627
217 237 0.9923728045993085
218 219 0.7836893017633921
218 238 0.8804848422308786
219 220 0.1621901666070098
219 239 -0.5659057363439464
220 240 0.0957166980990043
221 222 0.26233955491039107
221 241 0.3604777208923102
222 223 -0.7718068702556269
222 242 -0.93712238911273
223 224 0.03822633749562088
223 243 0.8883860915986308
224 225 0.803737756191431
224 244 -0.8895522997563103
225 226 0.8107391712344534
225 245 0.8364774013765424
226 227 -0.9376608775563562
226 246 -0.034798090924399006
227 228 0.22702656993110293
227 247 0.84948540231833
228 229 -0.6177431766140091
228 248 -0.2937930640835298
229 230 0.5589737285969021
229 249 -0.7753190393273839
230 231 -0.06715505127889565
230 250 0.5000160390043873
231 232 0.11972790239240272
231 251 -0.7268859471289366
232 233 0.16292989570070837
232 252 0.2865254062561313
233 234 -0.1654013310412601
233 253 0.8500872673534363
234 235 -0.5834291688850668
234 254 -0.164859008422372
235 236 -0.3507459794444201
235 255 0.22866718853537948
236 237 -0.12728647201353538
236 256 -0.20820391824634088
237 238 0.06120111797906236
237 257 0.36034072651223314
238 239 0.16303108082275908
238 258 0.04419260692008509
239 240 -0.4612270023104288
239 259 0.3666476697682499
240 260 0.3968177140166502
241 242 0.9408551207906413
241 261 0.7871343038415224
242 243 0.9056201207460732
242 262 -0.4225130512798565
243 244 0.28705072381767516
243 263 -0.12349925452616839
244 245 -0.15780773233800582
244 264 0.5737911731065093
245 246 -0.5410988487451096
245 265 -0.7006401873717574
246 247 0.4230593126328899
246 266 -0.03899047377015297
247 248 -0.8804055456779512
247 267 0.4436076650810967
248 249 -0.7437643334532373
248 268 -0.1944902829955495
249 250 -0.94460453217838
249 269 -0.178035138449951
250 251 -0.07828800037368855
250 270 0.03831451413948561
251 252 -0.585290117092292
251 271 -0.11723783607584526
252 253 0.705737801880771
252 272 -0.05996990386169365
253 254 -0.40845676641670003
253 273 -0.7585217541667
254 255 0.8775206282611552
254 274 -0.5595665345607375
255 256 -0.35689382930175206
255 275 -0.416270291670386
256 257 0.642575868499758
256 276 -0.6217260868195706
257 258 0.4872974138687458
257 277 -0.014253337708489466
258 259 0.5128806586673513
258 278 -0.14540354111688192
259 260 0.9992773461562803
259 279 -0.5076165134764985
260 280 -0.6553015068505865
261 262 0.8848517227215611
261 281 0.2844509624455889
262 263 -0.11610165822995056
262 282 -0.4819569354771367
263 264 -0.0724245847885181
263 283 -0.5023370923421273
264 265 0.8545676962966935
264 284 -0.6851185252057672
265 266 0.5293599822728781
265 285 -0.3401118919705626
266 267 0.6020321528865875
266 286 0.09774827853388057
267 268 0.9474862121302372
267 287 -0.8701149981781551
268 269 0.7017120807698061
268 288 -0.4427747305141223
269 270 0.7295151378145075
269 289 0.23441803382250836
270 271 0.21574497253950198
270 290 -0.08774285109275137
271 272 0.6846749108487797
271 291 -0.7633334583906948
272 273 -0.07888163314069385
272 292 -0.22456044963698862
273 274 -0.09218461547219237
273 293 0.5378781565232555
274 275 -0.9574401945192483
274 294 -0.9878836592311766
275 276 -0.07219269565288267
275 295 0.8026813831075423
276 277 0.20177311465849956
276 296 0.7227074660908466
277 278 -0.2024340503773816
277 297 0.5899689736677132
278 279 0.6443450228160723
278 298 0.6564988095381519
279 280 0.037410076170497186
279 299 -0.2655188098861847
280 300 0.9601710157271983
281 282 0.2292952676841684
281 301 -0.5446334912040482
282 283 0.19378288745421846
282 302 0.3105720919546193
283 284 -0.4864812609759923
283 303 -0.9540118705737892
284 285 0.11716858482711867
284 304 -0.09765648611040345
285 286 0.8437865473657937
285 305 -0.20048412799154547
286 287 0.20580786734144008
286 306 0.5185583437397736
287 288 0.18792593771213828
287 307 -0.6833693317731047
288 289 -0.15019314597931266
288 308 0.44493265437713814
289 290 0.5508735005273449
289 309 -0.2273138930108476
290 291 0.6293151713609249
290 310 -0.38752497554028364
291 292 0.8381837091848672
291 311 0.754892686101007
292 293 -0.22476229617129517
292 312 -0.061271673230472334
293 294 0.8763259728099744
293 313 0.2709278771415664
294 295 0.3478160187856756
294 314 0.5072117502849443
295 296 0.7475024548834002
295 315 -0.33511345033847006
296 297 -0.8598502463754618
296 316 0.5788056810234528
297 298 0.9199585697036363
297 317 0.2072482606795767
298 299 0.6111653437667595
298 318 0.420894901821959
299 300 0.9039494611488876
299 319 -0.42108393889251206
300 320 -0.3320665534719729
301 302 -0.027936262067254525
301 321 0.6144385987768266
302 303 -0.44860907870847155
302 322 0.7159449158782389
303 304 0.8648101740374092
303 323 -0.2154819873308691
304 305 0.4979707202789412
304 324 0.6785073072130987
305 306 -0.6439710850858407
305 325 -0.803923031357876
306 307 -0.9768759422337074
306 326 0.8575960890096836
307 308 0.9893434948453645
307 327 0.7223625725155081
308 309 0.31261577734713186
308 328 -0.3614427862785272
309 310 -0.2610922766151802
309 329 0.38434038268324366
310 311 -0.4471997275432298
310 330 -0.27623753151329544
311 312 0.9233130953410524
311 331 -0.3411502411141023
312 313 -0.7167865200183183
312 332 0.02397689187130858
313 314 0.9717575142707329
313 333 -0.5927514229598487
314 315 0.15659505405025187
314 334 -0.37205394693057325
315 316 -0.4963008129018782
315 335 0.10700541079667669
316 317 0.6810206242405994
316 336 -0.28245269236080617
317 318 -0.9045543906403966
317 337 -0.7804875920511432
318 319 -0.9618009050975465
318 338 0.33223629858121506
319 320 -0.7159226110926804
319 339 0.829709006150041
320 340 -0.39796207051689203
321 322 0.688440307044726
321 341 0.0693617324599145
322 323 0.7774482927676969
322 342 -0.42987881786936444
323 324 0.2965747463544741
323 343 -0.28652094848034526
324 325 -0.9088507463364282
324 344 0.011286123506075274
325 326 -0.7526224991952986
325 345 0.2573140228293729
326 327 0.23701915414578578
326 346 0.6018640526551393
327 328 -0.2699537001178771
327 347 0.9901207658975488
328 329 -0.8124887605636153
328 348 -0.9339277292210113
329 330 -0.9125891553844967
329 349 0.37191753124901794
330 331 0.6368589868694279
330 350 0.8607496006533215
331 332 0.3728773016446001
331 351 -0.30840781500704817
332 333 0.8224785818315925
332 352 -0.11261549683531191
333 334 -0.420616162508604
333 353 0.4849278255737224
334 335 0.92852713979788
334 354 0.796619341687365
335 336 0.9490599179572625
335 355 -0.26104485375728204
336 337 -0.1830119740478795
336 356 0.2527664527349016
337 338 0.2616495523908766
337 357 0.4105086451762767
338 339 0.3364632312194602
338 358 -0.8918799475690331
339 340 0.5670067107337295
339 359 0.23456064501713936
340 360 0.4369994390077401
341 342 0.51559609970888
341 361 -0.0006462277923211524
342 343 0.31912083821820625
342 362 0.9442405187336476
343 344 -0.7791192035491332
343 363 -0.10288359871654262
344 345 0.1776296154857393
344 364 -0.87646336969053
345 346 -0.04868317713099257
345 365 0.40457812634785495
346 347 -0.9760945737174269
346 366 0.12675115431654982
347 348 -0.3528611743943204
347 367 -0.15948446520934811
348 349 0.18260903791496874
348 368 -0.7032771717085868
349 350 0.9733702800366282
349 369 -0.8485856139560177
350 351 0.3564474748939559
350 370 0.864080292957238
351 352 -0.09029306884184685
351 371 0.06188428099077958
352 353 -0.9613166933005799
352 372 -0.6330921694188594
353 354 -0.7461894875562887
353 373 -0.3334721019815343
354 355 0.4735973273077998
354 374 0.3393116152694289
355 356 0.1661579334703931
355 375 0.4763987252060413
356 357 0.2783436059794011
356 376 -0.898619201368702
357 358 0.9044356648719474
357 377 -0.21957638370751598
358 359 -0.4908983869002992
358 378 0.03723474070700816
359 360 -0.38497412942593745
359 379 -0.6122237282802321
360 380 0.9852936758156181
361 362 0.700655793189924
361 381 0.23939355071214363
362 363 0.5937482251126951
362 382 -0.6410711976464478
363 364 -0.06215232707610574
363 383 -0.8837082562120813
364 365 -0.9501553631726658
364 384 0.18517908242637726
365 366 -0.7954744113208307
365 385 -0.8146456925117227
366 367 -0.588456831021833
366 386 -0.4585173832972136
367 368 -0.9034259001894289
367 387 -0.2652736954189723
368 369 -0.45737277492132655
368 388 0.9649522051457236
369 370 0.4868663790853889
369 389 0.1558588958626883
370 371 0.2982803155347271
370 390 0.018010302055765592
371 372 -0.6094914668693296
371 391 -0.8609630724956112
372 373 -0.33644278139302597
372 392 -0.6476571445569657
373 374 -0.035360047959355434
373 393 0.5404375876043739
374 375 0.18881315974947666
374 394 -0.23328700284875103
375 376 0.5990221484573377
375 395 0.7457128073198478
376 377 0.9644040199089283
376 396 0.1620385844349319
377 378 -0.2217339736750763
377 397 -0.7652716327985105
378 379 0.10001071475419598
378 398 0.4957982024515901
379 380 0.14797439602816653
379 399 -0.5509039709570729
380 400 0.3066267154625195
381 382 0.7232283581002277
382 383 0.5693459557753042
383 384 0.6332074050925793
384 385 0.4787555778298631
385 386 0.45007415866257716
386 387 -0.23775241914634604
387 388 -0.6674668798874117
388 389 0.6571509552229111
389 390 -0.4433024570251676
390 391 -0.11863508274705059
391 392 -0.6819767669849679
392 393 -0.5259034904925646
393 394 -0.6735436101494143
394 395 0.040318638720742594
395 396 -0.33399015381267305
396 397 0.9514380120990071
397 398 -0.13821534005114966
398 399 0.25307155499725553
399 400 -0.8488057756389278
