1 2 0.7857203028720032
1 21 -0.3360403893976456
2 3 0.4930214343699699
2 22 0.4481411348233766
3 4 -0.49677171365904393
3 23 -0.9172489973981965
4 5 0.13359354265010248
4 24 -0.7741633304257072
5 6 -0.4676039096116811
5 25 -0.7153445731997732
6 7 0.15630692885272834
6 26 0.5690564293434619
7 8 0.35592517598789497
7 27 0.012986883721869402
8 9 0.9940132649317663
8 28 -0.8950507260076916
9 10 0.7348265762621156
9 29 0.8491531908589476
10 11 -0.1578760363821763
10 30 0.3706769765839093
11 12 -0.8446352876992349
11 31 0.339910867167047
12 13 -0.4971800861439506
12 32 -0.9947524961437797
13 14 0.4451405927968122
13 33 -0.3270518099298372
14 15 -0.13862960067652308
14 34 -0.7305545643249265
15 16 0.6180436627925672
15 35 0.8297953910637321
16 17 0.6479681245067643
16 36 -0.3779964965005882
17 18 0.04338985957965491
17 37 -0.44119692403065747
18 19 0.8612163231200298
18 38 0.40361492617257255
19 20 -0.43094949687990947
19 39 0.3344355417453895
20 40 0.5058107890802939
21 22 0.6424582461156636
21 41 -0.9166067485495002
22 23 -0.18778440788322137
22 42 0.9787596965600047
23 24 0.9174452006319476
23 43 -0.8675590383731369
24 25 -0.8744475203374715
24 44 0.14944844993404782
25 26 0.9029986216593338
25 45 -0.5047760948200732
26 27 0.6436943644993822
26 46 0.293658670682446
27 28 0.6587715062649977
27 47 0.3665961185971469
28 29 -0.5249591322265721
28 48 -0.3380264661504324
29 30 0.14830450343182822
29 49 0.3881651295848092
30 31 -0.8183715060817822
30 50 -0.583969910428255
31 32 -0.8794127891689296
31 51 -0.7774920466001582
32 33 -0.41744390612563964
32 52 0.958407342662384
33 34 -0.9549150927857031
33 53 0.4102299220456158
34 35 -0.6520886503177212
34 54 0.4513521355262402
35 36 0.24994210449050414
35 55 -0.8290786074930312
36 37 -0.7420187723595559
36 56 -0.7983571045892484
37 38 -0.9544790260351792
37 57 0.17183157556078643
38 39 -0.17157019879633162
38 58 -0.9526432634611737
39 40 0.9141332901195225
39 59 0.32303834230432527
40 60 -0.41642761654665095
41 42 -0.7846866401280641
41 61 0.19010412841248048
42 43 -0.09900143850966803
42 62 -0.25238313179929417
43 44 0.02588037217127681
43 63 -0.3174068175601581
44 45 -0.02902946841862053
44 64 -0.3971558057297204
45 46 -0.2876276703161711
45 65 -0.9021218238684929
46 47 -0.6407207383195566
46 66 0.4525460072097267
47 48 0.8202024329091784
47 67 -0.7601207586191683
48 49 0.6018683804761302
48 68 -0.11264111870813887
49 50 -0.21560643007284286
49 69 0.3528813068791945
50 51 0.16602222855040893
50 70 -0.22949677630811594
51 52 -0.049314006119341114
51 71 -0.8380842076313584
52 53 -0.15223012645755207
52 72 0.08016770321356215
53 54 0.09649871760613782
53 73 0.6565360549093218
54 55 0.24890467931223803
54 74 0.11081127695333692
55 56 0.0025931938092143003
55 75 0.3349469732979662
56 57 0.3439447706659633
56 76 -0.7162491447693253
57 58 -0.5962208244625251
57 77 -0.11693645456039659
58 59 0.38146783140795315
58 78 0.3458961942246186
59 60 0.24667942285167488
59 79 0.9525294198473391
60 80 0.2392411697654213
61 62 0.05963472438564321
61 81 -0.16238514288669137
62 63 0.4192572123384042
62 82 -0.835082893376583
63 64 0.3200196372907955
63 83 0.6888546742375785
64 65 -0.920408883906743
64 84 0.26778827294822616
65 66 -0.5237386575791902
65 85 0.7656495111254102
66 67 -0.4305758244742559
66 86 0.6829531030838569
67 68 0.679466265950718
67 87 0.8965397114102864
68 69 -0.8745529738912545
68 88 -0.3634864324684177
69 70 0.9964241213293648
69 89 0.8807644297039225
70 71 -0.7872009776003226
70 90 -0.9798300477003039
71 72 -0.9360939800567984
71 91 0.2792346164539712
72 73 -0.8726606348295538
72 92 -0.7155780108107921
73 74 -0.7695667981298047
73 93 0.9864145059391167
74 75 -0.888432204746376
74 94 -0.22303746386415302
75 76 -0.786873655481233
75 95 0.16443036626754637
76 77 0.8460726771270903
76 96 -0.510178660978617
77 78 0.9215573775851094
77 97 -0.5951658013575669
78 79 -0.3249091954895409
78 98 0.9446448861446348
79 80 -0.3769337837614999
79 99 0.5926730944315295
80 100 0.8343238463192484
81 82 -0.32918430145334154
81 101 0.24503886439218037
82 83 -0.20325416237743354
82 102 0.5417619326157594
83 84 0.2077331134142113
83 103 0.17442738195147056
84 85 -0.7513286335989127
84 104 -0.9767883111692253
85 86 0.928866032214015
85 105 0.3120556482290191
86 87 0.14033429211404203
86 106 -0.8294647562658966
87 88 0.1472418638256101
87 107 -0.9917099452449529
88 89 0.6610385931405298
88 108 0.47689450375842735
89 90 -0.7175258733103729
89 109 0.8763366389610225
90 91 0.792280040769211
90 110 0.3360507643803099
91 92 0.7903485450833492
91 111 -0.03353478696548673
92 93 0.9711898150006382
92 112 0.07145464107842003
93 94 -0.33495887209641984
93 113 -0.7321075890932933
94 95 -0.10853334838993689
94 114 0.16869522198859133
95 96 0.5112690398449804
95 115 -0.22876567152984495
96 97 0.4961308379243985
96 116 0.2220859168640701
97 98 -0.1725083319806815
97 117 0.6874835036792672
98 99 0.8423553919243285
98 118 0.005063112949452719
99 100 0.23933295244301966
99 119 0.2467820405816763
100 120 -0.35585087647498037
101 102 -0.12371714778225185
101 121 0.47176421269738045
102 103 0.5295019670009342
102 122 -0.4322812328846053
103 104 -0.7659339289307163
103 123 0.42090067088555383
104 105 -0.44666682264293733
104 124 -0.39690891981167753
105 106 -0.4062777863383107
105 125 -0.881328054603995
106 107 0.8219043927083407
106 126 -0.07508817759170028
107 108 -0.9329754317577208
107 127 -0.1750679716164063
108 109 -0.44233018988982997
108 128 0.4572003060118306
109 110 -0.9226848450625409
109 129 -0.949630666510606
110 111 -0.3521365307220916
110 130 0.7721336720030372
111 112 0.6753210370818057
111 131 0.417974759954443
112 113 -0.5576814251343243
112 132 0.28387478624560325
113 114 -0.9152511274803015
113 133 -0.35829120282497984
114 115 0.39217455788620836
114 134 0.43577111360379917
115 116 0.6512444388117753
115 135 -0.6604555682337316
116 117 -0.3102325296199744
116 136 0.2624609985428443
117 118 -0.9455688565526033
117 137 0.34217664971998474
118 119 0.6931598564713413
118 138 0.7040385693609494
119 120 -0.21446558516454917
119 139 0.9548790920033878
120 140 0.490876637763519
121 122 0.03607282399853751
121 141 0.1577172004523142
122 123 -0.6209156192592389
122 142 -0.05749807052936995
123 124 -0.5909534843097344
123 143 -0.019264413485680754
124 125 -0.6393647369933115
124 144 -0.8660440738370658
125 126 0.7288729698646219
125 145 -0.6897182051584951
126 127 0.8858074025123162
126 146 -0.9190154357909113
127 128 -0.08344550587166877
127 147 -0.04469636602821825
128 129 -0.36061311991449707
128 148 -0.6949172339432867
129 130 -0.6444024357050218
129 149 -0.3899041561444301
130 131 0.9344446091030807
130 150 -0.8369177333416333
131 132 0.8660598591557178
131 151 0.9487116463208474
132 133 0.4536969523711414
132 152 0.008226863092962722
133 134 -0.5802228906421614
133 153 0.14864030317005006
134 135 0.18398256586544903
134 154 -0.45855531155479645
135 136 -0.47219931019488404
135 155 0.6099163862933379
136 137 -0.9641345203966609
136 156 0.5289149452501491
137 138 -0.06877165910844063
137 157 -0.3143813207917614
138 139 -0.261592910589705
138 158 0.9859980106281405
139 140 -0.36778536370692194
139 159 -0.4661246340712888
140 160 -0.46725034145407784
141 142 0.2907101917911876
141 161 0.9804485427468328
142 143 -0.33038791099475295
142 162 0.4694700874273019
143 144 -0.9267829391279785
143 163 -0.36919284882245806
144 145 0.558467907052054
144 164 -0.19850305154336767
145 146 -0.46090381996708074
145 165 0.09640930142187543
146 147 -0.7850900608006042
146 166 0.5114391754140291
147 148 0.36284170894101386
147 167 0.5097828691148669
148 149 0.9697567857124436
148 168 -0.4767399051995087
149 150 0.9694945889026283
149 169 0.8869228956602555
150 151 -0.4790393954779406
150 170 0.05934310114886454
151 152 0.17631378225252203
151 171 0.8921506715118639
152 153 -0.3423448543105325
152 172 0.4443973038727129
153 154 0.9167741063830623
153 173 -0.5664044364923497
154 155 -0.18338200879036437
154 174 0.5512759223874564
155 156 0.36908323994612546
155 175 0.5639952583181029
156 157 -0.6560548125655523
156 176 0.22481301230318818
157 158 -4.146274167560193e-05
157 177 -0.13576529546539096
158 159 -0.22134921199229973
158 178 0.5213474351466296
159 160 0.23747981631656323
159 179 -0.8503256357199112
160 180 -0.9999313160005845
161 162 0.6397163938436827
161 181 -0.17359813036763838
162 163 -0.6217857689302713
162 182 -0.33779185175782467
163 164 0.7260608141986837
163 183 0.11693323644833775
164 165 -0.5083702973864943
164 184 0.04754437571200221
165 166 -0.49544511991091955
165 185 0.6893561712692466
166 167 -0.916444831543223
166 186 -0.09687369031111204
167 168 0.6415694394564937
167 187 -0.3073816930144544
168 169 0.21725441867826056
168 188 0.835169822729062
169 170 0.5279111358265434
169 189 0.2461801647736721
170 171 0.8412964080591319
170 190 -0.5338872520886595
171 172 0.41069036327729713
171 191 -0.07065185708029942
172 173 -0.7395960372343862
172 192 0.440986334869405
173 174 -0.341754335244425
173 193 -0.4677663422589
174 175 -0.0688446102607867
174 194 -0.1921364425789025
175 176 -0.6427107090683546
175 195 0.9068162756021216
176 177 -0.764786420248418
176 196 0.14079217873960692
177 178 0.11514419582829194
177 197 -0.7837933382970261
178 179 -0.08833207964240186
178 198 -0.7705138664530065
179 180 -0.20571651711662264
179 199 0.2112572126825012
180 200 -0.1981650079397641
181 182 0.7525353104132548
181 201 0.6475188651410426
182 183 0.6884568416451378
182 202 0.23004806864475214
183 184 0.09341565255297124
183 203 -0.2643506821317756
184 185 -0.49002861221356997
184 204 0.7038169236088545
185 186 0.004429765093004079
185 205 -0.03062121352414482
186 187 0.6321716639206549
186 206 -0.16160452169780104
187 188 0.2299002299184847
187 207 -0.21426530723635007
188 189 0.2859807158195913
188 208 -0.14644093944559033
189 190 0.9377671600794257
189 209 0.14603253770471136
190 191 0.870701602308793
190 210 0.8022559736604855
191 192 0.8300511224436198
191 211 0.15919018879186275
192 193 -0.10450715617608264
192 212 0.03313304400459827
193 194 -0.45787445908398805
193 213 0.3741871739767202
194 195 0.7090600841851409
194 214 0.9901933061241801
195 196 -0.6460939760337199
195 215 0.39388737665197726
196 197 0.4673118472955671
196 216 0.5931647804399418
197 198 -0.28993837046683657
197 217 0.8597310220572367
198 199 0.120633749249065
198 218 0.4141855194076116
199 200 0.15113680031359045
199 219 0.7832882691949901
200 220 0.873476371910352
201 202 -0.8910509843552907
201 221 0.43727447312838863
202 203 0.7705281594747433
202 222 0.953106040815356
203 204 0.6563133701978943
203 223 -0.44729908113472194
204 205 -0.03299284381934453
204 224 0.24629990227215015
205 206 0.8105172618277496
205 225 0.8305367714850735
206 207 -0.6200817550893287
206 226 0.6868211709488443
207 208 0.45069130716968253
207 227 0.1269452796140258
208 209 -0.20556804007459828
208 228 -0.9021868092658456
209 210 -0.5735609083289837
209 229 -0.7330924761143875
210 211 -0.3235877659915425
210 230 -0.5495290056168665
211 212 -0.5216008699845456
211 231 -0.22099807376412817
212 213 0.2536108735163034
212 232 0.7191873803063966
213 214 0.7864509780328632
213 233 0.1685030020290179
214 215 -0.15964749452067717
214 234 0.2683875707476733
215 216 -0.38292242404412646
215 235 0.018317850970009264
216 217 -0.727481950214985
216 236 -0.046316629556358624
217 218 0.007762619364437118
217 237 0.2829532278745248
218 219 0.22388555685164757
218 238 -0.40227184660372983
219 220 0.7956181726642275
219 239 -0.8958569787976856
220 240 -0.05879054670411721
221 222 0.6043411248489508
221 241 0.4728132876228779
222 223 0.6738171858143651
222 242 -0.6383507478281214
223 224 -0.7486833166667519
223 243 0.1255621589853524
224 225 0.9461450097585322
224 244 -0.2905049409162823
225 226 -0.5167445923898257
225 245 -0.9624662155377357
226 227 -0.7855073627161657
226 246 -0.4239628231299182
227 228 0.18955707159015556
227 247 -0.2245267653723897
228 229 -0.8375067946382113
228 248 -0.09863902355964149
229 230 0.5275188489277534
229 249 0.05463660915038626
230 231 -0.6332876920785466
230 250 -0.890045017427588
231 232 -0.15576819820670296
231 251 -0.6718789812492048
232 233 -0.3694459792540139
232 252 0.3922311945238144
233 234 -0.19864632704988128
233 253 -0.14849760326844552
234 235 0.8225908304009977
234 254 -0.691058951293896
235 236 0.8289883946110319
235 255 0.5555057599689801
236 237 -0.1779265316533123
236 256 -0.2018228833443516
237 238 -0.058737037123475444
237 257 0.9358292563627215
238 239 0.7765159054823136
238 258 0.5857930122134387
239 240 0.43866910888581634
239 259 0.8525662574700967
240 260 -0.1833243354897216
241 242 0.4182635015623346
241 261 0.08187370860505627
242 243 0.23682101690917667
242 262 -0.04778225345331166
243 244 -0.4653219892521123
243 263 0.5500698566127167
244 245 -0.550708731558589
244 264 0.9574276112529416
245 246 0.3405793923495446
245 265 -0.45887318322697346
246 247 -0.5660624231942033
246 266 -0.07146555329882776
247 248 0.2689206719048427
247 267 0.7355849528715295
248 249 0.8446386999244198
248 268 -0.5332610939272082
249 250 0.6347892024386104
249 269 0.5877021116314245
250 251 0.9121598988191557
250 270 -0.7063762126493698
251 252 -0.9500004060763165
251 271 -0.8947772978530923
252 253 -0.7668266355923758
252 272 -0.12286884313072655
253 254 0.10597293070240688
253 273 -0.38906183780710846
254 255 -0.4176160476670845
254 274 0.2945200454839867
255 256 0.4980636657710924
255 275 -0.7783206143283006
256 257 0.6613298343224967
256 276 -0.6245703829238825
257 258 -0.7672091426553513
257 277 -0.2988518333490182
258 259 -0.2013627797660722
258 278 -0.44942491329762246
259 260 -0.40531278962337636
259 279 -0.7761486946295273
260 280 0.4744881638020253
261 262 -0.7503516512387804
261 281 0.9152945909393368
262 263 -0.1916866906545438
262 282 0.48376737509801826
263 264 -0.6411873089209219
263 283 0.5665133426749911
264 265 0.1741488420016255
264 284 0.9633627774750013
265 266 -0.9713870969193983
265 285 -0.8057392172593587
266 267 -0.36081922608867667
266 286 0.8181883513076273
267 268 0.30338755168651943
267 287 -0.7428119604757337
268 269 0.7377184742878049
268 288 0.6124540130051419
269 270 0.3403540075150735
269 289 0.553516361700622
270 271 0.9155465835892425
270 290 -0.3217448644104448
271 272 0.35673304023571206
271 291 -0.4922488859677445
272 273 0.43435478183659204
272 292 0.7798445514086916
273 274 -0.4846128921437354
273 293 0.8198374247698474
274 275 -0.6432591367293343
274 294 -0.43979352323718035
275 276 0.8264569383822831
275 295 0.8061542506846666
276 277 0.5230337013270634
276 296 0.4715896852855981
277 278 0.3604162620866478
277 297 0.5708598847417634
278 279 0.6417666491481748
278 298 -0.4627640925378833
279 280 0.705900920605832
279 299 0.06694593611477861
280 300 0.3800534474876214
281 282 -0.19348740253016028
281 301 -0.5660976793528798
282 283 0.6518665783383673
282 302 0.36645966097528326
283 284 0.21599264166858534
283 303 -0.9165022476928935
284 285 0.9373321606308882
284 304 0.41020787144277615
285 286 -0.16232458916205528
285 305 -0.7589035459649058
286 287 0.5712547555291554
286 306 0.41150136911337465
287 288 -0.822523440810929
287 307 0.354932756244686
288 289 -0.651691949035651
288 308 -0.37524507231114423
289 290 0.3762896842166379
289 309 -0.14247047511555322
290 291 -0.8813759228525844
290 310 0.6384626784108114
291 292 -0.6958900462177604
291 311 -0.6048339329233481
292 293 0.11430780209890945
292 312 0.26676546383961286
293 294 0.02300997646230396
293 313 -0.7608266491526805
294 295 0.8724059083896631
294 314 -0.37021503074370643
295 296 0.9682302296035257
295 315 -0.7739700391085913
296 297 -0.1551341389192762
296 316 -0.7259072692983346
297 298 -0.20459498166361278
297 317 0.4815377770706115
298 299 -0.4792956064085594
298 318 -0.4639331684046455
299 300 0.6036587687996202
299 319 -0.10496198807502699
300 320 -0.45154578802728773
301 302 0.43455169290663886
301 321 0.9884148768438752
302 303 -0.7214567890180552
302 322 0.40565011479682234
303 304 0.1225502643832026
303 323 0.3362754696538841
304 305 -0.9612283820380045
304 324 0.225660778904198
305 306 -0.5858220049039058
305 325 0.49011093157374575
306 307 -0.720193099318508
306 326 0.22364267032414564
307 308 -0.2888118076246513
307 327 -0.37054730710840356
308 309 -0.14320549957093975
308 328 0.7185473804255382
309 310 0.6602899758747252
309 329 0.8317801276837287
310 311 0.6068050319803515
310 330 -0.07335114853648017
311 312 0.6365665994561913
311 331 0.7835229811932962
312 313 0.06448143623950453
312 332 -0.3084816565816617
313 314 0.14117198012752663
313 333 -0.5000712117028783
314 315 -0.807882578547197
314 334 -0.0013399977091883564
315 316 -0.23439467756376975
315 335 -0.45007652444131874
316 317 0.4089634433912914
316 336 0.7500965379235291
317 318 -0.2546478337908138
317 337 -0.8048013192279784
318 319 0.21266075945587026
318 338 -0.4506988170142603
319 320 0.8170792980209065
319 339 0.8143186328453271
320 340 -0.6033237340364761
321 322 -0.4887718887983299
321 341 0.3426188638785608
322 323 -0.8823254196717238
322 342 -0.6146690504975683
323 324 0.8767852133331688
323 343 0.5720117176239266
324 325 -0.500881661920354
324 344 -0.7411285854919472
325 326 -0.08862400887552102
325 345 -0.7729807308241559
326 327 0.7029900539645437
326 346 0.8475369302869404
327 328 0.7801072798471833
327 347 0.7278307551921075
328 329 0.2683118715812747
328 348 0.6495882298474895
329 330 0.5548835882045169
329 349 -0.8283006849886052
330 331 0.5447092547299495
330 350 0.49763843194116997
331 332 -0.09136145886997982
331 351 0.48168483421268604
332 333 0.6915371070606031
332 352 0.1485079893708321
333 334 -0.9892099131095984
333 353 0.14420562650365376
334 335 -0.8479615737682149
334 354 -0.49804317476881077
335 336 0.6974198633915016
335 355 0.7982834923888127
336 337 -0.648271806341941
336 356 -0.7648765903064152
337 338 -0.9660560663593514
337 357 -0.716632861696634
338 339 0.7166562440843627
338 358 -0.43270965299999786
339 340 -0.1203517442093125
339 359 0.697557116844183
340 360 0.8441566124811546
341 342 0.1980118262782331
341 361 0.4346642911110261
342 343 0.8495875299103925
342 362 -0.18979508527201672
343 344 0.5008609430416748
343 363 -0.005898048330893468
344 345 -0.2674777301939455
344 364 -0.5998129897715598
345 346 -0.5693526700563101
345 365 0.8604865083346089
346 347 0.3244211741826937
346 366 -0.4820410524622809
347 348 0.6113246434190085
347 367 -0.28535347667524413
348 349 -0.0058958193972029616
348 368 0.16492148048367383
349 350 0.8993589615498456
349 369 -0.04574859797911324
350 351 -0.09861568977394053
350 370 -0.43325712102160296
351 352 0.15006296764803562
351 371 -0.02296969778381386
352 353 -0.47810195212513484
352 372 0.5942232927200184
353 354 -0.2836012102269505
353 373 0.36656553776258094
354 355 0.9103438910686685
354 374 0.6830555288088029
355 356 0.010385727979020709
355 375 -0.5574350954899538
356 357 -0.5787915401074446
356 376 -0.11304402964122962
357 358 0.9741468317989685
357 377 -0.6159233342330535
358 359 0.8937687316984884
358 378 -0.21699111651005842
359 360 0.6153613356440921
359 379 0.19110844329239285
360 380 -0.27992129593121406
361 362 0.8746990692898091
361 381 -0.29638046292059594
362 363 -0.7034169347981136
362 382 0.3645742613491676
363 364 -0.9145349966942447
363 383 0.6337349928914868
364 365 0.5329628273513407
364 384 0.8683623301656362
365 366 -0.9842105041180766
365 385 0.283743678846174
366 367 -0.44640065088461767
366 386 0.2709559837183837
367 368 0.2815625110551656
367 387 0.19766509472025695
368 369 -0.0921755322954847
368 388 -0.4834566536991649
369 370 0.7709804734399874
369 389 -0.8300892723264344
370 371 -0.7150209947866635
370 390 0.8201676154075004
371 372 0.2887991006975046
371 391 0.8966175561302234
372 373 0.6690213352094512
372 392 -0.0942299368844497
373 374 0.22798927192368845
373 393 -0.6525660019454738
374 375 -0.7025386066408039
374 394 -0.5076030570199579
375 376 -0.9034964834666834
375 395 0.7619280400015673
376 377 -0.07905031958078501
376 396 0.5138657702695069
377 378 -0.9839951591655565
377 397 0.13689137249566685
378 379 0.4294757393586026
378 398 -0.6479310502500908
379 380 -0.3486568679789712
379 399 -0.5104132050820456
380 400 0.037029488646495023
381 382 -0.49273180505720804
382 383 -0.6730224984707631
383 384 -0.9727525116163218
384 385 -0.9471952038821221
385 386 0.2893250552840405
386 387 0.4488122177152922
387 388 -0.5289152883067378
388 389 0.23667325651844306
389 390 0.8764641522759076
390 391 -0.841788504755024
391 392 0.6048860098085964
392 393 0.35922831775158226
393 394 -0.39728017694955065
394 395 -0.8904807653477416
395 396 0.8968284776406141
396 397 -0.6715361377589639
397 398 -0.035405421557634265
398 399 -0.6484973090179056
399 400 0.4768604130890097
