1 2 -0.556013657820521
1 21 0.7414646123547528
2 3 -0.4818048071777885
2 22 0.6049937705257404
3 4 0.8870801640317592
3 23 -0.7766151456328572
4 5 0.4200980947088768
4 24 0.4031056651627447
5 6 -0.08130881048271155
5 25 -0.16269179992620098
6 7 -0.30454166466573485
6 26 -0.9743038520391929
7 8 -0.3233227020542735
7 27 0.48550148303506235
8 9 0.33782688028430274
8 28 -0.2571901059691064
9 10 -0.45033119197639193
9 29 0.9412114151235225
10 11 0.7483674407713263
10 30 -0.029206653864940257
11 12 -0.2257725064089493
11 31 0.810472617332473
12 13 -0.15068584036827692
12 32 -0.9737198369532964
13 14 0.3176903675876277
13 33 -0.20248575334634733
14 15 -0.4014927293016268
14 34 0.7614099991846062
15 16 0.2792574224055029
15 35 -0.029945506248781006
16 17 -0.5259791148072743
16 36 0.4000008156648598
17 18 -0.8421109254262926
17 37 0.9872218557528849
18 19 -0.04858766878042475
18 38 -0.9150270250722772
19 20 -0.35419788553288956
19 39 0.8150727966032381
20 40 0.14145597946949962
21 22 -0.5865616893211472
21 41 0.8372218158758431
22 23 0.7409661740029663
22 42 0.8454992278913398
23 24 0.6871099322204475
23 43 -0.3079436964880953
24 25 0.5346627622355669
24 44 0.9486989577712879
25 26 0.26581108158193434
25 45 0.05435766589312441
26 27 -0.668716346723407
26 46 -0.8792671351644445
27 28 -0.39900826045312154
27 47 0.5975725491333364
28 29 -0.5869946428343387
28 48 -0.33859119358399625
29 30 -0.06066703012366137
29 49 -0.4296378714590501
30 31 0.2483770249060273
30 50 -0.3143839277724654
31 32 0.002109247599751729
31 51 0.3448165649150614
32 33 0.21320577595440726
32 52 -0.30616623563743883
33 34 -0.7526767549669422
33 53 -0.1519876672742646
34 35 -0.9364502250400915
34 54 0.5104614195360322
35 36 0.39911735942760784
35 55 -0.36366216901031123
36 37 -0.16638799827324346
36 56 0.796127263161746
37 38 -0.7285301525259762
37 57 -0.8923681783124477
38 39 0.5520721286743071
38 58 0.42952181342108053
39 40 0.20684958958864486
39 59 -0.07252158826177357
40 60 -0.23680484583774586
41 42 -0.023177622410341714
41 61 0.22348772580529142
42 43 -0.9955715749351128
42 62 -0.06102325648484541
43 44 -0.7983454542747097
43 63 -0.23318186786576955
44 45 -0.25257096520806144
44 64 -0.8338911139231102
45 46 0.9224222803482305
45 65 0.5780202291124874
46 47 -0.4436881322257671
46 66 -0.30333601132197785
47 48 -0.8281004413403834
47 67 -0.5286727246696548
48 49 -0.836740875169723
48 68 -0.12692889306045596
49 50 0.8764841866843043
49 69 0.9334533376729595
50 51 -0.06285299442483105
50 70 -0.877171957013281
51 52 0.7748059444317308
51 71 -0.8832284904337055
52 53 -0.5769462098810831
52 72 0.950300057454802
53 54 -0.9894246999651914
53 73 -0.8436681830588819
54 55 -0.5692764007961502
54 74 -0.26622611271591445
55 56 -0.2680580351419428
55 75 -0.7340077538680545
56 57 -0.4042297463231401
56 76 0.08155415711279446
57 58 0.8200612594749925
57 77 -0.2697423240169936
58 59 0.28444438715694753
58 78 0.20605408141671688
59 60 0.8623133135532051
59 79 -0.3011863814696618
60 80 -0.22556744848860832
61 62 0.5318157129606311
61 81 0.036835975745886484
62 63 0.962937475212021
62 82 -0.20211039219429905
63 64 0.02070959467849587
63 83 0.9222061639302597
64 65 -0.5207191207755502
64 84 -0.5570344799140097
65 66 -0.00660898175481095
65 85 -0.5777179982115244
66 67 0.18244462277931306
66 86 0.5500262600722172
67 68 -0.12366221478767958
67 87 -0.747908293742531
68 69 0.6224319650663908
68 88 -0.10841507761861835
69 70 0.4387997656717444
69 89 -0.7262419353582352
70 71 0.039532976904093076
70 90 -0.10169171074040695
71 72 -0.41050671010205364
71 91 -0.644612825439556
72 73 0.6779644210162894
72 92 -0.10258138218650048
73 74 0.659616805727886
73 93 0.03353833222202818
74 75 -0.6845821044759615
74 94 0.6148620452344853
75 76 -0.5661119794653202
75 95 -0.026370947789115418
76 77 -0.4300108791197248
76 96 0.8971554498445649
77 78 -0.9910531490098144
77 97 -0.49826063792577124
78 79 -0.8509832714565118
78 98 0.047959252626170956
79 80 -0.8550825601457737
79 99 -0.08950879480989316
80 100 -0.43364776996556764
81 82 -0.4063989968475561
81 101 -0.6245575426774967
82 83 0.6274649551738363
82 102 0.0929129959449555
83 84 -0.25697476934398544
83 103 -0.9752611767992847
84 85 -0.27280040639178793
84 104 0.6206284642247035
85 86 0.20796828219256724
85 105 0.4971516211096356
86 87 0.24950893432477272
86 106 -0.6806381333553324
87 88 -0.5939360384243664
87 107 0.6830854837262703
88 89 -0.10537969201348063
88 108 -0.944943073044608
89 90 0.7797979708858904
89 109 -0.11747941289060271
90 91 -0.4020342770827485
90 110 -0.6542457861327609
91 92 -0.9068687525346057
91 111 -0.31638343845877515
92 93 -0.3575019153946508
92 112 -0.9718042317679605
93 94 0.577889791580058
93 113 0.4782218115329586
94 95 -0.5978922805309892
94 114 -0.29084221865738136
95 96 0.6528103564584404
95 115 -0.05289643872117211
96 97 -0.4444643416539429
96 116 0.35247705732244716
97 98 0.6166826179963234
97 117 0.4856386050168753
98 99 0.20161423405230638
98 118 0.23876494297754491
99 100 0.17827717847598845
99 119 0.5989902596014007
100 120 -0.6736982545891432
101 102 -0.8385174624702503
101 121 0.47688059239794
102 103 0.541708174280449
102 122 -0.030137850023084
103 104 0.7194137739763831
103 123 -0.7777785009192695
104 105 -0.8798076602673004
104 124 -0.10051288420688786
105 106 0.5117276625212284
105 125 0.9870080158653345
106 107 0.7875253064645737
106 126 0.4611825320134042
107 108 -0.25513509016702973
107 127 -0.5626365410846872
108 109 -0.4420446558513076
108 128 -0.8496590002267153
109 110 0.5722547563941227
109 129 0.4429774567039386
110 111 -0.3186725581669436
110 130 -0.41029895538242966
111 112 0.830801469698387
111 131 -0.494567442494634
112 113 0.4561396843715466
112 132 -0.46735290034662147
113 114 0.05559871537931671
113 133 0.4545909519035418
114 115 -0.26880447988504996
114 134 -0.4649541916670512
115 116 0.7663531640493231
115 135 0.8739342786134867
116 117 -0.291269274943198
116 136 0.3669794401867008
117 118 0.2902877322573236
117 137 0.6512883041239452
118 119 0.7952950654174724
118 138 -0.33953063807901573
119 120 -0.26320996754047665
119 139 0.0394310672715148
120 140 0.8568996284258736
121 122 -0.11738155420809382
121 141 -0.6833802645746976
122 123 -0.9417768726545646
122 142 -0.8269486231955898
123 124 -0.0433219120264301
123 143 0.6999600647723871
124 125 0.6263410549666899
124 144 -0.4715232509187024
125 126 -0.5630044373198022
125 145 -0.14872533293002665
126 127 -0.004463961471597555
126 146 0.2872804387819883
127 128 0.6922656449015305
127 147 0.15074933011830427
128 129 -0.9045232457728016
128 148 0.7271711597022199
129 130 0.3063281555010797
129 149 0.5339462652619531
130 131 -0.2749246083596748
130 150 0.6175081219199579
131 132 -0.773924362822173
131 151 0.8836898735436303
132 133 0.02337990514701893
132 152 0.25203814302419136
133 134 0.887645825022358
133 153 0.8968521824611528
134 135 -0.5521547587508226
134 154 0.49522025629025457
135 136 0.5429158384652937
135 155 0.5580270699038674
136 137 0.2397566267698763
136 156 0.5459850301636877
137 138 -0.054349269526815736
137 157 0.8378041344179694
138 139 -0.5114492201425072
138 158 -0.1240120021648714
139 140 0.7771316020052821
139 159 0.26579994709269994
140 160 -0.5414365228360698
141 142 0.7598740624025577
141 161 -0.4518270760155507
142 143 -0.7770923752439534
142 162 -0.4975097766189047
143 144 0.029475934001358173
143 163 -0.10678434415537352
144 145 -0.8731980360532627
144 164 -0.5157846554881302
145 146 -0.15230079438955468
145 165 -0.3627071246353373
146 147 0.018950188614845098
146 166 -0.6635836839627736
147 148 0.267432954581341
147 167 0.7778570873522324
148 149 0.42863518062432204
148 168 0.6608754007524822
149 150 0.6236605108787563
149 169 -0.07667691863181325
150 151 0.7911991202817863
150 170 0.8300666448451539
151 152 -0.013378018975006123
151 171 -0.056417957927623386
152 153 0.5058119876167804
152 172 -0.683707651827467
153 154 -0.4911370911714157
153 173 0.8167677594446787
154 155 0.15476543119851072
154 174 0.5477259584168885
155 156 -0.9707123937989985
155 175 0.3857118973318139
156 157 0.2525014584602572
156 176 -0.08779886420478311
157 158 -0.4606931806982919
157 177 -0.00670985286595438
158 159 0.23440613870692828
158 178 0.7032319800387072
159 160 -0.45278729229218717
159 179 0.8632532681594427
160 180 -0.4752399643309895
161 162 -0.17152996183789737
161 181 -0.40784013453270407
162 163 0.92983058505273
162 182 0.2635321054754909
163 164 0.6009528415011394
163 183 -0.9592172431036987
164 165 -0.8298590764995688
164 184 0.615554870694704
165 166 -0.26933396213119387
165 185 -0.044117379790887146
166 167 0.2829295450756635
166 186 0.9763355259256539
167 168 0.4279181179364364
167 187 -0.4697746634977098
168 169 -0.7341884072116089
168 188 -0.26942708090994594
169 170 -0.03075878402740928
169 189 -0.8052275105315478
170 171 -0.15688875802047741
170 190 0.7968950239639452
171 172 0.37569351226600767
171 191 0.6341696553109322
172 173 -0.8173667768770405
172 192 0.5481342987846574
173 174 -0.05794857507252216
173 193 -0.5832333720140104
174 175 -0.6860888750208747
174 194 0.09012888275706521
175 176 -0.9313592694571042
175 195 0.5097492115108342
176 177 -0.09885597070295882
176 196 -0.6872809880472179
177 178 0.658759721246851
177 197 0.08769686003413102
178 179 0.48656268274987347
178 198 0.03523443332894827
179 180 0.1394517156093411
179 199 0.675901756404427
180 200 0.02982902545724997
181 182 0.25757581775896665
181 201 0.1596756203790901
182 183 0.6333204052307237
182 202 0.13216399218551267
183 184 0.14523729761559845
183 203 -0.1772327684412469
184 185 -0.6594998487238357
184 204 -0.6093107488751226
185 186 0.0841808181540169
185 205 -0.4695395067464041
186 187 0.540658726235183
186 206 -0.6370375817610878
187 188 -0.9805833833337028
187 207 0.0989269190579809
188 189 0.826435084631636
188 208 -0.13322421802478623
189 190 -0.25827446709536495
189 209 0.7722685856559046
190 191 0.17415518544362252
190 210 0.9932221998335458
191 192 -0.5461853855756471
191 211 -0.5952942911417836
192 193 -0.8970841369323492
192 212 -0.18676534806435163
193 194 -0.1797045988108017
193 213 0.16786223304158354
194 195 -0.840589735866778
194 214 -0.8031770089211883
195 196 -0.1501399659915721
195 215 -0.8327183430143179
196 197 -0.7648837863573388
196 216 -0.6905080305725999
197 198 -0.5203158831154642
197 217 -0.33269539011258575
198 199 -0.22073273375473224
198 218 0.4928847005733794
199 200 0.6130192967737211
199 219 0.34333108666935397
200 220 0.8093581420082134
201 202 0.19985839324997512
201 221 -0.4683617649289855
202 203 0.2707124111637862
202 222 0.6238047823608213
203 204 0.9702735953916091
203 223 0.6028030608221402
204 205 0.6292840231157206
204 224 0.6205710583649913
205 206 -0.7312725442952828
205 225 -0.3962278045345402
206 207 -0.7604619584830339
206 226 0.8606836859754854
207 208 0.41505245058399254
207 227 0.6113892192800461
208 209 0.8513036261673577
208 228 0.9227361522629016
209 210 -0.5594559477609731
209 229 0.49783023835891016
210 211 -0.7514743207634325
210 230 0.5136631175553605
211 212 -0.1510024384480826
211 231 0.6951858973567233
212 213 -0.9279530098631841
212 232 -0.58442230561832
213 214 0.7779987108840152
213 233 0.8067484684528641
214 215 -0.13605547525722406
214 234 0.184499691721836
215 216 0.8608777506501444
215 235 -0.6295856414357461
216 217 0.8590666193392895
216 236 0.3409159390294161
217 218 0.721061293042998
217 237 0.05799060363156272
218 219 -0.25875447645883565
218 238 -0.1513883914633778
219 220 -0.4021371711558215
219 239 0.30625696838265637
220 240 0.8935960122160307
221 222 -0.4306282387172724
221 241 -0.492823588452425
222 223 0.8533652304877486
222 242 0.8252535274075663
223 224 -0.8920757957097063
223 243 -0.6190444530889947
224 225 0.17874775646748509
224 244 0.829468680234924
225 226 -0.7270398123574497
225 245 -0.3645995932948207
226 227 0.8201948659245835
226 246 0.49836931922086425
227 228 -0.6186873316034156
227 247 0.2684285520492715
228 229 -0.9867837840208509
228 248 -0.13413882897323837
229 230 0.6132593303073333
229 249 -0.6068643404112766
230 231 0.17653713980567853
230 250 0.02913204061835084
231 232 0.8542428067088363
231 251 -0.6191932734555203
232 233 -0.6212045967319724
232 252 0.6798016434330751
233 234 0.11955075048306973
233 253 0.6143229745844596
234 235 0.4332847891267144
234 254 0.13657720170536125
235 236 0.9207698067750636
235 255 0.5681379755651879
236 237 0.809722021419933
236 256 0.2293898751166672
237 238 -0.308457879434072
237 257 0.24804130792777324
238 239 -0.963278622440229
238 258 0.015522953323112043
239 240 -0.7692403297807524
239 259 0.3396617021094821
240 260 -0.23238540515506134
241 242 -0.3448721046225318
241 261 -0.7116713986931591
242 243 0.6496214408770509
242 262 -0.8115945356453547
243 244 -0.09516230836604911
243 263 0.40588415423595636
244 245 -0.8803567264907308
244 264 0.9299932805406645
245 246 0.35836536174218203
245 265 0.20268231179077656
246 247 0.5210630808334829
246 266 -0.7142484042413386
247 248 0.8771058682187802
247 267 -0.4836272315093768
248 249 0.16622525768717744
248 268 -0.3023448555538071
249 250 0.5292053003881105
249 269 0.31469252549609017
250 251 0.5164311891990403
250 270 0.6665634484348153
251 252 0.3789184120478706
251 271 -0.10826264017694665
252 253 0.48588344657126603
252 272 -0.5106475588115023
253 254 0.05823071919250644
253 273 -0.8098458717991244
254 255 -0.845898419811413
254 274 -0.24620749122723162
255 256 0.8453874473633793
255 275 0.25201319165085434
256 257 -0.5743757509452947
256 276 -0.9749826429690986
257 258 -0.7039759412042861
257 277 0.4827490454211023
258 259 -0.5901052331864034
258 278 0.9326980408465286
259 260 0.05033882396288991
259 279 -0.35410213790812906
260 280 0.24541074548684838
261 262 -0.6687742775974648
261 281 0.9278610581358837
262 263 -0.27790316307238183
262 282 -0.9289819364793395
263 264 -0.3359037009286452
263 283 -0.2800336096573848
264 265 0.14195043371161153
264 284 -0.3949637749992114
265 266 0.994450933125844
265 285 0.12182917962030393
266 267 0.6238883831148487
266 286 -0.61544140844905
267 268 -0.4150390807384654
267 287 -0.14871197592154917
268 269 -0.24793596419040775
268 288 -0.2883568476844032
269 270 0.9509184222082816
269 289 -0.22341370069309252
270 271 0.6621756554771945
270 290 -0.3117621214396131
271 272 0.7562205594847526
271 291 -0.4087777976538636
272 273 0.17233618990639843
272 292 -0.01080237532636974
273 274 -0.1285226988595689
273 293 0.3983327413467397
274 275 0.47585485732452826
274 294 0.9011023708686134
275 276 -0.2964407934821862
275 295 0.39824181642294
276 277 0.06735735752555527
276 296 0.9459907164746084
277 278 -0.27224611616331473
277 297 0.03345896177015395
278 279 -0.815047567929643
278 298 -0.916761535771512
279 280 -0.11538220579958902
279 299 -0.42986762657685396
280 300 -0.8098689340950462
281 282 0.9204534305713876
281 301 -0.6231706888081296
282 283 0.09271669708161379
282 302 0.5922854417120085
283 284 0.842941131918354
283 303 0.9072610114546942
284 285 0.6514116529967013
284 304 0.3188345607066425
285 286 0.09745239418636187
285 305 0.28469908031044433
286 287 -0.6905097809173244
286 306 -0.18584208695706073
287 288 0.14235720319146172
287 307 0.980111106646141
288 289 -0.5379342496539756
288 308 -0.9479255111472811
289 290 0.5134999924433761
289 309 0.6879072443120113
290 291 -0.23864588535321474
290 310 0.1905702550596866
291 292 -0.4595923030572777
291 311 -0.9561362101824942
292 293 -0.817676618398878
292 312 -0.28436485302323655
293 294 0.5090953046090012
293 313 0.3557070487171199
294 295 0.8106532120340975
294 314 -0.0168193930324958
295 296 -0.07902831459029613
295 315 0.46926905395937935
296 297 0.5873954975149498
296 316 -0.8621488334341012
297 298 -0.30666408152479474
297 317 0.7145732350263572
298 299 0.0342063480121888
298 318 0.9669150049286925
299 300 -0.06017693700085802
299 319 -0.1478890894159932
300 320 -0.32177925244612493
301 302 -0.9513868767410261
301 321 -0.5908889072400987
302 303 -0.8977143937973058
302 322 -0.6226645284137842
303 304 -0.18462854264571282
303 323 0.7971423097694466
304 305 0.9730028828067918
304 324 -0.7850209328498021
305 306 0.45357874126715214
305 325 0.23162707903699054
306 307 -0.9992342112650581
306 326 0.6910356323276197
307 308 0.17639922540924724
307 327 0.775798793925947
308 309 0.4623679997364849
308 328 0.9970315345256682
309 310 -0.24185471438491768
309 329 -0.5526238452027732
310 311 -0.9142561096732635
310 330 0.629410554335619
311 312 0.7427017609678188
311 331 -0.6678804403276919
312 313 0.5014019729765951
312 332 -0.7424649294677188
313 314 -0.995790302597078
313 333 0.36467494567244296
314 315 0.8710521706521237
314 334 -0.4972334435343231
315 316 0.9075020350625673
315 335 -0.8865147037499155
316 317 -0.2721545879084397
316 336 -0.7332106722208125
317 318 -0.6469307485242506
317 337 0.7382482887798052
318 319 -0.4521085937809213
318 338 -0.7338536662385624
319 320 -0.015625146114432775
319 339 -0.9461715120408178
320 340 0.38481444968584966
321 322 0.399687228253115
321 341 0.5590291711110595
322 323 -0.2690444641756704
322 342 -0.5114182660841833
323 324 -0.33949349608098744
323 343 -0.8345228618400247
324 325 0.1618370552667907
324 344 -0.05434368988542637
325 326 0.17700012994614234
325 345 0.21000862698040468
326 327 -0.6777350933121187
326 346 0.47850146978532093
327 328 0.3124225580881297
327 347 -0.054442251779986295
328 329 -0.9233161396799507
328 348 0.7181964339061053
329 330 -0.2635151963481648
329 349 0.3056597608551517
330 331 0.17204620241017365
330 350 -0.112990557034792
331 332 -0.4429376042792903
331 351 -0.5073376077910001
332 333 -0.5201986394040445
332 352 -0.2871511164108822
333 334 0.9600424962966967
333 353 -0.5739922765332759
334 335 0.2338362948390027
334 354 0.5256374193916995
335 336 -0.6688873644603794
335 355 -0.13928356497239536
336 337 -0.45916380770250464
336 356 0.3552389027233558
337 338 0.32369556322903437
337 357 -0.6368530646229495
338 339 -0.8189228658992953
338 358 -0.9930313615951667
339 340 -0.7829218293979499
339 359 0.7078141087318268
340 360 0.4636690340334988
341 342 -0.954133815121837
341 361 0.15532571625951208
342 343 0.590174945842064
342 362 -0.29581012846726296
343 344 0.05343513091718277
343 363 0.32168878191677064
344 345 0.3045415719754012
344 364 -0.5162818918051417
345 346 -0.2904290786040773
345 365 0.5547639892570284
346 347 0.1658216318468273
346 366 0.5405200059429223
347 348 -0.38890294054698926
347 367 -0.29964084380660716
348 349 0.08860986194090903
348 368 -0.9609600823536335
349 350 -0.48522529770941136
349 369 0.7169978653810387
350 351 0.27626974923548775
350 370 0.9107031550780826
351 352 0.8441043607348793
351 371 -0.8367436804714918
352 353 -0.9919564351845678
352 372 0.5469070359507804
353 354 0.42643397921692183
353 373 -0.6046217656023223
354 355 -0.9966424621815133
354 374 -0.8357598191939137
355 356 -0.9451029702715144
355 375 -0.2807943531320276
356 357 -0.3487054228828601
356 376 0.01889450852648511
357 358 -0.6867958435814454
357 377 -0.48053681281905125
358 359 0.2314249133123667
358 378 -0.29352600077161917
359 360 -0.6484100867617693
359 379 -0.3786636956941698
360 380 -0.48547395518716185
361 362 -0.9967156545679094
361 381 0.030945223810787015
362 363 0.27775536412073065
362 382 -0.01316989620648057
363 364 0.7859685887105967
363 383 0.9303150940286813
364 365 -0.9377398731631879
364 384 0.08846470549237151
365 366 0.2092066284665668
365 385 -0.38153845705304557
366 367 0.19998633347537198
366 386 0.9229349716923441
367 368 0.5542685844944599
367 387 -0.6449819053597727
368 369 -0.8623671828526884
368 388 0.050898962154980465
369 370 -0.4096170390835028
369 389 0.5280693313224394
370 371 0.6084223002077489
370 390 0.31229938345606545
371 372 -0.32668311057917854
371 391 0.36087006293363455
372 373 -0.20981634038261054
372 392 0.2773334038929687
373 374 0.5329785790362902
373 393 0.8715939123184293
374 375 -0.3576421822471352
374 394 -0.5673003921341209
375 376 -0.1536439126839868
375 395 -0.6509425674661165
376 377 -0.4214997734461461
376 396 -0.18063515012639342
377 378 -0.11266763969646987
377 397 0.8883767208388615
378 379 0.6400150784268237
378 398 -0.5566065370695694
379 380 0.3912611714730383
379 399 -0.23008362326144804
380 400 0.22510598953312666
381 382 0.27959035226171425
382 383 0.16699948744011306
383 384 0.5398653537826295
384 385 -0.27057964241523
385 386 -0.5087380029116786
386 387 -0.24044322116356542
387 388 -0.7241292832077753
388 389 -0.7908795871157348
389 390 -0.357912528028959
390 391 -0.5849153177493978
391 392 -0.6688696879934524
392 393 0.05206855841216096
393 394 -0.5835976674550969
394 395 -0.6504850189478857
395 396 -0.9160235324448476
396 397 -0.24434888061946736
397 398 0.5692074627970893
398 399 0.09599995970965924
399 400 -0.1922207136284233
