1 2 0.30074848347918337
1 21 0.010906747469685785
2 3 -0.9753349250341588
2 22 0.3904759566089304
3 4 0.046484226850247
3 23 0.7883486254709491
4 5 -0.9636718873479002
4 24 0.7812068154370808
5 6 0.48222237088168374
5 25 -0.21494907584984557
6 7 -0.8126779313600005
6 26 -0.5557259540494637
7 8 0.8984184826120731
7 27 -0.5519841131987178
8 9 0.18895938777339016
8 28 -0.5644962976246921
9 10 0.29295703672861806
9 29 0.7128056319537672
10 11 0.9977022407054625
10 30 0.1861798938324115
11 12 0.5161697958382461
11 31 0.6854297089230983
12 13 -0.003824847411525667
12 32 0.01564700275280395
13 14 0.4855748479974995
13 33 -0.030085652132850305
14 15 0.49231169120873153
14 34 -0.7594303297999156
15 16 0.14289785275721134
15 35 0.19108861169332547
16 17 -0.3234005976346217
16 36 -0.12440953356979612
17 18 -0.14930809084630692
17 37 0.9475475675455898
18 19 0.5579248628551674
18 38 0.9159952175128767
19 20 -0.12859342857544864
19 39 -0.5646208535803336
20 40 0.7583994897455315
21 22 0.7572029418431039
21 41 -0.6363195492569311
22 23 0.06931842074099426
22 42 -0.8417305654331682
23 24 0.5888314543408302
23 43 0.2587062678393883
24 25 -0.7573608936081795
24 44 0.272275481460138
25 26 -0.41100291199604766
25 45 0.2864722063278047
26 27 0.14085402852853224
26 46 0.9431529418147815
27 28 0.1599736581869302
27 47 -0.8473180222266803
28 29 -0.2610439043115633
28 48 0.4090580999636426
29 30 0.0703632068548612
29 49 -0.9532474492669538
30 31 -0.05946720295975427
30 50 0.5790060880739356
31 32 0.2036375141402429
31 51 -0.5927859071399488
32 33 0.1547840724236833
32 52 0.6634420007537214
33 34 0.034529694527080546
33 53 -0.7497311508159239
34 35 -0.36240298223871803
34 54 0.6969170602559307
35 36 -0.5302117423837007
35 55 -0.536383602535381
36 37 -0.549534295289619
36 56 0.8813537740110604
37 38 -0.4932234961399118
37 57 -0.10173913718309402
38 39 0.5000808195024231
38 58 0.9440690838637016
39 40 0.9662233707562753
39 59 -0.7861645974825802
40 60 -0.29347790978663224
41 42 0.7044661373491943
41 61 0.5002725722120214
42 43 -0.9727249965117055
42 62 -0.4442939199065459
43 44 -0.8657460277015503
43 63 0.574540026255767
44 45 0.7723090312974288
44 64 -0.6985481169695287
45 46 0.8065284718653503
45 65 0.5322372627440171
46 47 -0.7687257566674137
46 66 0.4137266743094976
47 48 0.5706547445671442
47 67 -0.012861143097679717
48 49 -0.7860109504293318
48 68 0.08400364753927603
49 50 0.502882518462364
49 69 -0.3887008182019056
50 51 -0.029870409706163947
50 70 -0.291123900077249
51 52 -0.544130869927067
51 71 -0.8797489696868928
52 53 0.19663264014505843
52 72 0.057030251147007105
53 54 0.534909179127399
53 73 0.19207640848939023
54 55 -0.9692896743448238
54 74 0.8489362097270441
55 56 -0.34817081091068247
55 75 -0.805194804801421
56 57 -0.7389874633336002
56 76 -0.7433469861929756
57 58 -0.22970737601330504
57 77 -0.8298517460579509
58 59 0.23102010637325399
58 78 0.20000427571767565
59 60 0.3875457326985088
59 79 0.9464669426889265
60 80 0.1540079675757664
61 62 0.33220333497064525
61 81 0.9757908965519244
62 63 0.9947705649592935
62 82 -0.5487987240935381
63 64 -0.2421479479544857
63 83 -0.058755226559064955
64 65 -0.21054581162542552
64 84 0.097844150116003
65 66 0.9907656719022526
65 85 0.9648794364952256
66 67 0.5155897143916113
66 86 0.019631363642514277
67 68 0.08397404097764194
67 87 0.4599406225007814
68 69 0.28941010054609184
68 88 0.8329778600839453
69 70 0.021328633353877136
69 89 0.6099771667943064
70 71 -0.9009369270922911
70 90 0.9837294926542166
71 72 -0.8779119653428216
71 91 -0.06920555744806567
72 73 0.6832087082684675
72 92 -0.6875174242272442
73 74 0.024238521168874927
73 93 0.9065995410185186
74 75 -0.21718741717078127
74 94 0.34239573104424026
75 76 0.7967269328563653
75 95 -0.42173255482336125
76 77 0.3470051770191753
76 96 0.3669484005280741
77 78 0.05176654387805879
77 97 0.8695400516240279
78 79 -0.08503255645996921
78 98 0.7346750870889291
79 80 0.03383014551881769
79 99 0.8009841615565025
80 100 0.7628006929219402
81 82 -0.48606315479233975
81 101 -0.9433881494550038
82 83 -0.789969293567951
82 102 -0.9673984425516127
83 84 -0.8417986542164069
83 103 -0.6931670916778285
84 85 -0.05505484133007399
84 104 0.4927120012642585
85 86 0.7501894546171395
85 105 0.8910725180835735
86 87 0.47749521202941314
86 106 0.8591456254984928
87 88 -0.9597135856781471
87 107 0.9132845009254233
88 89 -0.6107803795267224
88 108 0.336776580174434
89 90 -0.06239212207510869
89 109 0.8523991057393212
90 91 0.9194932463483261
90 110 -0.6858791060270235
91 92 0.18688661492028324
91 111 -0.9215017768795442
92 93 0.5876621778085904
92 112 0.6063086461633924
93 94 -0.5212059707292538
93 113 -0.4022102483040535
94 95 0.34253787874568653
94 114 -0.7817426496891058
95 96 0.37542673247773894
95 115 0.8268459032566124
96 97 0.4491528557136697
96 116 -0.2554348298340403
97 98 -0.22257697376055452
97 117 0.11108078000408939
98 99 0.8178207963630102
98 118 -0.41649341487145786
99 100 0.03727339415232023
99 119 -0.2569981636340979
100 120 0.10800489401635671
101 102 0.27143823092200337
101 121 0.6946247749732524
102 103 -0.31674509540551776
102 122 0.6163961174802766
103 104 -0.2456316177429707
103 123 -0.2974931536419816
104 105 0.155015364934036
104 124 0.07827416798353393
105 106 0.41195372550251075
105 125 0.7068691989499227
106 107 -0.5571243645682527
106 126 0.2564596861988693
107 108 0.3332472196810814
107 127 -0.8213631342863068
108 109 0.4408011336461197
108 128 -0.410247175673369
109 110 -0.6467671641502057
109 129 -0.5955626485915939
110 111 -0.4636856797321254
110 130 -0.30725413794448087
111 112 -0.5330431056600957
111 131 -0.6979949957910743
112 113 0.5610996869222837
112 132 0.3242805823192254
113 114 0.9049467541276957
113 133 0.684523898851602
114 115 -0.43481286728775737
114 134 -0.3354011782033508
115 116 -0.9029767710703125
115 135 -0.7817433268521798
116 117 -0.04809291686263317
116 136 -0.9496472598272683
117 118 -0.20413349447759987
117 137 -0.42488204127588935
118 119 -0.740410013817153
118 138 0.6179073213893644
119 120 -0.6561514890126272
119 139 0.9417818015341344
120 140 -0.14124406950369828
121 122 0.47234925023202146
121 141 -0.9583857761530192
122 123 -0.5653607541975334
122 142 0.8692099357280154
123 124 -0.9049898098745572
123 143 -0.5253496273586136
124 125 -0.16956622629879337
124 144 -0.4730153673258599
125 126 -0.3310269921392901
125 145 0.032332943114089074
126 127 0.40001815247883443
126 146 -0.17659660908106378
127 128 0.3478326098144524
127 147 0.5253143554771125
128 129 -0.6108857650358084
128 148 0.028715899491057906
129 130 -0.645097900862722
129 149 -0.9352056729303093
130 131 0.11829959161047277
130 150 -0.8192265527199116
131 132 0.5998037029275978
131 151 -0.823322718677965
132 133 -0.9394612796072732
132 152 -0.25377590357335467
133 134 0.5599333602420238
133 153 -0.8705446106554224
134 135 0.6978471965528139
134 154 0.8169053205942007
135 136 0.5959561251888714
135 155 0.404255321859327
136 137 0.8772499292327367
136 156 0.23389495603174892
137 138 -0.061630338693721365
137 157 -0.558918070253257
138 139 -0.3775018199363871
138 158 0.18671539331774967
139 140 -0.04967657562274197
139 159 -0.7711245666754798
140 160 -0.5311416503834867
141 142 -0.7767937386699344
141 161 -0.4045525162882804
142 143 0.9769957520878496
142 162 -0.9779666102920201
143 144 -0.6071101059563613
143 163 -0.22709871083615485
144 145 -0.9190680321396563
144 164 0.6319753648731556
145 146 -0.23725959815013198
145 165 0.7413306856565345
146 147 0.9304318586522826
146 166 -0.7556573381167093
147 148 0.45139226526759924
147 167 -0.6025021760060754
148 149 0.1545309655112337
148 168 0.21393731296863905
149 150 -0.2913108086031504
149 169 -0.4833431246808395
150 151 0.4552996600241017
150 170 -0.9765110970726301
151 152 -0.8700486434997858
151 171 -0.797999270869086
152 153 0.14253601428850393
152 172 -0.16252213778601954
153 154 0.09992746123236729
153 173 -0.852322734086659
154 155 -0.5770927221777991
154 174 -0.14070501700270177
155 156 -0.4611481719153445
155 175 0.7293128588382063
156 157 0.07844661179107915
156 176 -0.8319675923529297
157 158 0.06152825149040142
157 177 0.47290357052478327
158 159 0.9259522359064551
158 178 -0.4642842557104043
159 160 -0.1849914513928006
159 179 0.6503488180058565
160 180 -0.20837228154647258
161 162 0.37394038267968743
161 181 0.7232521120032924
162 163 0.5698055078368045
162 182 0.37072723762482207
163 164 0.6675815996839058
163 183 0.5498925598008377
164 165 0.3187613980121198
164 184 -0.5142861271594101
165 166 -0.4342276709300448
165 185 0.9979278364338806
166 167 -0.9049293204781172
166 186 -0.03428068586594346
167 168 0.3598759667296061
167 187 0.832196545259174
168 169 0.26546589674686594
168 188 0.6876764645888185
169 170 0.5246546780609065
169 189 -0.9828651245043944
170 171 -0.07216890963400169
170 190 -0.3904133415794271
171 172 0.02861499342968199
171 191 -0.9263998091508803
172 173 0.7416769156042882
172 192 0.8250702576575968
173 174 0.5687797553622007
173 193 0.24813533868281912
174 175 0.07434945296235429
174 194 -0.9389146882095463
175 176 0.111471551294547
175 195 0.5150492720414683
176 177 -0.7718197911837661
176 196 0.4657302520560147
177 178 0.9603785619079455
177 197 0.15331746583159434
178 179 -0.31097941601184975
178 198 0.7036026767249774
179 180 -0.10502540982424313
179 199 0.775617404132517
180 200 -0.22821632776249667
181 182 -0.6027312816324382
181 201 0.3143780612208451
182 183 0.0312879753220745
182 202 -0.46177365884147825
183 184 0.6070684727193645
183 203 -0.6170344236008138
184 185 0.329055145909235
184 204 0.5377630330336998
185 186 0.35059420390674956
185 205 0.8759378514148588
186 187 -0.5455585382642263
186 206 0.9376201203212349
187 188 0.6731426391959183
187 207 0.1300385114149436
188 189 -0.6301289281891276
188 208 0.11913803977928028
189 190 0.18193011436109896
189 209 0.2037878589804316
190 191 0.2881391340222519
190 210 0.9788782530838509
191 192 0.888174167391623
191 211 0.9858434706389949
192 193 -0.5446205479522432
192 212 0.24858557785695834
193 194 -0.4879442299396033
193 213 0.873912217221605
194 195 -0.3755625164182925
194 214 -0.6922004119689633
195 196 -0.967921742714499
195 215 -0.8416388906559331
196 197 -0.563086407071629
196 216 -0.158669184598625
197 198 0.8708840055538525
197 217 -0.1426906621935038
198 199 -0.6076205385745346
198 218 -0.15956892503466968
199 200 -0.5876467170841639
199 219 0.4877059646296018
200 220 -0.9295020977522928
201 202 0.3993112579841902
201 221 -0.2952150624843075
202 203 0.32956294158781696
202 222 0.5542489055926545
203 204 0.3174551567371564
203 223 0.0729301829896647
204 205 0.05955706209532363
204 224 0.6918133155284094
205 206 0.400669088280609
205 225 0.1260898471847265
206 207 0.8657707148880049
206 226 -0.9560450094451158
207 208 -0.36886861608807187
207 227 -0.3503414352526366
208 209 -0.9195903337531763
208 228 -0.1002839960977484
209 210 -0.8705411907285534
209 229 0.40940796213068964
210 211 -0.7104941836376601
210 230 0.2477826749108356
211 212 -0.6910730130902372
211 231 -0.8833715331419163
212 213 0.14777970981985433
212 232 0.176810496717013
213 214 -0.2732826458383586
213 233 -0.4034693520806951
214 215 -0.043325674173605
214 234 0.8332210473512198
215 216 0.36292890430605995
215 235 -0.8378995037963133
216 217 -0.4461885511950783
216 236 0.9406220547524677
217 218 0.47685931288235484
217 237 0.6535065993796407
218 219 -0.31505563612006426
218 238 -0.6401210122846652
219 220 0.595364535162237
219 239 -0.9254680764611232
220 240 -0.29841101263270997
221 222 0.5799210956506131
221 241 0.6280958762340969
222 223 -0.04866858942717944
222 242 0.9755724837720374
223 224 -0.04794704966765728
223 243 0.29478100295700016
224 225 -0.34717842065565074
224 244 -0.7025172265655515
225 226 0.23817550747595329
225 245 -0.918099825114236
226 227 -0.9362755695965026
226 246 -0.3309081891545127
227 228 0.4206879931096854
227 247 0.6533457869488388
228 229 -0.25615973201818076
228 248 0.4184654910043546
229 230 0.1347879759342534
229 249 0.9746061100124734
230 231 -0.1326153897260638
230 250 0.9804964301967549
231 232 -0.012426760980678297
231 251 0.6809776719036698
232 233 0.9642783274466589
232 252 -0.8015146694240827
233 234 -0.96996731260412
233 253 0.1858785803537013
234 235 -0.856383980251767
234 254 0.8976386110161478
235 236 0.6004717481295463
235 255 -0.8785483825961897
236 237 0.6687887593552495
236 256 0.8473499086209444
237 238 0.3939260514702587
237 257 0.16442112899716377
238 239 -0.21680146596546646
238 258 -0.06173475425823738
239 240 -0.1276381482170308
239 259 -0.11294755029791004
240 260 -0.04755868864127821
241 242 -0.6051574309957339
241 261 0.8989105883919648
242 243 -0.007509220224948043
242 262 0.34304417547059085
243 244 -0.023463559521856636
243 263 0.07869019817219303
244 245 0.567048603506209
244 264 0.7634649121571739
245 246 0.5952121777447197
245 265 0.07468924040108593
246 247 0.4622816437531454
246 266 -0.8678103959680878
247 248 -0.6976988318617998
247 267 -0.4359084353122169
248 249 0.08352567816307221
248 268 0.6419199586774915
249 250 -0.09304323032828266
249 269 -0.09347257618547622
250 251 0.7310117844917805
250 270 0.4215520960549384
251 252 -0.5705392952807391
251 271 -0.806727032908175
252 253 0.8765375717602124
252 272 -0.5836135369797117
253 254 0.37278703033308025
253 273 -0.19923836882605106
254 255 0.6178864372457895
254 274 -0.2839000184881353
255 256 -0.10302908809634226
255 275 -0.6351596992879665
256 257 -0.48105006905860326
256 276 0.7904391259288102
257 258 -0.746544507318901
257 277 -0.7891697576662509
258 259 0.053479572747890725
258 278 0.6160348827388085
259 260 0.1735652971389936
259 279 -0.24777735779026822
260 280 -0.11392239769077728
261 262 -0.046799228029125395
261 281 0.33320069596312796
262 263 -0.1394814372670654
262 282 -0.4780445144750407
263 264 0.8382256799202958
263 283 -0.08888741137876965
264 265 0.6387813014839656
264 284 -0.0014059997787387868
265 266 -0.3677368591931143
265 285 0.23241592522013943
266 267 -0.36554740607760317
266 286 -0.6135887427159026
267 268 0.3314347373729152
267 287 -0.27783040941142234
268 269 0.760656728226841
268 288 -0.7503707967491868
269 270 -0.9261514767996426
269 289 -0.9323427118884271
270 271 0.32049698569306817
270 290 -0.47815226293926805
271 272 -0.35623979419674545
271 291 0.6308726607744599
272 273 0.17542474823830578
272 292 -0.3394458728322911
273 274 -0.9592734685900692
273 293 -0.13030932471317125
274 275 0.6706354074562231
274 294 -0.5175120787486025
275 276 -0.9731604347447615
275 295 -0.2468271752625535
276 277 -0.8517875796225252
276 296 0.6802483632588601
277 278 0.6078102615214358
277 297 -0.6953394693141395
278 279 0.703126779068683
278 298 0.5269474541946175
279 280 -0.29688612568346606
279 299 0.6467679126814374
280 300 -0.9971381171457514
281 282 -0.5773759254971995
281 301 0.6150526476989571
282 283 0.888392723904786
282 302 0.3742626013659045
283 284 0.27348494478577123
283 303 0.20671932784404956
284 285 -0.13517286256463112
284 304 -0.3443384995892045
285 286 0.9939143591352506
285 305 -0.22885433298490176
286 287 -0.41210584498963687
286 306 0.04325779110451311
287 288 -0.41797933833640655
287 307 0.7506417494723585
288 289 -0.34399378390446333
288 308 0.3989426280106889
289 290 -0.07122230827747988
289 309 0.6967293868588744
290 291 -0.5851024715173012
290 310 -0.10613442591537914
291 292 -0.28017214214075037
291 311 -0.30743693071141753
292 293 -0.6227196107904722
292 312 -0.3704691198689747
293 294 0.3653797948127331
293 313 0.0021345859802237577
294 295 -0.7109063246533518
294 314 0.04003738676129465
295 296 0.5810208706987685
295 315 -0.18201259473316656
296 297 -0.7958241703709821
296 316 -0.497466154549711
297 298 0.6113106053017228
297 317 -0.13826864638067748
298 299 -0.46414081215291314
298 318 0.958332795477022
299 300 -0.8310515094362798
299 319 -0.908548673981715
300 320 -0.6088937819243341
301 302 -0.360627758885135
301 321 -0.4121280505964231
302 303 0.3193107912241431
302 322 -0.9292622281194065
303 304 -0.487293491509704
303 323 0.5183573278739522
304 305 0.061410358501322815
304 324 0.9383895482444395
305 306 -0.10724571341815659
305 325 -0.7463436931307821
306 307 -0.1103515102316801
306 326 -0.9728112005808323
307 308 0.05324715369894473
307 327 0.37861593940812543
308 309 -0.08828913823360973
308 328 -0.388087663157483
309 310 0.17345595052929808
309 329 -0.5061421670716766
310 311 -0.241105670738198
310 330 -0.4047381428483656
311 312 0.5842515028032325
311 331 0.2567705885967986
312 313 0.15360111920578645
312 332 -0.3415643182077901
313 314 -0.16613146105746113
313 333 0.722513864913795
314 315 -0.8484746611680096
314 334 0.8354197994664196
315 316 0.24864028400064409
315 335 -0.6960076185366852
316 317 -0.9715278741396975
316 336 0.6371212693314645
317 318 -0.2141594104680813
317 337 -0.45427949941988177
318 319 -0.9126824077973454
318 338 0.845886975271684
319 320 -0.5020851784968152
319 339 -0.7394124422312707
320 340 0.7345430520600218
321 322 -0.39616364469950893
321 341 0.655778803623501
322 323 0.812397527967174
322 342 -0.16250935698713875
323 324 0.08217007918772912
323 343 -0.4171140003413907
324 325 0.8604561966760664
324 344 0.7462418118419079
325 326 -0.23377553481181046
325 345 0.8288808615912919
326 327 0.20013386946791156
326 346 -0.2702982573635706
327 328 0.685127682493851
327 347 -0.507391061282038
328 329 0.5518904694736695
328 348 0.9887314950845323
329 330 0.9157628230193589
329 349 0.8663748885316127
330 331 -0.6684931338990949
330 350 0.2678170715381898
331 332 -0.08914378519373667
331 351 -0.4577646338763408
332 333 0.21956526235405782
332 352 -0.31793820571082954
333 334 0.6193080402548015
333 353 -0.13963713804774014
334 335 0.8773564959791074
334 354 -0.6281140074178819
335 336 0.5287900179930418
335 355 -0.8488860500159576
336 337 -0.48260793463232843
336 356 0.33087140538223236
337 338 0.16626031403740438
337 357 -0.4766102915575121
338 339 0.39743433618835433
338 358 0.5530360040633893
339 340 0.9970284173319375
339 359 -0.10844078823502223
340 360 -0.0021682291385094477
341 342 0.10506737770442509
341 361 -0.6166451901346817
342 343 -0.048113009455449385
342 362 -0.7287325635243227
343 344 0.7341864636227586
343 363 -0.9767017351642879
344 345 -0.3207756775118018
344 364 0.6264346767753237
345 346 -0.3574444288094474
345 365 -0.027035738894795935
346 347 -0.9619789999985664
346 366 -0.9808474544716295
347 348 -0.6414484134321636
347 367 -0.5046469555606126
348 349 -0.8306488425877965
348 368 0.5874208890630834
349 350 -0.10377979357393508
349 369 -0.10231653587643108
350 351 -0.41232293703515444
350 370 -0.023686100789103604
351 352 0.5254621963888144
351 371 0.3466550595550604
352 353 0.7151026531800724
352 372 -0.930243919803071
353 354 0.9369520934083855
353 373 -0.9302970771003278
354 355 -0.5484340307056432
354 374 0.49851471704590344
355 356 0.4904364367549905
355 375 0.4245513577047155
356 357 -0.12080970932575341
356 376 0.015594784082124002
357 358 -0.24167742312432172
357 377 0.6718523172178663
358 359 -0.2990956550844801
358 378 0.21223912513357557
359 360 -0.2543861049936078
359 379 -0.37154989895597557
360 380 -0.8890184336879627
361 362 0.42851348139328094
361 381 0.2797407144419508
362 363 -0.27551427748637436
362 382 -0.3476726381372828
363 364 -0.41362482519084165
363 383 0.977766144278561
364 365 -0.24003666438665872
364 384 -0.9845726653653311
365 366 -0.6226660085617566
365 385 -0.42572011145663824
366 367 -0.715943858201967
366 386 0.7570185382533867
367 368 -0.2684576612918457
367 387 0.7978195646884447
368 369 0.4772326368227606
368 388 -0.7707588026311962
369 370 -0.411876195653337
369 389 -0.9826644260081532
370 371 -0.5694225942870685
370 390 0.4102871761194844
371 372 -0.009262629709404058
371 391 -0.08551147951996585
372 373 0.668095746347771
372 392 -0.9647087391345155
373 374 0.910334563751217
373 393 -0.8718212971072172
374 375 0.3748994628787159
374 394 -0.037893621475363126
375 376 0.24450732152690247
375 395 0.6316738291262414
376 377 0.6337188210202509
376 396 0.22206908371646472
377 378 -0.6085693887233392
377 397 -0.6770630682511061
378 379 0.8220419979710445
378 398 0.3763508676407141
379 380 -0.3285490526286241
379 399 0.11780691938836396
380 400 -0.7960871094898512
381 382 0.06640766269324927
382 383 -0.7039643191843017
383 384 -0.02949193727656474
384 385 -0.7723023029982234
385 386 -0.11541191503244153
386 387 0.4488368940792602
387 388 0.0006867976278317478
388 389 -0.5945430760519534
389 390 -0.9192656508582797
390 391 -0.3961870146389028
391 392 -0.3510743500729725
392 393 -0.3803137676976269
393 394 -0.3818448594423822
394 395 0.9575664631674412
395 396 -0.663394512692393
396 397 0.3386794130185289
397 398 -0.739651882629413
398 399 -0.8096005436641691
399 400 -0.8409297644546398
