1 2 -0.6916743152406553
1 21 0.4800993930308095
2 3 -0.19873674527665286
2 22 0.990276320677117
3 4 0.27477099028193885
3 23 0.7249303245952301
4 5 -0.6165784554888885
4 24 -0.19482170420807043
5 6 0.22730690875020643
5 25 0.23678542547867987
6 7 0.5791522740845654
6 26 0.9631751093872736
7 8 -0.27252436243769784
7 27 -0.33287767556753556
8 9 0.7781127617989687
8 28 -0.6426374345744701
9 10 -0.6971484415415847
9 29 0.21534950367301198
10 11 0.01776516032963582
10 30 -0.24945362271448523
11 12 0.344901200211982
11 31 0.6509711933711086
12 13 -0.21348901452984115
12 32 0.8716670486473763
13 14 -0.9450016905645184
13 33 0.6033762344828468
14 15 -0.20869470934394108
14 34 -0.8951915058959292
15 16 0.293327515717577
15 35 -0.20451679582530446
16 17 -0.47299240662488584
16 36 -0.8704766370043091
17 18 0.15324596077058517
17 37 0.5687841406416676
18 19 0.6519883987399753
18 38 0.6837105463047042
19 20 -0.849040602365607
19 39 0.4957900706543068
20 40 -0.9220320138411926
21 22 -0.47336996962973066
21 41 0.06747878676059549
22 23 -0.6448716481242214
22 42 0.9251938060557006
23 24 0.8832754246793137
23 43 -0.10874589317874861
24 25 0.5736889304954493
24 44 -0.49238361214462123
25 26 -0.973293155617508
25 45 0.14886558965413776
26 27 -0.7168831756947662
26 46 -0.9474259602264279
27 28 -0.7871506729072948
27 47 -0.6277087598480127
28 29 -0.22419294348517016
28 48 0.8152691882977801
29 30 -0.043591373234236785
29 49 0.6572488929183291
30 31 0.19550332813932303
30 50 0.2843263706370762
31 32 0.6320167310933551
31 51 0.12072510771353806
32 33 0.6597605972007614
32 52 0.6809799751033203
33 34 -0.29314763269823185
33 53 -0.5874240192574367
34 35 0.7651796125231596
34 54 0.2653068372314795
35 36 0.28892332579488955
35 55 0.8549786080160622
36 37 -0.9357609489069274
36 56 0.6485033346945341
37 38 0.3859826707310656
37 57 -0.5135377590979926
38 39 -0.5038147835893574
38 58 0.9909026924227688
39 40 -0.7612013118397181
39 59 0.10901722216713017
40 60 -0.5207795430999957
41 42 -0.9708500750291607
41 61 0.8374940161997699
42 43 -0.16149945948178757
42 62 -0.15189510689800256
43 44 0.33991526487151
43 63 0.8486613992639833
44 45 -0.7810291573369623
44 64 0.8613520287637726
45 46 0.5553589041592433
45 65 0.8997641542755004
46 47 0.49288552244829464
46 66 0.23317614808094023
47 48 0.03849760952938741
47 67 -0.7747554419128275
48 49 -0.0957368996531629
48 68 -0.13341372641685556
49 50 0.8588509019039301
49 69 0.6575302163125598
50 51 0.9570596913644305
50 70 0.24307639046444862
51 52 0.1193792747378124
51 71 0.7160252774235023
52 53 0.38679027638242713
52 72 0.59583534607295
53 54 -0.9948916070418681
53 73 -0.46427343241130203
54 55 -0.4204134999331959
54 74 0.7349632484593167
55 56 -0.5464189057204976
55 75 0.7940702239039603
56 57 0.37399822270145133
56 76 0.53013683952317
57 58 0.7348725784474666
57 77 0.09851335578175213
58 59 -0.9914471129448363
58 78 -0.18613499102109143
59 60 0.08120061523526068
59 79 -0.4534907046771428
60 80 -0.33958892225073734
61 62 0.8014297082340245
61 81 -0.9331571447473108
62 63 -0.07370226054530815
62 82 -0.25255370235216934
63 64 0.23884693353549324
63 83 -0.3548285345823723
64 65 -0.7472254324508052
64 84 0.2100107807271272
65 66 0.40596434620002264
65 85 -0.7675885331043506
66 67 -0.8015906014478542
66 86 0.04380535071431213
67 68 -0.03214882107168093
67 87 0.862976754008725
68 69 0.4192245387338627
68 88 -0.6781957242974948
69 70 -0.9464659261619486
69 89 0.7805416364850555
70 71 -0.21319913680433977
70 90 0.8696767434143491
71 72 -0.5889307646211401
71 91 0.4314818332097181
72 73 -0.07086121663498224
72 92 0.7998244162110741
73 74 -0.7152564284532354
73 93 0.7491749280961728
74 75 -0.48183865763487543
74 94 -0.34139585545796436
75 76 -0.4899902831719991
75 95 0.2436720651366422
76 77 0.2359550763177416
76 96 -0.8863842864050178
77 78 -0.679875039068454
77 97 0.27274091181160154
78 79 -0.34003451967948206
78 98 0.9085863712487783
79 80 0.7346794936747965
79 99 -0.11726024271257973
80 100 0.9954245925603697
81 82 0.9138986725502336
81 101 -0.7255813572878471
82 83 -0.06898379965497803
82 102 -0.9296634770583905
83 84 -0.3610473781328376
83 103 -0.4170866299866942
84 85 -0.4197561268243457
84 104 0.2530587838451406
85 86 -0.5067970437538181
85 105 -0.16212263856485465
86 87 0.014863962957324395
86 106 -0.4286139481547835
87 88 -0.20228961114347999
87 107 -0.639216030932904
88 89 0.727503651678622
88 108 -0.9722748371039296
89 90 -0.6714030401951865
89 109 -0.33205545078888354
90 91 0.46364149260034115
90 110 -0.13886073643400398
91 92 0.6317430852441308
91 111 -0.7614469532305688
92 93 0.9407006472639254
92 112 -0.17762033003831057
93 94 -0.7764284950224529
93 113 0.5304574565464908
94 95 0.108138318177885
94 114 0.20374728322058444
95 96 -0.7042330893290503
95 115 -0.012446727025283488
96 97 0.3537144085974613
96 116 -0.6984724594296357
97 98 0.7599401991945471
97 117 0.17390877610047584
98 99 0.13103143110294124
98 118 0.48792140836026476
99 100 -0.08065169066668787
99 119 0.6297819036711068
100 120 -0.2510979968917979
101 102 -0.4323432940841083
101 121 0.21216636871765782
102 103 -0.8314546605363087
102 122 0.4650413962839002
103 104 0.9148348474781143
103 123 -0.18808331408071455
104 105 0.31895190768163273
104 124 -0.8645476767486104
105 106 0.2640630934276791
105 125 -0.8090594930702575
106 107 -0.503123021450383
106 126 -0.6393016396061169
107 108 0.6109840805721811
107 127 0.32147092398215094
108 109 -0.8518135811339755
108 128 -0.24816851392983152
109 110 -0.24539768107717475
109 129 0.6365618682555942
110 111 -0.08096574641595922
110 130 0.9975808177492782
111 112 0.6973443237882886
111 131 -0.7495554638154891
112 113 0.8111796547920205
112 132 0.4251644116921367
113 114 0.03380346896559483
113 133 -0.9213400315421452
114 115 -0.05900577824873565
114 134 0.5830087749934745
115 116 0.8955423264998397
115 135 -0.09855017167263247
116 117 0.9300673079684321
116 136 0.9046768868806332
117 118 0.6872289481874194
117 137 0.7071720291553267
118 119 -0.27486182454934194
118 138 -0.6282091811368107
119 120 0.6119142126786825
119 139 -0.1793646979044432
120 140 0.8479266527289364
121 122 0.8884502721060843
121 141 0.7054710822185699
122 123 0.27239998766573503
122 142 -0.9441844222769349
123 124 0.8931116447256062
123 143 0.7143811176638872
124 125 -0.28911415039795463
124 144 -0.33055184504645485
125 126 -0.21938158115373585
125 145 -0.35606482493854674
126 127 0.16764613395022443
126 146 -0.6921627852980701
127 128 0.22687022907784526
127 147 -0.7522356901495366
128 129 -0.5012729541989596
128 148 0.02524668976014821
129 130 -0.6038938261607614
129 149 -0.6479479060434483
130 131 0.9271963683324136
130 150 -0.9869607941296996
131 132 -0.8925712946663127
131 151 -0.05873868403447524
132 133 0.2839940409995929
132 152 0.0516221880079033
133 134 -0.601685049533571
133 153 -0.3140805254317951
134 135 0.08235567507716057
134 154 0.324673202703309
135 136 0.45687328038998265
135 155 -0.044671488456180075
136 137 0.9267763210737958
136 156 -0.13113133540450184
137 138 0.7218057335639969
137 157 -0.8301917485504158
138 139 -0.9467698659764756
138 158 -0.7404947588141308
139 140 -0.46799916912484085
139 159 0.47340802910195623
140 160 -0.05881942290401021
141 142 -0.9954815329629729
141 161 0.04245205444058575
142 143 -0.3996598803520268
142 162 -0.558294958342229
143 144 0.3778553320649152
143 163 -0.9934240624953208
144 145 -0.6449872655665292
144 164 -0.9839933204354376
145 146 0.9426505878551561
145 165 0.9383647592228825
146 147 0.4234551754105371
146 166 0.7175048109040705
147 148 -0.2969169064616892
147 167 -0.053800396780548265
148 149 -0.7130394861601366
148 168 0.28331100267144316
149 150 0.984872105980785
149 169 -0.9106025113118179
150 151 0.6919103412192649
150 170 -0.27503773218663397
151 152 0.8775012913323861
151 171 0.8950766237198391
152 153 0.8884283870276057
152 172 -0.27493490135800247
153 154 -0.2705640749860436
153 173 -0.40585768944313183
154 155 -0.8426844662927149
154 174 0.8090352429159795
155 156 -0.8864992182730149
155 175 -0.03918749677956823
156 157 0.2890354200129166
156 176 -0.8428965777548665
157 158 -0.2855191320476498
157 177 -0.5817034042545493
158 159 -0.3136404507070776
158 178 0.4550520390802555
159 160 0.05857415175826497
159 179 0.4072845706481105
160 180 -0.8539077940592827
161 162 0.10407526652913313
161 181 -0.0292451726745806
162 163 -0.8899600133195997
162 182 0.046492141556583766
163 164 0.8002069993139649
163 183 0.8397297419246468
164 165 -0.9791231958105577
164 184 0.19491760927824653
165 166 0.48683593645102774
165 185 0.03537859007093669
166 167 0.3728827415963698
166 186 -0.4697407823756168
167 168 -0.24322939875030092
167 187 -0.5561526675543738
168 169 0.0782110075970488
168 188 0.6598283515399819
169 170 -0.37830222842072025
169 189 -0.1768328576342162
170 171 -0.20542677009090848
170 190 -0.41108070804474184
171 172 0.17354600214502547
171 191 0.6262711841146826
172 173 -0.7202189297276171
172 192 -0.8794313901330106
173 174 0.28413778078776475
173 193 -0.8159004180560416
174 175 -0.8382379666675304
174 194 0.37948159780827284
175 176 -0.47179501168551075
175 195 0.9433549411820916
176 177 0.7744754252315744
176 196 0.4531977720373648
177 178 0.9667407380645705
177 197 0.34376548541632257
178 179 -0.07461752460034776
178 198 0.40215963634784946
179 180 0.9284440470130786
179 199 0.5186826021750874
180 200 0.8108245588733975
181 182 0.5362683081288446
181 201 -0.6785664937488598
182 183 -0.16726068541077965
182 202 -0.9035625003488592
183 184 -0.9881812882630314
183 203 0.2858522968716912
184 185 -0.8307229592957572
184 204 -0.36866352614266895
185 186 -0.6710400877621778
185 205 0.8987631407699475
186 187 -0.20593458626529593
186 206 0.02603205042448664
187 188 -0.5462394209610404
187 207 -0.7143437100946342
188 189 -0.4617501840934497
188 208 -0.6578885567345778
189 190 -0.5494734925687235
189 209 -0.4587942383570933
190 191 0.22959233330538753
190 210 -0.6467288411264207
191 192 -0.49749085681948046
191 211 0.28226313118018354
192 193 0.6162192382156138
192 212 0.07567038836831763
193 194 -0.8342984545494472
193 213 0.0782397209611736
194 195 0.23546328351796797
194 214 -0.48675965179999325
195 196 0.5754740111757906
195 215 0.7684932553879229
196 197 -0.3564559259340161
196 216 0.014576412206131817
197 198 0.8198217804077237
197 217 0.11211789012911999
198 199 0.16081702321688818
198 218 -0.3180964514924969
199 200 -0.6352170497055654
199 219 -0.07716367448457451
200 220 0.4869735443950549
201 202 0.5291209006777575
201 221 -0.9583804040958677
202 203 0.14480903105921872
202 222 0.6070333013547526
203 204 -0.22956603951385168
203 223 0.19148378857381276
204 205 0.9372366579399336
204 224 0.7471651024740258
205 206 0.8436519093677688
205 225 0.7651414006781014
206 207 -0.3115915583904125
206 226 0.09120465399601163
207 208 0.45885024233702665
207 227 -0.7539767811800482
208 209 0.052865528834892705
208 228 -0.5162891825347633
209 210 -0.7855645465814507
209 229 0.6220413316993341
210 211 -0.5832362988119861
210 230 -0.5674235509898851
211 212 -0.6684392844855576
211 231 -0.4933546081400735
212 213 -0.521394741680546
212 232 -0.3156338302832984
213 214 -0.3807157625107547
213 233 0.3432770811318291
214 215 0.9994838598101867
214 234 0.718574289112339
215 216 0.15758207347360909
215 235 0.9580485675379107
216 217 -0.6063407767541293
216 236 0.25921890206693954
217 218 -0.4690466047991817
217 237 -0.7810790597723094
218 219 -0.02553795843512363
218 238 -0.006115875018356087
219 220 0.7490239661436624
219 239 -0.48532986741797335
220 240 0.16643510433062048
221 222 -0.7295796432617663
221 241 -0.7674539651966203
222 223 -0.772796560920366
222 242 -0.4457655711496076
223 224 0.22161411100881856
223 243 0.1992383767946755
224 225 0.8255679883416487
224 244 -0.6602034781362289
225 226 -0.8979227999498587
225 245 0.549880430869458
226 227 0.372233469660862
226 246 -0.400614210013174
227 228 -0.3604440518553582
227 247 -0.21668075869405956
228 229 -0.08757177546305117
228 248 -0.7670359773061615
229 230 -0.508039824588377
229 249 0.2677034314473128
230 231 0.12285364865520187
230 250 -0.7938253453319826
231 232 0.8627110015612849
231 251 0.794663206056617
232 233 0.3153113452546261
232 252 0.49722356118034705
233 234 -0.43629042338605006
233 253 0.35864305178214173
234 235 -0.04847629741427495
234 254 0.9974246229107804
235 236 0.7940300747583475
235 255 -0.0760339245847037
236 237 0.9780600330617473
236 256 -0.45351776623343887
237 238 -0.0926619198766292
237 257 0.22414671418952903
238 239 -0.659482278306802
238 258 0.016305018393252935
239 240 0.5626766163509842
239 259 0.1468812821239267
240 260 0.6432302023618672
241 242 -0.3802048310199415
241 261 0.3429052904240053
242 243 0.2833561833708458
242 262 -0.014525389126984312
243 244 -0.3754320063134968
243 263 -0.8602526504738239
244 245 -0.36638419862190985
244 264 -0.5164395285718746
245 246 -0.7882096951530815
245 265 0.8107917332593071
246 247 -0.569284353070586
246 266 0.5766175798638258
247 248 -0.9241175610961094
247 267 -0.6899774261894964
248 249 0.19961325613770042
248 268 0.6732697853437393
249 250 -0.2791242196942969
249 269 -0.9902746244507588
250 251 -0.3773480461930061
250 270 0.6137631408657602
251 252 0.4858126524548372
251 271 -0.052993273196020096
252 253 -0.8292808233482216
252 272 0.24446170225216735
253 254 0.7598938749066013
253 273 -0.3068230986600957
254 255 -0.19316550764589735
254 274 -0.13013948142862608
255 256 0.19012766669297676
255 275 -0.40699327818659525
256 257 -0.8884428253511054
256 276 -0.8109394698494177
257 258 0.3873969219888409
257 277 0.9572048634294166
258 259 0.8476890070536214
258 278 0.23171020320902924
259 260 -0.43553496052682616
259 279 0.4397555642705293
260 280 0.4756943015226449
261 262 -0.05754044349997178
261 281 0.6323365960920537
262 263 0.013112151336189592
262 282 -0.07711947986808965
263 264 0.601468468431055
263 283 0.8228681002666383
264 265 -0.018090060350034243
264 284 0.08788681913702723
265 266 0.1757729694232053
265 285 0.9761795153898376
266 267 0.5516978918948137
266 286 -0.9165480987562613
267 268 -0.6587019875661959
267 287 0.5406244111236205
268 269 0.8246638225873433
268 288 0.9012541440801818
269 270 -0.5055582041174373
269 289 0.6598143903994573
270 271 -0.027929869172555133
270 290 0.9114686268627568
271 272 0.7611006036554633
271 291 -0.6586023925569671
272 273 0.20821838969468098
272 292 0.5903821618639924
273 274 -0.4856899068291387
273 293 0.49114753435208214
274 275 0.3768934348676789
274 294 -0.4717166798929173
275 276 -0.16103219550345504
275 295 -0.905674673726957
276 277 -0.014408181301697187
276 296 0.7702675641898808
277 278 -0.7894785223822371
277 297 -0.15610125243391493
278 279 0.660868528677981
278 298 0.9030563035431418
279 280 -0.8244853827138163
279 299 -0.487848587126553
280 300 -0.3840351395460335
281 282 -0.4208264329388929
281 301 0.46625195522534124
282 283 0.7894861478557815
282 302 0.21155538627116988
283 284 -0.6106507419149259
283 303 -0.5787847222942322
284 285 -0.1890912258299795
284 304 0.48482062635358725
285 286 -0.14267728696764426
285 305 0.25969995790228073
286 287 0.29097073908856075
286 306 -0.7436137949878276
287 288 -0.5216029179153208
287 307 0.4943401744678926
288 289 0.16305873857302777
288 308 0.029380611761827158
289 290 -0.17767935541047697
289 309 -0.8201708320308876
290 291 0.4291140170638712
290 310 -0.769509331200595
291 292 0.0157354520491797
291 311 0.19836129456055018
292 293 -0.5513974974373375
292 312 -0.6768980934003364
293 294 -0.7259580846594647
293 313 0.0463038265582536
294 295 -0.11774846046847798
294 314 0.34364387269767915
295 296 0.45182980558296615
295 315 -0.3135677820970262
296 297 -0.8997677073049573
296 316 -0.003620385716839314
297 298 0.828466293146531
297 317 0.04331740186901256
298 299 -0.9906035481947648
298 318 0.32185275420197335
299 300 -0.5401558482720328
299 319 -0.5401245982647522
300 320 -0.3525181057319853
301 302 0.4052447105104926
301 321 -0.34486104747315394
302 303 0.2067112063351073
302 322 -0.1122562876174622
303 304 -0.24511843527871058
303 323 -0.19430557965465312
304 305 0.2874660315304054
304 324 0.3186867014293413
305 306 0.5525626685306384
305 325 -0.48036502446477214
306 307 0.09530500588461499
306 326 -0.4169531066881069
307 308 -0.30501163071180937
307 327 0.3224267364001705
308 309 0.553432423841731
308 328 0.344194652164149
309 310 0.9494749996987657
309 329 0.30472452806395034
310 311 -0.1042764097394806
310 330 0.05353895971286882
311 312 -0.9255120716770857
311 331 0.6310765307774469
312 313 0.5011346545683579
312 332 -0.22424854536695182
313 314 0.8500831508006264
313 333 -0.41600635709783873
314 315 -0.5143103761709396
314 334 -0.1079087399940839
315 316 -0.12192432892658833
315 335 -0.20436946842159354
316 317 -0.16145826646474815
316 336 0.3641951207754375
317 318 0.3619004024210988
317 337 0.6973339305865776
318 319 -0.23141048072040205
318 338 0.8078263824434324
319 320 -0.45235251020874423
319 339 -0.4446285999888173
320 340 -0.8257293924070268
321 322 -0.33070494178788845
321 341 0.9561161580330377
322 323 -0.03990643334621957
322 342 0.7768950544593858
323 324 0.7703553888655899
323 343 -0.5956913132598549
324 325 -0.7015526294645336
324 344 0.4931675796115118
325 326 0.2778261385243148
325 345 0.6535999503213512
326 327 0.6516902323946057
326 346 -0.8052952561108293
327 328 0.30910799966477165
327 347 -0.534048114215401
328 329 -0.6724249186732589
328 348 -0.1448832896148522
329 330 0.3123111726226553
329 349 0.8550325416800211
330 331 0.7926737260343937
330 350 0.8405063041321095
331 332 -0.4368194608091558
331 351 0.8506021861635347
332 333 -0.7569220361315454
332 352 -0.12460276653204905
333 334 0.5017089211850139
333 353 -0.18708910899439068
334 335 -0.807537921816053
334 354 0.8988372282227453
335 336 0.7248966942520909
335 355 -0.44477138462266086
336 337 0.24005683246482912
336 356 0.2031777987229244
337 338 0.016400994073174857
337 357 0.6518327571971214
338 339 0.21718382815680126
338 358 -0.26970137639205594
339 340 0.927713488559003
339 359 -0.2826527074716767
340 360 -0.19350363874487253
341 342 0.24916422347070477
341 361 0.9006270493990507
342 343 -0.5829990230796398
342 362 0.8891629243126498
343 344 -0.16197034503249896
343 363 0.2959183466785227
344 345 0.28289519123123297
344 364 -0.4035379415367264
345 346 0.0426105166408588
345 365 -0.15102972224489442
346 347 0.7950238227171096
346 366 -0.3160217080304344
347 348 -0.15805045998360523
347 367 0.35308703109989836
348 349 -0.69121467867277
348 368 0.13340319460870043
349 350 0.8660452375353069
349 369 0.7565131777735821
350 351 -0.89343270422316
350 370 0.8194013354402199
351 352 0.8660824826480567
351 371 0.5756350090155962
352 353 0.5964609287608873
352 372 -0.3083483248686074
353 354 0.6771339131563789
353 373 0.49190182216654144
354 355 0.2273996642710261
354 374 -0.7195628301369066
355 356 0.22278436074142927
355 375 -0.5617357671861261
356 357 0.020227621152121955
356 376 0.0462817697625697
357 358 -0.5686545680476403
357 377 0.4111619436891809
358 359 -0.7640771397088411
358 378 -0.9001163135988111
359 360 -0.3325790093248411
359 379 0.4682911896943933
360 380 0.16914472080035914
361 362 0.5349513012409775
361 381 0.650018506429547
362 363 -0.8530599121154689
362 382 0.19030491327218102
363 364 0.023285905586662103
363 383 -0.3323350289707938
364 365 -0.24834420936108015
364 384 0.9772557303502947
365 366 0.062006075608564304
365 385 0.8919562453401206
366 367 -0.7358293899169825
366 386 -0.08483410317047935
367 368 0.21069057251181533
367 387 0.217361013083321
368 369 0.018206179366948128
368 388 -0.09244296781989303
369 370 -0.19694937540915203
369 389 -0.44210067779414963
370 371 0.3781469192390521
370 390 0.14888160809261075
371 372 0.6538206232454564
371 391 -0.3938740964212206
372 373 -0.6022640471395477
372 392 0.53124000624525
373 374 -0.9464094218184047
373 393 0.7882390519842501
374 375 0.1123614116316547
374 394 -0.8515464140839046
375 376 -0.38717074104508487
375 395 0.468816426112036
376 377 -0.8082100319973926
376 396 -0.06853037221474567
377 378 -0.33496700152133974
377 397 0.6056471310117368
378 379 0.4347374507240076
378 398 0.8977927772383192
379 380 -0.07575002418144683
379 399 -0.013292217859404376
380 400 -0.40030096428315876
381 382 -0.18671939638667667
382 383 -0.9376978582964672
383 384 0.5569468677186893
384 385 -0.3108101194401638
385 386 0.9985473242884857
386 387 -0.8311243838725153
387 388 -0.9210331564486693
388 389 0.9820225439299379
389 390 -0.03815000666624502
390 391 0.836653219160338
391 392 -0.6828995290819064
392 393 -0.8686652947006652
393 394 -0.6628823634382259
394 395 -0.1020312698825796
395 396 0.04771225487927744
396 397 -0.4636756066023888
397 398 -0.30324539322463706
398 399 -0.19990352935833555
399 400 0.6597102203894498
