1 2 -0.8049327965010968
1 21 0.5224994333497126
2 3 -0.9116655546740635
2 22 -0.8469268769287428
3 4 0.3053587576038874
3 23 0.4214653472462666
4 5 0.7232086608596955
4 24 0.5916082274569225
5 6 0.33420701774184525
5 25 -0.8598414930511953
6 7 -0.33316587277136556
6 26 -0.5496085833664348
7 8 -0.5922646118682204
7 27 0.1940704593578595
8 9 -0.9783936520787901
8 28 -0.45499710936785975
9 10 -0.7433281661987827
9 29 0.7727810998958189
10 11 -0.8577431502412991
10 30 0.08181116538411404
11 12 -0.565484194912236
11 31 0.35474342090687117
12 13 -0.8377149561360657
12 32 0.6341773651393383
13 14 -0.6300423174265861
13 33 -0.6102054760346047
14 15 -0.6114056248812161
14 34 0.7105031497066849
15 16 -0.7481414412466785
15 35 0.653768271235188
16 17 -0.2582892219957402
16 36 -0.6804249914815497
17 18 0.32571118646315433
17 37 -0.6430999417592829
18 19 -0.2702340719375682
18 38 0.6161462961562312
19 20 -0.09129716676760458
19 39 0.3935112937625589
20 40 0.14144342517869157
21 22 -0.5061240536673459
21 41 -0.7237366250473609
22 23 -0.9793122097795086
22 42 0.9886096445158847
23 24 -0.1981053358637801
23 43 0.8236526802517721
24 25 -0.045791780168331186
24 44 -0.8136394197783383
25 26 0.1874298619610304
25 45 0.4895811255673108
26 27 -0.3694258055878368
26 46 -0.7039419614437521
27 28 0.8815417109607067
27 47 -0.15488806069596306
28 29 0.6353908328344882
28 48 -0.6935349446894048
29 30 0.5279637568715254
29 49 -0.009329843988593156
30 31 0.3646145083549084
30 50 -0.005723432319765687
31 32 -0.0859957425673461
31 51 -0.12470878951584474
32 33 0.5276792742238372
32 52 -0.9022704892595363
33 34 -0.08003471603574752
33 53 -0.6003691997479199
34 35 -0.7194672508965165
34 54 -0.5318642882674878
35 36 0.8272615571284647
35 55 0.08872641389057923
36 37 -0.6972241551117124
36 56 0.718578998931588
37 38 0.5197833999626778
37 57 0.11863611389882256
38 39 -0.775133964361556
38 58 -0.5883748254064682
39 40 0.6254374007907888
39 59 0.993542042840919
40 60 -0.3365254121251757
41 42 -0.33710687345813706
41 61 -0.8340008699862143
42 43 0.19888779419385427
42 62 -0.6405223944705936
43 44 -0.8921642105667615
43 63 -0.009591673411435409
44 45 -0.37261857061577164
44 64 0.2824449850254922
45 46 0.6939924978615546
45 65 0.024207360348784457
46 47 0.28343878103970854
46 66 0.052875376861761136
47 48 0.6090661823936196
47 67 0.5951440735486047
48 49 0.4333679046042864
48 68 0.9885408802311766
49 50 0.7089574313180229
49 69 -0.6812486382976009
50 51 -0.16082069915586938
50 70 0.36027694294363655
51 52 0.27824854863390613
51 71 0.7668774590901555
52 53 0.16125771349699103
52 72 -0.6145306559587347
53 54 0.5628938676147366
53 73 -0.3819324021224799
54 55 0.7483481812073474
54 74 -0.4941627887990454
55 56 0.045438535112538814
55 75 0.06101302584601287
56 57 -0.44745903478343707
56 76 0.25078539726183213
57 58 0.9560411497342329
57 77 -0.4194905764461203
58 59 0.4523051670405964
58 78 0.5990875365189336
59 60 0.9320616175179968
59 79 0.8215415728661293
60 80 -0.9303531800346376
61 62 0.34395416256093325
61 81 0.6131875963233151
62 63 -0.27124319606783387
62 82 0.7276734540863037
63 64 -0.5007227188270564
63 83 -0.3030582768398662
64 65 0.16799450913213043
64 84 -0.46586805423498423
65 66 -0.7502085785212549
65 85 -0.5325786532855488
66 67 -0.6147753277318442
66 86 0.960656695406148
67 68 -0.42693542095628745
67 87 0.2035181752842341
68 69 -0.7728884743423874
68 88 0.010238466514859823
69 70 0.8589496056407324
69 89 0.254119276524744
70 71 -0.04616470552907903
70 90 0.26538518988910664
71 72 -0.2758062608452918
71 91 0.6326494843323978
72 73 -0.6172420992668626
72 92 0.25057521998899235
73 74 0.1797604101672523
73 93 0.0582003788123302
74 75 0.864573467708341
74 94 -0.13653982681618881
75 76 0.5848395359100191
75 95 0.269029054684484
76 77 0.6477249354936621
76 96 -0.4985953013314186
77 78 0.8633978871081618
77 97 0.6370779953976493
78 79 0.06612178993436424
78 98 -0.2692860690660237
79 80 -0.46113134883989226
79 99 0.18140327664844214
80 100 -0.4061075716779208
81 82 0.965483829088428
81 101 0.2713214695937052
82 83 -0.09948899807499312
82 102 0.9427395369699432
83 84 0.4817723435340986
83 103 -0.2776859836388439
84 85 -0.886893222864062
84 104 0.8205042233789244
85 86 -0.4545085866484395
85 105 0.6661213136603017
86 87 -0.6919668893044713
86 106 0.7054891652415682
87 88 0.11719246219128077
87 107 -0.3136353917255996
88 89 0.20496532826672764
88 108 -0.26779692924517207
89 90 0.7192016773114422
89 109 -0.7312867927308362
90 91 0.8860819003317442
90 110 0.09174541426364735
91 92 0.661106137581631
91 111 0.15832749944708557
92 93 -0.9787016095185561
92 112 0.26970778093289227
93 94 0.04415241708762663
93 113 -0.5221918189509407
94 95 0.3952855195103473
94 114 -0.4871135737168688
95 96 0.20524476830211658
95 115 -0.6353182950709002
96 97 0.2847266862646394
96 116 -0.092647071519661
97 98 -0.16539530692915583
97 117 -0.5517612327990005
98 99 -0.04297790067337859
98 118 -0.8183671116415889
99 100 0.4057174216067907
99 119 0.9652945600888383
100 120 0.006297108474012214
101 102 -0.5681534879056394
101 121 0.09805486416855924
102 103 -0.7286804465695853
102 122 0.4313489654055611
103 104 0.2614842019557184
103 123 0.9484617013387922
104 105 -0.39339063498364735
104 124 -0.3371413956956273
105 106 0.5166164769979686
105 125 -0.48073044441562773
106 107 0.32817003483575147
106 126 -0.5357459251637096
107 108 0.26005540383534065
107 127 -0.2693335270925168
108 109 0.9824628085985685
108 128 -0.7896056217720042
109 110 0.6369161855109122
109 129 0.2143026564553805
110 111 0.44895137020335696
110 130 -0.4217295467608959
111 112 0.09192511008563509
111 131 -0.796418470743989
112 113 -0.2303899251709034
112 132 -0.527595203794532
113 114 0.9319148505562749
113 133 0.21111436822680663
114 115 0.9183408480186359
114 134 -0.4821303308192937
115 116 -0.8083115312714415
115 135 -0.8731179151621231
116 117 -0.049666538395878757
116 136 -0.38487283142326434
117 118 -0.20620720392994207
117 137 -0.3335910715133683
118 119 0.27869294352771656
118 138 0.27976809229142763
119 120 -0.4413918613016201
119 139 -0.003076394317095499
120 140 0.1648136378954448
121 122 0.09111991601845215
121 141 -0.5318478537059967
122 123 0.8418965011745263
122 142 0.8707288450957216
123 124 -0.15566307932424217
123 143 -0.8734604984851861
124 125 -0.8866274673455652
124 144 -0.9412710127171171
125 126 0.7427543688332927
125 145 -0.5116233068461211
126 127 0.49260052698016565
126 146 -0.8857277431429964
127 128 0.7937981221768919
127 147 0.4647237258809762
128 129 -0.6249070016181497
128 148 -0.1353483254904717
129 130 0.6606141593677735
129 149 0.6614382009838307
130 131 0.5153387119222339
130 150 0.05931384807597562
131 132 -0.0931358716427424
131 151 0.6370533365608912
132 133 -0.9701765710338079
132 152 -0.13139865587547095
133 134 -0.2935583926548817
133 153 -0.18568509725536675
134 135 0.9659143729290245
134 154 -0.45175603954114885
135 136 -0.15719091137737862
135 155 -0.331947947775699
136 137 -0.39927881541912824
136 156 0.1156641594101786
137 138 0.8821027469336231
137 157 -0.07773410811564307
138 139 0.15632114634026872
138 158 -0.9330079022503186
139 140 -0.4576230082301658
139 159 0.22032060231907602
140 160 -0.3471883608820667
141 142 -0.7725483139858411
141 161 -0.0006814659020906166
142 143 0.8726058177358496
142 162 0.34554808976922424
143 144 -0.8428259662419291
143 163 -0.5882675531136432
144 145 -0.7477382571201048
144 164 -0.8007977121670735
145 146 -0.8993451657495244
145 165 0.04152376188471951
146 147 -0.019482158084527468
146 166 -0.03162380620539773
147 148 0.2298397785345183
147 167 0.6757589321864401
148 149 -0.4950583276345948
148 168 -0.04063686637071351
149 150 -0.22233184961004548
149 169 0.8406647339477515
150 151 0.9370964732015794
150 170 -0.6882185764093978
151 152 -0.08370934045102407
151 171 0.556421324057925
152 153 -0.47693644817126235
152 172 -0.29755053356641015
153 154 0.20735575650073024
153 173 -0.047110832683496806
154 155 0.804649232828812
154 174 -0.09012681992284755
155 156 -0.017375219565836986
155 175 -0.314855777611168
156 157 -0.14236595388007145
156 176 0.7635952804385695
157 158 -0.023801184520168217
157 177 0.3023147732483933
158 159 -0.1894823445955902
158 178 0.11045432397211497
159 160 -0.7383681592273235
159 179 0.2907963113918999
160 180 0.2120166521022302
161 162 -0.695783155156424
161 181 0.06537216111453925
162 163 0.8779852708854585
162 182 0.04845546043079341
163 164 -0.4249571278583415
163 183 -0.23706078028706057
164 165 -0.675638517478524
164 184 -0.6982372132077723
165 166 -0.04475309833439378
165 185 0.7965874026673934
166 167 0.1908302516615823
166 186 -0.8151389440713108
167 168 0.3587892520651217
167 187 0.4403338753237951
168 169 0.7729824782027044
168 188 -0.32822078774592356
169 170 -0.0786752203241643
169 189 -0.023864779731380903
170 171 0.6825734360163407
170 190 -0.6732495556395302
171 172 -0.9905911458142644
171 191 -0.6413405495756239
172 173 0.8896027947349125
172 192 -0.8212420573444092
173 174 -0.0094753284984892
173 193 0.7301426851520392
174 175 -0.5245242504193781
174 194 -0.7650427973391951
175 176 -0.09258883970839915
175 195 0.554390405416995
176 177 0.28373292148474594
176 196 -0.9696873564920556
177 178 0.6129798213452711
177 197 0.16760042641987893
178 179 -0.7858226274550257
178 198 0.5881615138439131
179 180 0.7686175631535763
179 199 0.19969784872445318
180 200 0.5928512332811533
181 182 -0.22598646310690196
181 201 0.37665476684432875
182 183 -0.10215648599631288
182 202 -0.9374448266689577
183 184 0.6703746903639234
183 203 -0.8358484642770101
184 185 -0.37521919766650846
184 204 0.11960123320958083
185 186 -0.31164583649164745
185 205 0.6941030175114855
186 187 0.8783830372732353
186 206 0.9071403710830375
187 188 0.5499969717147477
187 207 0.44856686487944986
188 189 0.8467663726832364
188 208 -0.6238285499217939
189 190 0.013775589077600348
189 209 -0.9869103366327998
190 191 -0.8845793195678742
190 210 -0.5688728859643724
191 192 0.914046161373631
191 211 0.26726771574877217
192 193 -0.5663067843001512
192 212 0.9178840722562591
193 194 0.6256680880413032
193 213 0.9616319370903554
194 195 0.2636489852457786
194 214 -0.6425317028883093
195 196 0.6133645777452865
195 215 0.17042216490308926
196 197 -0.45767593288430475
196 216 0.5131143237851774
197 198 -0.2694883970531854
197 217 -0.2797650826128866
198 199 -0.8658682105017881
198 218 -0.16688882404841876
199 200 -0.02214180421587497
199 219 -0.8802606517849823
200 220 0.6662616572939348
201 202 -0.2541456871832142
201 221 0.8923200899267851
202 203 0.7182089806160246
202 222 -0.6349424119538967
203 204 0.6416697444721473
203 223 0.6333145513237504
204 205 -0.3039121792233568
204 224 -0.301169234504167
205 206 -0.8359363322057121
205 225 -0.7873408755747873
206 207 0.04755457567039012
206 226 0.31927742591084973
207 208 -0.3085788116153507
207 227 -0.5371398505070291
208 209 0.5886731281895548
208 228 -0.7585088134985547
209 210 -0.35847014438823743
209 229 -0.1526470857594473
210 211 -0.7581172034820063
210 230 -0.40557585055523093
211 212 -0.9210021561628694
211 231 -0.34700209756920763
212 213 0.0003810265859074402
212 232 -0.49093642272931204
213 214 0.4142649704809569
213 233 -0.8950300928148383
214 215 0.9379443164866288
214 234 0.5058932306690926
215 216 -0.33326884448189564
215 235 0.5325854869506192
216 217 -0.9846319818261686
216 236 0.6985905169389757
217 218 0.8884777166258708
217 237 0.16538361736682927
218 219 0.5527560900134192
218 238 -0.3270041738506395
219 220 -0.09512401753928601
219 239 0.9074261462120594
220 240 0.49347813262682516
221 222 0.5547158362134139
221 241 0.21606860613490886
222 223 0.4566188926572554
222 242 0.934736557325385
223 224 -0.3338086010327228
223 243 0.35126352554116624
224 225 0.22741110710252288
224 244 -0.8595407150538321
225 226 0.568625831735226
225 245 0.7288344383122389
226 227 -0.041300974963819126
226 246 -0.0016093164413273353
227 228 -0.5980132339931301
227 247 0.7116628477399038
228 229 -0.9534967328859179
228 248 -0.7976416699596893
229 230 -0.8523626971290621
229 249 -0.5439777923394642
230 231 -0.9837798368587207
230 250 0.32369852632289287
231 232 -0.06418193185739907
231 251 -0.1815000776128648
232 233 -0.4355454304917108
232 252 0.4735739254491742
233 234 -0.8377472935845527
233 253 -0.9760472851558508
234 235 -0.5642127420775773
234 254 0.6322448274760215
235 236 -0.11600011986432368
235 255 -0.9309161422895649
236 237 -0.5963255170537238
236 256 -0.15484070456440757
237 238 0.9096280623267761
237 257 0.5216649769191346
238 239 0.5257066582270657
238 258 0.044324417980047714
239 240 0.4625780896056293
239 259 -0.7757597335732254
240 260 -0.8773581369526937
241 242 0.2304640731721379
241 261 0.28597520253864683
242 243 0.7966314917466537
242 262 0.6687430055818384
243 244 0.9668715620915522
243 263 0.9183985990864965
244 245 0.1951411531506324
244 264 -0.37620308024028937
245 246 -0.27024803903591454
245 265 -0.8033279376114422
246 247 -0.31260204605357056
246 266 0.5642251224543346
247 248 0.46348382950231604
247 267 0.08568184251962463
248 249 0.671184785211123
248 268 0.34427799131012327
249 250 -0.4666122325566928
249 269 0.9938260463835173
250 251 0.6466929613669041
250 270 -0.7315224934479678
251 252 0.1220701024644344
251 271 0.48666653699531803
252 253 0.9718012999042236
252 272 0.43439245737590326
253 254 -0.6073036501762761
253 273 0.28973591988845215
254 255 -0.619396510944465
254 274 -0.7003072234229675
255 256 -0.28209847690436773
255 275 -0.9301987815715902
256 257 0.07996791523717217
256 276 -0.0061671104914931
257 258 -0.8388946364938308
257 277 0.2691355311909738
258 259 -0.6857270759914533
258 278 -0.38851662430584
259 260 0.30374594805002997
259 279 0.5404269618102069
260 280 -0.6166111551919247
261 262 -0.4630329857393307
261 281 0.5003122972064531
262 263 0.1810156080567531
262 282 -0.27708150281291144
263 264 0.33988781067091134
263 283 0.785923294783295
264 265 -0.49569309400003947
264 284 0.05093181694113991
265 266 0.7172718795812707
265 285 -0.7797898956589455
266 267 -0.7218258402849564
266 286 0.9150823459873476
267 268 -0.5947163796025079
267 287 0.06074121351433459
268 269 0.34530519063137444
268 288 -0.7616458649217066
269 270 -0.7577275492853417
269 289 -0.31253886844044265
270 271 -0.5787382873987474
270 290 0.631893279451347
271 272 -0.3948834248921165
271 291 -0.2109392220135029
272 273 0.22734663808442046
272 292 0.12612485992372835
273 274 -0.4266807148506717
273 293 0.552584048523441
274 275 -0.6467096705397102
274 294 0.6697370403235003
275 276 0.08499373633466512
275 295 -0.3706824400271027
276 277 0.18720514057038273
276 296 0.4079658969174529
277 278 0.08852504493773483
277 297 0.7900971602255087
278 279 0.1121705279297105
278 298 -0.5855183240446613
279 280 0.3900584369088709
279 299 0.4933095024665435
280 300 -0.14526108372379087
281 282 -0.42633902115969335
281 301 0.41875211565246806
282 283 -0.6703386064719643
282 302 -0.11957647911726688
283 284 -0.30488454335232706
283 303 0.2633310875354584
284 285 0.11488435954191445
284 304 0.18971300297105853
285 286 -0.7668143470253703
285 305 -0.14999424550371243
286 287 0.6821549139398042
286 306 -0.8174757477263863
287 288 -0.39013738760322747
287 307 0.645595318900059
288 289 0.531497103164648
288 308 -0.12315765704243131
289 290 0.9795584173892333
289 309 0.9245066319365445
290 291 -0.4047307894329486
290 310 -0.01009134988965621
291 292 -0.5034331384167159
291 311 0.5829130925701078
292 293 0.6378291032146253
292 312 0.2234279535169903
293 294 0.5915838649026359
293 313 -0.1465960968765696
294 295 -0.1835169860437056
294 314 -0.14998205456184244
295 296 -0.3404019214368139
295 315 -0.2346854778078371
296 297 0.4809250871639772
296 316 -0.3987216889529208
297 298 -0.15983272031564377
297 317 0.5992128163095258
298 299 0.8797567716285308
298 318 0.5793481307388186
299 300 -0.3026303922517428
299 319 0.32476582454251535
300 320 -0.35876404481383073
301 302 -0.8704264490564688
301 321 0.3797169584784714
302 303 0.520373042537261
302 322 -0.11545233425466095
303 304 -0.6230136096235142
303 323 -0.3034308772352765
304 305 0.21107328233250056
304 324 -0.8492657327746951
305 306 -0.9450539835962548
305 325 -0.7528019495575746
306 307 -0.14041751485581244
306 326 -0.7940934931215431
307 308 0.17084863125163507
307 327 0.4526413943177565
308 309 -0.42939178829863356
308 328 0.5929617920107055
309 310 0.8028712451242874
309 329 -0.6088017183022678
310 311 -0.8061152524739008
310 330 0.4429275768237724
311 312 0.07649830621821763
311 331 -0.8260978650684643
312 313 0.5345425040846428
312 332 -0.9143066526941115
313 314 -0.4118262186830415
313 333 0.488082991190131
314 315 0.8242012888451478
314 334 -0.40855643279408715
315 316 -0.8552649843768023
315 335 0.5587649104159398
316 317 -0.28832294511231926
316 336 0.049098570565089705
317 318 -0.7577906353401471
317 337 -0.7122697640293738
318 319 0.8629202449963165
318 338 -0.9771500092271903
319 320 -0.6756174386913569
319 339 0.6383621204607006
320 340 0.07455593663744153
321 322 0.10433566693935492
321 341 0.1076529606211214
322 323 -0.7389532161933079
322 342 -0.6359153093608205
323 324 0.9695541439181192
323 343 0.5032624781824622
324 325 0.11943592567113148
324 344 -0.22470310192221188
325 326 -0.9649313705138702
325 345 -0.17678136786552812
326 327 -0.30737485073759485
326 346 0.38896689837581233
327 328 -0.6321148391374978
327 347 -0.9878376300892955
328 329 -0.04120720808461931
328 348 0.47129224719771345
329 330 -0.8204338566342817
329 349 -0.8062501590134545
330 331 0.7662118515122422
330 350 -0.29329795166132744
331 332 -0.8967389669235197
331 351 -0.2594939137575656
332 333 0.45697123524553396
332 352 -0.9218507888893555
333 334 0.19206368999731382
333 353 -0.3664706700771956
334 335 -0.5555910001042708
334 354 0.5250060506235383
335 336 0.5450714185283623
335 355 -0.7235382848127416
336 337 0.8834290792701076
336 356 -0.9922378254174047
337 338 -0.9086309682421152
337 357 0.1941517781231905
338 339 -0.3028512786877633
338 358 -0.9108935594098073
339 340 -0.5326500442988049
339 359 0.4787710654126214
340 360 0.23003640808841141
341 342 -0.3069427404188194
341 361 -0.6547740798316046
342 343 0.9948746648992801
342 362 -0.46229619719059234
343 344 0.6661200867702923
343 363 -0.7159388740816588
344 345 -0.5852431498123616
344 364 -0.24021760602475584
345 346 -0.05508042121703882
345 365 -0.8346365507825206
346 347 -0.165589272278297
346 366 -0.6943511999909004
347 348 -0.5238353682594132
347 367 -0.65984853724278
348 349 -0.17068658036629958
348 368 -0.7800873058840496
349 350 0.19641780947686427
349 369 0.5105589428899877
350 351 -0.5812117430658352
350 370 0.8330832508536619
351 352 0.824802837795007
351 371 0.20803657763836614
352 353 -0.8147742944054546
352 372 0.3588346309658288
353 354 -0.8165294427225844
353 373 -0.8737427959409694
354 355 0.08121261995313023
354 374 0.9494583440883269
355 356 -0.5731948397813376
355 375 -0.04645059840278365
356 357 -0.6324686273990354
356 376 0.8645271634391833
357 358 -0.473512834565603
357 377 0.9144294800731823
358 359 0.2834411813768938
358 378 -0.5545676361469811
359 360 -0.4038332700512022
359 379 0.8691961864516742
360 380 0.6471496647090789
361 362 0.08386527512636999
361 381 -0.8964619139684511
362 363 0.7545304339905536
362 382 -0.6720788795559052
363 364 -0.9700416046735394
363 383 0.7145489437021908
364 365 -0.6327671710549287
364 384 -0.027275205924508716
365 366 -0.5683845400328809
365 385 0.515405582236176
366 367 0.4865970796425392
366 386 -0.08449981589599354
367 368 0.504909173230573
367 387 0.699812320737037
368 369 -0.5945654484349654
368 388 -0.9895645868924849
369 370 0.3536670981108341
369 389 -0.5630595326078842
370 371 -0.2064120074734932
370 390 0.268911938750241
371 372 0.21482951174184528
371 391 -0.29078821652459097
372 373 -0.3304297090371582
372 392 -0.7974635168964308
373 374 -0.16243011536346397
373 393 0.04985195421838062
374 375 -0.6501339453140638
374 394 -0.29702807821540933
375 376 0.24698946311160297
375 395 0.395058669310447
376 377 -0.2752927118475861
376 396 0.5879192714814572
377 378 -0.9375633017566696
377 397 -0.2260702467193485
378 379 0.2063035700591307
378 398 0.42091831550116265
379 380 0.40539397024972623
379 399 0.061233117946633664
380 400 -0.6296115917369045
381 382 0.6511152268084204
382 383 0.8988682440456679
383 384 0.42389088514880013
384 385 -0.878946865089195
385 386 -0.6052702101988792
386 387 -0.7442743937302452
387 388 -0.22344731813861562
388 389 -0.5409589015102221
389 390 -0.41208761645641023
390 391 -0.8217191935462138
391 392 0.31769538541789477
392 393 0.6909709099132542
393 394 -0.23471721541877133
394 395 -0.7373097616351858
395 396 0.7620425195865053
396 397 0.796233968642168
397 398 -0.2616304645792493
398 399 -0.26083032115155946
399 400 0.8171747559803884
