1 2 -0.165955990594852
1 21 0.4406489868843162
2 3 0.9777221778129894
2 22 0.4963313087596788
3 4 0.7666121824116197
3 23 0.24734441411121777
4 5 -0.9602397323204088
4 24 -0.9475780262445614
5 6 -0.5203044817048277
5 25 -0.012460571462540093
6 7 0.9003522384941594
6 26 0.11330637639031282
7 8 -0.3695103938092541
7 27 0.7857774170503027
8 9 0.7599965771268635
8 28 0.8076839116527439
9 10 -0.16830256346494532
9 29 0.23337013431047238
10 11 -0.39950332093219987
10 30 -0.7139883434838012
11 12 0.9188686421235048
11 31 0.6079217829972936
12 13 0.23702713382417095
12 32 -0.9792714773295361
13 14 -0.34802037645994943
13 33 0.7189786417311717
14 15 0.6336702175832438
14 34 0.18874524766195555
15 16 -0.9541697373552365
15 35 0.03816464442397893
16 17 0.34912804752682103
16 36 0.5995530737947725
17 18 -0.8397927123879014
17 37 0.8092620058724858
18 19 0.45770175503851185
18 38 0.03337756584307683
19 20 -0.1340369860647037
19 39 0.8186239773098734
20 40 0.9299778482218277
21 22 -0.9997712503653102
21 41 -0.39533485473632046
22 23 -0.43911201587118964
22 42 0.578558656902977
23 24 0.5018848680546744
23 43 -0.30220331604431494
24 25 -0.9433870239584108
24 44 -0.5075778647939082
25 26 0.2399114367627595
25 45 0.6579617991003575
26 27 0.8312126995325491
26 46 0.28313241789267507
27 28 0.15571443056907097
27 47 -0.6319795967450699
28 29 0.32543962475052446
28 48 -0.45958347594048443
29 30 -0.5326677215214999
29 49 -0.7960654811484051
30 31 0.8026168726985476
30 50 0.08311875777474653
31 32 -0.935353866752852
31 51 0.4187745024625902
32 33 0.07725456515269391
32 52 -0.9939640867608073
33 34 0.11703310184503568
33 53 0.3804557363254957
34 35 0.9519781366618099
34 54 0.8031251693386425
35 36 0.6199774213248326
35 55 -0.9747924659402474
36 37 -0.8389409457432282
36 56 -0.5365953790284159
37 38 -0.2596916448925235
37 57 0.061394876952278965
38 39 0.413912490497522
38 58 0.5610591137534855
39 40 0.21095800206186932
39 59 0.5335491744742042
40 60 -0.7930808877671973
41 42 -0.7064882183657739
41 61 -0.8153228104624044
42 43 -0.793547986844716
42 62 -0.10421294764818967
43 44 -0.46014421646994785
43 63 0.7917724363921337
44 45 0.720055897365776
44 64 0.07766212868330569
45 46 -0.6864172107078315
45 65 -0.962847595645181
46 47 -0.21998457171750752
46 66 -0.02801866580618051
47 48 0.5758584676510086
47 67 0.22406235408986785
48 49 -0.49526659699082054
48 68 0.7097958853948048
49 50 0.03171403393705963
49 69 -0.04571802590043528
50 51 0.9494807417101645
50 70 0.27320880000379444
51 52 -0.06999703687298786
51 71 0.8950978827901996
52 53 0.902387570980409
52 72 0.8108040674055561
53 54 -0.0942930000969251
53 73 0.2566180750427143
54 55 0.19121586720529105
54 74 -0.9351473493710858
55 56 0.3449396893074679
55 75 0.37361645331398363
56 57 -0.5847486763923713
56 76 0.8346671261632612
57 58 -0.011767468207349863
57 77 -0.7356777161141237
58 59 -0.25024811292628124
58 78 0.5406450506599152
59 60 0.009401216191788686
59 79 -0.003888750343985059
60 80 -0.9718154116151141
61 62 -0.6274795772446582
61 81 -0.3088785459139045
62 63 0.8171910061861911
62 82 -0.412771703252641
63 64 -0.14381762025741018
63 83 0.9296800942967711
64 65 0.10564395737153176
64 84 0.6840617847192114
65 66 -0.8599557125615553
65 85 -0.02730977812593638
66 67 0.2086209658399465
66 86 0.09909584301712515
67 68 -0.8921814558524941
67 87 -0.15961263999773556
68 69 0.0554292926174933
68 88 0.6043221680091961
69 70 -0.6946567118136735
69 89 0.243612463480831
70 71 0.9878260492209578
70 90 0.09214160828590323
71 72 -0.5571345313530234
71 91 -0.46585596063126844
72 73 0.5919338838845387
72 92 0.8305486398295749
73 74 -0.41980629662514835
73 93 -0.9813028440669684
74 75 -0.8128458083650385
74 94 -0.8692565699155472
75 76 -0.10150649282672486
75 95 0.8295773734838685
76 77 0.42262903627297344
76 96 0.10776922210282858
77 78 -0.587091882221134
77 97 -0.8476223819353577
78 79 0.5012486383503507
78 98 0.22642242308851945
79 80 0.6857996803856998
79 99 -0.8643861313180925
80 100 0.1289966404817482
81 82 -0.20646505153866013
81 101 0.07763346800671389
82 83 -0.4244493228273025
82 102 -0.7399428557634447
83 84 0.32688299563689616
83 103 0.24339144041824357
84 85 -0.7516533697601777
84 104 -0.441632641977721
85 86 0.2126589233066607
85 105 0.13770287417296267
86 87 0.8523628534129073
86 106 0.8374668712672122
87 88 0.3581376731308592
87 107 0.8372035559550517
88 89 0.14497703438321263
88 108 0.46628505057502223
89 90 0.08802023762787625
89 109 0.30827469394148865
90 91 0.05285186781104256
90 110 -0.7291441938556602
91 92 -0.837052070245476
91 111 -0.14276234267242693
92 93 -0.7088835376832059
92 112 -0.6845398602589334
93 94 0.15351186997418154
93 113 -0.37711157173507437
94 95 -0.09653370261704941
94 114 -0.2491303336642845
95 96 0.2887221695139859
95 115 -0.9895203246970683
96 97 -0.3909640241587595
96 116 0.669708095263597
97 98 0.015843399890574927
97 117 -0.47690089633402577
98 99 -0.19626815206432524
98 118 0.3946160385286819
99 100 0.14654454309936926
99 119 0.8855251508658986
100 120 0.01415984656827285
101 102 -0.1616109711934104
101 121 0.370439000793519
102 103 -0.9612660842594059
102 122 0.3576710658797819
103 104 -0.7705080540932496
103 123 0.8989785174141425
104 105 0.17151854291657576
104 124 0.9391914966393491
105 106 -0.3652751813556785
105 125 0.9772323088248978
106 107 -0.21024877415289023
106 126 0.9265250568814236
107 108 -0.9991959502172851
107 127 0.9535182980621193
108 109 0.03802325492811165
108 128 0.541767821003776
109 110 -0.7109089197506804
109 129 0.5030556342704877
110 111 -0.2885896580322378
110 130 -0.9475628654072534
111 112 -0.7819624719618634
111 131 0.2675735212238357
112 113 -0.624736654195132
112 132 0.24499180459984227
113 114 0.0345351970022596
113 133 0.8328117061077955
114 115 0.9507000685405731
114 134 -0.6640334136007702
115 116 -0.031143108971248834
115 135 0.7186356121952
116 117 -0.12938808474096009
116 136 0.8469124302375504
117 118 -0.28587678223441615
117 137 -0.7838693426055263
118 119 -0.9937742843496158
118 138 0.5497932934491956
119 120 0.03572009634464379
119 139 -0.611068380944231
120 140 0.39152842854367886
121 122 -0.5910955005369651
121 141 0.7562348727818908
122 123 -0.5767437679998819
122 142 -0.4689066812555476
123 124 -0.10017573304011895
123 143 0.15677922877426353
124 125 0.1220604385114199
124 144 -0.962705421254114
125 126 0.15949043849159383
125 145 -0.2397176547528992
126 127 -0.6520886666390713
126 146 -0.7473409611207253
127 128 -0.24683937050845106
127 147 0.9475670767166451
128 129 0.1377159814094311
128 148 -0.06858024281603825
129 130 -0.5559017204001546
129 149 0.038703648732066
130 131 -0.6792096409607018
130 150 0.49127438541499213
131 132 0.6059264747474757
131 151 0.39360099224035694
132 133 0.8116189920166037
132 152 0.9799103567181473
133 134 -0.14705042299720805
133 153 -0.5052079267952292
134 135 0.9455751838653104
134 154 0.5349497377260262
135 136 0.6607991400746789
135 155 0.2983083942249558
136 137 0.41210360867186635
136 156 -0.04393738406943326
137 138 0.5751036793050144
137 157 -0.7868322464223978
138 139 0.7928332049136939
138 158 -0.5213685851249907
139 140 0.6958787848869523
139 159 -0.49672171528829434
140 160 -0.1870342620458274
141 142 -0.9452248136041477
141 161 0.34093502035680445
142 143 -0.01685368143932342
142 162 -0.8932749097658392
143 144 -0.18372639447743766
143 163 -0.5259460395139446
144 145 0.6012653453612327
144 164 -0.5340514523179591
145 146 0.10189643823579364
145 165 0.4906688618130042
146 147 -0.7298416839065374
146 166 0.011324331353793404
147 148 0.20943220194810608
147 167 0.6576916159613859
148 149 -0.31462218409343645
148 168 -0.8635813031665918
149 150 0.5705920564432378
149 169 -0.9553391440163876
150 151 -0.9392006201424223
150 170 -0.2669138055125113
151 152 0.5324227621515409
151 171 -0.3150917603129604
152 153 0.42224491753163185
152 172 0.46360081828459054
153 154 -0.2574124774418911
153 173 0.8637222332730812
154 155 0.6484756792489956
154 174 0.26523163355599455
155 156 0.3473968477972633
155 175 0.15699915957840105
156 157 -0.7475797925012826
156 176 0.9520871009354952
157 158 0.9714176474263756
157 177 -0.6456776711231653
158 159 -0.7584656313815406
158 178 -0.5594320244125448
159 160 0.4014520729650759
159 179 0.08052188079379974
160 180 -0.6404114046140512
161 162 -0.16539039526574606
161 181 0.11737965689150331
162 163 0.14823521098402614
162 182 -0.7065428501883797
163 164 0.8067590411245076
163 183 0.1473589733445717
164 165 0.6142103912375583
164 184 -0.2242787118716565
165 166 0.3384657869063692
165 185 -0.4701608846743812
166 167 -0.956950389451604
166 186 0.895940422435362
167 168 0.14942300941620457
167 187 0.2561523966147008
168 169 -0.2441516413438003
168 188 -0.8407478446034953
169 170 -0.351275080547627
169 189 0.7458447528002221
170 171 0.7246925056760882
170 190 0.3853554350147086
171 172 0.6917029660553553
171 191 -0.1424624500011149
172 173 0.8185864090885089
172 192 -0.1982525352577582
173 174 0.8737367626181873
173 193 0.6886598971314264
174 175 0.3374655404134641
174 194 -0.046235332957613284
175 176 -0.4517604496662957
175 195 0.12105998107211757
176 177 -0.6803326993118133
176 196 -0.5947957495606748
177 178 0.14481022486929862
177 197 -0.9103093308218237
178 179 -0.39580653741980343
178 198 0.7660570171276684
179 180 0.8976725765604392
179 199 0.24867340480535183
180 200 -0.654790759760415
181 182 -0.7192261228095325
181 201 -0.6037970218302424
182 183 0.1786110738065685
182 202 0.39951672004186234
183 184 -0.9942593459376821
183 203 0.23428982724144776
184 185 0.7270837091188573
184 204 0.49424328547436924
185 186 -0.8673303311431169
185 205 -0.2598316041717874
186 187 0.654230942341465
186 206 -0.9699620385157552
187 188 -0.42884743660861213
187 207 0.1736666813121659
188 189 0.96563422746089
188 208 -0.6367742973384725
189 190 0.6894192152041392
189 209 0.07688118518908738
190 191 0.3818842841323371
190 210 -0.6227263980893782
191 192 0.6480197408246375
191 211 0.2529923172485875
192 193 -0.5002986395499265
192 212 -0.6531396584257543
193 194 0.840413028611321
193 213 -0.5441994200973661
194 195 -0.9737272861538555
194 214 -0.29398782891635045
195 196 0.3434595696348406
195 215 -0.29514073956718234
196 197 -0.13763648967925812
196 216 -0.1915961884497055
197 198 0.5742325793116683
197 217 -0.6207881043634069
198 199 0.08633286047618904
198 218 -0.42657670078713883
199 200 0.6759559240954587
199 219 -0.9841342476109538
200 220 -0.5171625040688024
201 202 0.6014891373510733
201 221 0.936523151438795
202 203 -0.7953311423443483
202 222 -0.17188802436086337
203 204 -0.3467101964558077
203 223 0.05411620451521859
204 205 0.11248046798083777
204 224 -0.72708954867863
205 206 0.25943501404312896
205 225 -0.5796519801703208
206 207 -0.6476074888498895
206 226 -0.33587285126632604
207 208 0.5000435274053199
207 227 0.7166276728580847
208 209 0.6237173954410795
208 228 0.7499232899117962
209 210 0.733216548333026
209 229 0.8996119827072531
210 211 -0.11619143850315328
210 230 0.1631548146885824
211 212 -0.7131539026595102
211 231 -0.8432262002901041
212 213 -0.761085899332542
212 232 0.6252211760656574
213 214 -0.8250355808928183
213 233 -0.5453805274306225
214 215 -0.015856397012883106
214 234 0.46018242218020866
215 216 0.7116567345078555
215 235 -0.6099250279825854
216 217 -0.7064970384714118
216 236 0.4586378387222467
217 218 0.05580795681625328
217 237 0.4801550863181432
218 219 -0.723290620414107
218 238 -0.41971107379091666
219 220 0.978680112333276
219 239 -0.844570859335227
220 240 0.9504446848746242
221 222 -0.3731516436815143
221 241 0.38464523133862816
222 223 0.3888003154554902
222 242 -0.1716414609461947
223 224 0.771884198621549
223 243 -0.28546047999500046
224 225 -0.8801646209755767
224 244 -0.7573130885185253
225 226 0.5055111074776277
225 245 -0.8669270372917701
226 227 -0.7380063103781662
226 246 0.6189813842531642
227 228 0.5101643769353603
227 247 0.396114496894606
228 229 0.3768265047718866
228 248 0.13898882549075142
229 230 0.6528139952586827
229 249 0.7082308876730774
230 231 0.9795034153274105
230 250 -0.5921875495337563
231 232 -0.9633347141739854
231 251 -0.8665500047212871
232 233 -0.7064152531655137
232 252 -0.47140503454619864
233 234 -0.37124676777189913
233 253 -0.6504682472873768
234 235 -0.06274331450778159
234 254 -0.08519016782113664
235 236 0.4946416206638464
235 255 -0.42079450762624515
236 237 -0.6225098662456281
236 256 0.2877912886233256
237 238 -0.7001370301654881
237 257 0.10217434837394346
238 239 0.2277421794825052
238 258 -0.35172294020510675
239 240 -0.3557409727704608
239 259 0.8923047909135307
240 260 0.9649818899497906
241 242 0.7527783045920766
241 261 0.7892133270076946
242 243 -0.9000930821078257
242 262 0.07179281183102315
243 244 0.8170703018395984
243 263 0.24672023158360545
244 245 -0.9108962429104766
244 264 -0.7850117417878142
245 246 -0.4793698028429181
245 265 0.6095091274866908
246 247 -0.3105266946334131
246 266 0.8802149646667343
247 248 0.7289588601091996
247 267 -0.3546380063265071
248 249 -0.6780571263687825
248 268 -0.06623995447338737
249 250 -0.8025131963593033
249 269 0.3026086646819821
250 251 -0.5045341964752903
250 270 -0.47565383245417614
251 252 -0.08283237258313636
251 271 -0.773316154464819
252 253 0.6381783572670616
252 272 -0.37882549641158003
253 254 0.21418832394492093
253 273 -0.17282716999767733
254 255 -0.7246745181087937
254 274 -0.978222532393042
255 256 0.547598574488364
255 275 -0.14452534132784756
256 257 0.5086119011525974
256 276 -0.5785352158333585
257 258 -0.5667655833424412
257 277 0.5183920986342894
258 259 -0.08527963661800309
258 278 -0.11176578596677111
259 260 -0.9821217952575099
259 279 0.6454600108438711
260 280 -0.24981796321217797
261 262 -0.8299115772604442
261 281 -0.9218904335342353
262 263 0.32758929043957763
262 282 0.029778224116617125
263 264 -0.9683575143068874
263 283 0.8588744674875226
264 265 -0.5485813227842906
264 284 0.4259779607653533
265 266 -0.6131314347533445
265 285 0.27892176175988026
266 267 0.1640283598941601
266 286 0.7576639688236881
267 268 0.3415775815751745
267 287 -0.09825212717330167
268 269 -0.30965589768957
268 288 -0.5499200843718308
269 270 0.4070339763053059
269 289 0.22048162529325932
270 271 0.5003448265959856
270 290 -0.0860493451286144
271 272 -0.9444333023026601
271 291 0.5097229627809348
272 273 0.9648348985858857
272 292 -0.4667225956967296
273 274 0.6327030236544282
273 293 -0.6297392034619387
274 275 0.5165565209539924
274 294 -0.36009432384464324
275 276 0.6153968182244189
275 295 -0.2929302746640192
276 277 0.20190849621527995
276 296 0.4978567504916729
277 278 0.4458303871124274
277 297 -0.646901931445834
278 279 0.6562707214630241
278 298 -0.14730369152753875
279 280 0.7224232767335887
279 299 -0.12033837158285499
280 300 0.23917347873714756
281 282 -0.6603391608708622
281 301 0.7562850068588263
282 283 0.8891895119816267
282 302 0.17311008100398584
283 284 0.3817938350338479
283 303 0.994645700902961
284 285 0.11943396410828488
284 304 -0.9748880396817683
285 286 0.04934061824746738
285 305 0.8496159407987014
286 287 0.6894688907844437
286 306 0.8107846374172984
287 288 -0.23579449593696555
287 307 -0.1783773001556288
288 289 0.1850237375315935
288 308 -0.3754603245961661
289 290 0.5992305234720561
289 309 -0.9308575602567315
290 291 -0.88614112317781
290 310 0.01703248122047918
291 292 -0.21029903907872116
291 311 0.49387699121505024
292 293 0.06730668994242284
292 312 -0.37106597762830074
293 294 0.40375305951262086
293 313 -0.5192887503017223
294 295 0.9687669003870214
294 314 -0.559531547681688
295 296 -0.5726135247408377
295 315 0.5345690168435331
296 297 0.27643742124066684
296 316 0.19425460589329813
297 298 0.7239331153341468
297 317 -0.9604498009673115
298 299 -0.30860235764899535
298 318 0.34994320961821046
299 300 -0.4885096123881376
299 319 0.6053790392665972
300 320 0.5857113559537752
301 302 -0.8033063323338998
301 321 -0.15778474998989567
302 303 0.806803830575767
302 322 -0.725050591707525
303 304 -0.6553189833093429
303 323 -0.7257285007422445
304 305 -0.8560514406210264
304 324 0.934552660000544
305 306 -0.47340645902577805
305 325 -0.8680778186319524
306 307 -0.08023946836638607
306 326 0.09269363204074654
307 308 -0.1970408330609188
307 327 -0.3652321080834462
308 309 0.8326111069367015
308 328 0.8192710499031142
309 310 0.5404774691099599
309 329 0.4634572014790539
310 311 -0.5760796707126481
310 330 0.5972084895204204
311 312 -0.0951903465070969
311 331 -0.09982650599847775
312 313 0.8215456623476749
312 332 -0.26688671229753114
313 314 0.1484381776817194
313 333 -0.30202480555842226
314 315 -0.32258394903664067
314 334 0.04779227133226338
315 316 -0.38271610473869777
315 335 0.466490135452855
316 317 -0.4090354286890059
316 336 0.4632129424830176
317 318 0.7204739948462304
317 337 0.11780762232187669
318 319 -0.5570358885329425
318 338 -0.06550835214689243
319 320 -0.04427599113555769
319 339 -0.7313227826886077
320 340 -0.28497766533911717
321 322 0.9157790603010039
321 341 0.06633056994603415
322 323 -0.7214473054984829
322 342 0.6147825774190476
323 324 0.8651909260743271
323 343 0.39363632297980033
324 325 0.13620092383988425
324 344 -0.593413530678019
325 326 0.47013192657733893
325 345 0.5443560590864935
326 327 0.5972071823040788
326 346 -0.42856229653170486
327 328 0.2438387358406029
327 347 -0.1395054583574713
328 329 -0.4857634124356076
328 348 -0.7782173985119416
329 330 -0.4806032134032938
329 349 -0.48586140235570663
330 331 -0.40533723698545554
330 350 -0.9447879760909927
331 332 -0.04385498656433806
331 351 -0.05199214687561193
332 333 -0.1328153454536709
332 352 0.024585384556722767
333 334 -0.8860712010343346
333 353 -0.5423726580792483
334 335 0.5097829141210655
334 354 -0.07228443219940872
335 336 0.4889463061554642
335 355 -0.5572065981835979
336 337 0.8906168799998995
336 356 -0.14887721947690613
337 338 -0.19355905578830157
337 357 0.5174938620446732
338 339 -0.3704686253519671
338 358 0.2537112043256693
339 340 0.8556979856500215
339 359 0.7919399340132969
340 360 0.39473775122627885
341 342 0.3837542279009467
341 361 -0.3689687379878741
342 343 -0.20464632602893285
342 362 -0.6692916057661344
343 344 -0.867999654555875
343 363 0.5109261052049328
344 345 -0.49534851085935316
344 364 0.4876517081501859
345 346 0.8156317050070481
345 365 0.8639441383936746
346 347 -0.019492954760144565
346 366 0.19822061529175672
347 348 0.9476041558545045
347 367 0.3556017828686222
348 349 -0.6140745359617743
348 368 -0.0008316586422278949
349 350 0.2646066348602556
349 369 -0.3094050768178369
350 351 0.18686489892924207
350 370 0.6876808578623776
351 352 0.6063266842283392
351 371 -0.19521496028452834
352 353 0.8777729547394266
352 372 -0.9381019874576986
353 354 0.3282051107095869
353 373 -0.005499813278937449
354 355 -0.7503549137766474
354 374 -0.374997243015901
355 356 -0.5717757263587031
355 375 -0.6021041531458666
356 357 0.5643636336628106
356 376 -0.8877179206761694
357 358 0.43385800338493974
357 377 0.9746523496168531
358 359 0.7547209493896252
358 378 -0.10462199970874297
359 360 -0.016909699966129343
359 379 0.7134049930355844
360 380 0.6165560274107602
361 362 0.3730018553631673
361 381 0.6692513437947458
362 363 0.8550171607920678
362 382 -0.3044682805089869
363 364 0.5077523769224928
363 383 0.8460490710929667
364 365 -0.6091410377813624
364 384 0.16271785454651555
365 366 -0.972096854048806
365 385 -0.531275827757159
366 367 -0.9689334488983286
366 386 0.1869628163932744
367 368 -0.6028602231457783
367 387 -0.14659798130393442
368 369 0.45717133594919246
368 388 -0.583611123182417
369 370 0.593177356014575
369 389 -0.10770753599308547
370 371 -0.23796775187557162
370 390 0.4997166214522868
371 372 0.8093723206872461
371 391 -0.9258779040919283
372 373 0.43375732726337834
372 392 0.7820379085846778
373 374 0.03803196814735754
373 393 -0.650559699782155
374 375 0.009038339401989282
374 394 0.3476980160337353
375 376 -0.7149633244683107
375 395 -0.24583480158533177
376 377 0.6705432049799318
376 396 -0.6154999663557046
377 378 -0.44382990277403445
377 397 -0.9924126551813148
378 379 0.5689148375838462
378 398 -0.08606859887689922
379 380 -0.16284394847180272
379 399 0.36692980033260225
380 400 0.08824276717071444
381 382 -0.9634234453116164
382 383 0.5016242062723111
383 384 0.4230495172569435
384 385 0.9400399781766247
385 386 0.23355671400331524
386 387 -0.13264730202108344
387 388 -0.31330752045115395
388 389 -0.5039328832455385
389 390 0.5654988295683439
390 391 0.022282956594256387
391 392 0.5477486854408373
392 393 -0.9454255529650624
393 394 0.14143170309251274
394 395 0.5402999126241843
395 396 -0.946744230616757
396 397 -0.2098062622200536
397 398 0.8678052166297756
398 399 0.31245866343426276
399 400 -0.2040187211841551
