1 2 -0.4106699946257806
1 21 0.06117351121058823
2 3 0.5945354599906203
2 22 -0.8640425434727472
3 4 -0.5596158619125251
3 23 -0.5092552190805
4 5 -0.034290650669107414
4 24 0.08149489038858615
5 6 0.8928771083091038
5 25 0.8714674228096466
6 7 -0.005385844554999242
6 26 0.796254756010246
7 8 0.5276014629709149
7 27 0.9995667672992334
8 9 -0.9809770338496584
8 28 0.5363590414920252
9 10 -0.7518797485981896
9 29 0.3977218249327874
10 11 -0.32439374578264246
10 30 -0.3106367653603257
11 12 -0.6967963435655631
11 31 -0.18937918523621833
12 13 0.6296937157075335
12 32 -0.5199304764873014
13 14 0.39047119745145764
13 33 0.31064046209123886
14 15 0.602058893606132
14 34 -0.5806158852155217
15 16 -0.8549786917672666
15 35 -0.1373132433250761
16 17 0.03950051454336223
16 36 -0.9012239285016788
17 18 -0.1798116276784527
17 37 0.48294938286474065
18 19 0.8488853414125821
18 38 0.41823954131613905
19 20 0.9224913208850887
19 39 -0.25082030502845654
20 40 0.971414969779802
21 22 -0.6169584261050103
21 41 -0.8641992836174173
22 23 0.9215755129335563
22 42 0.31841078475204343
23 24 0.45482503114846184
23 43 -0.8717444541955821
24 25 0.4223462701376377
24 44 0.3748634881325974
25 26 -0.013924136125794018
25 45 0.201036551115646
26 27 0.9230537024349339
26 46 -0.9955898130286862
27 28 0.635850193245846
27 47 -0.12208371654509209
28 29 0.9317736590425794
28 48 0.37159642241703805
29 30 -0.12120822043594215
29 49 0.3115740383499337
30 31 -0.013566600577700871
30 50 -0.367409750136763
31 32 -0.7364446149334425
31 51 0.6141098596871373
32 33 0.8997685533866382
32 52 -0.33595287465515167
33 34 0.9193798515607954
33 53 -0.6860822064038807
34 35 -0.48339373202479297
34 54 -0.4782352708130999
35 36 -0.05432439018014956
35 55 0.2635688102952023
36 37 0.2528438806520157
36 56 0.7906843535840415
37 38 0.15885742552797844
37 57 0.8540133640952394
38 39 0.4840232695665143
38 58 0.25634527644456373
39 40 -0.1281111775982815
39 59 0.13897439946419365
40 60 -0.3780835956281279
41 42 0.5739709199998266
41 61 0.31266704355171093
42 43 0.4375521664488693
42 62 0.4871535302681931
43 44 -0.09252507611558625
43 63 -0.02464534106290328
44 45 -0.9260617048699238
44 64 0.7763411319117142
45 46 -0.5856597997196369
45 65 0.9123765440902281
46 47 0.6622036560083386
46 66 0.11452223557287033
47 48 -0.31604678783146656
47 67 -0.32797662568899977
48 49 0.6746285402965158
48 68 -0.793956030299199
49 50 0.5939007557107097
49 69 0.09678792691692006
50 51 -0.6052997452676285
50 70 -0.12317967010835895
51 52 -0.12271169495628365
51 71 -0.5960868048215358
52 53 -0.008703730230306128
52 72 -0.8411547172669962
53 54 0.814174916684824
53 73 0.05418840899710187
54 55 0.10010678376179283
54 74 0.6458574479460442
55 56 0.2214210231338103
55 75 -0.28230203993673664
56 57 0.17208066125275634
56 76 0.5631067580193108
57 58 -0.9000978202755912
57 77 0.20306459569315072
58 59 -0.2768831917111896
58 78 0.6143861045900838
59 60 -0.07461363557766743
59 79 0.8890189603622993
60 80 0.6113707834200224
61 62 0.27504179208727164
61 81 0.15120578750606795
62 63 0.7754727037712739
62 82 -0.7321086648484141
63 64 0.2817496588889896
63 83 -0.7876622952733225
64 65 -0.6228315839337368
64 84 0.5640555160560894
65 66 0.9736209183626945
65 85 0.658757686706906
66 67 0.8700333912560725
66 86 0.43688248299390087
67 68 0.7589259568779425
67 87 0.5031212108488823
68 69 0.5765234463148974
68 88 -0.138801789686956
69 70 -0.38949762693611056
69 89 -0.3415788709891556
70 71 -0.6203671525266192
70 90 0.372474658546039
71 72 -0.5820351531208674
71 91 -0.9359770163429919
72 73 -0.36198510284605234
72 92 -0.27556523722990023
73 74 -0.9502094912390142
73 93 -0.16248319670679923
74 75 -0.6253556559510178
74 94 0.32024512975099073
75 76 -0.3469309211145435
75 95 -0.938546453174776
76 77 -0.3047698319940122
76 96 -0.9386515320559403
77 78 -0.05530186980812268
77 97 0.4656392566983325
78 79 0.14175811487812418
78 98 -0.29714100057563675
79 80 0.6732299938878965
79 99 -0.9734680184276829
80 100 0.5156701941738819
81 82 -0.921874167622267
81 101 -0.28437279103290214
82 83 0.5539491612111604
82 102 0.6759830243906502
83 84 0.14721987560207506
83 103 0.9206915880480888
84 85 0.2878522439442768
84 104 -0.029202027796205732
85 86 0.0757789193836036
85 105 -0.8329247592279765
86 87 0.9161696177244503
86 106 0.5183009803980823
87 88 -0.8457590866686271
87 107 0.05248926326553405
88 89 -0.6494840865911369
88 108 0.8007553331242085
89 90 -0.5792078517405312
89 109 0.5749168001132499
90 91 -0.2077843311733556
90 110 -0.2687187930389763
91 92 0.4030490082214302
91 111 0.4055269529190204
92 93 0.37273855273061596
92 112 -0.3745717602868712
93 94 0.27434085041177747
93 113 0.5180980923933682
94 95 -0.729239813966456
94 114 -0.553213211062231
95 96 -0.3014717501657058
95 115 -0.9559530235935079
96 97 0.6845604657102733
96 116 -0.8836961089543547
97 98 0.7244645409146908
97 117 0.5417694476298942
98 99 -0.1325118745888445
98 118 -0.579698216492263
99 100 -0.11765605571470705
99 119 0.05208703030012307
100 120 -0.7045356512067673
101 102 0.8913663736368151
101 121 -0.8799106393692293
102 103 0.6586095278168564
102 122 -0.9416860069603823
103 104 0.03136116039507986
103 123 0.13965009178969368
104 105 0.8580898901983913
104 124 -0.4602371746096745
105 106 -0.3722250219961407
105 125 -0.7877731015408389
106 107 -0.4722115482193501
106 126 -0.7284969354646496
107 108 0.3461348454089508
107 127 -0.024758143622084727
108 109 0.32603878509680917
108 128 -0.5685280644997543
109 110 -0.19163553157370528
109 129 0.4197327548219112
110 111 0.1905565258371673
110 130 -0.718422670233507
111 112 0.5450961184079526
111 131 0.892076448575368
112 113 0.636132886811773
112 132 -0.5794837354605757
113 114 -0.7979813643588585
113 133 0.9726533741994681
114 115 0.3300649737699004
114 134 -0.6872015510548302
115 116 0.4654255635458395
115 135 -0.685757936185462
116 117 0.6878459841630669
116 136 -0.8450244271541916
117 118 -0.8455097177643787
117 137 -0.18599026325668544
118 119 0.2722140453035429
118 138 -0.29734924886374037
119 120 0.3024436041973626
119 139 0.9467252729138314
120 140 -0.32042751975117567
121 122 0.728084207092422
121 141 0.7545810522960605
122 123 -0.21925101744683095
122 142 -0.12549601566391821
123 124 0.9760133231428527
123 143 0.6657418701381255
124 125 0.6283579719492689
124 144 0.39008414680823766
125 126 -0.5901827084122597
125 145 -0.34896320737543984
126 127 0.8031788915684546
126 146 0.032146495833309086
127 128 0.04792523637022206
127 147 0.7177340770690956
128 129 -0.46550820099851187
128 148 -0.6894237318780165
129 130 -0.42476989712891866
129 149 -0.4277491942187248
130 131 0.29814469987261716
130 150 -0.7660708932099265
131 132 -0.023999222930634945
131 151 0.9025573259937105
132 133 -0.1804653935290177
132 152 -0.5237951155746465
133 134 -0.8868966179713285
133 153 0.1368028874925693
134 135 -0.7949681229474295
134 154 0.14975533904066696
135 136 -0.5277771198761851
135 155 0.13460670776432315
136 137 -0.7355340191554174
136 156 0.8461508006553695
137 138 0.008592177813355306
137 157 -0.40646276475174825
138 139 -0.3194595342659676
138 158 -0.5825371452236954
139 140 0.05730598625625172
139 159 -0.5482945583358076
140 160 -0.9234905213059168
141 142 -0.8976126687590926
141 161 0.30483723093130966
142 143 0.04127012702266364
142 162 -0.014254651668631713
143 144 -0.003712635792007646
143 163 -0.8396973242719401
144 145 -0.5289376162111754
144 164 0.9066053836820716
145 146 0.00321797451023742
145 165 0.7566375076218281
146 147 0.6988729777544138
146 166 -0.8894056850498862
147 148 -0.3287026515406546
147 167 -0.7296891366230474
148 149 0.3061748132104518
148 168 0.4187017761180325
149 150 -0.3333679777098897
149 169 0.010851941257801423
150 151 0.6264201974158514
150 170 -0.05247014920501014
151 152 -0.5572249134996152
151 171 0.7954503330540139
152 153 0.045408403458188085
152 172 0.8620479049898251
153 154 0.6972151630728121
153 173 0.5228057191634747
154 155 -0.29486601831157166
154 174 0.6877658247941938
155 156 0.9290648760366931
155 175 0.022031547292434173
156 157 -0.015621590304053301
156 176 -0.05547736491527311
157 158 -0.1541562026765464
157 177 -0.712274706788413
158 159 0.5183662298601937
158 178 0.5592785241963276
159 160 0.5349066005339542
159 179 -0.8100390206437635
160 180 0.19842777288672853
161 162 0.10350273726975057
161 181 0.19502650647810205
162 163 -0.7391414355827619
162 182 0.9687670619889444
163 164 0.7420939881299249
163 183 0.42617281797484874
164 165 0.17087141707945208
164 184 0.16613293735070656
165 166 -0.477982113277742
165 185 0.06027354510571681
166 167 -0.14009600415413237
166 186 -0.5888658636521351
167 168 0.2193943601526156
167 187 0.3204399151164823
168 169 -0.8758945598349026
168 188 0.9520584257659475
169 170 0.8436396371513104
169 189 0.4434099596991987
170 171 -0.851765227960799
170 190 -0.12876105511951064
171 172 -0.8395761313235259
171 191 -0.9954669335961079
172 173 0.9770508830678566
172 192 0.9121989063448144
173 174 0.33303129030835854
173 193 -0.9261389137431602
174 175 -0.247249039062033
174 194 -0.5605171696591267
175 176 0.32273233507745713
175 195 -0.5343071414594986
176 177 0.6799602752516221
176 196 0.36089903185315664
177 178 0.5112152961450229
177 197 0.3768988992458968
178 179 -0.23409392891525083
178 198 -0.22522269457220334
179 180 -0.642325025009512
179 199 0.33874080828491504
180 200 -0.3847465487798212
181 182 -0.032942751379995805
181 201 -0.4340236782860176
182 183 -0.8685953561638293
182 202 0.15856815548813996
183 184 0.464224087069268
183 203 0.6472399740400305
184 185 -0.6855809151321108
184 204 -0.149519071826828
185 186 0.6877252842337609
185 205 -0.7268710271907668
186 187 0.7411825984264024
186 206 0.3880679832886398
187 188 0.9540641322389372
187 207 0.6444433143500721
188 189 -0.3964944562080459
188 208 0.31375921758929093
189 190 -0.4660886160150304
189 209 -0.9251207697233639
190 191 -0.008373250440286473
190 210 -0.147935253756444
191 192 -0.8255878928602587
191 211 0.06253542600450279
192 193 -0.23111067732568746
192 212 0.015625771110792552
193 194 0.7292158887739943
193 213 -0.9568198670143231
194 195 -0.027155087565187364
194 214 0.9953492848935306
195 196 0.5919782223364036
195 215 0.805526959012109
196 197 0.5929723404523624
196 216 0.5972801590128032
197 198 -0.27562671745332423
197 217 0.9536509486210507
198 199 0.7097205196299412
198 218 0.8631623244291207
199 200 0.6452531083281854
199 219 -0.6723397258081758
200 220 0.1191748156992849
201 202 -0.40454856339645673
201 221 0.12301781065272221
202 203 0.1615496501734559
202 222 0.9086757311138485
203 204 0.48995842243361265
203 223 -0.1738747438082846
204 205 -0.5299561713575194
204 224 0.20101465323947254
205 206 -0.1995519794214009
205 225 0.13697057311159466
206 207 -0.8751415976709411
206 226 0.22952612238133896
207 208 0.5573144401648302
207 227 0.8857044849480198
208 209 0.5908865980929745
208 228 0.7501878882664126
209 210 -0.11545074179318737
209 229 -0.4204798252531554
210 211 -0.7984696550077472
210 230 0.8742687617506388
211 212 -0.37580711759784746
211 231 0.5390379499583349
212 213 0.016541121751357135
212 232 0.1581222625537293
213 214 -0.9732156395595841
213 233 0.6354478035752493
214 215 -0.963649884089782
214 234 -0.8540230299872802
215 216 0.2514973362069475
215 235 0.6450514002553271
216 217 0.2718877717216437
216 236 -0.04686080966338646
217 218 0.4902125839539335
217 237 0.6324378798872283
218 219 0.43717649671919734
218 238 0.2515941684555356
219 220 -0.6397571181448163
219 239 -0.9936980647511287
220 240 0.2306047845710657
221 222 -0.20790512790594695
221 241 0.5774014193577992
222 223 -0.6051124449726495
222 242 -0.8333491987391899
223 224 0.0294106677512318
223 243 0.6930829902341005
224 225 -0.27878315499159245
224 244 -0.6622531032941128
225 226 -0.6279175748798884
225 245 -0.9725681334139373
226 227 0.6785695194795525
226 246 -0.932435387784019
227 228 -0.20256669846105746
227 247 -0.39552377526151283
228 229 0.4119092730960441
228 248 0.32658066564803745
229 230 0.5437426877425549
229 249 -0.1988039375934223
230 231 -0.09417352358381059
230 250 0.8295604299337409
231 232 -0.16239241198192822
231 251 0.10613165792785462
232 233 -0.09265467123032578
232 252 -0.5318733197041852
233 234 -0.4979275017295428
233 253 0.08146899583417677
234 235 0.7508583117007521
234 254 -0.35660930001280544
235 236 -0.7502425463841567
235 255 0.7313467515637109
236 237 0.027676112024289656
236 256 -0.2244778092768711
237 238 -0.346884475743533
237 257 -0.9866501305339335
238 239 0.5086501331089301
238 258 0.6163612837016599
239 240 0.047718207921729094
239 259 0.11245265479247335
240 260 0.674842470660884
241 242 -0.1630312293082461
241 261 -0.7121921584493442
242 243 0.7677284354664744
242 262 -0.9686076140981126
243 244 0.7177241136937931
243 263 -0.37899277211361704
244 245 -0.30550710196553643
244 264 -0.5709659606284498
245 246 0.1855781114952595
245 265 -0.9685695358203694
246 247 0.22523019848852166
246 266 0.8516341860524532
247 248 0.38663441786496433
247 267 0.11880109697692731
248 249 -0.041834394478877046
248 268 -0.2820431687949123
249 250 -0.6275471219281468
249 269 0.7766329337143878
250 251 0.9666487503117875
250 270 -0.16414392415099632
251 252 -0.10285987220326942
251 271 -0.9216776520544534
252 253 0.2687181924015365
252 272 -0.7213372006078005
253 254 0.1693219875226153
253 273 0.39070102000222673
254 255 -0.4793193493295618
254 274 0.11969461666652603
255 256 -0.4884350348245903
255 275 -0.44916502856043095
256 257 0.14165306901862618
256 276 -0.5947747442310429
257 258 -0.257549429540453
257 277 0.4293670499623812
258 259 0.27988438822347517
258 278 -0.1302731442825682
259 260 0.3863599250985217
259 279 -0.1851926592383224
260 280 0.10089749853818586
261 262 -0.6981866111586459
261 281 -0.8895172995683525
262 263 0.5911892947070487
262 282 0.5363808788566244
263 264 -0.7612272120428933
263 283 0.04191896266100148
264 265 0.5890565859930517
264 284 0.5834186361929072
265 266 0.17198744714424308
265 285 -0.18267419736855062
266 267 -0.6970784129552277
266 286 0.45587273292868047
267 268 0.031693439349625985
267 287 -0.5546015368103707
268 269 0.9087352837083358
268 288 0.21834100061121853
269 270 0.6186810035542638
269 289 -0.3157031552724703
270 271 0.9018126150088268
270 290 -0.2104800556963613
271 272 -0.4786097276397443
271 291 -0.8980850653497192
272 273 0.2037883438072492
272 292 -0.7215277655335997
273 274 0.14424591052613178
273 293 -0.2061864567883236
274 275 0.04971763324273559
274 294 -0.01839433556483616
275 276 -0.228842220042222
275 295 0.7755990890219266
276 277 0.9096298585988307
276 296 -0.46258251081813695
277 278 -0.40099274070403923
277 297 0.6810818177941202
278 279 0.34936822001914747
278 298 -0.325001854597067
279 280 -0.9777095868929879
279 299 0.013839331364430274
280 300 -0.8945434885544568
281 282 0.43607438740729143
281 301 -0.4153652909917229
282 283 0.7440875719063409
282 302 0.8322201727791105
283 284 -0.10209986340594313
283 303 0.7945745498636183
284 285 -0.6709192862711428
284 304 0.5007280970245247
285 286 -0.5427521162425901
285 305 -0.6202325242585569
286 287 -0.6983586310855698
286 306 0.6799036803231662
287 288 0.29971985166223214
287 307 0.3547533126936795
288 289 0.7139506605179353
288 308 0.7608537207128574
289 290 -0.4246174911460141
289 309 0.23978493436371195
290 291 -0.19451558735397523
290 310 -0.8099850096830084
291 292 -0.7944629164167443
291 311 0.670212687252997
292 293 -0.8006816955208031
292 312 0.40108571984524644
293 294 -0.5118539730203329
293 313 0.5583398287626424
294 295 -0.1633878487433924
294 314 0.18916646433545936
295 296 -0.27477316724838374
295 315 -0.9953370034276199
296 297 -0.4454956918948989
296 316 0.5847541643670531
297 298 -0.2830746471476153
297 317 0.5684355256107183
298 299 -0.6676112741069864
298 318 -0.5115342587152265
299 300 0.9600629155394105
299 319 -0.044443026614455095
300 320 -0.6178781650269125
301 302 -0.6024522555993139
301 321 0.6627278446210421
302 303 -0.45237361416443145
302 322 -0.5272377472348011
303 304 -0.013795322826946732
303 323 0.008955035983182258
304 305 -0.8882067623079732
304 324 -0.5350591487965597
305 306 0.8266058399294518
305 325 0.18044074377053554
306 307 -0.6347644787671523
306 326 -0.21779322671374235
307 308 -0.227304152174576
307 327 -0.4771755317756654
308 309 -0.6415884582362887
308 328 -0.5663046551051174
309 310 0.5424373824790132
309 329 0.40422387289180817
310 311 0.6449293916544874
310 330 -0.39799436680824574
311 312 0.5594470725312262
311 331 0.5106968902951554
312 313 -0.050956808272754506
312 332 0.9148842952254763
313 314 -0.0005831115782710672
313 333 -0.7573196094843826
314 315 -0.07385664445969975
314 334 0.23719520250388104
315 316 -0.9225637342388047
315 335 -0.11836738737170371
316 317 -0.3048554558071439
316 336 -0.3280885067605108
317 318 0.3562489167065499
317 337 -0.4963927064713729
318 319 -0.8864177547002503
318 338 -0.0489159404566184
319 320 -0.40752825376178237
319 339 0.14422889308960962
320 340 0.8901158757456424
321 322 0.13598223944926202
321 341 -0.8353205015750385
322 323 -0.3789603127092247
322 342 0.43128651783694805
323 324 -0.2697527012191878
323 343 0.5660122421842815
324 325 0.3001928629897379
324 344 0.43648352784972877
325 326 -0.6576113054378179
325 345 0.428948955481286
326 327 -0.27959384644813645
326 346 -0.20411567400083452
327 328 0.9975229005804349
327 347 -0.47116859330826055
328 329 -0.9292707671046321
328 348 -0.6990229429437091
329 330 0.7583103343460318
329 349 0.17560748695137862
330 331 0.19939809128100316
330 350 0.1920292926528111
331 332 0.7033431018596057
331 351 -0.45084471935593373
332 333 -0.13608036624937436
332 352 -0.8869717257897676
333 334 0.36165761255859863
333 353 -0.7741879983377662
334 335 -0.5431254032130455
334 354 -0.7332523899236185
335 336 -0.30948895579476576
335 355 0.8478278403543351
336 337 -0.9199191995606981
336 356 0.8162302087510116
337 338 0.36656970073364237
337 357 0.4309872096365117
338 339 0.7267746697762973
338 358 0.020089444295382286
339 340 0.6841927596713193
339 359 0.17742928916517386
340 360 -0.2788321841666468
341 342 0.08999714786144075
341 361 -0.6820825108654491
342 343 -0.8345290214931933
342 362 0.350972886008853
343 344 0.895846038417131
343 363 -0.7399699738524912
344 345 -0.039901072998890896
344 364 -0.32477066468524707
345 346 -0.5231078822713935
345 365 0.8436102864987896
346 347 0.9804337109910777
346 366 -0.6025148325272902
347 348 -0.6704965184935345
347 367 0.5663959330563522
348 349 -0.7692354502035705
348 368 0.8073696231270342
349 350 -0.43513714790393365
349 369 0.20879546580539987
350 351 -0.03289815028540022
350 370 -0.9442967170593277
351 352 -0.2610443252804162
351 371 0.8179890611770289
352 353 -0.9660779168093208
352 372 -0.22955410573016488
353 354 -0.22845583482455445
353 373 0.23719738303907212
354 355 0.48455629722079196
354 374 0.07779396112786285
355 356 0.3468562096572305
355 375 -0.7957098490950509
356 357 -0.4092178643468263
356 376 -0.09678491569001357
357 358 0.921289098612631
357 377 0.7275876884031076
358 359 0.3868923559887887
358 378 0.7360645958967253
359 360 0.6867814086704433
359 379 -0.1808980650223746
360 380 -0.17584533402805813
361 362 0.35352477140592087
361 381 -0.7630554702418471
362 363 0.7170493377550542
362 382 0.38579376823301215
363 364 0.32222534705214145
363 383 -0.6725353830196645
364 365 -0.2205874213565373
364 384 0.7175943876900068
365 366 0.4425477334991237
365 385 0.3538459581753377
366 367 -0.26149337965897224
366 386 0.5387884493026656
367 368 -0.03953617429644951
367 387 0.9066361265501734
368 369 0.9602449287805501
368 388 0.019823732345472855
369 370 0.28868931503112893
369 389 -0.852512992625788
370 371 -0.407469973195568
370 390 0.8161782944518645
371 372 -0.9825586532457471
371 391 -0.38540624045213234
372 373 -0.9725876206123394
372 392 0.05886055380009925
373 374 0.5151229206312
373 393 -0.009696206741314661
374 375 0.21714230185093641
374 394 0.22343795532148736
375 376 0.17354813685948
375 395 0.031166054695325185
376 377 -0.08123896661230989
376 396 0.49490029173306893
377 378 0.6344086703378915
377 397 -0.5333513422295015
378 379 0.9756328994619217
378 398 0.6165471071041368
379 380 -0.7937370581877341
379 399 0.11436134700225864
380 400 -0.15531167186322326
381 382 -0.11000786775986238
382 383 0.570167382527859
383 384 -0.3821224711851041
384 385 0.02277122225759931
385 386 0.9736211126860983
386 387 -0.10905908555445776
387 388 -0.27432379867656076
388 389 -0.10714292205419795
389 390 -0.8039309311662504
390 391 0.07788607207176867
391 392 -0.44889626395939586
392 393 0.10784604140624032
393 394 0.06606189688098141
394 395 0.49208432919407197
395 396 0.37525962950734226
396 397 -0.8586038484680372
397 398 0.17805265344555954
398 399 0.820154623688178
399 400 -0.2154482919884677
