1 2 0.17626160215454845
1 21 0.7954274558188359
2 3 0.2537068754327001
2 22 0.11489962114456498
3 4 -0.9036852599707601
3 23 0.3910012788486543
4 5 0.9932017091068157
4 24 -0.9808144584332017
5 6 -0.18066179189340792
5 25 -0.4888052484049539
6 7 -0.20510535741930602
6 26 0.007079359589820866
7 8 -0.12297866106930133
7 27 -0.5685123216383685
8 9 -0.5862293601284656
8 28 -0.01884032814034553
9 10 -0.9357393522512303
9 29 0.5121360288822367
10 11 -0.6942594014902277
10 30 -0.24840891556991362
11 12 0.2588811435183169
11 31 0.13402290783139303
12 13 -0.9177894397497959
12 32 -0.30514918515913503
13 14 -0.5620887875664131
13 33 -0.9479019773356139
14 15 0.2717872045068854
14 34 -0.38499177993362954
15 16 0.1786480688504546
15 35 -0.49404166389276916
16 17 -0.7296559971544123
16 36 0.5429865117442854
17 18 -0.8510907545100219
17 37 -0.3106009136384531
18 19 0.93711094775456
18 38 -0.3773946704327198
19 20 -0.6631306755638045
19 39 0.36609770894688065
20 40 -0.4761752839909079
21 22 0.783061458949416
21 41 0.6316749546153679
22 23 -0.362840880840396
22 42 -0.21031355828314524
23 24 -0.4014562446972785
23 43 -0.6687288901873778
24 25 -0.5248532249189422
24 44 -0.07615043657330922
25 26 0.23613205250067915
25 45 0.7900288971727747
26 27 -0.03989643091719319
26 46 0.41983752569261146
27 28 -0.013242628232299491
27 47 0.8500701200031795
28 29 -0.6153601780967999
28 48 -0.6314839614804812
29 30 -0.8315555343852035
29 49 -0.6473046201969792
30 31 -0.7483975282741648
30 50 0.7497666969023116
31 32 0.08128222830075149
31 51 0.7146290397630668
32 33 -0.44869183873573193
32 52 0.9993369514848798
33 34 -0.43278467095975803
33 53 -0.7616220654929398
34 35 0.29710550503337063
34 54 -0.0250442204303869
35 36 0.08672971429492526
35 55 -0.37203669835237463
36 37 0.13840830965696593
36 56 0.9986646373534442
37 38 0.1438696095612353
37 57 0.28770100107792174
38 39 -0.9166845492009303
38 58 0.4423081426057187
39 40 0.46027679317897263
39 59 0.8740351741864074
40 60 0.3897257034855177
41 42 -0.9282208287662934
41 61 0.3835151635177678
42 43 -0.48405082826962964
42 62 0.1644822465704312
43 44 -0.3354961197534252
43 63 -0.6691245089893392
44 45 0.5305176758565611
44 64 0.9450066286417522
45 46 0.335004781813816
45 65 0.15170671182208295
46 47 -0.9647036779560922
46 66 -0.8727895312109717
47 48 -0.7741083830236273
47 67 -0.22699297895886006
48 49 -0.3984980034543757
48 68 0.18433457271502007
49 50 0.8595721262148994
49 69 -0.47971701768743635
50 51 0.818107546733646
50 70 -0.8915360166578747
51 52 0.0676049081610195
51 71 0.33151062194061054
52 53 -0.5481025237698738
52 72 -0.4410339342870615
53 54 -0.4395562154243333
53 73 0.17408448258110143
54 55 0.8859422301680155
54 74 0.2484663342772757
55 56 -0.9238027485766651
55 75 0.5125425261300769
56 57 -0.9533062183758347
56 76 -0.3871993113525538
57 58 -0.7183420589261444
57 77 -0.425727183124295
58 59 0.6557231578962643
58 78 -0.24003178440510853
59 60 0.37818586185613645
59 79 -0.2914387577778823
60 80 0.820129747822625
61 62 -0.24263811598918372
61 81 0.03702189089616126
62 63 -0.6767425791124253
62 82 0.19626763953003956
63 64 0.8292759620046379
63 83 -0.43194998815958296
64 65 0.8318939960725236
64 84 0.17489356209937812
65 66 0.2974409643280349
65 85 0.9221535314555211
66 67 -0.7660531179335053
66 86 0.6617704048433362
67 68 -0.20250595547237205
67 87 -0.38408780480025206
68 69 -0.007767695908705852
68 88 0.833303931697364
69 70 0.591665085361518
69 89 0.05915933400279649
70 71 0.8614676325213726
70 90 0.755459646532072
71 72 0.6034719994240507
71 91 0.9037187726348688
72 73 -0.2890527557116902
72 92 -0.8375559151826388
73 74 -0.9435351691730518
73 93 -0.9378768101541957
74 75 -0.04188263810633286
74 94 0.999063334592381
75 76 0.9387405376259936
75 95 -0.8696621923493435
76 77 0.8792477880844425
76 96 -0.7184969560422569
77 78 0.2625752268783823
77 97 -0.6562744567955088
78 79 0.5511721371849887
78 98 -0.9351459642639024
79 80 0.7269182650875967
79 99 -0.1985567452215371
80 100 0.4859784735775685
81 82 0.315902931117626
81 101 -0.6122995642341034
82 83 0.6516471545120204
82 102 -0.6872165629781055
83 84 -0.7847854703186359
83 103 -0.7659964595345978
84 85 -0.11124934380604001
84 104 -0.11784811971367004
85 86 0.728738494582327
85 105 0.565457553308431
86 87 -0.3875243255668219
86 106 0.2265875620104607
87 88 -0.8900737344034444
87 107 -0.5769603329795641
88 89 0.29373209269566547
88 108 -0.739071468704255
89 90 0.4028711851758624
89 109 0.38122352687639705
90 91 0.6570864147472948
90 110 0.32198765001739904
91 92 -0.9241609053838735
91 111 -0.46107884702903856
92 93 0.10212432748117561
92 112 -0.859883846613547
93 94 0.2540224624747738
93 113 0.22925879252092618
94 95 0.5625942887360442
94 114 -0.8450385254655155
95 96 -0.5404425839375733
95 115 -0.47841084798262146
96 97 0.39583574971999536
96 116 -0.022396529495703588
97 98 -0.5333950926508544
97 117 -0.3946696010942594
98 99 0.7419464492221437
98 118 0.5823706354520426
99 100 -0.3060262049711133
99 119 0.4594823984983949
100 120 -0.11396834083522434
101 102 -0.45536719586683216
101 121 0.4372118672023315
102 103 0.4686010386341062
102 122 -0.1827131358423555
103 104 0.5110471975914941
103 123 0.6777889163917199
104 105 0.3879827428181568
104 124 0.4532819474191816
105 106 -0.37779335909393175
105 125 -0.45617227913439984
106 107 0.10710302091556856
106 126 0.5742861965561235
107 108 0.873906350963094
107 127 -0.5194252592231641
108 109 0.6293877746047778
108 128 -0.5743399091688091
109 110 -0.047253206396063785
109 129 0.43773192238040326
110 111 -0.7262280404531241
110 130 -0.18534343960710165
111 112 0.5319190163065424
111 131 0.15539416794635064
112 113 0.22515588988054636
112 132 -0.8629506920768144
113 114 -0.3986448397497784
113 133 -0.28515269230146445
114 115 -0.8011250756030033
114 134 -0.057263810484192046
115 116 0.7654762184003869
115 135 -0.6330921816636921
116 117 -0.7038488205360711
116 136 0.25210529760332356
117 118 0.7560953306692937
117 137 -0.9681793654043109
118 119 0.8801716281550545
118 138 0.907116169508118
119 120 -0.7176042100720066
119 139 0.14790813313864093
120 140 0.42132997767797153
121 122 0.566007218918021
121 141 0.7006552795499907
122 123 0.5573758087266603
122 142 0.6079411352220172
123 124 -0.9289259466569835
123 143 -0.7571124603985064
124 125 0.46946551493622457
124 144 -0.23155894074016725
125 126 0.9147610843580873
125 145 0.03288536002108966
126 127 0.6493385436729062
126 146 0.6384251341144795
127 128 -0.9702869310172733
127 147 -0.14780828342735686
128 129 -0.9165652556837385
128 148 -0.3007817865493274
129 130 -0.48570925664199294
129 149 -0.3562681241514343
130 131 0.8818700301621718
130 150 -0.3676888114899046
131 132 -0.26103308249720714
131 151 0.36316631419513046
132 133 0.728747849724253
132 152 0.9154517673549567
133 134 0.11919211192209489
133 153 -0.18488207357377884
134 135 0.4615046740293629
134 154 0.13191760961190058
135 136 -0.8628515286470118
135 155 -0.32415805394284924
136 137 0.6582705732580321
136 156 0.1053814800521633
137 138 0.3788380615958704
137 157 -0.19798891911560434
138 139 -0.6846322589266123
138 158 -0.6319223245854431
139 140 -0.15114317599259985
139 159 -0.08750722623742302
140 160 -0.7284536457436892
141 142 0.5504897879887254
141 161 -0.9266713871578285
142 143 0.5721428870537015
142 162 0.1845740373116258
143 144 0.782016110127306
143 163 0.030184468485434213
144 145 0.8907918228878284
144 164 0.5873385296200684
145 146 -0.16514894571859196
145 165 0.27772613807064217
146 147 -0.8870316844225121
146 166 0.7806699525815304
147 148 0.242739496561321
147 167 -0.277841520339132
148 149 0.3946678587974577
148 168 -0.47350007439224795
149 150 0.5979152272283128
149 169 -0.8985578376561865
150 151 -0.7095334862006033
150 170 -0.663842523108342
151 152 0.23385730124275628
151 171 -0.359297231990624
152 153 -0.23832188490990713
152 172 0.20940785079358304
153 154 -0.752992655949565
153 173 0.9615693928122695
154 155 -0.6236450056264047
154 174 -0.20608525718172954
155 156 0.3401650335744739
155 175 -0.14166013438708847
156 157 -0.5849220280181882
156 176 -0.4373786828522035
157 158 0.728206247674851
157 177 0.07561264419423108
158 159 -0.8707200655526572
158 178 0.9218163645786064
159 160 0.3299131474958936
159 179 -0.7336174009043113
160 180 0.29727494010907374
161 162 -0.7666125297342097
161 181 0.5025613989754019
162 163 0.3289784056512066
162 182 0.2931345735512181
163 164 0.8488380232573223
163 183 0.16248525942101621
164 165 -0.4843706690738221
164 184 0.27297388395936983
165 166 0.37905472200517987
165 185 0.5369729897903128
166 167 0.9035631272435132
166 186 -0.5577616782562733
167 168 0.9179085387794399
167 187 -0.696058214302677
168 169 -0.3603269999606762
168 188 0.9158134711081596
169 170 -0.4725136611636489
169 189 -0.5840473536087634
170 171 0.05695395851824325
170 190 -0.9615069119560353
171 172 0.45221526249108357
171 191 -0.552539659034976
172 173 -0.19422403921599973
172 192 0.620924842542715
173 174 0.8460626078351698
173 193 0.692408426272205
174 175 -0.7154376170191266
174 194 -0.6556809856237564
175 176 -0.2456116287514205
175 195 -0.6236531269220837
176 177 0.5520196391650769
176 196 0.7833871542669688
177 178 -0.9508531150426016
177 197 -0.37344282218580616
178 179 -0.37352140214359597
178 198 0.9233246831663195
179 180 0.08399213098735325
179 199 -0.28912417445746597
180 200 0.20061290368964158
181 182 -0.521563567600781
181 201 -0.4903879721157065
182 183 -0.14872704207189824
182 202 0.02713666751548649
183 184 0.546512774612808
183 203 -0.1546462113100886
184 185 0.6902810466984881
184 204 -0.9844497026670675
185 186 -0.11429082460321394
185 205 0.9026289802381335
186 187 0.5499460950219555
186 206 -0.16967247177599498
187 188 0.9028838228896334
187 207 -0.04283435186515039
188 189 0.9680676335310261
188 208 0.2729199109435452
189 190 -0.5550721802832499
189 209 0.323763465720313
190 191 0.35473332403595936
190 210 -0.7812867746388017
191 192 0.7199651082515863
191 211 -0.9441267080160827
192 193 -0.8015999990994793
192 212 0.9300815820489148
193 194 -0.959567324336249
193 213 -0.8153180802523199
194 195 -0.7620606301294797
194 214 0.5463780502166669
195 196 0.9455339184488778
195 215 0.05026210837762268
196 197 0.591662241153029
196 216 0.8722615539632137
197 198 -0.8970417535612798
197 217 -0.6298511624180303
198 199 0.35944485958580663
198 218 -0.3882977363510891
199 200 0.39517729547858926
199 219 0.07021996783165418
200 220 0.0980430631700584
201 202 0.715251062339525
201 221 0.8995580522286055
202 203 0.0025156874321945466
202 222 -0.9258323781624016
203 204 0.6509295025282511
203 223 -0.22919087654502568
204 205 -0.8459274513539254
204 224 0.9788502779590682
205 206 0.06558257023933778
205 225 -0.37287724171741266
206 207 -0.07264953307993438
206 226 0.3627940443360054
207 208 0.6148643081450884
207 227 0.26586794573572914
208 209 0.5058152367644797
208 228 0.9244890946841684
209 210 -0.7539323078509805
209 229 -0.21226564462239828
210 211 -0.25405585056247215
210 230 -0.7299541895475086
211 212 0.24113812519993383
211 231 0.30467745202196994
212 213 0.7393832736660368
212 232 0.06578812374609067
213 214 -0.8079908392781192
213 233 0.18463828523450476
214 215 0.35730512328570785
214 234 -0.0863766443851739
215 216 0.7570460635658434
215 235 0.33937808631120503
216 217 -0.40847988436745863
216 236 -0.4484732264535711
217 218 0.6206889541313465
217 237 -0.16263882329915247
218 219 -0.7305356049958651
218 238 0.25210696237396557
219 220 -0.3399026598632777
219 239 -0.6869991450443529
220 240 0.5959511320049564
221 222 0.12337371602231584
221 241 -0.6424389603000469
222 223 0.41623219036302794
222 242 0.24086120043401915
223 224 -0.29130807549620275
223 243 -0.14384295508438893
224 225 0.581930024466806
224 244 0.4737747606083482
225 226 -0.5929558730375599
225 245 0.9706952370498372
226 227 0.8655568766875685
226 246 0.7151314063559833
227 228 -0.6413531006819293
227 247 -0.9256810420162069
228 229 0.6501233821909898
228 248 -0.5595174088008064
229 230 0.22519777065459
229 249 -0.3586035431559116
230 231 0.3375698000137206
230 250 -0.5167527203047122
231 232 0.3184242382977944
231 251 0.6020860725679185
232 233 0.2805155711894838
232 252 0.6102195956200558
233 234 0.2619320542236092
233 253 0.526438886030991
234 235 -0.9892511284175911
234 254 0.35618786276782455
235 236 -0.720468946871303
235 255 0.8104000652322048
236 237 -0.27614678579531815
236 256 -0.7865713333470572
237 238 -0.9970078350157099
237 257 -0.029287474020135873
238 239 0.7188769027659176
238 258 -0.8759701582448955
239 240 -0.2332229668008079
239 259 -0.5506216709631717
240 260 -0.6430690019525167
241 242 0.5405038662768005
241 261 -0.015237920770901026
242 243 0.5556170692344857
242 262 -0.08118106870424135
243 244 -0.2098696368922255
243 263 0.6892594282949713
244 245 0.7327796915006457
244 264 -0.5384917553040136
245 246 -0.0643215771190302
245 265 0.40585844100848045
246 247 0.9164050117769282
246 266 0.2672070781000975
247 248 0.893233310561167
247 267 0.7803578802764732
248 249 -0.5237823016279168
248 268 -0.3785957754767859
249 250 -0.36853358546248627
249 269 0.2126395981578919
250 251 0.40792801486959895
250 270 0.2565569987399128
251 252 -0.325901384622014
251 271 -0.9812011800083378
252 253 -0.02137791273045786
252 272 -0.3858335546687386
253 254 0.4503682474716273
253 273 0.48241583582390746
254 255 0.8064346565926139
254 274 0.8187220740464343
255 256 0.012253541186009187
255 275 -0.8966924979591049
256 257 -0.7163502869113925
256 276 0.019516036365731626
257 258 0.6868002534506121
257 277 0.9671690779442497
258 259 -0.7921608403755123
258 278 -0.6202733145731827
259 260 -0.11441619178592055
259 279 0.10792409435269712
260 280 0.07817946080056304
261 262 0.26250613112709065
261 281 0.6789958458274119
262 263 -0.24038889059493873
262 282 -0.4162155928925577
263 264 -0.25235238167407026
263 283 -0.2568380476281711
264 265 -0.7889955009752956
264 284 0.4858705388458744
265 266 -0.6907918239038551
265 285 0.46199877295270153
266 267 -0.8667782408284994
266 286 0.7428168923507765
267 268 0.46206862750146427
267 287 -0.08250780508104083
268 269 0.9610179820271263
268 288 0.2776411221460422
269 270 0.6663979868084529
269 289 -0.1662820180324478
270 271 -0.3101353286906732
270 290 -0.9097318921566302
271 272 0.7031668611457522
271 291 0.5940980599436683
272 273 -0.6411645190732291
272 292 0.467944483225327
273 274 -0.790942662172174
273 293 0.09983375852741339
274 275 0.5590953624988253
274 294 0.3103095829228537
275 276 0.06590336423273291
275 295 -0.5063940348598448
276 277 -0.7677661309233808
276 296 0.6332658678053107
277 278 -0.8710408019640963
277 297 0.9305619478452947
278 279 -0.8063116503961041
278 298 -0.9157748747493082
279 280 0.44601367590442464
279 299 -0.8640181045765754
280 300 -0.09267123601946126
281 282 -0.07792120741513853
281 301 -0.004119853385389671
282 283 0.11445772497398421
282 302 -0.8316727966049335
283 284 -0.16811408398490357
283 303 -0.15091104727355442
284 285 -0.0496873134900544
284 304 0.519305668630827
285 286 0.3211720872171633
285 305 0.4728573540432923
286 287 -0.27825832089344193
286 306 0.2789290012661576
287 288 -0.16000835981861639
287 307 0.6784249647246636
288 289 0.8098367827610391
288 308 -0.9726145298387072
289 290 -0.9034228091278684
289 309 0.7692914440974488
290 291 0.9988314196956993
290 310 0.28505448325451166
291 292 0.025117579307515125
291 311 0.7420051451399041
292 293 0.38912967973498525
292 312 0.05393027978312093
293 294 0.4369022819817594
293 313 -0.4633178617754319
294 295 -0.9719514168214307
294 314 0.6548652770077283
295 296 0.552441307360491
295 315 -0.2991503798399233
296 297 0.46010437411644944
296 316 -0.863140841733665
297 298 0.17697453751291214
297 317 -0.30975268836146497
298 299 0.8062158945861886
298 318 0.2721331675580121
299 300 0.7405197781291295
299 319 -0.2277741436810039
300 320 0.6708079243008125
301 302 0.3588222351065016
301 321 0.3015718282466602
302 303 0.26256333828809186
302 322 0.889140975840736
303 304 0.32560968566763204
303 323 -0.6204481487673543
304 305 -0.02801373528296791
304 324 -0.44813241808095294
305 306 0.8133785816868742
305 325 0.586632627302277
306 307 0.8147992917100741
306 326 0.014098764294078192
307 308 -0.03240602769037548
307 327 -0.19506909466555755
308 309 0.5334032223294094
308 328 -0.9912036215687339
309 310 0.7379668967616753
309 329 -0.2649451989016731
310 311 -0.9859562434473459
310 330 0.4947593225095035
311 312 -0.18979589181266587
311 331 0.6884127171632504
312 313 0.843533231193438
312 332 -0.4577798413393057
313 314 -0.4407095851999321
313 333 -0.2874143367184454
314 315 0.6318881028608072
314 334 0.06871450912486021
315 316 -0.6744305873331986
315 335 0.9347270025702539
316 317 0.2341534204524598
316 336 -0.27776935872364805
317 318 -0.0369263301247964
317 337 0.70884505692638
318 319 0.7997102149966799
318 338 0.26847744705469334
319 320 0.034060346503412164
319 339 0.8979685836281222
320 340 -0.5122291225624576
321 322 -0.46240952251129186
321 341 -0.8653506661219645
322 323 0.7824750698794771
322 342 0.7571651595267828
323 324 0.44495730222487384
323 343 -0.49267805419545874
324 325 -0.23643326563871958
324 344 0.3524027970257191
325 326 -0.21006053760395504
325 345 0.8443114576591573
326 327 0.7184936082385511
326 346 0.993606114554531
327 328 -0.23924724171200884
327 347 0.8929234728322675
328 329 -0.913423904858705
328 348 -0.9902613886039733
329 330 0.2696467101483637
329 349 -0.0917886749352419
330 331 -0.2333042470255018
330 350 -0.9116869318048391
331 332 0.45155526740746166
331 351 0.25915920578249385
332 333 -0.40774914625884096
332 352 -0.40362912129914585
333 334 -0.14085844175911832
333 353 -0.606676598963851
334 335 0.718452542776914
334 354 0.8733665562266106
335 336 -0.7148822643738773
335 355 0.4537676367953196
336 337 0.4615706707000409
336 356 0.2360604527947039
337 338 0.33641976474004887
337 357 0.5258019703377332
338 339 -0.5975500088700707
338 358 0.7685305562854192
339 340 0.46734616652000516
339 359 0.17619277671919265
340 360 0.9544722037282105
341 342 0.5428902767171255
341 361 -0.038031735400708255
342 343 -0.31049674598600907
342 362 0.4062010640839395
343 344 0.925348277048923
343 363 -0.7346775083613248
344 345 0.4729420613892481
344 364 0.941209390396903
345 346 -0.9181093662161552
345 365 0.5886842182042866
346 347 0.9969342884220709
346 366 -0.40715318296637837
347 348 0.3057291336241197
347 367 -0.6613215582122685
348 349 -0.5861008608322178
348 368 -0.341062823357843
349 350 0.42359419828850564
349 369 -0.74068172116704
350 351 -0.5742062031462363
350 370 0.7988214199293617
351 352 0.9648590472645628
351 371 0.9617167176563128
352 353 -0.3011975001146392
352 372 0.3931741953723451
353 354 -0.6534113761473448
353 373 -0.8816879360492962
354 355 -0.42498511391711125
354 374 -0.6648958887551017
355 356 0.4387281721907912
355 375 0.7990131725350655
356 357 0.9931701440886964
356 376 0.8443389240161725
357 358 -0.7661249042333633
357 377 -0.7069667347954052
358 359 -0.2347690064857988
358 378 -0.8800563862622135
359 360 -0.41913709296959123
359 379 0.6562810554941332
360 380 0.23569667626780078
361 362 -0.34158718453270653
361 381 0.021282112350303528
362 363 0.05467520946976978
362 382 0.3186339111611389
363 364 0.6135933947354426
363 383 -0.29000909921501217
364 365 0.3627254376427287
364 384 -0.019096002259797906
365 366 0.6759432988320639
365 385 0.08385338508909324
366 367 -0.49408058532587407
366 386 -0.564446154453422
367 368 0.478462560415605
367 387 -0.23958781238790694
368 369 0.9192901977465686
368 388 0.817764007937817
369 370 -0.8251792630182495
369 389 0.9133973500412471
370 371 -0.6050628137578031
370 390 -0.8177150071503168
371 372 0.7340392979068016
371 391 -0.2756523382078575
372 373 -0.736802587083901
372 392 0.28794453615113524
373 374 0.7280679676726105
373 393 -0.009552291621250264
374 375 -0.03729285723822984
374 394 -0.47461749537562636
375 376 -0.1825109016364268
375 395 -0.9818139763549361
376 377 -0.9457845915516556
376 396 0.09963903562395449
377 378 -0.17001856301001927
377 397 -0.1923232207529577
378 379 -0.6179336769652379
378 398 0.36921266494145666
379 380 0.7039094818579947
379 399 -0.29837408342493044
380 400 -0.1456561281060169
381 382 -0.47274234267988646
382 383 -0.46341873264979383
383 384 -0.8307233903987545
384 385 -0.7431935158181635
385 386 0.26074439980264175
386 387 -0.06687726134235983
387 388 0.6135443165234407
388 389 0.16903087938233075
389 390 0.75407793663823
390 391 -0.5790808354046215
391 392 -0.9669260635221788
392 393 0.3961512268637988
393 394 -0.47093322723798026
394 395 -0.32664277849971035
395 396 -0.24991693411454752
396 397 -0.4976673998972623
397 398 0.34937907025034787
398 399 -0.6658703789477867
399 400 0.2877884710991556
