1 2 0.034595767693178514
1 21 0.8939252076296282
2 3 0.1769716436846851
2 22 0.5472263381514686
3 4 0.5972004147014127
3 23 -0.23154611450313878
4 5 0.27877975742852734
4 24 -0.1659437858725643
5 6 -0.1010060345442334
5 25 0.3773099157389437
6 7 -0.8643613903404501
6 26 0.442720202057834
7 8 0.5452088401736632
7 27 0.6248869912312869
8 9 -0.5720805170493515
8 28 -0.08268100493803154
9 10 -0.1662314662216804
9 29 -0.11648575308025566
10 11 -0.8966563271020647
10 30 -0.24207475843818838
11 12 -0.49359565186592946
11 31 -0.6781590956901524
12 13 -0.20640159720642837
12 32 -0.6406559016295874
13 14 0.04989706286961626
13 33 0.8734410849707666
14 15 -0.9978461897846129
14 34 -0.9139558471215465
15 16 0.6818380527656296
15 35 -0.08128055316180882
16 17 -0.4832609048857137
16 36 -0.19055287054502168
17 18 0.275444910050628
17 37 -0.32141239870776817
18 19 -0.46214993654099756
18 38 -0.31527344410511127
19 20 -0.9284503833200628
19 39 0.6312582863285918
20 40 -0.9847176691431987
21 22 0.5309195187938138
21 41 -0.4352083120657746
22 23 0.3116909160138066
22 42 0.11541351895684593
23 24 -0.8145479910669089
23 43 -0.7465499807601859
24 25 0.2544649995145116
24 44 -0.20713871175749676
25 26 -0.7023039502146087
25 45 -0.7606949551214615
26 27 -0.7567827340651121
26 46 0.6191327140565803
27 28 -0.0505576735729123
27 47 -0.3950257675054374
28 29 -0.9502093874381861
28 48 -0.5095578475012255
29 30 0.23352424124399596
29 49 0.9924581412002687
30 31 -0.022383772298748772
30 50 0.35541408199178615
31 32 0.7414545017165579
31 51 0.3754794765345437
32 33 -0.8165013761055846
32 52 0.866241240573532
33 34 0.6127593706396959
33 53 -0.9036301024356663
34 35 0.7410737875852274
34 54 -0.9835024014184446
35 36 0.8891766889283115
35 55 -0.15441277679161258
36 37 -0.07725547515229225
36 56 -0.5389549726803129
37 38 0.05738098533219449
37 57 0.1192211667832559
38 39 0.6130817122969532
38 58 -0.3752331796915396
39 40 0.16861082432938068
39 59 0.5244943050706381
40 60 0.32048570765609585
41 42 -0.5579092734766948
41 61 0.3724441704749337
42 43 -0.6435054668597133
42 62 -0.5188329375639738
43 44 0.06879456246195037
43 63 0.014608394150337212
44 45 -0.396373672169281
44 64 -0.20411073545250558
45 46 -0.7186930416601134
45 65 0.6892349674169058
46 47 0.8695844451272388
46 66 -0.3150696428946913
47 48 -0.35175290561295536
47 67 0.7729271605310348
48 49 0.30662279983836505
48 68 -0.325246414879659
49 50 0.30436612969399457
49 69 0.2710229406511888
50 51 -0.40322980795091623
50 70 -0.9697267822275804
51 52 -0.23959407950382983
51 71 -0.5435347670329882
52 53 -0.0907416066427853
52 72 -0.3974415576445256
53 54 -0.7318771430935977
53 73 -0.9725185773806808
54 55 -0.9376075351563693
54 74 -0.004693090313687698
55 56 -0.4760064224539686
55 75 0.5149431931086341
56 57 0.3659041373044132
56 76 0.5027100390427228
57 58 0.9852515469176328
57 77 0.997409357511861
58 59 0.08403832912816367
58 78 -0.9061229083685785
59 60 0.2140111923006609
59 79 -0.59031029687502
60 80 -0.05561162314769241
61 62 -0.6657215937998875
61 81 -0.21511506706993866
62 63 0.012109264737718561
62 82 -0.20650860234034196
63 64 0.00706954735561105
63 83 -0.7467864486306923
64 65 0.6995690568377562
64 84 0.6774774069104814
65 66 -0.25693244574006835
65 85 0.22266735906392876
66 67 -0.3747302408941553
66 86 0.20059421273495182
67 68 -0.14091547281580707
67 87 -0.9938427240432126
68 69 -0.9568807419383092
68 88 -0.4551778041843073
69 70 0.06902536571852758
69 89 -0.28884326534927607
70 71 0.1991979991837176
70 90 0.6391698086026183
71 72 0.5634115977744434
71 91 0.9496309400908935
72 73 -0.5443184526036291
72 92 0.45757405507212034
73 74 -0.638287246958084
73 93 -0.6733711830197078
74 75 -0.5521183593069401
74 94 -0.24964663875902882
75 76 -0.47838928672963354
75 95 0.8328772239040783
76 77 0.2707202985734918
76 96 0.16840864143102485
77 78 0.9470277635115072
77 97 0.6143439873257179
78 79 0.28174268793646373
78 98 0.2849775079328867
79 80 0.8721431192820963
79 99 0.9058147545269029
80 100 0.9246131637141104
81 82 0.23610469450561844
81 101 -0.17613981028250802
82 83 -0.03388962911411708
82 102 0.9114796821763718
83 84 0.5825811821126949
83 103 0.19210250824639918
84 85 -0.42923932812918175
84 104 -0.3222834452150367
85 86 0.8214156548731184
85 105 -0.6339013561140314
86 87 0.38908271428439356
86 106 -0.9096576744529818
87 88 0.23799347259682913
87 107 0.2768292288826524
88 89 0.9229782812557312
88 108 0.42505150846722817
89 90 0.7099275788524861
89 109 -0.673408497882207
90 91 -0.5792249438003585
90 110 0.2675515039473364
91 92 0.7604806959692814
91 111 -0.4932880564701523
92 93 -0.4600526609565463
92 112 0.4996457324488228
93 94 0.6897414211527257
93 113 -0.5532932777518857
94 95 -0.2844004184514304
94 114 0.8787148108122584
95 96 -0.14314521282850645
95 115 0.06773375533512271
96 97 -0.979883024708639
96 116 -0.3182596267713056
97 98 -0.2289758155020818
97 117 -0.5438981851893578
98 99 0.26965438532851693
98 118 -0.33531242194547883
99 100 0.6823344546724168
99 119 -0.8729484545936643
100 120 0.20120583458325503
101 102 -0.9950702375982277
101 121 0.7680643647442096
102 103 0.8032043856147615
102 122 0.011518643955030328
103 104 0.51553874539834
103 123 -0.08127181622373647
104 105 -0.03221605734322286
104 124 -0.23101728936573918
105 106 -0.8997619406732338
105 125 -0.47289122727989463
106 107 0.25347135192054115
106 126 -0.6490065582889346
107 108 0.20426763198388187
107 127 -0.8302046731126993
108 109 0.22652584437029244
108 128 -0.9148122719547036
109 110 0.5316475760564068
109 129 0.5156637170482423
110 111 0.46342768135072054
110 130 0.9353283275056443
111 112 0.2542521640500053
111 131 -0.010296360628379242
112 113 -0.6139935985108704
112 132 -0.1548868956599898
113 114 -0.12730460380929465
113 133 -0.5772895854714999
114 115 0.3905289310377682
114 134 0.5771442832813034
115 116 -0.6307523958519479
115 135 -0.2323047368302078
116 117 -0.33516834759670777
116 136 -0.7773933588723878
117 118 -0.6617785473245883
117 137 0.11396456763989615
118 119 0.03460878475040419
118 138 -0.17231653085715148
119 120 -0.8067533305607635
119 139 -0.3465875076968452
120 140 -0.8806762844490192
121 122 0.7698950767529471
121 141 -0.3991806212670381
122 123 0.6414029703258297
122 142 0.6554318521499622
123 124 -0.8510815902709934
123 143 0.2049756869329975
124 125 -0.3424253001197197
124 144 0.058006363025385754
125 126 -0.2393852742871958
125 145 0.07177708048092102
126 127 -0.8380678943654776
126 146 -0.37259793849697953
127 128 -0.6224207347433712
127 147 0.5461713238353825
128 129 0.9575697815193303
128 148 0.09566826618145896
129 130 -0.9010658965784555
129 149 -0.08842300717550033
130 131 -0.8245058787204638
130 150 0.36643507034071665
131 132 -0.8541177739048573
131 151 0.09055789500185618
132 133 0.6101979472066987
132 152 0.7153884503328167
133 134 -0.08377159406340917
133 153 0.918063755007446
134 135 0.002341624655471719
134 154 -0.9276935963193675
135 136 0.7718783950506454
135 155 -0.5742961365032033
136 137 -0.12504592005088644
136 156 -0.4673113382686258
137 138 0.4796157731244053
137 157 -0.8397761241714923
138 139 -0.2485099111025295
138 158 -0.4527542253011452
139 140 -0.19598426289655646
139 159 0.7681575627615214
140 160 0.029450723610161766
141 142 0.17916373042942912
141 161 0.9568538320296618
142 143 -0.5363333047958911
142 162 -0.8418890271901391
143 144 -0.12880166096726042
143 163 -0.9871434009333127
144 145 -0.8062300714320132
144 164 -0.9532401388248115
145 146 -0.5881346517408561
145 165 0.5154298944035725
146 147 -0.1717526624871919
146 166 -0.21041627882741065
147 148 0.18060798930305855
147 167 0.3720723818890357
148 149 0.023970036871785227
148 168 0.6220277186439673
149 150 0.42599257638394805
149 169 0.14095278799878508
150 151 0.1367425834993481
150 170 -0.661451654160915
151 152 0.7432182157432614
151 171 -0.9398761179797825
152 153 0.8662111962300687
152 172 -0.004553716126709961
153 154 0.5900222432261619
153 173 -0.9829193940605003
154 155 -0.018422362216447663
154 174 -0.8559021638611026
155 156 -0.9871501601065549
155 175 0.30564379304367106
156 157 0.742826676801678
156 176 0.1842647148857477
157 158 -0.16540098043593798
157 177 0.16883470770070086
158 159 -0.8446201972591008
158 178 -0.5428841573601899
159 160 -0.8274317510905247
159 179 -0.5688288302686244
160 180 0.5294560886029065
161 162 0.6901876442526222
161 181 -0.869849121885613
162 163 -0.06847414704186705
162 182 0.7579516168085463
163 164 -0.9067402432766136
163 183 -0.16251519998817354
164 165 -0.6199226972267902
164 184 0.9246852891480681
165 166 0.23448298751386343
165 185 0.557824164474263
166 167 0.44608105779844953
166 186 0.023249479294526143
167 168 -0.8538177718157012
167 187 0.12293506924807285
168 169 0.4322952815744616
168 188 0.6617703198948994
169 170 -0.2780836226736101
169 189 -0.4547939126998175
170 171 -0.07326226402926861
170 190 -0.9751572745502322
171 172 -0.8223491761718829
171 191 -0.3705913978633957
172 173 0.43133409750851626
172 192 -0.16056922785487493
173 174 0.8681674449490593
173 193 -0.6876970701028353
174 175 0.2947154885362082
174 194 -0.6209780494118697
175 176 0.719968075538385
175 195 -0.815767648435985
176 177 -0.3114886308457554
176 196 -0.4963544599001637
177 178 -0.6776344682487925
177 197 -0.009561672360270057
178 179 -0.6054163283043743
178 198 -0.5042811497803459
179 180 0.8696654528336509
179 199 -0.13685953189721678
180 200 0.21819234882104488
181 182 -0.4105110705652688
181 201 -0.4241311180655072
182 183 -0.7049938825882931
182 202 -0.537497389378945
183 184 0.7565317104185425
183 203 -0.13396461338300347
184 185 0.5219122916745196
184 204 0.042780891743022575
185 186 -0.611484673395063
185 205 -0.5080315825675497
186 187 -0.31270874312459696
186 206 -0.06218343994801501
187 188 -0.4827409706924124
187 207 -0.5576328337581964
188 189 -0.7060798625620452
188 208 0.18050158114672832
189 190 -0.9020675987803124
189 209 -0.8269669232242647
190 191 -0.9536605122914572
190 210 -0.9619965102993708
191 192 -0.9855440307537224
191 211 -0.6290162297530704
192 193 -0.8048757570829923
192 212 0.025545013469189914
193 194 -0.5757492320842779
193 213 -0.6666936287881944
194 195 0.02642345614966546
194 214 -0.2850116241009124
195 196 0.923564117375848
195 215 -0.7896261488138332
196 197 -0.7012307745962232
196 216 -0.6226314106855235
197 198 0.05200082519908378
197 217 -0.22872852751602735
198 199 -0.9128247491495642
198 218 -0.18157140129222538
199 200 0.7024623452144174
199 219 0.5725742320156038
200 220 -0.3401915165679248
201 202 0.6449326782068661
201 221 0.2523660759204922
202 203 0.8358916114078596
202 222 -0.7418729447876586
203 204 0.28692042033941045
203 223 0.13669955097679187
204 205 -0.7553055405317737
204 224 0.9971733621874668
205 206 0.28112702369689924
205 225 -0.19978528004609775
206 207 0.09347753527226565
206 226 0.6697494486023081
207 208 -0.769798893964053
207 227 -0.8018881268758233
208 209 0.6942273003410366
208 228 -0.3152087510826178
209 210 0.9903456758196394
209 229 0.2613787730218393
210 211 -0.19608431858784314
210 230 0.07102640702299556
211 212 0.7487254609140714
211 231 -0.6254358522602674
212 213 -0.38353499012401193
212 232 -0.8675467889435313
213 214 0.7585517377094737
213 233 0.3986808843026295
214 215 -0.2887910052458629
214 234 0.9896239807377767
215 216 -0.6825870442959328
215 235 0.7128469766328471
216 217 0.10778617045466388
216 236 -0.44985982657591506
217 218 -0.07673442360002469
217 237 -0.34077866781450816
218 219 -0.09022609518092883
218 238 0.4540483445414196
219 220 -0.8597916480674204
219 239 0.2552240046543679
220 240 0.2509404807764768
221 222 -0.7790445721726524
221 241 -0.9989423776614479
222 223 0.8328154441316791
222 242 -0.5304048981774059
223 224 -0.5196361969071759
223 243 -0.4085863937883465
224 225 0.7765243036823766
224 244 0.9192896198559768
225 226 0.9254429391043648
225 245 0.5273359869979048
226 227 -0.3038161990758945
226 246 0.5663721269435542
227 228 -0.5122640752135519
227 247 0.49208519215556845
228 229 -0.7102803413069336
228 248 -0.6327032576361378
229 230 0.5886585613567787
229 249 -0.9671020352773199
230 231 -0.4748948930301242
230 250 0.03787884800835206
231 232 0.27575149979859326
231 251 0.29184810470541467
232 233 -0.3073994751624711
232 252 -0.34082427971838647
233 234 0.14582804521835624
233 253 -0.10884763989055246
234 235 0.8769954742725001
234 254 -0.23921433673140258
235 236 -0.5302951014339834
235 255 0.4880995004878248
236 237 -0.6210735227107202
236 256 -0.6163974264828058
237 238 -0.8445283567851012
237 257 -0.8281363190200324
238 239 0.04978088318127427
238 258 -0.7317004545798904
239 240 -0.2849473150475017
239 259 -0.8566917838809667
240 260 -0.03800608988202092
241 242 0.8843324657109992
241 261 -0.7169984845496205
242 243 0.23197353727900483
242 262 0.9031755200025284
243 244 -0.989950152548519
243 263 -0.7422129028463844
244 245 0.12957089831650603
244 264 -0.40353419178476746
245 246 -0.6584173650929421
245 265 -0.761647388870988
246 247 0.30202285023076825
246 266 0.7460515191074497
247 248 0.18876506546097893
247 267 0.07353958798214366
248 249 -0.6729858796207526
248 268 -0.14913527068194332
249 250 -0.7605208460416002
249 269 -0.20952755411814472
250 251 -0.04441625103580549
250 270 -0.41554125055211677
251 252 -0.6340225156101562
251 271 0.28944304486312045
252 253 0.139297786088455
252 272 0.5392358791440668
253 254 -0.28468902150602826
253 273 0.9313551947533742
254 255 0.024543785760714476
254 274 -0.7531317621106712
255 256 0.0051447007856813
255 275 0.8538337226387986
256 257 -0.28602234479046684
256 276 -0.7767559635201142
257 258 0.0850412379979657
257 277 0.8942058192550086
258 259 -0.10031686742311074
258 278 -0.8481339320612455
259 260 0.8266384635604196
259 279 -0.06111817531944652
260 280 0.012796760593287049
261 262 -0.15680694766768055
261 281 -0.30702111970291157
262 263 -0.48973836055532827
262 282 -0.09948970331001927
263 264 0.05831003935733081
263 283 0.294989976369761
264 265 -0.6296141650333218
264 284 0.5617055709373842
265 266 -0.3394606937025251
265 285 0.5972438877676749
266 267 -0.178698074114523
266 286 -0.6316813564967347
267 268 -0.24884312153792876
267 287 -0.5299790440267647
268 269 0.21117701197577743
268 288 -0.8117580408648446
269 270 0.6881253982495219
269 289 -0.4030270711487782
270 271 -0.18959889837545596
270 290 -0.051412651376016916
271 272 -0.7203635883755688
271 291 0.35376002878744095
272 273 0.2188533571702962
272 292 0.08531364270561426
273 274 -0.3497310295904954
273 293 -0.49487048235568376
274 275 -0.3642675012270933
274 294 0.856527303955015
275 276 0.07577272147153225
275 295 -0.6488509850852193
276 277 -0.313450350293768
276 296 -0.7922132487309694
277 278 -0.8136419457214723
277 297 0.6495793485237684
278 279 -0.07546384306235021
278 298 -0.9181842358432206
279 280 0.017214068783845127
279 299 -0.6032352264697429
280 300 0.30623854846830034
281 282 0.739570168794363
281 301 -0.14279637529542732
282 283 0.9450355608529875
282 302 -0.5212580036767227
283 284 -0.709276091011614
283 303 0.38277852092169007
284 285 -0.6895705071919176
284 304 0.20223790064703806
285 286 0.2101740122419662
285 305 -0.5650116927774798
286 287 -0.8136433743165137
286 306 0.11471829811824152
287 288 0.18162944194926278
287 307 0.6832736878358034
288 289 -0.9464229237102935
288 308 -0.8225690908481773
289 290 -0.6119047610487116
289 309 0.7423037522923173
290 291 -0.12515762215401538
290 310 -0.9672503495625466
291 292 0.8806310815269787
291 311 -0.36816502779397675
292 293 -0.6708397543537155
292 312 -0.7858195649830695
293 294 0.37945380632676806
293 313 0.7794388781608785
294 295 -0.9822143530317509
294 314 0.15336948687331464
295 296 0.10812462066370387
295 315 0.9761686596010701
296 297 -0.13923275403597346
296 316 0.727418184869004
297 298 -0.5697910133643773
297 317 0.8903107775590193
298 299 0.7938181919656937
298 318 0.2651999839559578
299 300 0.061972799611278884
299 319 -0.13776638633919913
300 320 0.8518035482831385
301 302 0.6575029686455114
301 321 0.4357036764520765
302 303 -0.6026373946107422
302 322 0.3758927538420551
303 304 0.21113038954126417
303 323 0.9270895601248681
304 305 0.47608004860301123
304 324 0.1326281979546755
305 306 -0.9424520062074326
305 325 0.02562712106761067
306 307 0.9536633700920183
306 326 -0.40855570527683227
307 308 -0.04541221920238003
307 327 -0.8325157207248286
308 309 -0.456663431057752
308 328 -0.3155039834422426
309 310 0.7889597322691266
309 329 0.9581692413820404
310 311 0.41112343358851566
310 330 0.5185647098250266
311 312 -0.8435179922900835
311 331 -0.8345030787158447
312 313 -0.6177756044488809
312 332 0.449241829791319
313 314 -0.1408183053808485
313 333 -0.26851825345872515
314 315 -0.635512938609865
314 334 -0.5663671309031793
315 316 -0.044044833243521264
315 335 -0.669319053235744
316 317 -0.3529876586306049
316 336 0.9128948431818877
317 318 -0.38312247046605696
317 337 0.9332287106860078
318 319 0.27046856599612057
318 338 0.5449106973634792
319 320 -0.5628768770991093
319 339 0.5515423425606705
320 340 0.532367299701046
321 322 -0.7615466116317546
321 341 0.19276834541921772
322 323 0.6900183893381437
322 342 -0.09336763636638978
323 324 0.6857091020974857
323 343 0.036628890116833235
324 325 0.5887586127277917
324 344 0.8545200342971442
325 326 0.8790777152876328
325 345 0.1530973915509397
326 327 -0.21368181386221696
326 346 0.6375977726998094
327 328 0.8664841086865698
327 347 -0.027842782975355584
328 329 0.5534507632188164
328 348 0.48725472701419825
329 330 -0.8327428848113401
329 349 -0.10423254313661667
330 331 -0.45512079637438174
330 350 -0.06872824439503256
331 332 0.3644509330518242
331 351 -0.018150504741360374
332 333 -0.5143010901254139
332 352 0.5389748382558741
333 334 -0.701858138756164
333 353 -0.1884068480370802
334 335 0.04084011695866585
334 354 -0.5419762012255098
335 336 0.9387263155915206
335 355 0.41388441400677056
336 337 -0.16452213265872517
336 356 -0.130161861498306
337 338 0.9307940372159571
337 357 -0.6105616739732667
338 339 -0.8618946493069666
338 358 -0.24433635189659886
339 340 -0.3178189695410094
339 359 -0.8559045923186819
340 360 0.7282552695495277
341 342 -0.7404874045896401
341 361 -0.8449318165456456
342 343 -0.7972599449260764
342 362 0.2456959411053281
343 344 0.20695041443165563
343 363 -0.8290084745783306
344 345 -0.8382755593199109
344 364 -0.7669643566436113
345 346 0.9064821667503531
345 365 -0.038626545884081986
346 347 -0.21197680171023325
346 366 0.7816502385184263
347 348 -0.7492785035797356
347 367 0.6786788802145207
348 349 -0.7800450406206672
348 368 -0.04386207986249846
349 350 -0.545314280931239
349 369 0.6089351343732159
350 351 0.4489608098606699
350 370 -0.8343363381510678
351 352 -0.9563864217631006
351 371 -0.08590844130558106
352 353 0.3199269607748123
352 372 0.5875611214140684
353 354 0.1909803633944016
353 373 0.32166238749726594
354 355 0.5968056111521796
354 374 -0.03689839391765504
355 356 0.11676068780133497
355 375 0.12653096755369697
356 357 -0.7244092054123246
356 376 0.3298348378329192
357 358 0.7047359504602935
357 377 -0.29648767216665806
358 359 0.3378596937634526
358 378 -0.29057516382688897
359 360 0.8806131271346149
359 379 0.9948788925420304
360 380 -0.69495251380632
361 362 0.6624105113808361
361 381 -0.07122877043959508
362 363 -0.8330481262804306
362 382 -0.8934658107021249
363 364 0.9091088626985264
363 383 0.7902019097801045
364 365 -0.7723975275381361
364 384 -0.4241340977770722
365 366 0.981581791777772
365 385 -0.013503399506380243
366 367 -0.9397484768228508
366 386 0.7996234907210367
367 368 -0.23519070789011587
367 387 -0.7826115049021158
368 369 0.2957697061217355
368 388 0.6850973903655693
369 370 -0.3013181148918094
369 389 -0.5609696213821316
370 371 0.6982539496426252
370 390 0.4412983838326694
371 372 0.7655513381330232
371 391 -0.2681974989911997
372 373 -0.3713006580280225
372 392 0.48279023154146405
373 374 -0.48426235472356494
373 393 -0.9092184903840197
374 375 0.4125563965666088
374 394 -0.2565468966589819
375 376 -0.20312252248614304
375 395 -0.7532995754113185
376 377 0.8883965789736106
376 396 -0.6249295005508522
377 378 -0.6445591488714155
377 397 -0.4690359353376241
378 379 -0.5763822050110714
378 398 -0.6834202861072147
379 380 -0.7703511771499769
379 399 0.925378364192285
380 400 -0.5689454595285481
381 382 -0.6759750419945021
382 383 -0.309043044041609
383 384 0.11669435212810053
384 385 0.102804808412011
385 386 0.6557344320637217
386 387 -0.4177887659846855
387 388 0.9108133913656353
388 389 -0.22306229038708203
389 390 0.6157202576110861
390 391 0.9809630682092392
391 392 -0.1417178105831669
392 393 0.07560016087294485
393 394 -0.4347191112346849
394 395 -0.18638532108040406
395 396 -0.8955133855911823
396 397 -0.752086968680721
397 398 0.01650773050812049
398 399 0.8673698447536495
399 400 0.06155725181371885
