1 2 0.027886687545380484
1 21 0.5463301041585935
2 3 -0.29674705580123484
2 22 0.4296233328505197
3 4 -0.5429648746704623
3 23 -0.9285405604370689
4 5 -0.8475077291967945
4 24 -0.5874434596456617
5 6 0.3219283440702929
5 25 0.8679626767075121
6 7 -0.9254089112993196
6 26 -0.601411438109051
7 8 0.02017027785806813
7 27 -0.6147091472918587
8 9 -0.4519709467238455
8 28 0.8497345563451744
9 10 0.9942329869720161
9 29 -0.10486338243321858
10 11 0.0030197783949288404
10 30 0.41704007957690603
11 12 -0.7822810144204493
11 31 -0.24472793595892095
12 13 -0.06988155495561577
12 32 -0.5180850579041427
13 14 -0.5517899548236012
13 33 0.4516581603189205
14 15 -0.7983773178889824
14 34 0.22705818711813208
15 16 -0.8725181139909106
15 35 0.3207503995362584
16 17 -0.9469617579174177
16 36 -0.7129732910630358
17 18 -0.9203683529429443
17 37 -0.9865002707591459
18 19 -0.7708019006230848
18 38 -0.5815583070127137
19 20 0.26738424197309807
19 39 0.5215753007834523
20 40 0.12980366435070323
21 22 0.7408553714496253
21 41 -0.9839061029403642
22 23 -0.28512927349646877
22 42 -0.896762892009848
23 24 0.9290585564400142
23 43 -0.8506801068844372
24 25 0.7766367711632369
24 44 -0.17458981010959262
25 26 0.6090739502172071
25 45 -0.051049394992704444
26 27 -0.5554395294832664
26 46 -0.47068809692785396
27 28 -0.9496860713088549
27 47 0.024522808839264387
28 29 -0.7138586338997501
28 48 -0.2442616316798938
29 30 0.5493399854549263
29 49 0.2957978790820863
30 31 0.09260533782478997
30 50 -0.013448473577948983
31 32 -0.5530708867048741
31 51 0.8164197731397462
32 33 0.48250742482520814
32 52 0.6066622538742594
33 34 0.5146201438405558
33 53 -0.6581139780607845
34 35 -0.9164746084417008
34 54 0.11117673649572257
35 36 -0.1835378017035758
35 55 0.8351041038172677
36 37 -0.17960640083865487
36 56 0.8459052176646193
37 38 -0.17212048441774863
37 57 -0.3758913075456589
38 39 0.15433352167910952
38 58 -0.6131917432595908
39 40 0.30596751839676606
39 59 -0.6189455646769346
40 60 0.7787364712928093
41 42 -0.38052814898959175
41 61 0.9152074787317819
42 43 -0.3681619912960685
42 62 0.9976092231299618
43 44 0.4609604817069175
43 63 0.005259847221243286
44 45 -0.5909780030424434
44 64 -0.3061372652561811
45 46 -0.012112771734719585
45 65 -0.48920997516984266
46 47 -0.970981009992758
46 66 -0.2295129680642105
47 48 -0.11118005164157818
47 67 0.3436243551449665
48 49 -0.053603317967904074
48 68 0.11955783817463406
49 50 0.9322781582979327
49 69 0.6990771421853674
50 51 -0.8540295557318573
50 70 0.318973199563066
51 52 0.31868048983543273
51 71 -0.5674760666930916
52 53 -0.29823483482478497
52 72 -0.37094087530923137
53 54 -0.8360809889652634
53 73 0.12975428375856035
54 55 -0.21981060531905672
54 74 0.49140354670973907
55 56 0.08225873501793002
55 75 0.7576940189608199
56 57 -0.6445325931858772
56 76 -0.7154109906784818
57 58 -0.5588613095433232
57 77 0.8954140463700575
58 59 0.8398506628463112
58 78 -0.25955216260319425
59 60 -0.10599848046424687
59 79 0.20718576746813233
60 80 -0.08284525582375557
61 62 0.026233424535774263
61 81 -0.36343115025580275
62 63 -0.42419028676537174
62 82 -0.07640825716838817
63 64 -0.8147783304279479
63 83 0.047898708718677296
64 65 -0.17560215647774102
64 84 0.510569016456486
65 66 0.2149883164247519
65 85 -0.8734618539776793
66 67 0.3654306062233017
66 86 -0.8033014334127329
67 68 -0.5069274593691524
67 87 0.9319768157617951
68 69 0.9487459197055832
68 88 -0.15534673431609258
69 70 -0.26467237303719826
69 89 -0.4047505483528655
70 71 -0.21087588453329698
70 90 0.4866414275802742
71 72 -0.07994627190217685
71 91 0.774140790220194
72 73 -0.5138274203755144
72 92 -0.8832447008873525
73 74 0.352148090369939
73 93 -0.8570583857808949
74 75 0.7970369434842006
74 94 -0.004376215927384575
75 76 0.9973326046388176
75 95 -0.401061922219379
76 77 -0.6456178966454942
76 96 0.8626179067597446
77 78 -0.41194377999294485
77 97 -0.7166138040030037
78 79 0.9131107890125225
78 98 0.4150568808282511
79 80 0.5243372580517756
79 99 -0.26806092069731635
80 100 0.25045519088806145
81 82 0.07839987485129618
81 101 -0.5574901151444802
82 83 0.47053622196794653
82 102 0.8873579014907194
83 84 -0.13156407704103312
83 103 0.09603281340893455
84 85 -0.7338318972365057
84 104 0.7096422376333116
85 86 0.14294690702249357
85 105 -0.8170415090309961
86 87 0.3887882012118362
86 106 -0.8162597422897369
87 88 -0.14139566759268507
87 107 0.3054076455167185
88 89 -0.335074919436108
88 108 0.6607783772873101
89 90 0.11121841828500645
89 109 -0.1288654711534163
90 91 0.8909689862542769
90 110 0.3251526910930045
91 92 0.9926465808460538
91 111 -0.24975610131822856
92 93 0.13433155358652105
92 112 0.577490836386745
93 94 0.9657701558965657
93 113 -0.9291973482805658
94 95 0.3650318698536483
94 114 -0.8322660013681398
95 96 0.17482681288453628
95 115 0.16477788975030672
96 97 0.2624227985603331
96 116 0.6113616139672273
97 98 0.49949365534040635
97 117 0.42997219744135284
98 99 -0.9123071799695017
98 118 0.8077913985319725
99 100 0.6507375852388015
99 119 -0.34161432367340794
100 120 0.9299834510764549
101 102 0.61296271584854
101 121 -0.3154907487706313
102 103 -0.6491947146689125
102 122 -0.5751572481938665
103 104 0.8700139366016799
103 123 0.9901006059138697
104 105 -0.24038364768585918
104 124 -0.04624399198325224
105 106 0.04106829871609419
105 125 0.19530481297205515
106 107 0.7596967162275752
106 126 -0.10392813928684941
107 108 0.38081329967575717
107 127 0.8980943669203987
108 109 0.9251111070163545
108 128 -0.877485811023111
109 110 -0.5012831763556682
109 129 0.0056207176585243435
110 111 -0.1581723523079439
110 130 0.4493058141812647
111 112 -0.041640385285698356
111 131 -0.5407286588270848
112 113 -0.47747358729137757
112 132 -0.9742524845093414
113 114 0.8509666996815584
113 133 -0.8991008779866179
114 115 -0.46576790382054645
114 134 -0.5536587302616527
115 116 -0.17614195472231753
115 135 0.005308745155341077
116 117 -0.34246765097058174
116 136 0.30323984588649644
117 118 0.34962862276212814
117 137 0.34242891155449784
118 119 0.28665786123387016
118 138 0.5985460731053689
119 120 -0.29741809969676347
119 139 -0.8363102878800668
120 140 0.25305058685887727
121 122 0.07777769813428925
121 141 -0.9882524288978833
122 123 -0.7350447740988766
122 142 -0.5826376155050408
123 124 0.32463614756119274
123 143 -0.2917394558478319
124 125 -0.7396926058581834
124 144 -0.45560524707854366
125 126 0.5452827382658585
125 145 0.050224056310825604
126 127 0.12862048376355717
126 146 -0.15656404918365285
127 128 0.3407750093065447
127 147 -0.6341315784245107
128 129 0.9855352905242394
128 148 0.46535638346073505
129 130 -0.0491567759472511
129 149 0.3320242747525606
130 131 -0.42488376005708695
130 150 0.2980983416590304
131 132 -0.6063644804476469
131 151 0.008110198334618568
132 133 0.09609049178338824
132 152 -0.9559826450421083
133 134 0.41319161358299095
133 153 0.7412290937956343
134 135 0.8015802170867428
134 154 -0.9501423730923182
135 136 -0.2554494590695797
135 155 -0.7788189234016198
136 137 0.9062608849101923
136 156 0.6152558207008267
137 138 0.8174155262528084
137 157 0.7692025555432886
138 139 0.8141066177013849
138 158 -0.28404166391944674
139 140 -0.14828578831476502
139 159 -0.4281813814112143
140 160 0.7929395828061376
141 142 0.34630495636105074
141 161 -0.5799514756425237
142 143 0.9913758890870588
142 162 -0.5067083361653746
143 144 -0.12168597193532693
143 163 0.5510317530652633
144 145 0.8916759434774779
144 164 -0.051288946636176114
145 146 0.2785502751020217
145 165 0.08073378418070098
146 147 0.6061313575529401
146 166 -0.3268733604988967
147 148 0.30047830882392645
147 167 0.6253946994968458
148 149 -0.6317126613210766
148 168 -0.7762613708234838
149 150 0.9881108892938668
149 169 0.05855862712813886
150 151 0.9695671723240444
150 170 0.15013406322080547
151 152 -0.04189449684067181
151 171 0.9518915149511715
152 153 -0.24064844859113133
152 172 -0.1499559981587999
153 154 -0.6135530891127483
153 173 -0.7396611855867898
154 155 -0.5308973518839015
154 174 -0.5920445573134352
155 156 0.9791989092694604
155 175 0.228795092925552
156 157 -0.5855874192214887
156 176 -0.459799559740254
157 158 -0.003484465317412866
157 177 -0.47394191545641795
158 159 -0.14774372906315425
158 178 0.2236231140495093
159 160 0.5745766709148374
159 179 0.764445392496788
160 180 -0.9826924495903124
161 162 0.8651151857574237
161 181 -0.2515105010370158
162 163 -0.7798936827782343
162 182 0.004640476530010984
163 164 0.2573812376042075
163 183 -0.8040181577087147
164 165 -0.6951467653812631
164 184 0.10429407034645455
165 166 -0.4688351295243922
165 185 -0.3780430165278186
166 167 -0.3479169904025663
166 186 -0.770117511016426
167 168 0.6812506089456882
167 187 -0.07071334939989393
168 169 -0.8496408016531942
168 188 0.23398985967642605
169 170 0.9671505337085369
169 189 0.6646161118184475
170 171 0.2423042483453537
170 190 0.054394855057545044
171 172 -0.8855565802504664
171 191 -0.7017778877391154
172 173 0.07666327191390354
172 192 -0.4971530149241177
173 174 0.13145845109836451
173 193 0.8853814139158711
174 175 0.9255240285462589
174 194 0.5543419847201287
175 176 -0.21636885587812982
175 195 -0.3922733059068204
176 177 0.6991058501473955
176 196 -0.35509685765755594
177 178 0.209777883119465
177 197 0.22089784259241774
178 179 -0.998486983276466
178 198 0.5651953222352517
179 180 0.296099966646028
179 199 0.43707014528909016
180 200 0.46032131601156756
181 182 0.5048378441718928
181 201 0.5262780036910439
182 183 -0.0877563695532746
182 202 0.46898045789176357
183 184 0.3031721201455644
183 203 0.9372320167027055
184 185 0.241338410398384
184 204 0.6980531801761056
185 186 -0.1138577440830082
185 205 -0.24630630863624492
186 187 0.6355132463631108
186 206 -0.7991013979870683
187 188 0.33872891232206004
187 207 0.8422189835919325
188 189 -0.36554807349242613
188 208 0.05456327139205319
189 190 -0.29389139560495536
189 209 0.09718508397830838
190 191 -0.0629704610219477
190 210 0.9979168204410287
191 192 -0.43797491722365445
191 211 0.6160530921651275
192 193 0.3070444257930207
192 212 -0.6310458463672368
193 194 -0.7583607971979882
193 213 0.7973831786304926
194 195 -0.20136565142285923
194 214 -0.016649679205023915
195 196 -0.41186692476040676
195 215 0.5039353868662795
196 197 -0.379626249403626
196 216 0.642379777469829
197 198 -0.16992377579784956
197 217 0.7240323694901285
198 199 0.8858299977500961
198 218 0.9985160543702283
199 200 0.621743383015112
199 219 -0.06436815983660327
200 220 -0.21471301457620373
201 202 0.7409989105435002
201 221 -0.7797776434867967
202 203 0.2418870826445989
202 222 0.24214045337762768
203 204 -0.5260960658739697
203 223 -0.21455250595976705
204 205 -0.14286235100966738
204 224 0.9161739030790228
205 206 0.13463675966882294
205 225 -0.17424965940055026
206 207 -0.8085867697753875
206 226 0.39402298865451546
207 208 -0.009950703081740064
207 227 -0.07927679061989434
208 209 -0.6398428454856289
208 228 0.9344225993565398
209 210 0.8206713238827823
209 229 -0.2790290667021118
210 211 -0.6474965858978594
210 230 -0.7397318812550968
211 212 0.6307568311155662
211 231 -0.980891054802209
212 213 0.1631942294025901
212 232 0.8382518855400014
213 214 -0.2582656559050742
213 233 -0.44550946486346765
214 215 -0.9847367322376737
214 234 0.14711061255657842
215 216 -0.9464720287812023
215 235 -0.983266541227328
216 217 -0.07843313023841914
216 236 -0.32527388721054007
217 218 0.9876966441142474
217 237 -0.9730754384111209
218 219 0.6102256806420083
218 238 0.5961709320207347
219 220 0.030804715668932836
219 239 0.5838316946683189
220 240 -0.697774009272222
221 222 -0.39981603921243236
221 241 -0.050188468099062966
222 223 -0.6996547316079338
222 242 0.0765490919700278
223 224 -0.8346695706565952
223 243 0.6471016009209674
224 225 -0.6086191999494888
224 244 0.033178587976498086
225 226 0.9068038507022245
225 245 0.19335803118873618
226 227 0.8769705252816178
226 246 -0.8027865895261161
227 228 0.9183861705491685
227 247 0.9753097589345474
228 229 0.14897749920731607
228 248 0.6743042223532476
229 230 -0.5597729062139103
229 249 0.9294495017652511
230 231 0.4242151760088564
230 250 0.7558117475813428
231 232 -0.22170849592944641
231 251 -0.972293907453849
232 233 -0.4275445257063051
232 252 -0.5817064267309082
233 234 0.46399090627972317
233 253 0.17954720953419678
234 235 -0.4888246688468614
234 254 -0.3618721847384698
235 236 0.6640267014722414
235 255 -0.1557127166053951
236 237 -0.26607686417852805
236 256 -0.43436371013522135
237 238 -0.15768268455208068
237 257 0.7811592287852309
238 239 0.26169625058899615
238 258 0.9090362349045025
239 240 -0.9036183133408613
239 259 -0.7683470953442089
240 260 0.19109147253439063
241 242 0.34587343833317163
241 261 -0.48481513415876454
242 243 -0.7593055129765984
242 262 -0.6939489559572074
243 244 -0.42100739241625007
243 263 -0.67200383517858
244 245 -0.19681158245918584
244 264 -0.4423672508288312
245 246 -0.051827945915474016
245 265 0.9909990770581827
246 247 -0.4130460225620183
246 266 -0.7396311192469633
247 248 0.8892967768169633
247 267 0.9198874187514297
248 249 -0.33261765324314063
248 268 0.8146549120539415
249 250 -0.4920155261403809
249 269 0.8312882841595897
250 251 -0.13068978286318322
250 270 0.6099381652931055
251 252 -0.9641776440727556
251 271 0.6154756746802181
252 253 0.04097394630612872
252 272 -0.8222276484050521
253 254 -0.4294143732952296
253 273 0.5819662562203003
254 255 -0.8875808189046268
254 274 -0.33328871886361733
255 256 -0.28976122984445385
255 275 -0.3245226194566768
256 257 0.7192173084156954
256 276 0.5858433112241164
257 258 0.497322823716136
257 277 -0.45349858519489183
258 259 -0.368521030128653
258 278 -0.6724619063067199
259 260 0.6368535718989559
259 279 0.39668896829369027
260 280 -0.7541610999273771
261 262 0.40230263944897504
261 281 0.31400011874852485
262 263 -0.09964288637194918
262 282 -0.14185530558658233
263 264 -0.673729899397715
263 283 -0.44407261445769186
264 265 0.20817899100914738
264 284 -0.8406551661213426
265 266 -0.5492124464491126
265 285 -0.09135630483951718
266 267 -0.2046516266842584
266 286 0.13611781778024068
267 268 -0.48903419992278985
267 287 0.2296017354322446
268 269 -0.10078743180732741
268 288 -0.1988396874291254
269 270 -0.8415204948114174
269 289 -0.6467560251366102
270 271 0.44531417092833125
270 290 0.5751891314975592
271 272 -0.449825152814445
271 291 0.4247582024084531
272 273 0.1008544231164481
272 292 0.7161613651863292
273 274 0.19780306253711233
273 293 -0.0935680504490628
274 275 0.10499466961136372
274 294 0.2120304252725389
275 276 -0.6293767505855752
275 295 0.00960824276825778
276 277 -0.14562074097501232
276 296 0.25513967424302497
277 278 -0.9856704554264086
277 297 0.16524261053214118
278 279 0.9229558041005799
278 298 -0.4475767876279415
279 280 -0.6927271651996942
279 299 0.6179891825859061
280 300 -0.36901045274879873
281 282 -0.6359844845762115
281 301 -0.35587401434179844
282 283 0.46732416167646895
282 302 -0.8528568998769859
283 284 -0.9858749542626735
283 303 0.4975111953140665
284 285 -0.009704184345439515
284 304 -0.05185602898281294
285 286 -0.13160467834573564
285 305 0.5211152264816046
286 287 0.6596589694285315
286 306 -0.14313216341086354
287 288 -0.014115040868506457
287 307 -0.04049133511315728
288 289 0.5844426982180739
288 308 -0.19043523440390375
289 290 0.48373938524944426
289 309 0.9197573760124993
290 291 0.7957739227715546
290 310 0.41333662240171853
291 292 0.4566658409831117
291 311 0.002998661451923068
292 293 0.07089823644459026
292 312 0.38332394871529707
293 294 -0.6522149236841264
293 313 0.6734616529127351
294 295 -0.9043597119835312
294 314 -0.11615034942671976
295 296 0.8913117055731341
295 315 0.05903175014182982
296 297 -0.13275523639448483
296 316 -0.10605529920723078
297 298 0.6369245485124191
297 317 0.5076606146455671
298 299 -0.4680761866815313
298 318 0.39627864956330083
299 300 0.5796479628647708
299 319 0.6590246841753555
300 320 -0.1637829772902062
301 302 0.7750749138416566
301 321 -0.8333016779004865
302 303 -0.4424283404741167
302 322 -0.6694124508379864
303 304 0.7076297880113938
303 323 0.8514048648933399
304 305 0.4716108742528822
304 324 -0.4130873939531585
305 306 0.14307236252868205
305 325 0.37611236338722365
306 307 0.5532685751373596
306 326 -0.2053575071730207
307 308 -0.33002712104913345
307 327 -0.07985566355374085
308 309 0.7674603198947403
308 328 -0.17994062254476528
309 310 -0.42332713703146285
309 329 -0.1752275528428484
310 311 -0.11723422121320093
310 330 0.9528406089424315
311 312 -0.7067712689981456
311 331 -0.11734810472457746
312 313 -0.47376130006070727
312 332 -0.18455439005786678
313 314 0.8748069396260238
313 333 0.2788245513341938
314 315 -0.5306462449435152
314 334 0.06503194844500881
315 316 -0.5949113062844229
315 335 0.6724547824063645
316 317 -0.25848051467681143
316 336 0.24163343085444478
317 318 0.7619487515812211
317 337 -0.937017483825423
318 319 -0.6077567209596719
318 338 -0.37712113743511866
319 320 0.5131411318205119
319 339 -0.8910430107900305
320 340 -0.4061045629613511
321 322 0.49312824028081637
321 341 -0.8752999020330472
322 323 0.016176276921176846
322 342 0.15850230516302855
323 324 -0.39571017638364214
323 343 -0.051739277161101604
324 325 -0.5658222530158821
324 344 -0.588838769116383
325 326 -0.176047117347091
325 345 -0.565153943820252
326 327 -0.06122821402258416
326 346 -0.09516963225119124
327 328 0.0012574046128110972
327 347 -0.8593637329001691
328 329 -0.8078741741660118
328 348 -0.03424858254770635
329 330 -0.01592775821696102
329 349 -0.02658556594942718
330 331 -0.577437808941794
330 350 -0.011867999104163474
331 332 0.3269664173016549
331 351 0.5059210167312771
332 333 -0.38675060530450955
332 352 -0.24528362909548074
333 334 0.8918480215004438
333 353 -0.4442046239976025
334 335 0.9237494589175133
334 354 -0.40157389417611644
335 336 0.24834393517868558
335 355 -0.8350511058577315
336 337 -0.3386771376260196
336 356 -0.9498608522839032
337 338 -0.5736111965135986
337 357 -0.22274932564210292
338 339 0.5250166026956535
338 358 0.3223681326132606
339 340 0.20029439619562983
339 359 -0.7575942654011794
340 360 0.3646073159641736
341 342 0.4629622531454569
341 361 0.48502270998708763
342 343 0.2772158564549918
342 362 -0.5719485913209563
343 344 0.48063093573932125
343 363 0.30127444556458105
344 345 0.9641007151162164
344 364 -0.0941525989426919
345 346 -0.7062665078197292
345 365 -0.49059025032409553
346 347 -0.5314544566214114
346 366 -0.36229864623855645
347 348 -0.30512114135353907
347 367 -0.42804441009748184
348 349 0.5414023829016279
348 368 -0.7126852766538605
349 350 0.28321441284873394
349 369 0.9868183832627571
350 351 -0.08454878061877924
350 370 -0.7494393421937
351 352 -0.9152753556166975
351 371 0.8392262214773638
352 353 0.8330624295759061
352 372 0.7713958661435141
353 354 -0.16690904410253027
353 373 0.49127299927198154
354 355 0.1825295178099362
354 374 -0.570850360249658
355 356 0.4442313675213432
355 375 -0.8825258289824052
356 357 0.6697282117575096
356 376 -0.014350138063281115
357 358 -0.6994157864206954
357 377 -0.44689218184441293
358 359 -0.34014526647279575
358 378 -0.5378913981326812
359 360 -0.12048711213966845
359 379 0.8595326148057258
360 380 -0.8830218209087062
361 362 -0.18416837309667744
361 381 0.9827659977969623
362 363 -0.16484470315413935
362 382 -0.0663716388014024
363 364 -0.4647645552630495
363 383 -0.22145743842879395
364 365 0.9173699384875662
364 384 0.7922131194516673
365 366 -0.208168008623842
365 385 -0.863111997239993
366 367 0.9440981339218799
366 386 -0.8269798898929324
367 368 -0.26419038167372944
367 387 0.6636777522502391
368 369 -0.6261186155745428
368 388 0.3790844899477661
369 370 0.32826520977465146
369 389 0.9062944586442669
370 371 0.9768786966032565
370 390 -0.8711504658467761
371 372 0.8264556946020452
371 391 -0.7773784633944059
372 373 -0.3289497915239088
372 392 0.8953019107340605
373 374 0.6453101958614988
373 393 -0.6617068802265345
374 375 -0.07631032880250133
374 394 -0.2947516969034929
375 376 -0.19425653309689195
375 395 0.1625806868866546
376 377 0.1952714043933379
376 396 -0.6435704689371384
377 378 0.9287463164282725
377 397 0.4563173495259789
378 379 0.9761794999542701
378 398 0.5994743335780492
379 380 0.12031041329675674
379 399 -0.0656211663057058
380 400 -0.4475247768789814
381 382 -0.09572540248321637
382 383 -0.8338615687655606
383 384 0.8104817579872925
384 385 -0.11818592646205728
385 386 0.6000672780225524
386 387 0.2641730882545814
387 388 0.06089297717497
388 389 0.9682807328999774
389 390 0.12992096960149402
390 391 0.6227774563627149
391 392 -0.006724325368674622
392 393 0.12934084387687173
393 394 -0.8776660738803896
394 395 -0.1367723861612964
395 396 -0.4116935639467676
396 397 0.28443203501056424
397 398 0.9187888988031558
398 399 0.033947239929956075
399 400 -0.9549743354928726
