1 2 -0.5830789252823148
1 21 -0.036637876473268216
2 3 -0.3774706731512312
2 22 -0.908676914802419
3 4 0.1435902928564683
3 23 -0.060095173389693946
4 5 0.13079607097861135
4 24 -0.9309699657611088
5 6 -0.2470133921438178
5 25 0.15696896337870503
6 7 0.9617329798865057
6 26 0.6152129105840711
7 8 0.07999371364414753
7 27 0.07830456787586648
8 9 -0.2566997387638119
8 28 0.26976134368111726
9 10 0.12101923829448036
9 29 -0.5543070565965418
10 11 0.8408588466442448
10 30 0.46222376480318617
11 12 -0.5952759076344527
11 31 -0.08741175776929477
12 13 0.14521752255214881
12 32 0.4864516280235356
13 14 -0.6050520958695209
13 33 -0.7844282308995583
14 15 -0.6140597583058951
14 34 -0.06542454052336888
15 16 0.22806402152101724
15 35 0.1978870401034769
16 17 -0.9589359633750387
16 36 -0.6084109038028969
17 18 0.8142809922305989
17 37 -0.46784518426523336
18 19 -0.9686841494750464
18 38 -0.40548523228318234
19 20 0.43802988113692853
19 39 0.6592440143727571
20 40 -0.3903699011511095
21 22 -0.15892392937125055
21 41 0.7183639970426883
22 23 -0.12463867983580079
22 42 -0.8082307801639177
23 24 0.01633448097540291
23 43 -0.3524967801766421
24 25 0.7447728221734311
24 44 -0.2998491404493777
25 26 -0.4458983844987443
25 45 -0.6421692592970267
26 27 0.1805235325394865
26 46 0.5780215357453886
27 28 -0.5205707564395818
27 47 0.22247077131791992
28 29 -0.8099254134990765
28 48 0.19697547311096408
29 30 -0.28145546927025533
29 49 -0.3160186715044939
30 31 -0.6869260440186586
30 50 -0.8375789616313143
31 32 0.36570064438542005
31 51 -0.9194048775536054
32 33 0.36367954316082707
32 52 -0.9177708153404336
33 34 0.8301285030813661
33 53 -0.4094265223910072
34 35 0.46440616297196247
34 54 -0.8139450709554823
35 36 -0.7520672638197639
35 55 -0.009265184470877541
36 37 0.37215646727280594
36 56 0.25749952898982587
37 38 0.6482782022430535
37 57 -0.9600419504171183
38 39 -0.41435304216722924
38 58 0.3735681313872026
39 40 -0.6812835351104789
39 59 -0.9484098769571274
40 60 -0.21981372376867436
41 42 -0.6576768927766534
41 61 -0.3222720787925992
42 43 -0.9095797761846129
42 62 0.3696574373342556
43 44 0.7729967105202038
43 63 -0.4963289784102094
44 45 0.07780268581088023
44 64 -0.9851822640178136
45 46 0.023308555851304202
45 65 0.9956285781123282
46 47 0.5547863084937101
46 66 -0.10369817658835023
47 48 -0.6148214714067715
47 67 0.9182805400430576
48 49 0.955403963926815
48 68 0.726957626335909
49 50 -0.8758491399141937
49 69 -0.3738381823826309
50 51 -0.49461337111154324
50 70 -0.3632914276112005
51 52 -0.6943194084010553
51 71 -0.8785922913716151
52 53 -0.9354676349992246
52 72 0.5141624673310312
53 54 0.868457605396034
53 73 -0.7379883578921942
54 55 0.03511337553382088
54 74 -0.198936021439438
55 56 0.6544710579632251
55 75 -0.4891747721785087
56 57 -0.4795864110619936
56 76 0.3718538986755402
57 58 -0.8761407286367056
57 77 -0.9489082931005455
58 59 0.6513505944667966
58 78 0.992496243232383
59 60 -0.03223942722970086
59 79 0.9253723373793854
60 80 0.5347047724753629
61 62 -0.45893433340433765
61 81 0.3820827008991923
62 63 0.6983814904151582
62 82 -0.749585633613276
63 64 0.7241756249245324
63 83 0.2703923790549807
64 65 -0.9020890684974419
64 84 0.8666035893115362
65 66 0.01665468721831398
65 85 -0.3199067088728127
66 67 -0.20936389428703817
66 86 0.2605809471199856
67 68 -0.4594580782894988
67 87 0.15924360513330726
68 69 0.7692185011136023
68 88 -0.5066310542255663
69 70 0.28172318338769453
69 89 0.06465936831658081
70 71 -0.7822816338399903
70 90 0.3552592415293141
71 72 0.47700247043729105
71 91 0.8502492893590168
72 73 0.1297924436278457
72 92 -0.1010881226424023
73 74 0.13240882691171718
73 93 0.10913045608765004
74 75 0.5886566592524807
74 94 0.24326733559208336
75 76 -0.6216801700766033
75 95 -0.9472886844907116
76 77 -0.7642467854030612
76 96 -0.5132938074551892
77 78 -0.04391411412845958
77 97 0.7306037280276421
78 79 -0.45759812499710706
78 98 0.12889012945620903
79 80 -0.7871275797091397
79 99 -0.5545311655172329
80 100 0.9882507563791503
81 82 -0.5591909667245487
81 101 0.6239018410773733
82 83 -0.7418719855763276
82 102 -0.05387999584868708
83 84 0.39444635990406307
83 103 -0.9390928126487088
84 85 -0.5757942902157633
84 104 0.44968138355686293
85 86 -0.6242592845127308
85 105 -0.9129650367195923
86 87 -0.8027337713800464
86 106 -0.6184248508030095
87 88 0.5476705827624997
87 107 0.39285241713642427
88 89 0.9966185829809624
88 108 -0.18173997427673183
89 90 0.2832767197060273
89 109 -0.20900036968376523
90 91 0.009393631050857554
90 110 -0.8678974796030667
91 92 -0.9832876139845068
91 111 0.934389559060189
92 93 -0.8674824413523172
92 112 0.5430228399149724
93 94 0.1005402270915996
93 113 -0.880644344108364
94 95 0.5982232367658478
94 114 0.24128421589998772
95 96 0.9547796035642744
95 115 0.15154194542277044
96 97 0.5068043289155013
96 116 0.03306162765020515
97 98 -0.7961001775743937
97 117 -0.7956927430548892
98 99 0.16658579487094638
98 118 0.14529192359584475
99 100 -0.9880906263768832
99 119 -0.7425127823438171
100 120 0.9450219636354753
101 102 -0.9789462513677831
101 121 0.12240739332599948
102 103 -0.6048829816693218
102 122 0.5632454976538521
103 104 0.31462260519227514
103 123 0.9986448432779014
104 105 -0.20388968596321622
104 124 0.4721614689166662
105 106 0.10818255843599656
105 125 -0.03264811256715894
106 107 -0.8288888891877793
106 126 0.9953686423584585
107 108 0.5316281868743298
107 127 0.17816507936332893
108 109 -0.7168343570302984
108 128 -0.8290659800735416
109 110 0.07297909527128565
109 129 -0.6337734355225271
110 111 -0.7758313211172552
110 130 -0.03250621792182962
111 112 -0.35051608100294285
111 131 -0.9655459265615036
112 113 -0.5098004214110066
112 132 0.48855064039703966
113 114 0.11584745148288222
113 133 -0.936345846128682
114 115 -0.9652261834310194
114 134 0.3884380716036686
115 116 -0.9446563611736973
115 135 -0.8096911726074116
116 117 -0.3490206589829259
116 136 0.34639423682325
117 118 -0.1731418808777172
117 137 -0.1789976019487971
118 119 0.1879627452315864
118 138 0.517855413161932
119 120 -0.9976735945783479
119 139 0.9997856578059774
120 140 -0.30816217163194204
121 122 0.6274523748303928
121 141 0.4902005921176713
122 123 0.21482772628398328
122 142 -0.11299981144618254
123 124 0.013090951086689007
123 143 0.8652915031882034
124 125 0.30227533479900925
124 144 0.8500706427749152
125 126 0.7185610981558457
125 145 -0.18419116354093812
126 127 0.6143289106838474
126 146 -0.09336288789638947
127 128 -0.7600827440875753
127 147 0.3396594162489819
128 129 0.01749182679690331
128 148 0.12531410806768473
129 130 0.11825276245028338
129 149 0.0552866988760321
130 131 0.09389112151094281
130 150 0.46028657794168804
131 132 -0.6746366195484481
131 151 0.5665295898828515
132 133 -0.8142586399265401
132 152 -0.9670859962560026
133 134 0.54268524008415
133 153 -0.10121581894194409
134 135 -0.93107316814574
134 154 0.26511458391994447
135 136 0.811603157067877
135 155 0.7962171493701045
136 137 0.5773710983614266
136 156 0.7506570731574849
137 138 0.6896243996295479
137 157 0.5004172159467128
138 139 -0.18945357585720934
138 158 0.8860819972463663
139 140 0.6931572499296308
139 159 0.09334387928505561
140 160 -0.732424677342993
141 142 -0.621777289478876
141 161 -0.9877182673078035
142 143 0.9640582171598069
142 162 0.41791082761226384
143 144 -0.11839426297858768
143 163 -0.5999426970440995
144 145 0.22821708537807295
144 164 -0.9258158010206403
145 146 -0.4775536098779314
145 165 0.996254056237333
146 147 -0.6388851681565795
146 166 -0.9911518858831527
147 148 0.9091761589293805
147 167 -0.662931626653023
148 149 -0.9302013774652047
148 168 0.1970191438210871
149 150 0.15885856828214107
149 169 -0.13939207437250656
150 151 0.8345893705740244
150 170 -0.16595289869626284
151 152 -0.11094725966024432
151 171 -0.4406824205383413
152 153 0.6612652093992015
152 172 -0.5185871196368554
153 154 -0.2714987069378092
153 173 0.6451964237049783
154 155 -0.5965373616148189
154 174 0.39557969012550465
155 156 0.4891911029259477
155 175 0.11408034779276877
156 157 -0.42858357244992185
156 176 -0.7581169927302129
157 158 -0.1624495576502487
157 177 0.0357945235624908
158 159 0.5228990405166678
158 178 -0.4502476178153412
159 160 -0.20866760344404178
159 179 0.4769864462391151
160 180 -0.6889758940916004
161 162 0.5440877428890725
161 181 0.9156643361865504
162 163 -0.5625391691560129
162 182 -0.6650234037148435
163 164 0.6077071364216087
163 183 0.6153441184364521
164 165 -0.7688472386767227
164 184 0.5128884660509851
165 166 0.597102454283416
165 185 -0.8745229083266897
166 167 0.3626289694840632
166 186 -0.11443683624566381
167 168 0.6386322623358183
167 187 -0.15988382699859294
168 169 -0.8311314262550806
168 188 -0.6452337809505548
169 170 0.9460117202365053
169 189 -0.9752029167190019
170 171 0.019985736411984867
170 190 0.5816056107060934
171 172 -0.07438614028910573
171 191 -0.6035683513530079
172 173 -0.6107960426672996
172 192 -0.4835076406388905
173 174 0.9645792230084465
173 193 -0.4115376419431618
174 175 -0.2671093032120142
174 194 0.34986433197703914
175 176 -0.33062892784021813
175 195 -0.9127795234006377
176 177 -0.07133095084179697
176 196 0.6850602319581365
177 178 0.9112709881201417
177 197 -0.7612697506328518
178 179 0.8061880607986411
178 198 0.8374098550746583
179 180 -0.2268023167990587
179 199 -0.9599113505925845
180 200 -0.09353641060363205
181 182 0.40387576818862225
181 201 -0.404843466269899
182 183 0.07753094619937406
182 202 -0.3731584235374428
183 184 -0.8840942568553776
183 203 0.5806120700376993
184 185 -0.0964423513018402
184 204 0.20935008867812455
185 186 -0.3683907696136248
185 205 -0.8344395676907761
186 187 0.9119329059915147
186 206 0.06670994446449763
187 188 0.05078480591265633
187 207 -0.3136258168080073
188 189 -0.4274509741321628
188 208 0.1874660787107736
189 190 0.9803741964337509
189 209 0.03997258931428682
190 191 -0.05093334189978482
190 210 -0.10750410156792412
191 192 0.297616367628307
191 211 -0.9331180792249392
192 193 -0.03293785894043344
192 212 0.7927940311232735
193 194 -0.18447985331371264
193 213 0.490288777359726
194 195 -0.15902932112772472
194 214 0.48841257594548626
195 196 -0.021760376420689065
195 215 -0.3192371096418434
196 197 -0.9121894921905462
196 216 -0.27063455483130383
197 198 0.10982933340027867
197 217 0.032328945195188696
198 199 -0.25425603059029234
198 218 0.6700657685403508
199 200 -0.1546509959519986
199 219 0.3173612778677064
200 220 0.473119484738062
201 202 0.535985483911182
201 221 0.3764366497852283
202 203 0.8230739947707553
202 222 -0.827488640461516
203 204 -0.09991664264427835
203 223 0.702421593056151
204 205 0.7274121100314568
204 224 0.0007629250824097156
205 206 0.4910332828568098
205 225 -0.4938013560860557
206 207 -0.7320855146227727
206 226 0.2771247145463751
207 208 0.14610798870982755
207 227 -0.07623706265839947
208 209 0.5035195103051018
208 228 0.4119446670658209
209 210 0.28590101282939284
209 229 0.09349835192263178
210 211 0.9406242563331775
210 230 -0.3180781874522003
211 212 0.6586647914029193
211 231 -0.51088940762438
212 213 0.5469402100643515
212 232 -0.9672312329429109
213 214 0.8046664053487373
213 233 0.304133523437357
214 215 -0.6813291237256949
214 234 -0.28354236718920944
215 216 -0.15583070505078322
215 235 -0.3581297931973202
216 217 0.0024582284891063733
216 236 -0.055819710299148895
217 218 -0.9862690121578273
217 237 0.10238613240003569
218 219 0.8892905572630434
218 238 -0.8002029334863325
219 220 -0.23918864935657136
219 239 0.007006954056097303
220 240 0.8417768689268688
221 222 -0.22563303923795552
221 241 0.23041165018611243
222 223 -0.3718519403067728
222 242 -0.5617252762713283
223 224 -0.27516627153521767
223 243 -0.5951447472307372
224 225 0.6338998298900331
224 244 0.2982776260051039
225 226 -0.2982027949988393
225 245 0.31239171295938806
226 227 -0.9317336278054185
226 246 0.018196144323989527
227 228 -0.11752575335831983
227 247 -0.07667301479820088
228 229 0.3409456849179726
228 248 -0.16862133100136667
229 230 0.03261809772390656
229 249 0.15810352221695867
230 231 0.9630769179522838
230 250 -0.7939145609616287
231 232 0.5992242002001655
231 251 0.5109810478034627
232 233 0.6398567086924867
232 252 0.3086295417214924
233 234 -0.8390710272304014
233 253 -0.3089223939367496
234 235 0.698996647183721
234 254 -0.6964961385278725
235 236 -0.9002645237699576
235 255 0.11619833392639611
236 237 0.23663794287755735
236 256 0.10811989657887211
237 238 -0.31766870212043585
237 257 0.5418102967238811
238 239 -0.2075840845538437
238 258 -0.5307787198953273
239 240 -0.7246521167350708
239 259 0.2625169530294025
240 260 0.517945969412053
241 242 -0.14488952031131874
241 261 0.16857928631378982
242 243 0.47333245903526233
242 262 0.6570807298940904
243 244 0.7443788789925974
243 263 0.20541599560445434
244 245 -0.08281675012868339
244 264 -0.542069881781831
245 246 0.6692747203355935
245 265 0.443252866992792
246 247 0.6498038816142861
246 266 -0.12818252221946014
247 248 0.4566618602221497
247 267 0.497789436152974
248 249 -0.05242667862598416
248 268 0.18598952398820634
249 250 -0.6702825808283606
249 269 -0.4875430656609052
250 251 0.7830657270217123
250 270 -0.6897622533058623
251 252 0.7161003444589451
251 271 0.3739745983810252
252 253 0.943280379530983
252 272 -0.7197268574920477
253 254 0.6747679622357361
253 273 0.33284053864761765
254 255 -0.21030852487121887
254 274 -0.17718133245500955
255 256 -0.7215028675738979
255 275 0.8685141985235025
256 257 -0.8744052033095642
256 276 -0.8452910173495805
257 258 0.40248774618103145
257 277 -0.3286917562443725
258 259 -0.7250399572259734
258 278 -0.4304460122161724
259 260 0.8083878638148962
259 279 -0.020396520634449855
260 280 0.1173685294502016
261 262 0.4052710377309039
261 281 -0.7762096562326466
262 263 0.4891289259050182
262 282 -0.6449259241279057
263 264 0.6637054750311326
263 283 -0.9425347476223114
264 265 0.6724945761664176
264 284 0.020765824439294533
265 266 -0.18825126823949945
265 285 0.5528774023074037
266 267 -0.06178967015300563
266 286 0.8357816890238217
267 268 -0.26135599149002897
267 287 -0.7830370694408342
268 269 -0.29789415878759895
268 288 0.7154506283843458
269 270 -0.09596556598166694
269 289 -0.13678370045271104
270 271 0.1860068741058989
270 290 0.4985772874795249
271 272 0.10953854913638184
271 291 0.7646664710049345
272 273 -0.9714848448321267
272 292 0.9893714070278172
273 274 0.3866941946820388
273 293 -0.0015742623732761807
274 275 -0.5809512999747204
274 294 0.002401764333336054
275 276 -0.7595601919174322
275 295 -0.6699137596097846
276 277 -0.06549355045156191
276 296 0.16852738770242093
277 278 0.444503887740876
277 297 -0.5535771923222299
278 279 -0.14193420277159174
278 298 -0.17551811189103472
279 280 -0.13011831127559326
279 299 -0.07685299557271552
280 300 0.2539609595579506
281 282 0.8465398516889009
281 301 0.9777725477266315
282 283 0.7169063917074598
282 302 -0.9889751761928187
283 284 0.40859324120345164
283 303 0.525991823285638
284 285 -0.9465661965032264
284 304 -0.690766287985243
285 286 -0.22375951230400792
285 305 0.327034280537406
286 287 0.44728269745850224
286 306 0.11826073889853417
287 288 -0.11800612291327917
287 307 -0.5335891294279749
288 289 0.6095169400911966
288 308 -0.38127577911557764
289 290 -0.2752062022029307
289 309 0.19272159792883126
290 291 0.7738891811869115
290 310 -0.22706636776736766
291 292 0.9699660259640341
291 311 0.38645930710442467
292 293 0.7636992215603142
292 312 -0.7652684672697256
293 294 -0.7707532826909893
293 313 0.9036483016525374
294 295 0.5448790345052554
294 314 0.2961389436546513
295 296 -0.27049982077123214
295 315 -0.014555498623867402
296 297 -0.9380872038920127
296 316 0.08237375538866898
297 298 -0.43833606933373614
297 317 -0.8125985489363694
298 299 0.42529015913818524
298 318 -0.0027117071771423085
299 300 -0.7397516860842752
299 319 0.44389815056924786
300 320 -0.7105819243697116
301 302 0.35482154697608004
301 321 0.5903295509153057
302 303 -0.28471366051738434
302 322 0.906296497869709
303 304 -0.2081256340825901
303 323 -0.6131274751775388
304 305 0.8173632924179126
304 324 -0.9294862597641302
305 306 -0.6360171768666545
305 325 0.6951919919028189
306 307 -0.8514763464379405
306 326 0.48767973959615385
307 308 0.18755079738506408
307 327 0.8549551211859412
308 309 -0.6069167782065428
308 328 0.2287703784342381
309 310 -0.2592018679683359
309 329 -0.5851767590010615
310 311 0.5934686783603507
310 330 -0.3527471792416079
311 312 -0.0698107243059587
311 331 -0.2582958559020887
312 313 0.7356496472634413
312 332 -0.9619256251310504
313 314 -0.33919206500115995
313 333 0.7211230496181946
314 315 0.06417686947914181
314 334 -0.01019698426017035
315 316 0.36088091340124606
315 335 -0.8777730914880588
316 317 -0.7052418207920128
316 336 0.24240696642167725
317 318 0.4084282426729595
317 337 -0.6486779494615691
318 319 0.041008578450929534
318 338 -0.5589467902694192
319 320 0.5052538800413404
319 339 0.17213522374789947
320 340 -0.5330790572477044
321 322 -0.9418473013238202
321 341 -0.6444818579285507
322 323 0.8835527721604057
322 342 -0.9539019746457418
323 324 -0.6621538388917692
323 343 0.7789916761547244
324 325 -0.05688035043527617
324 344 -0.8422368173532329
325 326 0.6672072199077435
325 345 -0.07133648047372576
326 327 -0.31772789952813696
326 346 0.7148932645503521
327 328 -0.8020007391622455
327 347 -0.8480558005560779
328 329 -0.6647902748150911
328 348 0.9224439062321286
329 330 -0.5819847359736543
329 349 -0.4539155405382336
330 331 0.9426848151903067
330 350 -0.52597642690112
331 332 -0.11697606901227386
331 351 0.09115718896278624
332 333 0.3871904031621245
332 352 -0.1682018020058118
333 334 -0.15540483175410502
333 353 0.8014826880501922
334 335 -0.7490467557896288
334 354 -0.0058815004323393705
335 336 0.9571926179114227
335 355 0.024914806356233
336 337 0.7714462046597796
336 356 0.36562505426809344
337 338 -0.7533660511345948
337 357 0.9927452424534688
338 339 0.5578618947901655
338 358 -0.7630435007668352
339 340 -0.3891825013092569
339 359 -0.2945596668219139
340 360 0.9404081461836991
341 342 0.749855490555434
341 361 0.48986415473723577
342 343 0.34603199405432794
342 362 -0.6717713331219974
343 344 0.4618841761649646
343 363 0.7743880743076481
344 345 0.07970976917871164
344 364 0.39027771980869885
345 346 -0.5499941732805569
345 365 -0.9880009971604664
346 347 0.23116347295492878
346 366 -0.12083058064840801
347 348 -0.8305113417025429
347 367 -0.2250646634244977
348 349 0.9819670959615485
348 368 -0.9286331304602271
349 350 -0.3529346735240544
349 369 -0.6194662865650264
350 351 0.1951073150099003
350 370 -0.1876260426232228
351 352 -0.8788207510232509
351 371 0.27224383243079897
352 353 -0.39920838088795274
352 372 0.445182979303576
353 354 0.6183187772760961
353 373 0.458072805041265
354 355 0.09381302167084682
354 374 0.368310915096282
355 356 0.541285813774216
355 375 -0.5642827972655045
356 357 0.4638414563161284
356 376 0.7027986424968602
357 358 -0.9860977471896477
357 377 -0.1422873094409285
358 359 0.7455385170833095
358 378 0.014020630456741845
359 360 0.9328096508667083
359 379 0.8418638830954728
360 380 -0.2640695270295128
361 362 0.016180326456343153
361 381 -0.7433321963444632
362 363 0.1362647406109243
362 382 -0.5157540866004231
363 364 -0.46591126676431327
363 383 0.32763869599778905
364 365 -0.8960717917157839
364 384 0.8771145687606128
365 366 0.08119430557505458
365 385 0.018395159684713835
366 367 0.2450006299136358
366 386 -0.734553906785055
367 368 -0.8541869527596224
367 387 -0.8329271489266983
368 369 -0.8332467116118272
368 388 0.6964440615986869
369 370 0.21130836208486437
369 389 0.41333065754614395
370 371 0.7957653123884461
370 390 0.7951524257631657
371 372 0.7653221144934548
371 391 -0.6748396411929731
372 373 0.12939453269125978
372 392 -0.6693490838895686
373 374 0.38922949968310827
373 393 0.1494029990603718
374 375 -0.06944041409100188
374 394 -0.9333219775669808
375 376 -0.39218381738147934
375 395 -0.8158587335747778
376 377 -0.11195202523950143
376 396 0.7305177027605252
377 378 -0.7132206870513804
377 397 -0.5340703674112985
378 379 -0.8728499115853228
378 398 0.0019166924861231394
379 380 0.7988509779777266
379 399 -0.8952958998317055
380 400 0.6530186959074837
381 382 -0.0314315230937825
382 383 -0.6842881716630156
383 384 -0.13002590609805176
384 385 -0.13823330409799173
385 386 -0.9065660143674219
386 387 -0.22870424872315942
387 388 0.2981830263823513
388 389 -0.9098883725361688
389 390 -0.8467025405480726
390 391 0.7954448995793648
391 392 0.6279064998637884
392 393 -0.7073459688337438
393 394 0.7675007815302237
394 395 0.740641142438869
395 396 -0.8740655018699051
396 397 -0.03132962698647712
397 398 0.3580783901237008
398 399 0.3590442535604539
399 400 -0.32545198587208013
