1 2 0.5554048211476403
1 21 -0.5249175599301754
2 3 -0.44600728723238103
2 22 0.3908909051069491
3 4 0.9178694639665943
3 23 -0.09352133355280023
4 5 0.22369917865108224
4 24 0.8245121686372381
5 6 0.6888285129754392
5 25 -0.21560290650386138
6 7 0.8378825812096329
6 26 -0.8571497325627411
7 8 0.0031255425931868697
7 27 0.741282333724361
8 9 0.13142331403387364
8 28 -0.9676819277338238
9 10 -0.5785993482621901
9 29 -0.061596842998719925
10 11 -0.9897568208028946
10 30 -0.2313234916319844
11 12 0.24319033774368415
11 31 0.7167768011823472
12 13 -0.6357749245734441
12 32 -0.37046772769736647
13 14 -0.5605988457118671
13 33 -0.3088011025246775
14 15 -0.903821880052899
14 34 -0.755432983032509
15 16 0.6326198546847432
15 35 -0.2521445838209144
16 17 0.8666449792262321
16 36 -0.6610348586973762
17 18 0.35812009274504897
17 37 -0.1339819661710968
18 19 0.47344760880408954
18 38 -0.49190609951270314
19 20 0.256182994331823
19 39 -0.21286515661569494
20 40 -0.07862753153340507
21 22 0.648557065322737
21 41 0.9314983960859995
22 23 0.8371034962918975
22 42 -0.5110485956040194
23 24 -0.7420838508429191
23 43 0.52113535353478
24 25 0.08322125656002721
24 44 -0.252109820847608
25 26 -0.6608750426822338
25 45 0.6023581368410016
26 27 -0.05106385782098122
26 46 -0.2795411604617859
27 28 0.6563211938333171
27 47 -0.4044925194152691
28 29 0.03981879416696166
28 48 -0.012491576926825676
29 30 -0.3529662500363422
29 49 -0.09744868641796356
30 31 -0.40730898739745935
30 50 0.09908519741167132
31 32 0.9003453556066017
31 51 0.6110571458786616
32 33 -0.9507666902622915
32 52 -0.5618260815788321
33 34 0.1495991994396566
33 53 -0.7456919365688781
34 35 0.8627625311249747
34 54 -0.2850802307854612
35 36 0.32417767862517355
35 55 0.9939968332118725
36 37 -0.7286329495230279
36 56 0.18879420714301065
37 38 -0.5096682664653076
37 57 0.3192821651495945
38 39 0.12385278939326572
38 58 0.7989022694408496
39 40 0.9889232422856762
39 59 -0.91976030358412
40 60 -0.5308152937692683
41 42 0.9452022278097867
41 61 -0.09310150516537563
42 43 -0.08382836544647265
42 62 -0.4940146343569871
43 44 -0.5967318497717695
43 63 -0.6485402735736367
44 45 -0.9735987488702009
44 64 0.6586353890426431
45 46 0.820257260123098
45 65 0.659154954173071
46 47 -0.6805378349884474
46 66 0.9358315185926991
47 48 -0.9418118070803543
47 67 0.2863605778971563
48 49 -0.574196059055583
48 68 0.23623417593298646
49 50 0.4548501015857367
49 69 0.44976488208403653
50 51 -0.03905158464295577
50 70 0.7788103603364935
51 52 0.7500998875085709
51 71 -0.3104244860166898
52 53 0.16971079892937513
52 72 0.3746530902617202
53 54 0.5125133138624687
53 73 -0.13441279948217488
54 55 -0.5464933456520764
54 74 -0.5629583137042735
55 56 0.08055583775950304
55 75 -0.07115566453028732
56 57 0.26821425511438424
56 76 -0.8537344633767947
57 58 -0.4469185370836153
57 77 0.3658179487848656
58 59 -0.8782926493873799
58 78 -0.9393951118438506
59 60 -0.9362922794729065
59 79 0.31431910711689537
60 80 0.14929287820870685
61 62 0.21808492552255587
61 81 0.5510530292096933
62 63 -0.24133341703386768
62 82 0.2090776572634221
63 64 -0.12576397469837786
63 83 -0.31947839430437486
64 65 0.6331230554271561
64 84 -0.8405597644875604
65 66 0.42810185206711315
65 85 -0.8012646920232533
66 67 -0.5620970429461143
66 86 0.4235608127654993
67 68 0.7383778463955166
67 87 0.7010749124816023
68 69 -0.9968536827980037
68 88 -0.5321191576000064
69 70 0.2745395507834949
69 89 -0.3215969572999824
70 71 -0.7049119815608771
70 90 -0.859957509133924
71 72 -0.36215380805306907
71 91 0.7633084704161817
72 73 0.2947137029463782
72 92 0.7104908693575498
73 74 0.5029241094549488
73 93 0.35074784716116425
74 75 0.8682819581272117
74 94 -0.07562867890578628
75 76 0.47098811447984823
75 95 0.476843530973293
76 77 -0.7815725252580112
76 96 -0.5798312147491089
77 78 0.8436157872651173
77 97 0.3561421570220591
78 79 -0.1632330508274895
78 98 -0.4487601642539145
79 80 -0.7037450525027216
79 99 0.3745258824607869
80 100 -0.7450956345549558
81 82 0.28322668951813834
81 101 0.4440364590338943
82 83 0.544757519361116
82 102 -0.864165006411171
83 84 0.9345062171211387
83 103 -0.7139478458248569
84 85 -0.6566494046456703
84 104 0.6762980644419998
85 86 0.826602488053755
85 105 0.1559586923315328
86 87 0.7581509873932863
86 106 0.33780758619357165
87 88 -0.9704265293809158
87 107 -0.6970381719483036
88 89 0.05392286005426761
88 108 -0.6017141614628749
89 90 -0.5516739486370803
89 109 -0.06457847387596116
90 91 -0.041679068541474074
90 110 -0.750465733738394
91 92 0.85156792920803
91 111 -0.24130124419534593
92 93 0.40221419818372817
92 112 0.6629207112059505
93 94 0.9977289281578732
93 113 -0.2481649845729017
94 95 0.10147559647192206
94 114 -0.6033080189012479
95 96 0.8583426047534028
95 115 -0.18552036466894783
96 97 -0.1487269883302471
96 116 -0.029600612487269196
97 98 -0.7324693003777378
97 117 -0.4467501765729365
98 99 -0.514864008879347
98 118 -0.49115649608921674
99 100 -0.028840987014278285
99 119 -0.31071384845715166
100 120 0.11776921572086785
101 102 -0.9299269517971254
101 121 -0.4031010582216412
102 103 0.37217015837462686
102 122 0.09652019479165053
103 104 0.6891170656122361
103 123 0.3388122799613258
104 105 0.12832055772362216
104 124 -0.3004355727979371
105 106 0.8005509035011167
105 125 0.127140343738116
106 107 -0.7129589032629398
106 126 0.5857759618603282
107 108 -0.6352961131995591
107 127 -0.4361565555335143
108 109 -0.5125949440140398
108 128 -0.1271935246210616
109 110 0.4974435278817768
109 129 -0.6331515158008354
110 111 0.4421687911619425
110 130 -0.5688581463407734
111 112 -0.5177835788788647
111 131 -0.49019604890752166
112 113 -0.9721354641315036
112 132 -0.769244794516261
113 114 -0.7992061006778655
113 133 0.7443485469525746
114 115 -0.543128420803638
114 134 0.21084291155952295
115 116 0.3267774361066915
115 135 0.8357557633576334
116 117 0.49682597771746395
116 136 0.7762067024540027
117 118 0.8127013929639959
117 137 0.45309580256256377
118 119 0.28390335472633366
118 138 -0.8819151377405317
119 120 -0.05366984856584067
119 139 -0.8548348169910935
120 140 0.8193285761382159
121 122 -0.8829750162358505
121 141 0.7141218851743978
122 123 -0.7240278944834855
122 142 -0.8024935615901632
123 124 -0.7813901838409087
123 143 -0.823492919941452
124 125 -0.7099940742890665
124 144 -0.8029618481659466
125 126 -0.980309118400623
125 145 0.9884787255931844
126 127 -0.5689746056964919
126 146 0.911900061375845
127 128 -0.36512957317119055
127 147 -0.8366841272581509
128 129 -0.8887155827145823
128 148 -0.583603238923345
129 130 -0.9516820857696728
129 149 -0.7899410165664542
130 131 -0.5140892690537648
130 150 0.22451748283036888
131 132 0.3568929387248827
131 151 0.36410315826120865
132 133 -0.6228445068058648
132 152 0.7607236805570574
133 134 -0.7359312590850329
133 153 -0.11109944902055569
134 135 0.5865291224351228
134 154 0.06031424032407484
135 136 0.15163487248910656
135 155 -0.5155753562625249
136 137 -0.4413280349164943
136 156 -0.03371263975755223
137 138 0.9089658725624281
137 157 0.3585565750397628
138 139 0.047076995567398194
138 158 0.8984276880731707
139 140 -0.5105644086841099
139 159 0.036193580414312976
140 160 -0.2820578407511236
141 142 -0.25429194425038504
141 161 0.35969590315619393
142 143 -0.5088817893506887
142 162 -0.6964266748310548
143 144 0.9329240825547807
143 163 -0.611405029573987
144 145 0.12036283663216141
144 164 0.4201317801261275
145 146 -0.7352043272358575
145 165 0.38527251548263486
146 147 -0.834283979758728
146 166 0.2820601693002385
147 148 -0.2676629342819128
147 167 0.8079474385831771
148 149 -0.8527177449807819
148 168 0.596851505256295
149 150 -0.7420896249774498
149 169 -0.07098848113669853
150 151 0.5775137390661844
150 170 0.3636031468679346
151 152 0.5322860299539958
151 171 -0.06584769810646263
152 153 -0.41303306813593377
152 172 -0.566907430380561
153 154 -0.07155883553721143
153 173 -0.5157313860620971
154 155 -0.9931339544757021
154 174 -0.031975760279422394
155 156 -0.9887918202016026
155 175 0.41460967899852763
156 157 -0.06484619505893763
156 176 -0.9544660938240077
157 158 -0.057447497171902784
157 177 -0.5768069216272274
158 159 -0.11429301631283151
158 178 -0.7434291134657145
159 160 0.49717860382716106
159 179 -0.501288868139995
160 180 0.111579495136229
161 162 -0.48744010134673976
161 181 -0.3048375696950161
162 163 0.8519889589804357
162 182 0.3602100312092842
163 164 -0.8361998799633097
163 183 -0.4612306094402727
164 165 0.9017420652522907
164 184 0.4961026642523749
165 166 -0.3314234952387545
165 185 -0.639592484781514
166 167 0.22689249081203577
166 186 -0.039856367921267344
167 168 -0.7545568475193516
167 187 0.5647535586388501
168 169 0.004983700227657817
168 188 -0.47691371943201166
169 170 -0.2873893338967426
169 189 0.8389192458166228
170 171 0.06379012127664829
170 190 -0.12205575916771738
171 172 0.3438209439175328
171 191 0.7198404451001239
172 173 -0.8227654801725446
172 192 -0.028625789032957094
173 174 0.9985524725174706
173 193 0.8266604156814457
174 175 -0.2053354358528079
174 194 0.5090157811882514
175 176 0.7616475965977572
175 195 0.20500367253313923
176 177 -0.44177440413580515
176 196 -0.8784828678193348
177 178 -0.00010279689927483737
177 197 -0.7456174355574976
178 179 0.887169095117383
178 198 0.07062242713864064
179 180 -0.04914963404144457
179 199 0.6151649325972997
180 200 0.5220483548163652
181 182 -0.9811744598380612
181 201 -0.2833324345900605
182 183 -0.5246821562406334
182 202 0.13777050511312083
183 184 0.30026103602626675
183 203 0.09355449068932109
184 185 -0.25550797515176393
184 204 0.5169546111964074
185 186 -0.7188046696564909
185 205 0.3384948212788945
186 187 -0.6696138067004529
186 206 -0.4960296895808487
187 188 -0.8862942888027061
187 207 -0.8734972385025814
188 189 0.5935575118866361
188 208 -0.689842422060932
189 190 -0.5837239392746987
189 209 -0.2384935041594307
190 191 0.9783605555062689
190 210 0.24566440207639184
191 192 -0.6189164897250385
191 211 -0.953447820248229
192 193 -0.7388017909286617
192 212 0.29277973135480195
193 194 0.3150091518946432
193 213 0.3195997815982059
194 195 0.6298888595116459
194 214 -0.07638861767551486
195 196 0.5101308228596368
195 215 0.7897311111524534
196 197 0.06642442643157853
196 216 -0.25462292004516307
197 198 0.8563755387142518
197 217 -0.7574257476996662
198 199 -0.48662052186840166
198 218 -0.5931649203735319
199 200 0.9318790135834398
199 219 0.27811055479750535
200 220 0.07804739660612237
201 202 0.8981883633564207
201 221 -0.5642019817366222
202 203 0.11326410286880528
202 222 -0.8545255782313044
203 204 0.3934496877065019
203 223 0.9261961554058573
204 205 -0.8578529750751838
204 224 0.24369073790195683
205 206 -0.3922914543379239
205 225 0.22730906779640336
206 207 0.4608346651197557
206 226 0.9174013628052602
207 208 -0.142098440568585
207 227 0.9331189031984184
208 209 0.7319554396629857
208 228 -0.07795354481956229
209 210 -0.9572046531737117
209 229 -0.8803115792616454
210 211 0.8373833022191941
210 230 -0.7012556513606876
211 212 0.674185765211883
211 231 -0.4445743340575121
212 213 -0.4581272956677731
212 232 0.2603633393843352
213 214 0.08185830715801523
213 233 -0.49017839115750905
214 215 -0.17934079808712378
214 234 0.2943229244083496
215 216 -0.36914110935381683
215 235 -0.9659654146064589
216 217 0.6365903110213091
216 236 0.5515750730980318
217 218 -0.36163996457454695
217 237 -0.45637242858169014
218 219 -0.4686187622367701
218 238 -0.29893865924977736
219 220 0.17753604830443215
219 239 0.018446682554662308
220 240 0.7544029963523318
221 222 -0.36121726723927083
221 241 0.8355447720011748
222 223 0.6794170208321417
222 242 -0.18936101460373722
223 224 -0.4445569405371588
223 243 -0.5327470763040663
224 225 0.4414280612462895
224 244 -0.9163827617575409
225 226 0.871198770563834
225 245 -0.5941902142234134
226 227 0.8516041853470926
226 246 0.4747997976721374
227 228 -0.5664981446514021
227 247 0.8961459032545869
228 229 0.12349048255714523
228 248 -0.37550746835088367
229 230 0.6755486449913803
229 249 0.40433876383962564
230 231 0.5901388117590292
230 250 0.47421011320081674
231 232 0.9488557938254101
231 251 0.5164344669512608
232 233 0.6257418177401162
232 252 0.16153382738418753
233 234 -0.5620333567706277
233 253 0.4053236469609729
234 235 0.8688680060208767
234 254 -0.3441354171691473
235 236 -0.5668054377981158
235 255 0.06422781475819828
236 237 0.09596484497197588
236 256 0.6611052690618293
237 238 -0.3286622553898144
237 257 -0.6193441348083837
238 239 -0.8359105013215637
238 258 0.23084603779302215
239 240 -0.15361309657098188
239 259 0.42085274342126566
240 260 0.8093807923791945
241 242 -0.9361926671202105
241 261 -0.869830925914971
242 243 -0.7102580219073498
242 262 -0.6181598826668127
243 244 0.6913441089582895
243 263 -0.5515750587504378
244 245 -0.20951636347273506
244 264 -0.6773223530896166
245 246 -0.7607797076884428
245 265 -0.2156186741741566
246 247 -0.5326362803573534
246 266 0.5290055543933327
247 248 -0.9138467438108082
247 267 0.7763419799936362
248 249 -0.5138404638745304
248 268 -0.4466309454148685
249 250 -0.8134626536693168
249 269 0.5826853512976276
250 251 -0.691950582779697
250 270 0.8488073165981895
251 252 -0.12287203340032615
251 271 -0.921901570443191
252 253 -0.9877601004283909
252 272 -0.5966062990645369
253 254 -0.8781037152785205
253 273 0.02127633385504013
254 255 0.2147138644758566
254 274 0.5939053650776509
255 256 -0.02502965244611577
255 275 -0.42092054777036036
256 257 -0.31443385829256876
256 276 -0.9823850155372449
257 258 -0.5085074566964394
257 277 -0.7830801819707427
258 259 0.5244493673549107
258 278 0.579603167729243
259 260 -0.6896935118770136
259 279 0.7892244471662309
260 280 0.5075876493761562
261 262 0.25965799821564595
261 281 0.7476268865590774
262 263 -0.018719725869678294
262 282 0.4240487484995066
263 264 0.37781259911737863
263 283 -0.6930107260432545
264 265 -0.4478338300446829
264 284 -0.5469933533737108
265 266 0.3890784532846987
265 285 0.8899340662680388
266 267 -0.4053755608726355
266 286 -0.4372841155011167
267 268 0.1306423797781875
267 287 0.6444836198022741
268 269 -0.2801530996495485
268 288 0.1399446763982637
269 270 -0.20723090811006428
269 289 -0.7094104472476188
270 271 0.9882634500454077
270 290 -0.5664781542677222
271 272 0.5602939395270723
271 291 -0.28610170975382876
272 273 -0.3987021855838524
272 292 0.6636982396600084
273 274 0.7807981546839078
273 293 0.5981585365614839
274 275 0.6253323173643497
274 294 -0.4680389859239158
275 276 0.9289589724081728
275 295 0.8988653812369085
276 277 -0.30332956566734426
276 296 0.31704923917293115
277 278 0.8006882011512149
277 297 -0.702440720374526
278 279 0.468763874801569
278 298 -0.8755174010727509
279 280 0.6750484216311612
279 299 -0.16698408406361698
280 300 -0.47041703029591564
281 282 -0.9825685353924303
281 301 0.49315447398787504
282 283 0.9698769154020161
282 302 0.7495730034700889
283 284 -0.5928037276888396
283 303 -0.8648022127928461
284 285 -0.390632139389836
284 304 -0.7275332377560975
285 286 -0.6732350111907079
285 305 -0.0825733885481108
286 287 0.5348030102373464
286 306 0.3715751980197253
287 288 -0.03637022751658647
287 307 -0.4971758393478938
288 289 -0.938506483227157
288 308 -0.22849077090205427
289 290 0.9698545440057444
289 309 -0.7620030175775927
290 291 -0.6099151446449407
290 310 -0.9040395487963402
291 292 0.13936777282674684
291 311 0.9851615705065473
292 293 -0.5806015594102876
292 312 0.9743227345693324
293 294 -0.9654111782472945
293 313 -0.5752225392519612
294 295 0.018155133493403364
294 314 -0.28544877446569283
295 296 -0.7883349717334571
295 315 -0.6171141848435215
296 297 -0.3461624949047042
296 316 0.8176305078844985
297 298 -0.6599390505843052
297 317 0.24460102736959666
298 299 0.09298400732732337
298 318 -0.9245958945399584
299 300 0.6872193989552096
299 319 -0.8341990016468888
300 320 0.9373530628247968
301 302 0.6256823420052469
301 321 -0.8485651076554666
302 303 -0.0019166321982120316
302 322 -0.7864400120125823
303 304 0.49897139086994935
303 323 -0.6398412091639691
304 305 0.38850011519710415
304 324 -0.8942675960329505
305 306 -0.44227289738717834
305 325 -0.590799852008443
306 307 -0.4538120797643401
306 326 -0.6729338423357389
307 308 0.6882083397616432
307 327 -0.31808788453993486
308 309 -0.3175856919531306
308 328 0.2596794060656369
309 310 -0.7179914836002317
309 329 0.7078388508775901
310 311 -0.020495087317909055
310 330 0.6004582729441783
311 312 0.1825130806114892
311 331 0.049798964356381425
312 313 0.01989924461081971
312 332 0.6461299394292992
313 314 -0.31618689764686403
313 333 -0.9182123432853753
314 315 0.5321669479925941
314 334 0.3552984654442015
315 316 0.4551805936499418
315 335 -0.7043913104784492
316 317 -0.21061457897514857
316 336 0.5486136664829406
317 318 -0.20275763108966238
317 337 0.5250226330953391
318 319 0.7765297592878713
318 338 -0.02762550004887121
319 320 0.6147196478968882
319 339 0.3799083580724374
320 340 0.5719828828862679
321 322 0.31291066919391564
321 341 0.01852440016703638
322 323 0.826425613979286
322 342 -0.27016807822743005
323 324 -0.7514785795001526
323 343 -0.5503854521824072
324 325 0.16287660162674866
324 344 -0.6405437427355045
325 326 -0.383327939998936
325 345 0.5912191408228418
326 327 -0.7941672676561602
326 346 -0.021236878765929612
327 328 0.460714303313565
327 347 0.9102474832527265
328 329 0.737197547554511
328 348 0.5452788796871448
329 330 0.4550808880145021
329 349 -0.8617413498721009
330 331 0.31507929941025536
330 350 -0.7360146197711981
331 332 -0.3470814481935489
331 351 0.23812990246646626
332 333 -0.11880785536889982
332 352 0.9594108768361806
333 334 0.14311131289875134
333 353 -0.8771222216783405
334 335 0.8202590267564476
334 354 0.727228070012873
335 336 0.7375810102883553
335 355 0.9857599210424126
336 337 -0.6319797805471419
336 356 -0.5234945389921326
337 338 0.08288302274993775
337 357 -0.789448644758795
338 339 0.6206436000145059
338 358 -0.39151451456253894
339 340 -0.5725477818673697
339 359 0.4876537474158489
340 360 -0.8842112307948518
341 342 -0.0402332170072337
341 361 0.9111482898621326
342 343 -0.5468242462011432
342 362 0.7448637246908569
343 344 -0.44108089270275164
343 363 -0.9323565379124217
344 345 0.013382701118237028
344 364 -0.43696232626314635
345 346 -0.8143079361867347
345 365 0.7380383562841335
346 347 0.6661693305482315
346 366 -0.35348664703059307
347 348 0.8298745296882468
347 367 0.019208432291081268
348 349 0.9827419620462277
348 368 -0.16813507888794343
349 350 0.24286005834014324
349 369 -0.13402014932271178
350 351 0.8890875579507695
350 370 -0.31897975662104194
351 352 0.9882529630942882
351 371 0.12811910120448222
352 353 0.1350111080640215
352 372 -0.4114320094055641
353 354 -0.971020678966183
353 373 -0.886666616123281
354 355 -0.5437735958242091
354 374 0.17098161053193572
355 356 -0.26722843478984326
355 375 -0.5772944910764
356 357 -0.7074767096880565
356 376 0.37157448069071575
357 358 -0.5991783882524382
357 377 -0.5452206928814991
358 359 0.37731353099838505
358 378 0.8374035923962231
359 360 -0.3168406500030607
359 379 -0.26816868032063246
360 380 -0.4977924969413734
361 362 -0.9999759328610298
361 381 -0.5060425980161674
362 363 -0.7272832964815241
362 382 -0.5272396796943595
363 364 -0.49120162991724814
363 383 0.33770941284255285
364 365 -0.2598462447014145
364 384 0.009057825949740916
365 366 0.6674307621734346
365 385 0.36358710641806913
366 367 0.19188013161135542
366 386 -0.6367172396982195
367 368 -0.5191820873506421
367 387 0.5826235234260166
368 369 -0.5707085088443988
368 388 0.8437731758640212
369 370 0.774761890171545
369 389 0.23601982462644044
370 371 -0.043514574552294905
370 390 -0.24351235291781737
371 372 0.7256362872518893
371 391 0.7341827717537166
372 373 0.7165439241937643
372 392 0.4107019360222184
373 374 0.010569602105915177
373 393 -0.07102424566321464
374 375 -0.7968420505546479
374 394 0.6636409349900585
375 376 0.006305008529186029
375 395 0.8827550476644044
376 377 0.4914624532779852
376 396 0.578930639958654
377 378 -0.5863722486585012
377 397 -0.005877246025657312
378 379 -0.3234217209707666
378 398 -0.37313531828841096
379 380 -0.7185545202659573
379 399 0.7164681772110697
380 400 0.4716871569004448
381 382 0.424465355823167
382 383 0.1907984907047584
383 384 0.5198381612414829
384 385 -0.7553375774176454
385 386 -0.40837148501253817
386 387 -0.35652117632520586
387 388 -0.9089347086907902
388 389 0.6289751612760583
389 390 0.3216209630076883
390 391 0.025755889532499632
391 392 0.9694336063197324
392 393 0.42744952928497537
393 394 -0.38891405207171537
394 395 -0.36808602901937126
395 396 0.4108489847616257
396 397 0.9982307030183819
397 398 -0.41034106225935907
398 399 0.18654096604352155
399 400 0.47659500754389406
