1 2 -0.12801019571599248
1 21 -0.9481475363442173
2 3 0.9291021601785103
2 22 1.672234043348375e-05
3 4 0.1653697770580691
3 23 -0.9488981163006145
4 5 0.09581556018075332
4 24 0.3990412395810963
5 6 0.7525329034083181
5 25 -0.13522180911030524
6 7 0.0024329033741739003
6 26 0.012173667025277668
7 8 -0.2384148325675839
7 27 -0.6433803444445596
8 9 0.3883050908503667
8 28 0.46733959619395327
9 10 -0.9130206041274451
9 29 -0.504898248754919
10 11 -0.5100117231716605
10 30 0.01012384115428211
11 12 -0.5593966897606981
11 31 0.12571479783144035
12 13 0.09277793992858241
12 32 0.4887217786568847
13 14 -0.1070637833328969
13 33 0.5248611166054402
14 15 -0.10743006509237629
14 34 -0.5334712823548973
15 16 -0.6377571033688394
15 35 0.7508426864524935
16 17 -0.3722635917948507
16 36 -0.7301063358352893
17 18 -0.36821571063018266
17 37 -0.5286999397635617
18 19 -0.30956893527164997
18 38 -0.7621041177780139
19 20 -0.9057406455419292
19 39 0.1988001558103185
20 40 0.8952499353877907
21 22 0.09932495575741829
21 41 -0.12935521476344625
22 23 0.7790401278922898
22 42 -0.3167726946577807
23 24 0.32440403853665156
23 43 -0.22495314825343704
24 25 -0.5083776721917386
24 44 -0.6267457088270396
25 26 0.2392829274199293
25 45 -0.41914651413002324
26 27 -0.5623584273412545
26 46 -0.9906729545299002
27 28 0.5633188513321628
27 47 -0.05558282516839719
28 29 0.7505376196093252
28 48 0.9030202966914647
29 30 0.8863414453344165
29 49 0.11372033248650659
30 31 0.3568430196437653
30 50 -0.3344800847661016
31 32 0.07892218914865334
31 51 -0.009275994391348519
32 33 -0.2631935399359755
32 52 0.3586520271624416
33 34 0.27312683636916324
33 53 -0.6295120501738036
34 35 -0.5224690097670668
34 54 0.3863465060059543
35 36 -0.3928284045018826
35 55 -0.4446938548250201
36 37 0.28555741854398686
36 56 -0.3317140403776859
37 38 0.8659705415598207
37 57 0.5974252476057413
38 39 0.97651048344812
38 58 0.2620228299838141
39 40 -0.03614221351788638
39 59 0.1991584234252406
40 60 -0.8490005784752919
41 42 -0.15926439582502194
41 61 -0.33933035799225175
42 43 0.13428825525541854
42 62 -0.1449080734077799
43 44 -0.005852402530974743
43 63 -0.17018832525062555
44 45 -0.7788337044076779
44 64 -0.45188149492789265
45 46 0.2305091469285525
45 65 0.9073199247646453
46 47 -0.1643275119945684
46 66 0.12675222067807024
47 48 -0.4810391911914458
47 67 0.38479849176246206
48 49 0.7045258531951024
48 68 0.28187727955772846
49 50 -0.2849635352895359
49 69 -0.9810992517242014
50 51 -0.3872706568199855
50 70 0.5515958224430979
51 52 -0.3984938599932917
51 71 0.02289745067640636
52 53 0.12821562376793216
52 72 -0.5840499672339448
53 54 0.1584039201364722
53 73 0.3084838692621672
54 55 0.29553895578868405
54 74 -0.8721498078400105
55 56 -0.6997442072802071
55 75 -0.11063635551548079
56 57 -0.15032752866114563
56 76 -0.23886744208841693
57 58 -0.3130834443916559
57 77 -0.10033224962498322
58 59 0.4097497144111002
58 78 -0.1385240894764861
59 60 0.5198371864968105
59 79 0.7400515537415944
60 80 -0.0440679778553319
61 62 -0.590702731924315
61 81 0.2385419327013274
62 63 -0.126505473946402
62 82 0.5531183699942006
63 64 -0.29825619739671905
63 83 0.10195581064883852
64 65 -0.9794999212008182
64 84 0.2587194456591644
65 66 -0.10397056695182072
65 85 -0.5859003234933715
66 67 0.7531237368466541
66 86 0.35516968045581887
67 68 0.9609701579975569
67 87 -0.5074928220644204
68 69 -0.8530032305711268
68 88 0.24676942859167728
69 70 -0.4929034655501541
69 89 -0.49154661969892643
70 71 -0.9342921235431048
70 90 0.571595725043458
71 72 0.572457033503107
71 91 0.625011162984427
72 73 0.09362784624315101
72 92 -0.04802251824149084
73 74 0.18748074039123197
73 93 0.08295327798700103
74 75 0.6250353988445356
74 94 -0.7196316336652253
75 76 -0.5370505482072978
75 95 -0.28227680651013665
76 77 -0.8945003378721463
76 96 0.7917077015728244
77 78 -0.7977800032467
77 97 0.17875928892706838
78 79 -0.5128985233997305
78 98 -0.22554176298950068
79 80 0.006042821888985639
79 99 -0.852678005748156
80 100 0.9645293288042707
81 82 -0.4006906526509537
81 101 -0.46634544979426673
82 83 0.07120834699531264
82 102 0.9074844538897333
83 84 0.9458213797496497
83 103 -0.7744475695238571
84 85 -0.40965538956051506
84 104 -0.6254269105962045
85 86 -0.14926541618922706
85 105 -0.11085147047248456
86 87 0.6846660922069425
86 106 0.8523225738498399
87 88 0.5804876051880905
87 107 0.5246704884481177
88 89 -0.2935722164289629
88 108 -0.6704427535514073
89 90 -0.6586289479319478
89 109 -0.3100400806456176
90 91 -0.14291943707958144
90 110 0.25801891433712076
91 92 0.06568177499169314
91 111 0.6126704288210341
92 93 -0.3245607585876862
92 112 0.3252704012697625
93 94 0.1837581370715673
93 113 0.4179823445871558
94 95 -0.5188715111768747
94 114 -0.972192349630632
95 96 -0.3327068464496159
95 115 0.24977513956563957
96 97 0.4549493469199135
96 116 -0.35193360892452197
97 98 0.4578129502619619
97 117 -0.5440944101013534
98 99 -0.4226232966719554
98 118 0.06480802817826126
99 100 0.8275279727140135
99 119 -0.8784363429909097
100 120 0.8826786918939014
101 102 0.2422676655385898
101 121 0.05828418855407813
102 103 0.08841632029620428
102 122 -0.8358101554499504
103 104 -0.37348294314057284
103 123 -0.9164045803693799
104 105 -0.8094238954783926
104 124 -0.4324883850694907
105 106 0.015234973343922764
105 125 0.05146649962191585
106 107 0.8822317472672445
106 126 0.632038303848788
107 108 -0.759920415645172
107 127 0.6778051891180013
108 109 0.7863323731340868
108 128 0.6497809624133588
109 110 -0.5947018973045524
109 129 -0.8741969196383179
110 111 0.41100604981359945
110 130 -0.8030627411571647
111 112 -0.9314490407807097
111 131 -0.6918677582009802
112 113 -0.8776924628133387
112 132 -0.2544571487615457
113 114 0.5419559473226223
113 133 -0.8218996074044913
114 115 0.012509670678667595
114 134 0.7018640976576105
115 116 -0.10859560582641015
115 135 0.3558868869581171
116 117 0.7973986388570755
116 136 0.35124644382596615
117 118 -0.11596932969922369
117 137 0.3496952020908115
118 119 0.6324418415867632
118 138 0.6635671659288616
119 120 0.5889425529907935
119 139 -0.7575224126122102
120 140 -0.26413337202734954
121 122 -0.7308401093101329
121 141 0.027156242531492847
122 123 -0.2673151966499592
122 142 0.7017010080090034
123 124 0.4767995172418007
123 143 0.3150247753180879
124 125 -0.5701512317386095
124 144 -0.42879253217819535
125 126 -0.9151416162349078
125 145 -0.67116182765976
126 127 -0.7372107890411124
126 146 -0.30673997001947195
127 128 -0.07652219048693665
127 147 -0.7484372348938249
128 129 0.05327684770566665
128 148 -0.07310148769285507
129 130 -0.8040792082274828
129 149 -0.0065449953717697795
130 131 0.8076923297497731
130 150 0.6446249372354917
131 132 0.4963700553373518
131 151 -0.23026020555543414
132 133 -0.13178130622906803
132 152 0.947735242914348
133 134 0.8269909808265596
133 153 -0.100749989884509
134 135 0.8594741682781333
134 154 -0.0733804511136742
135 136 -0.39828626197847594
135 155 -0.35523640786675914
136 137 0.9833422544985091
136 156 -0.07357407632275015
137 138 -0.11471297214393927
137 157 0.10109088162963942
138 139 -0.42755958329887855
138 158 -0.644835852083594
139 140 0.8052638407579713
139 159 0.26887589335461737
140 160 0.8210437824085168
141 142 -0.6311202687061694
141 161 0.5706702956333469
142 143 -0.18744991390409838
142 162 -0.9455952682103008
143 144 -0.5707285072000927
143 163 -0.16649311960932578
144 145 -0.05718028506064199
144 164 0.09899364217681605
145 146 -0.09954564076525352
145 165 0.4159423412378416
146 147 -0.582995010948955
146 166 0.7347630743130469
147 148 0.07268694619213711
147 167 -0.40697449841074196
148 149 -0.021397423745748823
148 168 -0.47855996056109595
149 150 -0.8606788191751091
149 169 0.8703071267029767
150 151 -0.24923712549250032
150 170 -0.6104113430082816
151 152 -0.3642030196093127
151 171 0.1440176259339716
152 153 0.3963987091407062
152 172 0.2515772402588874
153 154 0.39324223162238936
153 173 -0.22472190166656114
154 155 -0.7945014490258104
154 174 -0.05138976849050114
155 156 0.9965590603435368
155 175 -0.5234521843615751
156 157 -0.7807842511055696
156 176 -0.7568029799330793
157 158 -0.610301487018903
157 177 0.5899963620596875
158 159 0.4462517803827779
158 178 -0.1659469572716683
159 160 -0.3796501023999692
159 179 0.7302889777561288
160 180 0.39145389539457787
161 162 0.7079505852789776
161 181 -0.011526325236144386
162 163 -0.5056455220052933
162 182 -0.8657112585260907
163 164 0.28768386829639003
163 183 0.3229626534308827
164 165 0.6902262311494032
164 184 0.9770194015683287
165 166 0.5551758166110672
165 185 0.5542059989392893
166 167 0.5846604386125158
166 186 -0.30199671863228117
167 168 -0.6485516134865388
167 187 -0.8415236585984007
168 169 -0.19472415373370522
168 188 -0.12666024054594005
169 170 -0.5878047296588327
169 189 -0.07157530008190682
170 171 -0.8743891238883212
170 190 -0.38278214771957053
171 172 -0.25515896972724184
171 191 0.8190598199829242
172 173 -0.6881109750779713
172 192 -0.12981514721866994
173 174 -0.8978857024904796
173 193 0.32728251523850305
174 175 -0.41908345787386647
174 194 -0.38120543892352465
175 176 0.5257229575870059
175 195 0.39917336610672627
176 177 0.4929432142473775
176 196 0.15749540894104963
177 178 -0.7807746671448694
177 197 -0.058570563648352225
178 179 -0.636096844539165
178 198 0.20869387459168554
179 180 -0.6392188487494506
179 199 -0.5688635257652621
180 200 0.7271883613260455
181 182 0.693122970714936
181 201 -0.840709045981878
182 183 0.9877040228425458
182 202 0.9411606267543471
183 184 -0.6590457330324586
183 203 0.7633044714970971
184 185 -0.9022638275412973
184 204 -0.5357634971276721
185 186 0.0055575050184428765
185 205 0.9134951866144951
186 187 0.13828106411127083
186 206 0.6102630805114031
187 188 -0.6022018163410017
187 207 -0.14082276188717247
188 189 -0.9698877315032599
188 208 0.7858117661574315
189 190 -0.1706634857867262
189 209 -0.41732456313403543
190 191 0.42638392120411206
190 210 0.626363432359786
191 192 -0.22605754995406357
191 211 0.6724983908345492
192 193 -0.2575298022112471
192 212 0.8807951003692267
193 194 -0.2686788717022688
193 213 0.10555992026288918
194 195 -0.5140818197921362
194 214 0.9073830978264708
195 196 0.29568130230622436
195 215 -0.7568768014966245
196 197 -0.5663810211180862
196 216 0.09519179699443714
197 198 -0.41776776310708774
197 217 -0.7892202717123131
198 199 -0.774929063384517
198 218 -0.8089647889067462
199 200 -0.34821830049593117
199 219 -0.17232989749557626
200 220 0.0858458166876821
201 202 0.010492180243407923
201 221 -0.8694269912262438
202 203 0.6005167022651736
202 222 0.20363424281093478
203 204 0.5560163196169365
203 223 -0.732091583656618
204 205 0.2866228544964704
204 224 -0.6770668742166466
205 206 -0.3362525749202483
205 225 -0.03708367530793355
206 207 0.6663224894679525
206 226 -0.588412646099856
207 208 0.28362352725766327
207 227 -0.8252416424204072
208 209 -0.9417013643049765
208 228 -0.2542142319765477
209 210 -0.3529429703599116
209 229 -0.5768048331677205
210 211 -0.34682339756552105
210 230 -0.559420226784358
211 212 0.20352744018844215
211 231 0.8240375548845982
212 213 -0.0943647376358463
212 232 0.7101999738448943
213 214 -0.4668203188854443
213 233 -0.592247838656188
214 215 -0.20517934145114114
214 234 -0.9928531330698618
215 216 -0.9888553654670684
215 235 0.4911065166629045
216 217 0.05960775744413982
216 236 0.7155526671415751
217 218 0.7110859597943102
217 237 -0.5996073124156533
218 219 -0.9758976040782881
218 238 -0.585826696612975
219 220 -0.5626564771938836
219 239 0.8394207750156719
220 240 0.7429978058591551
221 222 -0.14375534480522112
221 241 -0.8069381686787749
222 223 0.529919720903363
222 242 -0.6615491068316441
223 224 0.7378332528641576
223 243 0.497555756553709
224 225 0.740291786738003
224 244 -0.5651951473899481
225 226 0.49674799868207264
225 245 0.7156790368790278
226 227 0.4613604010522312
226 246 0.606828328318898
227 228 0.4314611755419304
227 247 -0.7965103780732359
228 229 -0.8082533706144557
228 248 -0.606071359299923
229 230 -0.4394634244596025
229 249 -0.7657899286068208
230 231 -0.34521163270691835
230 250 0.928733672611497
231 232 -0.03189285129064978
231 251 0.9170281331913674
232 233 0.3072237028260123
232 252 0.7585739108343088
233 234 -0.4075900923749398
233 253 0.6837352651839992
234 235 -0.009475675082245338
234 254 0.40039549429550325
235 236 -0.8339430022152656
235 255 -0.5145617593128424
236 237 -0.8938475113745137
236 256 -0.7738972928210279
237 238 -0.06146443419550773
237 257 0.22551785366632027
238 239 -0.041983491403344564
238 258 -0.6753807999655941
239 240 -0.119175497877261
239 259 0.9036518960606585
240 260 0.300864660060449
241 242 -0.7456800565974451
241 261 0.19349061795719158
242 243 -0.4139535363611204
242 262 0.04813375060072844
243 244 0.5971713081981618
243 263 0.08669046116780543
244 245 0.4835100777668979
244 264 0.3060410264622022
245 246 -0.17107988973417698
245 265 0.6973690285346468
246 247 -0.9137419272932745
246 266 -0.7856251915368402
247 248 -0.6488018581823563
247 267 0.4266431243148212
248 249 0.8848412247942863
248 268 -0.2574576566642073
249 250 0.37850374955508803
249 269 0.28905237874891476
250 251 -0.8078185996459382
250 270 -0.675633104712122
251 252 0.1534193209059025
251 271 -0.9445114040278249
252 253 -0.9933291104018456
252 272 0.8495764725534358
253 254 0.8480303833479048
253 273 0.9571671752006061
254 255 0.6305406324697391
254 274 0.5067736586841662
255 256 0.9784552635245489
255 275 0.932228350772125
256 257 -0.11479780817395047
256 276 -0.7211658134876784
257 258 -0.4607755879686175
257 277 -0.0406727242744116
258 259 -0.8626248897932287
258 278 -0.014977031535885699
259 260 -0.4934981205108917
259 279 -0.06289466785057929
260 280 0.20081909899034
261 262 -0.5479759987915283
261 281 -0.7861086313800341
262 263 -0.2867514377544822
262 282 -0.9086420695091999
263 264 -0.5583241698770762
263 283 0.836917293179201
264 265 0.5977710230092592
264 284 -0.9375048754694768
265 266 -0.11085811649858157
265 285 0.4314941685727085
266 267 -0.12983270028234473
266 286 -0.5582375562785118
267 268 0.7705273488209783
267 287 0.9662767220861446
268 269 0.45800160364295395
268 288 -0.747679782741957
269 270 -0.37694119331403075
269 289 0.7605979123149935
270 271 0.38847823790552094
270 290 -0.7204730019044687
271 272 0.47774169843534264
271 291 0.7228015931646616
272 273 0.9025875085596191
272 292 -0.6901289666132959
273 274 -0.17133810526755466
273 293 0.5463731388604218
274 275 0.404324531899517
274 294 -0.6038087437011324
275 276 0.8426494996361864
275 295 0.16652895886911767
276 277 0.9774848877541955
276 296 -0.6034948504951481
277 278 0.060937708858083584
277 297 -0.11036625672229738
278 279 0.806290902692351
278 298 -0.9769982106009119
279 280 0.6032035617682883
279 299 0.9786703691330143
280 300 -0.7602387059534728
281 282 -0.5593875858588806
281 301 -0.30034742999340147
282 283 0.9663068907144254
282 302 -0.11729016129030656
283 284 0.1841691553327527
283 303 -0.30752418108970714
284 285 -0.5408519425113096
284 304 0.4092549982409184
285 286 -0.9831032728423605
285 305 -0.9495971526585021
286 287 0.7612441323313615
286 306 0.4393750754488226
287 288 0.30581390140242903
287 307 -0.044527293987249195
288 289 -0.4974341565855813
288 308 0.762470594242463
289 290 -0.22724854981087828
289 309 0.2221786006377371
290 291 -0.4667482147404107
290 310 0.6063517449161535
291 292 -0.8028999811930984
291 311 0.9268860816891458
292 293 -0.8685786478820365
292 312 -0.3654332850179054
293 294 -0.6638937588190292
293 313 0.4885117823127574
294 295 -0.2997892451478088
294 314 -0.08105587461744279
295 296 -0.08753592659018006
295 315 -0.07532479597656327
296 297 0.2392659789078424
296 316 -0.11268603198828564
297 298 -0.27368269284062396
297 317 -0.4879571671055185
298 299 -0.5438436138901093
298 318 0.8026402244129907
299 300 -0.10051572005512144
299 319 -0.0599808216771327
300 320 -0.10752554960026517
301 302 -0.06442503083539952
301 321 -0.5965135474700693
302 303 0.008000878758305241
302 322 -0.35291736493060233
303 304 -0.47244294143996046
303 323 0.827830954330264
304 305 -0.8248749819977543
304 324 -0.9388210336113614
305 306 0.8809009870841771
305 325 -0.795724103537613
306 307 0.426014587093962
306 326 0.539719313985404
307 308 -0.8244248902300111
307 327 0.11790158939455342
308 309 0.8065923009780309
308 328 -0.42472948356822404
309 310 0.046338652350390364
309 329 -0.3498863927797402
310 311 -0.3987764322832674
310 330 0.19403309774250954
311 312 0.12685207220327444
311 331 0.4814038218754373
312 313 0.17111089975515714
312 332 0.04826269008976736
313 314 -0.15158736306771892
313 333 0.6881841783377536
314 315 -0.7260753030264868
314 334 -0.14524506116409097
315 316 -0.32052170350025255
315 335 0.934706604330112
316 317 0.5633487142052862
316 336 -0.8947408629963967
317 318 0.812346756306733
317 337 0.018960204515967582
318 319 0.2684775516878357
318 338 0.6609461023827699
319 320 0.8813379157294317
319 339 -0.13559402944014587
320 340 0.4039546812713586
321 322 0.28081345042982964
321 341 -0.033860328896496705
322 323 -0.4805104945057259
322 342 -0.2262202293584752
323 324 -0.16052907738635858
323 343 0.08038303133426172
324 325 -0.28573013260087854
324 344 0.1795639829435276
325 326 0.3239355808794153
325 345 -0.43348251235775836
326 327 -0.33850594766119046
326 346 -0.5427794963338022
327 328 -0.6376995411827071
327 347 0.028804120942441225
328 329 0.9342262630245926
328 348 0.33619867125038194
329 330 0.8595808461303254
329 349 0.6964028179926076
330 331 0.1456245755307135
330 350 -0.4691130568426618
331 332 -0.5519973639745956
331 351 0.882364991374943
332 333 -0.12975476250965579
332 352 0.8253543050284193
333 334 -0.6059594818805443
333 353 0.6378310827845775
334 335 -0.7970236869078573
334 354 -0.8254887695877942
335 336 0.6319590971449742
335 355 0.9838504748220245
336 337 -0.3512098719664398
336 356 -0.060454767849796864
337 338 0.4026838843740046
337 357 0.06802917109004492
338 339 0.8186189370924928
338 358 -0.562506390404486
339 340 -0.11911042609688538
339 359 0.9062966335520524
340 360 0.009723210176705521
341 342 0.01047344003709827
341 361 -0.2262146977628814
342 343 0.6640337992690017
342 362 0.4734941125742258
343 344 0.21688431561009924
343 363 0.6524996568683159
344 345 -0.8955545452316795
344 364 -0.8686726675872449
345 346 -0.5983153124491092
345 365 -0.22333163577048176
346 347 0.25268791840205274
346 366 -0.17104150094922166
347 348 0.21786029786878314
347 367 0.6664249802452085
348 349 0.006013547068653091
348 368 -0.243995182702889
349 350 0.6822458960398159
349 369 0.9085772731126553
350 351 -0.5025314222147395
350 370 -0.4206490186759675
351 352 0.28665691859174514
351 371 0.08663727586601211
352 353 0.13995330398510042
352 372 0.8682734973885626
353 354 -0.8553493537729768
353 373 0.6922154235043412
354 355 0.6723714553958726
354 374 -0.6621048831641219
355 356 -0.39823657323402184
355 375 0.15970145071296526
356 357 -0.772732150609037
356 376 0.28235461886068447
357 358 -0.42787543682323714
357 377 -0.04271054418638198
358 359 0.4790692504796268
358 378 -0.47796714159285125
359 360 -0.006224004762678259
359 379 -0.7475347035452631
360 380 -0.8219476159029762
361 362 0.5872749088831541
361 381 0.16000835775561328
362 363 -0.24157886611672508
362 382 -0.9739653266108987
363 364 0.24712636912426156
363 383 -0.6465756768311479
364 365 -0.9129976278805687
364 384 -0.2096984830649924
365 366 0.8518031930169985
365 385 0.14054841950143815
366 367 0.8735621444683719
366 386 0.2849048378055845
367 368 -0.352498835487707
367 387 0.9777241866394131
368 369 -0.32526341140708337
368 388 0.9040214101660022
369 370 -0.9950351474638071
369 389 -0.015761799538746013
370 371 0.7518801448480625
370 390 -0.9624837064584704
371 372 0.9227803943513462
371 391 0.11393746533331695
372 373 0.1523087081121377
372 392 -0.6296396117009346
373 374 -0.15270212712341347
373 393 -0.7185172891659661
374 375 -0.05426317581954909
374 394 0.2498247963218505
375 376 0.36413572231160196
375 395 -0.23274169091361707
376 377 0.06842931335596036
376 396 0.6536172206992124
377 378 0.6464277812819783
377 397 0.7519858700661375
378 379 0.8768620527203064
378 398 0.9142990413392276
379 380 0.8829129737263
379 399 0.002951582560102528
380 400 -0.5517791437622297
381 382 -0.6754028029953723
382 383 0.5948098780651871
383 384 0.18251470530709168
384 385 0.33685409203211547
385 386 0.833429223915765
386 387 -0.2261993139752636
387 388 0.9899005199355864
388 389 0.38666765717844576
389 390 0.8758262381292075
390 391 -0.8167271757753942
391 392 0.06333678389107078
392 393 0.9641574177733763
393 394 -0.38816569820649227
394 395 0.8779377679409412
395 396 0.1683560002479334
396 397 -0.11542988904213969
397 398 0.8815908231250318
398 399 -0.6795752033502855
399 400 -0.2785874128189252
