1 2 -0.9792516922286001
1 21 0.0037491842974775036
2 3 0.2210754816962588
2 22 -0.007436564657625988
3 4 0.4695316340723392
3 23 0.11243297360729776
4 5 -0.8536115575383398
4 24 0.6724140014894908
5 6 0.9050223070183414
5 25 0.7065152608324152
6 7 0.5247041687767613
6 26 -0.9162665005024848
7 8 -0.9775843073368702
7 27 -0.9022009333211365
8 9 0.19933031961990344
8 28 0.20418478585813293
9 10 -0.0015173546250706327
9 29 0.583102020092362
10 11 -0.3719982353045448
10 30 0.7403727545452963
11 12 -0.09041217485156894
11 31 0.9626721648925511
12 13 -0.053186203949135535
12 32 0.8745357083027345
13 14 0.49758962187870925
13 33 -0.9663131829179505
14 15 0.675957639685683
14 34 0.5627457846390249
15 16 0.3748685727558443
15 35 0.7088090229408077
16 17 0.9747860850170831
16 36 -0.07095402696834552
17 18 0.18582397466221856
17 37 0.031669125519592445
18 19 -0.1774902633886215
18 38 -0.8092661434427897
19 20 -0.27298392435368224
19 39 0.39674349311583
20 40 -0.4323440363224651
21 22 -0.008453413731707826
21 41 -0.7323409420814468
22 23 -0.044051972923306204
22 42 -0.12888907046730846
23 24 -0.39473871667998695
23 43 0.941596389626912
24 25 0.6084712707576594
24 44 -0.18735745829386818
25 26 0.7970142119422758
25 45 -0.9488617933352843
26 27 -0.44202705393959074
26 46 0.7159208275671769
27 28 0.29868521303940754
27 47 -0.42255293090845214
28 29 -0.773384717795772
28 48 -0.5555984296334238
29 30 0.8394106330533533
29 49 0.5747778425338728
30 31 0.9795844917774752
30 50 0.13901700424228802
31 32 -0.9271897094794743
31 51 0.34150895358745004
32 33 -0.7437214755878541
32 52 0.5027302699887257
33 34 -0.14135799999283805
33 53 0.6053518462948095
34 35 0.7649977912303161
34 54 -0.24031738659497415
35 36 -0.07792798599370543
35 55 0.8975995987587106
36 37 0.3652213420006567
36 56 -0.1593980442742362
37 38 -0.17681931969004072
37 57 0.025447354749798645
38 39 -0.8472845835234539
38 58 0.223871014226819
39 40 0.5019631391131198
39 59 -0.32126080095330956
40 60 -0.8235104043854886
41 42 -0.7157778290909229
41 61 -0.5628826487478436
42 43 0.7408165928530621
42 62 -0.6252827058771568
43 44 -0.5503147757533917
43 63 -0.7224616860906545
44 45 -0.9270975033556657
44 64 0.5345082139051518
45 46 -0.6871541956431313
45 65 -0.04620369965274573
46 47 -0.2619200070639558
46 66 0.7979837507060408
47 48 0.6888204672141178
47 67 -0.3334062634550692
48 49 -0.855474952730152
48 68 0.010605610425162615
49 50 -0.4043263321855006
49 69 0.4346701302396254
50 51 -0.5544581931350672
50 70 -0.4283947499195717
51 52 0.46943261512914924
51 71 -0.790226003524388
52 53 0.24565087019542364
52 72 -0.2888743387885746
53 54 -0.7038202035378596
53 73 0.5128694640724163
54 55 -0.4054430252007346
54 74 0.05087191225029564
55 56 0.9707766921198362
55 75 -0.7623675395343752
56 57 -0.5761823691930861
56 76 -0.7168841828644363
57 58 -0.8846421632619272
57 77 -0.46446405286295067
58 59 0.07940720265863144
58 78 -0.3029429520077227
59 60 0.5530679607437272
59 79 -0.0032044699150077793
60 80 0.7324635245721298
61 62 -0.16298363897909507
61 81 -0.5037976631728818
62 63 0.3753481863853503
62 82 0.40705834760277626
63 64 0.22986495072443747
63 83 -0.016142121430507528
64 65 0.35785513806120384
64 84 0.8378577765148352
65 66 0.4694436820266632
65 85 -0.28738104535008446
66 67 -0.4218043374950049
66 86 -0.23935303811864217
67 68 0.8426139898011218
67 87 -0.7372266059190555
68 69 -0.30980165255653946
68 88 -0.6065589066522667
69 70 0.2301135955540019
69 89 0.6826460446975449
70 71 0.6362455737231587
70 90 0.12205044876145221
71 72 -0.47756595918997835
71 91 -0.049754820411819
72 73 0.10595894984228926
72 92 -0.7403628707606085
73 74 -0.3026080914184872
73 93 -0.9138400470654151
74 75 -0.41252897786378284
74 94 -0.5064319674424884
75 76 0.09316681877834854
75 95 0.1982067862329937
76 77 -0.8190995082167885
76 96 -0.5540609187036987
77 78 0.6014772662316501
77 97 0.8658138625336882
78 79 0.9333336927482914
78 98 -0.11551962045514874
79 80 -0.0966933688017273
79 99 0.8392498577283805
80 100 0.19805602159623747
81 82 -0.8318806976692998
81 101 -0.3090027198991998
82 83 0.8504001545422148
82 102 -0.9210903646514659
83 84 -0.633694532693559
83 103 -0.7813789696706006
84 85 0.12037124460411408
84 104 0.9354379194514781
85 86 0.12890726535496233
85 105 -0.9090610036942948
86 87 -0.7812532146259843
86 106 0.6292492223792026
87 88 0.09800997653418797
87 107 -0.4111309972543684
88 89 -0.25060566617707414
88 108 0.05281344557195489
89 90 -0.19086405492309466
89 109 -0.09327730019949287
90 91 0.08478498826024561
90 110 -0.7008789971416833
91 92 -0.597809849604638
91 111 0.865366007788891
92 93 0.18629939613162283
92 112 -0.7248831835890117
93 94 0.4489819434982161
93 113 0.7152763165403346
94 95 -0.8765453562539114
94 114 -0.29324661764990223
95 96 -0.9701393390126476
95 115 -0.7051083867260326
96 97 -0.16916575637548692
96 116 -0.8906915221971996
97 98 -0.9759940107734655
97 117 -0.9661449994232851
98 99 0.37048466938563784
98 118 -0.5253984268599827
99 100 0.11007585215286464
99 119 0.31228192721540315
100 120 0.6915594731863199
101 102 -0.6664473069353571
101 121 0.7571181710653181
102 103 0.2942334270902227
102 122 0.2761079694347699
103 104 0.07915104984684773
103 123 -0.4214014369035124
104 105 -0.38323129784863363
104 124 -0.32222006776929546
105 106 0.28088261119926616
105 125 0.36241276161566116
106 107 0.8669708843779178
106 126 -0.6337856214984594
107 108 0.6123064036782788
107 127 -0.32464679223741877
108 109 0.4216538663414655
108 128 0.1799426679509033
109 110 -0.8124708309994622
109 129 -0.5627126891240024
110 111 0.4804897118217508
110 130 -0.6869689895479696
111 112 0.4324892602674799
111 131 -0.7978174062186592
112 113 0.17915560711994205
112 132 0.6634169878638443
113 114 0.9541339990795747
113 133 -0.6960082294385626
114 115 -0.6862010954781594
114 134 0.5198039947306554
115 116 0.4857892201128873
115 135 -0.25412432199458523
116 117 -0.9878087158266835
116 136 0.5504107021230906
117 118 0.8613346114868954
117 137 0.6909398167234635
118 119 0.0068338117130903875
118 138 0.8764735351696193
119 120 -0.544534885667086
119 139 -0.30610121329828166
120 140 0.09883871959148394
121 122 0.901928063253433
121 141 -0.9225032483353603
122 123 -0.07660467505860602
122 142 -0.893881151029214
123 124 -0.7938918963077533
123 143 -0.018796903651368657
124 125 0.46176362289393347
124 144 0.4027398118686236
125 126 -0.20872504977903694
125 145 -0.7266539793235502
126 127 -0.3776028663079063
126 146 0.3494080865469862
127 128 -0.7579411986895399
127 147 -0.08880492723961608
128 129 0.2781819858465939
128 148 0.20752382223255816
129 130 0.05868498218362728
129 149 0.05773265431141916
130 131 -0.6265044176931971
130 150 0.17222859718816808
131 132 0.7477030247811935
131 151 -0.4235910176616229
132 133 -0.18333436496910283
132 152 -0.8851770495875453
133 134 0.1830236608304172
133 153 -0.4553213124442572
134 135 0.35669535092239824
134 154 0.7242017034486232
135 136 0.627639797610094
135 155 0.985777628974893
136 137 0.7809966577636454
136 156 -0.4086960326068927
137 138 -0.013148261398509886
137 157 0.883269125457949
138 139 -0.1859064210067849
138 158 0.08031254736342586
139 140 -0.05558744735048382
139 159 0.22612519033056344
140 160 0.15675000742031742
141 142 0.398214782797522
141 161 0.1455196311388185
142 143 -0.9228581536752833
142 162 -0.6609371715842463
143 144 0.2641833694649103
143 163 -0.9240615661461036
144 145 0.45069784373250377
144 164 0.7878854881337714
145 146 -0.16708449568083594
145 165 0.4769256683127827
146 147 -0.8417979156474051
146 166 -0.9345520113977202
147 148 -0.5002366671063345
147 167 0.4904662090967875
148 149 -0.2528501920964634
148 168 -0.3488913835341989
149 150 0.42615289944774726
149 169 -0.4272149471146096
150 151 0.2382947189314033
150 170 -0.6204302770866383
151 152 -0.19036084795726316
151 171 0.23930678096771363
152 153 -0.5520477999172364
152 172 0.13514585161895076
153 154 0.7675800427483255
153 173 -0.8171755240042655
154 155 -0.043463573993686166
154 174 -0.5134513961185725
155 156 0.17319560728056915
155 175 -0.9584591836674234
156 157 -0.19999388262505935
156 176 0.8520134993966575
157 158 -0.4993285152595892
157 177 -0.36735208560431887
158 159 -0.4054594467833543
158 178 -0.35205705336206083
159 160 0.4664616792319045
159 179 0.6864682347884037
160 180 0.3371785747052607
161 162 0.7960142364502991
161 181 0.33379794583927325
162 163 0.5890957739570788
162 182 -0.6747879068798384
163 164 0.00021584088351844777
163 183 -0.8329131401411094
164 165 0.4332981747869469
164 184 0.3643055403428055
165 166 0.16861527151380318
165 185 0.7668664521699382
166 167 -0.34684876239344886
166 186 -0.22677561136656732
167 168 0.47184009397483995
167 187 -0.9795902866680974
168 169 0.12228418069242486
168 188 0.49932699723208107
169 170 -0.7678563377735725
169 189 -0.6254967690025655
170 171 0.8703019653061177
170 190 0.41623858397969404
171 172 -0.010505869724930283
171 191 0.07113182155958286
172 173 0.22904979591770003
172 192 0.8965821362610529
173 174 -0.6377187444826578
173 193 -0.8433692899724685
174 175 0.5205057567887017
174 194 -0.6190329823191127
175 176 -0.6900594230266741
175 195 0.3277327308451192
176 177 -0.20121851128051182
176 196 -0.0191428681512813
177 178 0.8843342644158556
177 197 -0.3266920308998309
178 179 -0.21504939899132336
178 198 -0.48799879396050505
179 180 0.4049997061696715
179 199 0.22343064579692284
180 200 -0.49073866971752755
181 182 0.09567556609296313
181 201 0.4048548481361105
182 183 -0.7225226004408962
182 202 -0.2941660935346362
183 184 0.5826364694887518
183 203 0.5160720498455427
184 185 0.6862336841042238
184 204 0.29023799699034547
185 186 0.15749922264117466
185 205 -0.6440590794161536
186 187 0.09793469019913803
186 206 0.10586234488644441
187 188 -0.9940160608941606
187 207 0.8360128354335017
188 189 0.8383816554214376
188 208 0.6553383312074292
189 190 -0.13256178297588894
189 209 -0.6289152546286516
190 191 0.6034329848793345
190 210 0.5615105791420092
191 192 0.8818737850586427
191 211 -0.2258803009099133
192 193 0.7952937094974764
192 212 -0.41757909011585426
193 194 -0.4070519236392136
193 213 0.9060023460672602
194 195 -0.2342580881839984
194 214 0.24556096150323636
195 196 0.5394627468424302
195 215 -0.9814432879364718
196 197 -0.865104043111866
196 216 0.014066203941874411
197 198 0.9574890612032065
197 217 -0.7167548175990865
198 199 0.5449549609821358
198 218 0.016752288258518266
199 200 -0.029723867753347122
199 219 -0.1699497263171803
200 220 0.22234892163571218
201 202 -0.22704566077066923
201 221 0.38887735552891645
202 203 -0.031003089694395802
202 222 0.3954727702475551
203 204 -0.4754535583940962
203 223 -0.7982828179095567
204 205 -0.3946022237424829
204 224 0.6575624044991488
205 206 0.18350338613528439
205 225 -0.8922445126472729
206 207 -0.3397456525805733
206 226 -0.14869779756049462
207 208 -0.3542498783492021
207 227 -0.4072419088092045
208 209 0.10745472408090162
208 228 0.649643840666944
209 210 -0.7530684634953968
209 229 0.4500508616516756
210 211 0.04661071721913346
210 230 0.26354384375644924
211 212 0.04269923509368234
211 231 -0.6135707268766715
212 213 -0.7716473288292689
212 232 0.6414155065978038
213 214 -0.2656831666443342
213 233 0.12201144301415878
214 215 0.26961573970188857
214 234 -0.03635083146302387
215 216 0.27111608859442726
215 235 0.07174740404299262
216 217 0.424089566829176
216 236 -0.43949218091697495
217 218 0.21757518000075282
217 237 0.21128349805481617
218 219 0.894136427669838
218 238 0.14975864402825656
219 220 0.5633448084283419
219 239 -0.03691712301396888
220 240 -0.5522061098121684
221 222 0.6497409290010963
221 241 -0.06866304926546829
222 223 0.6023128633913719
222 242 -0.4664512458561174
223 224 0.8343854123208669
223 243 0.03492048353766086
224 225 -0.5105609046473016
224 244 0.40756138598496183
225 226 0.4868262657543123
225 245 -0.5979246770425579
226 227 -0.49628628191837243
226 246 -0.5947297353889731
227 228 -0.4581477197327548
227 247 -0.5085521112677911
228 229 -0.9435358931122677
228 248 0.5950423085064009
229 230 0.8203355112265189
229 249 -0.878176017053856
230 231 -0.96252031554991
230 250 0.1660266131619592
231 232 -0.9326768524014721
231 251 0.04146275411898781
232 233 0.04736347867087476
232 252 0.9308435766400884
233 234 -0.20751018971163226
233 253 0.9611963380641486
234 235 0.27291672759332486
234 254 -0.5783273442463803
235 236 -0.737655890253027
235 255 -0.8303620578023212
236 237 -0.07750722736826976
236 256 -0.8784758007166324
237 238 -0.6777139254202513
237 257 -0.5945799200013828
238 239 0.435473940780541
238 258 -0.0721273563942626
239 240 -0.6534177168349293
239 259 -0.4929599508269511
240 260 -0.9575380909089675
241 242 0.8810488190533121
241 261 0.6074795400246356
242 243 0.8189524185165005
242 262 -0.9542661000606463
243 244 -0.7329206481531327
243 263 -0.7749137719132868
244 245 0.07177648168727435
244 264 -0.23838096250297403
245 246 0.8093506849441074
245 265 -0.05286423951767838
246 247 0.5550510261318196
246 266 -0.7208143008626233
247 248 0.5507386217956474
247 267 -0.47352304010876356
248 249 -0.6010225896945018
248 268 0.37168191883686585
249 250 -0.9163511518085763
249 269 -0.4285721643533247
250 251 0.2194701859747632
250 270 0.3355916465370896
251 252 -0.8001131767015
251 271 0.3546073965914964
252 253 -0.8604678243757993
252 272 -0.295846903201443
253 254 0.4306773959803021
253 273 0.6834074592275725
254 255 -0.03801381150447969
254 274 -0.36987916608056826
255 256 0.9068534509112098
255 275 0.918457506586597
256 257 0.20777549962435038
256 276 0.4112332894084312
257 258 -0.18485024367562586
257 277 0.0014145117920973949
258 259 -0.48648433979093886
258 278 -0.37722867146006456
259 260 -0.5149762635991468
259 279 0.6302282240095138
260 280 0.16055495320271151
261 262 0.966718496448665
261 281 -0.6607274848324658
262 263 -0.24975447500845216
262 282 -0.6007333427035506
263 264 0.6832822968281542
263 283 0.09214947306084276
264 265 -0.6427641296822952
264 284 0.7716632088661117
265 266 -0.11669363167814573
265 285 -0.7278405957886007
266 267 -0.09759258807025373
266 286 -0.754954751578172
267 268 0.43797422788863005
267 287 0.3465775520077994
268 269 0.6503795130604728
268 288 -0.37007383856993625
269 270 0.15928712254934063
269 289 0.8765228262299485
270 271 -0.5927599379344795
270 290 -0.3584130427836505
271 272 -0.5348411504175228
271 291 0.016133876463578556
272 273 0.4862126141579344
272 292 0.1255083848488454
273 274 -0.7450641540301064
273 293 0.8736415706275447
274 275 -0.6603257972895435
274 294 -0.8602046866319666
275 276 -0.3625468405658414
275 295 -0.21192360297689294
276 277 -0.9529969394626079
276 296 -0.04447830669328123
277 278 -0.33733399671086506
277 297 0.34353948284131053
278 279 -0.544360165560382
278 298 -0.8676102692050169
279 280 0.9946234244692334
279 299 0.61184591138146
280 300 0.06641172959399944
281 282 0.04216942291959458
281 301 0.8910348339524814
282 283 -0.31438954167717936
282 302 -0.11177540991190704
283 284 -0.4779668337049441
283 303 0.15165103563972782
284 285 -0.8395330130304264
284 304 0.6071772941510298
285 286 0.6153911951015947
285 305 0.8340575149633946
286 287 0.632571803022842
286 306 0.6869798575531922
287 288 0.1010675896731521
287 307 0.3655460523720244
288 289 -0.20050519303427294
288 308 0.9711777959132606
289 290 0.16337048069795612
289 309 0.35996751698659746
290 291 0.9469649193326557
290 310 -0.45238212956976853
291 292 0.6309346926668788
291 311 0.3888853126530949
292 293 0.6326499994336638
292 312 0.4918747023984267
293 294 -0.45095742611098855
293 313 0.3751963066728019
294 295 -0.5946178688564956
294 314 -0.1860449075824291
295 296 -0.7778162250555491
295 315 -0.5023996037151219
296 297 -0.8282497226705505
296 316 0.960242046348668
297 298 0.8953470385772391
297 317 0.7102441585533863
298 299 0.40869801538729544
298 318 0.04382551182771399
299 300 0.43348351068334257
299 319 0.20224721383292965
300 320 -0.8594278363784156
301 302 0.2990809263209524
301 321 0.7216638464513934
302 303 -0.0037207792764146763
302 322 -0.17130735040075673
303 304 -0.37229478644415526
303 323 0.5832463706134832
304 305 0.36694070378708843
304 324 -0.07597911740399166
305 306 0.38917698411407065
305 325 0.33508891785123507
306 307 -0.7704498852965513
306 326 0.4419634183065355
307 308 -0.6519341497999465
307 327 -0.07096386073320438
308 309 -0.49287061874653526
308 328 0.510678647947227
309 310 0.29995748781299425
309 329 0.8910091778820137
310 311 0.39996261814918177
310 330 -0.4693895311065681
311 312 -0.14539335315707214
311 331 0.36363398596471774
312 313 -0.286634597446104
312 332 -0.236414310230862
313 314 -0.40530103204588164
313 333 0.2984141577351238
314 315 0.3290035129764537
314 334 -0.4706999933477063
315 316 -0.35345103805462674
315 335 0.38210503980369936
316 317 -0.13236718516406332
316 336 -0.0020341007875643857
317 318 -0.6506940025547834
317 337 0.016596666023864337
318 319 -0.5141818326480072
318 338 -0.8045838284071061
319 320 -0.23626186314068987
319 339 0.4093587188517118
320 340 -0.7860854235896833
321 322 0.9416920241804503
321 341 -0.6289166261310786
322 323 -0.5714880742301252
322 342 -0.5667205745462758
323 324 -0.013818563194082367
323 343 0.9303163669200931
324 325 0.32809861888279634
324 344 -0.4346674754086668
325 326 0.4132355297195571
325 345 0.48962720251491976
326 327 0.8466309639696097
326 346 -0.2279381356946164
327 328 -0.01208217814440693
327 347 -0.9451774635357784
328 329 -0.18788084872341382
328 348 -0.3695401280724242
329 330 0.7134173598140072
329 349 -0.27798414854811804
330 331 0.14539491167709118
330 350 0.7442845477667601
331 332 -0.35785384476853976
331 351 0.8190816331669302
332 333 -0.544909312640615
332 352 0.6165552750915007
333 334 -0.9283041544528998
333 353 -0.21953326857511613
334 335 0.7590743828953335
334 354 -0.8616745935552164
335 336 -0.14207732158430986
335 355 0.2496498295616867
336 337 -0.01865645720301279
336 356 0.8650772024327091
337 338 0.9884697041964221
337 357 -0.07252729550155612
338 339 -0.25029110001801946
338 358 0.3227125903906518
339 340 0.08399869078945588
339 359 -0.3249565119567437
340 360 -0.2814115119187728
341 342 -0.513768649373183
341 361 0.7468016862022495
342 343 -0.5353857455070028
342 362 0.45817124125282516
343 344 0.04062388899430669
343 363 0.8060431909945389
344 345 0.7231495498730027
344 364 -0.6430408882145269
345 346 0.42919031808235464
345 365 -0.7140749518494998
346 347 0.5542256115422386
346 366 0.847771409221008
347 348 -0.5635233235181405
347 367 0.8668176395647715
348 349 0.5410318442144189
348 368 -0.10027884640669438
349 350 0.6443456596956401
349 369 -0.4775662367012987
350 351 0.6341653201475681
350 370 -0.9415396931668714
351 352 -0.3798810242632973
351 371 0.23105791856540625
352 353 -0.12978898618805124
352 372 0.6931523663517061
353 354 0.9023142041567513
353 373 -0.7145962617275072
354 355 0.6065037902588684
354 374 -0.062445833631253
355 356 0.3063478816106495
355 375 0.06139018457235701
356 357 0.28132913611358146
356 376 0.4567439000103075
357 358 0.7319883360480046
357 377 -0.8385550515741091
358 359 -0.318788783914832
358 378 -0.169090759842627
359 360 -0.8352666307961838
359 379 -0.5847614668616776
360 380 -0.3172093475054223
361 362 0.8125545538470154
361 381 0.5165559735932976
362 363 -0.16816266597041563
362 382 0.16779635602759901
363 364 -0.5003908787953661
363 383 0.04297460636788086
364 365 0.15942156318789258
364 384 -0.07273123506272872
365 366 0.33271589571391913
365 385 0.8207147864101694
366 367 -0.9900971804170022
366 386 -0.4548323725250425
367 368 0.31728857483186146
367 387 0.9573249804887829
368 369 0.4201719322116857
368 388 -0.5555991211975273
369 370 0.972071353872028
369 389 -0.20041336050058733
370 371 -0.15127789466310881
370 390 -0.21277974214225504
371 372 -0.11097714295151095
371 391 -0.8960098635092422
372 373 0.8963034071537435
372 392 -0.3166129574278349
373 374 -0.2618178774921791
373 393 0.86378829209167
374 375 -0.3653331394898578
374 394 -0.7187505617765146
375 376 0.07898250707535093
375 395 -0.999876959826761
376 377 0.1843751901490316
376 396 0.04340811742124706
377 378 0.39813827385356193
377 397 -0.6845851420938829
378 379 -0.06169665891243836
378 398 -0.12519056572838272
379 380 0.9603006175573501
379 399 -0.31982919825178424
380 400 0.100446542583154
381 382 -0.3061960924489606
382 383 -0.011326789734586562
383 384 0.011491366780008505
384 385 0.34644365343869254
385 386 -0.9351500822749463
386 387 -0.9269617545374542
387 388 -0.26137191627738754
388 389 0.6476738246878557
389 390 0.10890042618385865
390 391 0.8006512630944451
391 392 -0.18877962625087275
392 393 -0.2649090566100645
393 394 -0.9831864490384039
394 395 0.192783927697199
395 396 0.2693137313013241
396 397 0.6392866992794539
397 398 0.8371455396877154
398 399 -0.16218694407957335
399 400 0.4445846707345509
