1 2 0.7468588055836325
1 21 0.937081325641864
2 3 -0.8626197330836856
2 22 0.20728895273822245
3 4 0.7325233657632948
3 23 -0.593180455696019
4 5 0.058584904616660216
4 24 0.12964622136747628
5 6 -0.4588529559761698
5 25 -0.04755217605732498
6 7 -0.22697621676721025
6 26 -0.00566389689648461
7 8 0.4589338512339214
7 27 0.2793774130692941
8 9 -0.19308309736525509
8 28 0.931420870355764
9 10 0.2683503133442158
9 29 0.8843612284370914
10 11 0.7015575792329589
10 30 0.9784041913336838
11 12 -0.0012406720483639777
11 31 -0.16464855894922104
12 13 -0.5990651246009968
12 32 0.6315622369447893
13 14 -0.9544469268091442
13 33 0.3374021033449288
14 15 -0.2974836032406958
14 34 0.6966913267584462
15 16 -0.07367785140450311
15 35 -0.03546684632487085
16 17 0.46916274446904627
16 36 -0.9786827472456014
17 18 -0.9309005872544465
17 37 -0.05125464284043901
18 19 -0.9296449663578896
18 38 0.8179089984951085
19 20 0.7285478437834052
19 39 0.533171248656026
20 40 -0.8781725649057159
21 22 0.7383890804278399
21 41 0.06171138311119795
22 23 0.5911491168579532
22 42 -0.9359836871484064
23 24 -0.40293029743274955
23 43 -0.04839195587245215
24 25 0.6670980024983808
24 44 -0.8743733550300221
25 26 0.21923242046086022
25 45 -0.6254991315655007
26 27 -0.3929170359485792
26 46 -0.9739178847978431
27 28 0.00436747029243123
27 47 -0.623415158949219
28 29 -0.7107444907814762
28 48 0.11094782825345151
29 30 0.1378008920806626
29 49 -0.27354860407487624
30 31 0.44726781967698903
30 50 0.6163825841235078
31 32 -0.19509088372838956
31 51 -0.6138021749432827
32 33 -0.7977647974889344
32 52 -0.937008685536789
33 34 0.1556771009238629
33 53 -0.04691870937073328
34 35 -0.7935061900043809
34 54 0.276980378448372
35 36 -0.4398981630869152
35 55 0.21487021359112846
36 37 -0.1429025026715658
36 56 0.5697436649057175
37 38 -0.7224566994304478
37 57 -0.47798508731838263
38 39 -0.02240023734883856
38 58 0.8028297774457378
39 40 0.2155892591966937
39 59 0.055211181604122084
40 60 -0.6867118557957848
41 42 -0.5345433440454186
41 61 -0.9772023914451402
42 43 -0.08910435578813392
42 62 0.5803450826765713
43 44 -0.012791004157064023
43 63 0.21535226143557518
44 45 0.21273324631484325
44 64 0.0072254898813775
45 46 -0.9440092690208766
45 65 -0.5920128999833771
46 47 0.7537002561670354
46 66 -0.5278098667711759
47 48 -0.28557670801948243
47 67 0.4594447149347729
48 49 0.5531885098775136
48 68 -0.6101811577945906
49 50 -0.3741928409343056
49 69 0.4061518074687802
50 51 -0.7753295211947882
50 70 0.9597877127057872
51 52 -0.004386791885777619
51 71 0.2960300539836589
52 53 0.01252621218621397
52 72 0.21192309789915953
53 54 -0.4078040695916827
53 73 -0.08133032382687122
54 55 0.27327933399859927
54 74 0.7762885519918186
55 56 0.6435264448113249
55 75 -0.9825275179595163
56 57 0.8357002164023002
56 76 0.04496240102995874
57 58 -0.6159957496566284
57 77 -0.10019388828450615
58 59 0.03703835560254465
58 78 0.17771096712194323
59 60 0.4858131106974761
59 79 0.9866092285632535
60 80 0.42652048259928854
61 62 -0.13906236341501899
61 81 -0.19529727992527035
62 63 0.9771930362274586
62 82 0.16792908700193343
63 64 0.6378711540651725
63 83 0.05544767683982421
64 65 -0.6794026143488905
64 84 -0.7091090428874545
65 66 -0.5097908779112814
65 85 -0.12733887524054155
66 67 -0.5621970488769585
66 86 -0.9916696024310969
67 68 0.501128520257349
67 87 -0.8937454183018516
68 69 -0.3025189878543286
68 88 -0.5546531288783321
69 70 -0.7049684453544331
69 89 0.44220585092578
70 71 -0.34915439967060546
70 90 -0.6437703550459275
71 72 0.26622542533852833
71 91 0.7087405682757268
72 73 -0.036882215340362734
72 92 -0.7194638478887407
73 74 0.6435940940317888
73 93 -0.25644001446300657
74 75 0.775060057062261
74 94 -0.5417688112580059
75 76 -0.5092350780550767
75 95 0.20138626360568734
76 77 0.3771335947439407
76 96 0.9038699448424139
77 78 0.8686570198552708
77 97 -0.23892795326475658
78 79 -0.440330365439882
78 98 -0.284188345792763
79 80 0.021482237567420848
79 99 0.49117042174134395
80 100 0.1117132160473715
81 82 0.04534934270513924
81 101 -0.04321640839519514
82 83 -0.9221754047153563
82 102 -0.10715418496419482
83 84 0.8784082720477433
83 103 0.44676682997454753
84 85 0.27568172404315905
84 104 0.7658122807225973
85 86 0.26185848427631475
85 105 -0.39715276702737623
86 87 -0.4799381288545612
86 106 -0.4500150020136222
87 88 -0.14372830597241193
87 107 0.21814081866227997
88 89 -0.06614316705335965
88 108 0.8702757927645646
89 90 -0.6740956026771854
89 109 -0.44127526354253344
90 91 0.3404307766880166
90 110 -0.9868095135723505
91 92 -0.9622210143237437
91 111 -0.5976970405221071
92 93 0.06653136419307493
92 112 0.6106386222523061
93 94 -0.6916213240111653
93 113 0.36616859926840517
94 95 -0.16985539110003756
94 114 -0.30322730169558154
95 96 0.2401004505523039
95 115 -0.05541404664164551
96 97 0.11584599446074528
96 116 0.18760012416205418
97 98 -0.71017759078625
97 117 0.13880860141066909
98 99 0.11684583352309974
98 118 0.12184307644611492
99 100 -0.7793505738316242
99 119 -0.6435477139993506
100 120 -0.6889584235040964
101 102 0.11071294764466089
101 121 0.08677203508508069
102 103 -0.6236549694133715
102 122 0.2541112937104968
103 104 -0.6424859686642648
103 123 0.23945083319181792
104 105 -0.9342683782988572
104 124 -0.14395619706375973
105 106 0.9510134264914718
105 125 0.7422966827341966
106 107 0.14684291680406947
106 126 0.040813185968472165
107 108 0.46456170052503665
107 127 -0.20166478055681059
108 109 0.26243836339541327
108 128 -0.778930973479864
109 110 0.9443582214596988
109 129 -0.33767143922136467
110 111 -0.15644560955067122
110 130 0.3928525059102961
111 112 0.17075628871091109
111 131 0.8582542240980673
112 113 0.7021169646599099
112 132 0.7812343032543567
113 114 0.20460919807264144
113 133 0.0933574438419349
114 115 0.6689634484324241
114 134 -0.0012429498151429463
115 116 0.005754293171019498
115 135 0.5035643663463711
116 117 -0.13130670079318985
116 136 -0.4084387672474352
117 118 -0.8698489517686905
117 137 -0.9662439606756938
118 119 -0.025501520046580906
118 138 0.9558659298757508
119 120 0.0617926962624884
119 139 0.9791883707123044
120 140 0.137273855041937
121 122 0.521791151205858
121 141 0.4247491481641825
122 123 -0.5693644010545076
122 142 -0.6980597846850072
123 124 0.12456676792326693
123 143 0.5268092292742927
124 125 0.7557861465229914
124 144 -0.04698584102933423
125 126 0.24146406279070542
125 145 -0.3242258515078835
126 127 0.5984595116339826
126 146 0.5566890215378091
127 128 0.08884788561555768
127 147 -0.24291109202648764
128 129 -0.31445449632883493
128 148 0.4075056148561267
129 130 0.92226938285881
129 149 0.7984051752182288
130 131 -0.9909018312122178
130 150 -0.3517996361662006
131 132 0.7341481695533718
131 151 -0.09876053555167497
132 133 0.5753333754562382
132 152 0.8880437532766399
133 134 -0.0032516849697969974
133 153 -0.595315038096778
134 135 0.4300303200533535
134 154 -0.7813484234290629
135 136 0.6483987101328095
135 155 -0.36304036803651507
136 137 0.3953406616720787
136 156 -0.06799034914617463
137 138 0.32202241782213625
137 157 0.2075661221775278
138 139 -0.2760104584273506
138 158 0.7501700880316098
139 140 0.3180599072861874
139 159 -0.6874515053932659
140 160 0.4181756139765145
141 142 0.2393641922068792
141 161 -0.14781645904761564
142 143 0.07228861335914893
142 162 -0.7992264115509014
143 144 0.6132926704264516
143 163 -0.4027495948944
144 145 -0.2648589249018145
144 164 -0.5186994962818432
145 146 -0.6605367900733561
145 165 0.3194603025017797
146 147 0.8601574709346789
146 166 0.05141985712900121
147 148 -0.31983667319735365
147 167 -0.34755301223437907
148 149 0.989056855028156
148 168 -0.27599699230325925
149 150 -0.6222007755212944
149 169 -0.9296840313960804
150 151 -0.7147101017594957
150 170 -0.7608726248796436
151 152 0.980232608466423
151 171 -0.7142173734152393
152 153 -0.347867256929453
152 172 -0.6489544065305155
153 154 0.5213975109022089
153 173 0.30803765348650813
154 155 -0.3228850292766068
154 174 0.5412152750089565
155 156 0.09391868981785834
155 175 -0.1401905006924653
156 157 -0.9248269864186245
156 176 -0.5311921507048698
157 158 0.20666001295072256
157 177 -0.2820538514802564
158 159 -0.009455829184300768
158 178 -0.026487079435588035
159 160 -0.7043808758199981
159 179 -0.9889543777637175
160 180 0.47691987508247613
161 162 -0.4218499439638246
161 181 0.9477104824008924
162 163 0.46231686396132554
162 182 0.8793020788823496
163 164 -0.7232305865678195
163 183 0.2707958283577274
164 165 -0.9035364456727404
164 184 -0.6496664415817002
165 166 0.43089813955849676
165 185 -0.867798566415455
166 167 0.869914518897041
166 186 0.632729922365505
167 168 0.641252547126129
167 187 -0.8452683954161191
168 169 0.03791045908537982
168 188 -0.5523394798579702
169 170 -0.2518797284080019
169 189 0.3854109216677295
170 171 0.8786113689463684
170 190 -0.8510467973405138
171 172 -0.37418906171132793
171 191 -0.9981444106531809
172 173 0.445171597252219
172 192 0.23006708357040062
173 174 0.7451782196033401
173 193 0.23615599496490902
174 175 -0.9911787577348372
174 194 -0.38103707303863765
175 176 -0.6267323744618507
175 195 -0.42910987036738324
176 177 0.9462708897009968
176 196 0.47993687818408204
177 178 -0.38395332768185164
177 197 0.6466701807114714
178 179 0.9150244809548382
178 198 -0.23085674638225862
179 180 0.7187433063809441
179 199 -0.16234583218846432
180 200 0.1300329282992112
181 182 -0.3324519089786593
181 201 -0.562397878360344
182 183 0.8866363689264036
182 202 -0.25052298996444766
183 184 -0.9833832511348592
183 203 0.5771665289957788
184 185 0.11355086533269887
184 204 0.060170965945800736
185 186 0.5502324207202052
185 205 0.777257622230817
186 187 -0.621700427090736
186 206 0.3949902720170315
187 188 -0.927268079975649
187 207 0.37013645531280703
188 189 -0.30505995143170606
188 208 -0.7341618515838972
189 190 0.9009843595882814
189 209 -0.28429621803181737
190 191 -0.05075126871606428
190 210 -0.32690132131446936
191 192 -0.2612887756444464
191 211 -0.5343455289664025
192 193 -0.9633465239554537
192 212 0.7616554911101483
193 194 0.33654497238032155
193 213 -0.25110236734802527
194 195 -0.730907693267624
194 214 0.5006130470382144
195 196 0.9883562522415592
195 215 -0.33187919846023184
196 197 0.15362883138428596
196 216 -0.43345262883151414
197 198 0.12162380764174974
197 217 -0.3059179234529257
198 199 0.6757803207549209
198 218 0.3705415951694515
199 200 0.8753313011849897
199 219 -0.4356393076127747
200 220 0.9768503852535995
201 202 -0.8683832244255771
201 221 0.9657410931068675
202 203 0.19150049174805162
202 222 0.3239654245489354
203 204 0.004154785270976902
203 223 0.9942373230730439
204 205 0.08844310123399901
204 224 -0.401894502766567
205 206 0.26444754580572183
205 225 0.40670503987221895
206 207 0.8299432038464087
206 226 0.8061028786147946
207 208 -0.27401229842406893
207 227 0.8807406793708792
208 209 -0.6311356428343939
208 228 -0.40217737241647544
209 210 -0.26275577481791346
209 229 -0.7226818071803094
210 211 0.8657002328199992
210 230 0.16527544480948975
211 212 -0.4803587709825736
211 231 0.9279465170034524
212 213 0.45873464748868975
212 232 -0.2447184344399791
213 214 -0.28366276547595404
213 233 -0.1235706889689483
214 215 -0.8819536232867686
214 234 -0.7178307352233344
215 216 -0.8950323607925765
215 235 0.12086692113240782
216 217 -0.8376766613218982
216 236 0.3225462843482354
217 218 0.3475105778144587
217 237 0.4002859428392729
218 219 -0.3669148843869361
218 238 -0.5920788441356248
219 220 -0.4922941408070609
219 239 0.6165904065021612
220 240 0.3447630820021934
221 222 -0.7442885741499363
221 241 -0.35573841359164127
222 223 0.021160910506540676
222 242 -0.05821483671230099
223 224 0.968081294746961
223 243 -0.5458427468334492
224 225 0.7308480624289246
224 244 0.6938930870932059
225 226 0.7268884461188598
225 245 0.8974478197729234
226 227 0.7234020706920736
226 246 0.2952727918260234
227 228 -0.6589640212265921
227 247 -0.17666793490721378
228 229 -0.9028368917439451
228 248 -0.4444024189685931
229 230 0.5130251334717217
229 249 -0.06335487801112061
230 231 0.35942581172482035
230 250 -0.07534139721549526
231 232 -0.30741793098598436
231 251 -0.9903505187362558
232 233 0.28879668864473484
232 252 -0.10678098129932478
233 234 0.06824044320322797
233 253 0.9942065255595571
234 235 0.022952030176087268
234 254 0.33132662860517237
235 236 0.5544748664302639
235 255 -0.4566818190577726
236 237 -0.32281860591584977
236 256 0.7564954168648284
237 238 0.34839684389762415
237 257 0.34609616181938785
238 239 0.898122532393199
238 258 0.6816543584825578
239 240 -0.5193226662942385
239 259 0.3722568075477861
240 260 0.48711334401560324
241 242 -0.8581143104996025
241 261 -0.5504601220639092
242 243 -0.9822554288296983
242 262 -0.8642071928692616
243 244 0.6999145803794415
243 263 0.6256350712763432
244 245 -0.0685992667389792
244 264 0.5027163935716041
245 246 -0.2962471561942015
245 265 -0.8815963903920707
246 247 0.9200852511046353
246 266 -0.4999664628086484
247 248 -0.20286287566748795
247 267 0.021146913418220503
248 249 -0.8337807675203361
248 268 -0.9417063478041523
249 250 -0.03684760464677117
249 269 -0.6242910562060042
250 251 0.3316791497005358
250 270 -0.8714566895327722
251 252 0.2995505886715526
251 271 0.882740521016206
252 253 -0.6509040771635992
252 272 -0.1287120387701015
253 254 -0.35167441541963695
253 273 -0.6392286689101163
254 255 -0.4783927982577032
254 274 0.5788488347011846
255 256 -0.856246769586748
255 275 -0.05437517737520814
256 257 0.9083872576954872
256 276 0.5617800318817514
257 258 0.706607945401462
257 277 0.054607764681217974
258 259 0.7497581579774797
258 278 -0.35989697848774904
259 260 -0.7413620963176488
259 279 0.24899592249971114
260 280 0.4104418578058724
261 262 -0.21273017011279016
261 281 0.7922900097612704
262 263 -0.1303675432328224
262 282 -0.1370127382392785
263 264 -0.5277312594955008
263 283 0.3137065884111485
264 265 0.5671413455333565
264 284 -0.26380630294101937
265 266 -0.37808981714587975
265 285 -0.6582980492165664
266 267 0.3947479936516387
266 286 -0.7527363936409259
267 268 -0.6861814394802366
267 287 0.9653324235596514
268 269 0.9292451638678789
268 288 -0.3472055638170133
269 270 -0.8911556640666531
269 289 0.3730649344857424
270 271 0.049877077568163175
270 290 0.7378012742920528
271 272 0.012008609149769534
271 291 0.3503271008459199
272 273 -0.1748934003158149
272 292 -0.9636065427650944
273 274 -0.727606901146699
273 293 0.5552838904957227
274 275 0.8741724908576611
274 294 0.5949242035746949
275 276 0.7423681178916137
275 295 0.47998034033033776
276 277 -0.2205262793500833
276 296 -0.2957978075298513
277 278 0.12988156345890345
277 297 0.5748407741976338
278 279 -0.8854600986868437
278 298 -0.6031485901591942
279 280 0.999726945017956
279 299 0.44358941804707874
280 300 -0.9533045682288763
281 282 -0.30907677600426586
281 301 0.9694988745705426
282 283 -0.6282326289604581
282 302 0.05941063340380914
283 284 0.9543420030965184
283 303 0.46313702960481873
284 285 -0.6453737987319763
284 304 -0.49425899269793616
285 286 -0.25190252003710234
285 305 0.00794206386544083
286 287 0.32553503427117003
286 306 0.41928164253792444
287 288 0.2655051489619231
287 307 0.8593377228227086
288 289 0.37701151843994096
288 308 -0.4405692766813951
289 290 -0.03395481922123689
289 309 0.6547021103669548
290 291 0.05780765273412425
290 310 -0.19708760056339014
291 292 0.9577555924338854
291 311 -0.14374542270603285
292 293 -0.9976430707650403
292 312 0.502214677939032
293 294 -0.7681605827550577
293 313 -0.8142307552285304
294 295 -0.8174497371284943
294 314 0.42570242599405517
295 296 -0.28995355885442
295 315 0.7853779213074135
296 297 -0.23552637254178266
296 316 0.5214376833437726
297 298 0.22970371647057353
297 317 -0.11588533056281536
298 299 -0.20942010799462563
298 318 -0.35330323187562707
299 300 0.07547804387631696
299 319 -0.6458165328646304
300 320 0.30691054659549044
301 302 -0.9425359020734092
301 321 -0.2966305274597598
302 303 0.1981725058802788
302 322 0.44184893337516695
303 304 -0.808743277398227
303 323 0.0012122118886319644
304 305 -0.5258178809078968
304 324 -0.21620887630089136
305 306 0.5809838059858654
305 325 0.9049638002062361
306 307 0.34396876802110077
306 326 -0.0036992280971448466
307 308 0.279410978193682
307 327 0.2717962609751192
308 309 -0.11944135844888804
308 328 0.6385654675063415
309 310 -0.9444478670279064
309 329 0.6652549069302736
310 311 -0.8200679215253583
310 330 0.3055529943676669
311 312 0.5339081028769264
311 331 -0.8591490506644288
312 313 0.5400110042222221
312 332 0.3796298043456423
313 314 0.9933007312297613
313 333 0.8004655929411268
314 315 -0.3180151089030434
314 334 0.3230804662494644
315 316 0.5176191305290514
315 335 -0.35283491579690485
316 317 0.06460585244260786
316 336 0.6302089268634776
317 318 -0.6777504593152925
317 337 0.021130729389472913
318 319 -0.24117534164212628
318 338 0.7660455172999805
319 320 -0.3511699963866277
319 339 -0.196927953000279
320 340 0.2514635231596509
321 322 -0.23808222159229397
321 341 0.5283202627319201
322 323 -0.38720828672153296
322 342 -0.1912090704504692
323 324 -0.07527984292395806
323 343 -0.9985122211131876
324 325 -0.9855871809757197
324 344 -0.4382182999267812
325 326 -0.42035833180011983
325 345 0.9040281888152768
326 327 -0.1771979218452
326 346 0.7333583891642872
327 328 0.20199805491174705
327 347 -0.5075685658528271
328 329 0.5869345285977849
328 348 0.052055450389351776
329 330 0.6788376564876981
329 349 -0.44537808929682354
330 331 0.3684479364681017
330 350 0.39677839447956087
331 332 0.23081104566329858
331 351 -0.22946788242348393
332 333 -0.6271818828061291
332 352 0.3582664385904173
333 334 0.5814447663439883
333 353 -0.5057342082606984
334 335 0.03679750423442529
334 354 0.3878449072163861
335 336 0.8128050106094553
335 355 -0.12775523868533512
336 337 -0.15580374933769559
336 356 -0.16750573343342512
337 338 0.3436861494571599
337 357 0.25709704596183736
338 339 -0.323050652164216
338 358 -0.9846195016625592
339 340 -0.302222171752619
339 359 -0.3714098566615287
340 360 -0.3731441042123169
341 342 0.8776078266215435
341 361 -0.36062040706594467
342 343 0.645564840995053
342 362 0.17426070247059444
343 344 0.9778778809208444
343 363 0.75523988235019
344 345 0.07414023389188151
344 364 -0.15388139264404166
345 346 -0.6319114699421005
345 365 -0.11987729319982043
346 347 -0.060502609658130035
346 366 -0.3643564688353338
347 348 -0.4266396996085897
347 367 -0.6663345024152543
348 349 -0.2923369110383387
348 368 -0.3495909740571854
349 350 -0.3391556876294606
349 369 0.45179812422572985
350 351 -0.5069233380661065
350 370 -0.18445179230724684
351 352 0.7919656236135866
351 371 -0.3806573911855753
352 353 -0.9363350298288533
352 372 0.7637476587033443
353 354 -0.6281461713134779
353 373 0.3558200185095035
354 355 -0.6099435202579881
354 374 0.5510845494041501
355 356 -0.26567603039321486
355 375 -0.36015022223490356
356 357 0.500467124128847
356 376 0.13237805609843356
357 358 0.58236784168664
357 377 0.6218137395992993
358 359 -0.49724162926527327
358 378 0.11164793651986749
359 360 -0.6693985710066899
359 379 0.9279458905727533
360 380 0.0692521351213391
361 362 -0.1350481344191683
361 381 -0.45970851681706937
362 363 0.4130310868109126
362 382 0.021164493364364878
363 364 -0.5655776941675714
363 383 0.21075500262523383
364 365 0.06365264909474933
364 384 0.4801547195278246
365 366 -0.6350010411534253
365 385 -0.47869806530963976
366 367 -0.9057257046835312
366 386 0.3182463367016517
367 368 0.41503961720789895
367 387 0.7122764361485341
368 369 0.7661468348394378
368 388 -0.7760898678477093
369 370 0.47623554589924866
369 389 0.5893184673960492
370 371 -0.045640089636315384
370 390 -0.4351664059137754
371 372 -0.45834366716501185
371 391 -0.2739156022154585
372 373 -0.9468599306905885
372 392 0.18414780836289113
373 374 -0.8847422176740412
373 393 -0.05719495321519674
374 375 0.5634001741256904
374 394 0.7933025339163706
375 376 0.8195745806547228
375 395 0.5106043235454067
376 377 -0.9280322215025423
376 396 -0.258508368399065
377 378 -0.29628147730660714
377 397 0.41230800752526653
378 379 0.492760862823421
378 398 0.19425914073216588
379 380 -0.5219638355042433
379 399 0.017990494632339926
380 400 0.4637809640742314
381 382 0.6021117726527889
382 383 0.6601233219862352
383 384 -0.056093758928141835
384 385 0.8624308788499091
385 386 -0.9655862044207901
386 387 0.5111356678348407
387 388 -0.5611081174661028
388 389 -0.23437498664604073
389 390 -0.8320352606800525
390 391 -0.21639448430384123
391 392 -0.9378527452139285
392 393 -0.9279535950191662
393 394 0.835497471971197
394 395 0.9616226382254516
395 396 0.5621671580892649
396 397 -0.46996557254552873
397 398 -0.8863763774466586
398 399 0.4170708445671254
399 400 -0.7811933206889468
