1 2 -0.5534178416929223
1 21 0.046326682801352215
2 3 0.5425888932495304
2 22 0.6322846525776988
3 4 0.7407216835513775
3 23 0.9330523208053558
4 5 0.22247718304056163
4 24 0.32184601225666576
5 6 0.1468515264773531
5 25 0.1360702461191019
6 7 -0.03747542309176244
6 26 0.636256264916347
7 8 -0.9999911001857487
7 27 -0.9157110832493733
8 9 -0.8600584953133581
8 28 -0.6823744336757303
9 10 0.9891256247470388
9 29 0.17559366991696113
10 11 -0.17158512592808672
10 30 -0.4876983148685936
11 12 0.4747617191167042
11 31 -0.4537860506471276
12 13 0.7802895755671966
12 32 0.6541565901434396
13 14 -0.8059345604062675
13 33 0.47433769070459353
14 15 0.6365568398275305
14 34 0.15812742634446253
15 16 -0.5821689927896896
15 35 0.2003163975324549
16 17 0.19369305558282424
16 36 -0.9503411936949091
17 18 -0.5891364826131771
17 37 -0.49123671473585384
18 19 -0.39616765476885885
18 38 0.7695900371708779
19 20 0.9446620099219323
19 39 0.5684613804931056
20 40 0.2704313570825094
21 22 0.10140291316236216
21 41 -0.9087960997343874
22 23 -0.7207167925034084
22 42 0.15601349114968222
23 24 -0.0888702892955664
23 43 -0.1991540018566338
24 25 0.014125608009941226
24 44 0.2699465098949414
25 26 -0.3170149438694583
25 45 -0.7645466800583802
26 27 0.11960265778383694
26 46 0.6645231879241347
27 28 -0.36890831668212143
27 47 0.18466675301531676
28 29 0.16146607286176784
28 48 -0.40462705069350635
29 30 0.5146615182929157
29 49 0.7011768940043703
30 31 0.9011339103088294
30 50 0.7484969148547456
31 32 0.33775912981452727
31 51 -0.09584282243761955
32 33 -0.10704127844928002
32 52 -0.18289590297044134
33 34 -0.08868060157037583
33 53 -0.6934644747037602
34 35 -0.02280836159696631
34 54 0.8024484305869797
35 36 0.44187614461274216
35 55 -0.3531787497162975
36 37 -0.8376274734968163
36 56 0.0019235171432296916
37 38 -0.30017462866871414
37 57 -0.4240851859422923
38 39 -0.10790172799922249
38 58 0.9476920129576498
39 40 -0.3794939773420134
39 59 -0.918952196235866
40 60 0.6870623804241882
41 42 -0.27854232930445466
41 61 -0.5538381166174224
42 43 -0.3186514559116014
42 62 -0.535569025061867
43 44 -0.4021207380731766
43 63 0.6567201334862367
44 45 -0.7835174969795935
44 64 0.9024014311513453
45 46 0.08900728280904135
45 65 0.13572990918998928
46 47 0.2223836966706143
46 66 -0.25698438457207606
47 48 -0.9448425682727348
47 67 -0.22253169399471484
48 49 0.25111654945602524
48 68 -0.848816686857877
49 50 -0.5267692182875348
49 69 0.4308429837121823
50 51 -0.16374559930284227
50 70 0.43999493922894817
51 52 0.43937144639604275
51 71 0.3931508834108479
52 53 0.42649015488228503
52 72 -0.29365718781738637
53 54 -0.1557883030500813
53 73 0.22073795532752682
54 55 -0.42933367780598286
54 74 -0.6852256903135368
55 56 0.6788000585029679
55 75 0.05646916169723637
56 57 -0.191587627185682
56 76 0.7194144403171228
57 58 0.6088624407708823
57 77 0.6293889121220264
58 59 -0.4335416256052511
58 78 0.27125738157787493
59 60 -0.17966400151022377
59 79 -0.3200945090766769
60 80 -0.10274958619436458
61 62 0.377452323642713
61 81 -0.6725371499982016
62 63 -0.6027124928297907
62 82 -0.4570184534226387
63 64 0.8196823399815116
63 83 0.5322733505025901
64 65 -0.9331369713482778
64 84 -0.8059820672082039
65 66 0.8290795294590052
65 85 0.252801252383835
66 67 0.5797648702138674
66 86 0.16227944387439996
67 68 0.542968010536466
67 87 -0.9890696365105922
68 69 0.2969929302438452
68 88 -0.4426582172685489
69 70 -0.2833577720572229
69 89 0.7729620803655579
70 71 0.14101874679285187
70 90 -0.5283151963192665
71 72 -0.410941453517643
71 91 -0.10921252082273702
72 73 0.6789899956848551
72 92 -0.2280441460018814
73 74 -0.34044160295309345
73 93 0.9044143304989616
74 75 -0.8503561361538909
74 94 -0.042145890902450134
75 76 -0.42618797294741406
75 95 0.8050910909915894
76 77 0.16914630567013478
76 96 -0.6523201577703128
77 78 0.5260292390326109
77 97 -0.40820427581870855
78 79 0.5978760321551166
78 98 -0.28356270383043314
79 80 -0.6875421735045435
79 99 0.4307305315628256
80 100 -0.8061425754080089
81 82 -0.8593502663889994
81 101 0.882021720491672
82 83 0.953705528021386
82 102 -0.5691420434372769
83 84 -0.86337043137215
83 103 0.2120530399516265
84 85 0.6938935363417189
84 104 0.22473750791601455
85 86 -0.008752175622826597
85 105 -0.6291109360156826
86 87 0.39692839268240676
86 106 -0.8805165820807277
87 88 0.6649463538785858
87 107 0.48828953261383545
88 89 -0.7023658220612083
88 108 0.922395096204303
89 90 0.7900587828769139
89 109 0.6731911012099505
90 91 -0.8640836955186535
90 110 0.0560034895381154
91 92 -0.30048798358313755
91 111 -0.8544800731268825
92 93 -0.16748374953962553
92 112 0.4883027673294962
93 94 -0.44282215581319395
93 113 0.8118995752392282
94 95 0.7547926852840889
94 114 -0.6540931609300342
95 96 0.011777573749411907
95 115 0.7702707143750338
96 97 0.04188344731521587
96 116 -0.5755068915679229
97 98 -0.955306402046717
97 117 0.27488121815890865
98 99 -0.7735227172388617
98 118 0.14235486880537285
99 100 -0.9324909288084606
99 119 0.44479569490604476
100 120 0.2515136944829619
101 102 0.12736276046965056
101 121 -0.8440153212200259
102 103 -0.28718516587580756
102 122 -0.9632001067387674
103 104 0.8784322648567571
103 123 -0.795714684509865
104 105 0.40030290793377854
104 124 0.10052025567236811
105 106 -0.22244175217126294
105 125 0.14540858053651418
106 107 -0.6214698060325368
106 126 -0.20362793315062766
107 108 0.464105817387535
107 127 0.5649831362323523
108 109 0.6807160263376086
108 128 -0.7749751443606807
109 110 -0.916285156195914
109 129 -0.005437640817683054
110 111 -0.6752027166933809
110 130 0.4816312728772558
111 112 -0.8073597690555694
111 131 -0.34383158964864613
112 113 0.5985027251335471
112 132 -0.7948060283130618
113 114 -0.8930521991293272
113 133 0.5191295176766344
114 115 0.17855358994556103
114 134 -0.7918761182301781
115 116 0.6187943893494361
115 135 -0.16781965662448228
116 117 -0.9949587988937105
116 136 0.04078728815210786
117 118 -0.9629447864316503
117 137 -0.38147831020033185
118 119 -0.43395290888226423
118 138 0.791044056425884
119 120 0.6683744394450761
119 139 0.22692648380678904
120 140 -0.9212719534340414
121 122 0.4452810222496797
121 141 -0.6830956529536671
122 123 0.2335805391900283
122 142 -0.5391892244378311
123 124 0.9550790328799044
123 143 -0.2866225512510203
124 125 0.6228028307496731
124 144 0.2887641511978569
125 126 0.45458378043581615
125 145 0.9754669326636882
126 127 0.474105524222062
126 146 0.104433803087568
127 128 0.8485079843049239
127 147 0.15838310460669325
128 129 -0.20206385886086742
128 148 -0.8574343909289086
129 130 -0.39631217009310693
129 149 -0.7111062024730885
130 131 -0.7295866189010942
130 150 -0.27315817166465783
131 132 -0.5655650255294176
131 151 -0.47845582491440775
132 133 -0.2908826864992362
132 152 0.9113441187801148
133 134 -0.9117798190876638
133 153 0.28252608181464
134 135 0.44182034363739264
134 154 -0.2163948556521036
135 136 0.5423392360843444
135 155 -0.4033901799716253
136 137 -0.7039822209323527
136 156 0.4090637216851374
137 138 -0.30233472458135124
137 157 -0.3170688843932963
138 139 -0.32282874293259733
138 158 0.4915647480497012
139 140 0.9892416220806426
139 159 -0.5259568076182468
140 160 -0.1802569260126865
141 142 -0.49943738651195324
141 161 -0.413025487795605
142 143 0.4847034721316992
142 162 0.168500416789773
143 144 0.30837433667812064
143 163 -0.7544285874396095
144 145 -0.6050456288620749
144 164 0.5466453239697793
145 146 -0.6164227961281241
145 165 0.3459680040385973
146 147 -0.5185875317274034
146 166 0.8190184836657846
147 148 -0.6950327948039674
147 167 0.42694946820711266
148 149 0.8725330027450469
148 168 0.6343476199634741
149 150 0.8942281072138951
149 169 -0.7958543889450549
150 151 -0.06828495819707392
150 170 0.766073449316736
151 152 -0.07979889967312048
151 171 0.32251921451147636
152 153 -0.3778470121818347
152 172 0.06277706876824296
153 154 -0.3386022649317959
153 173 0.5788267000272491
154 155 0.18221174426000375
154 174 -0.7945156528029844
155 156 -0.637783631792888
155 175 0.1234340591128904
156 157 -0.5198269925978114
156 176 -0.5525824040135092
157 158 0.30964457646280064
157 177 -0.7485071411677338
158 159 0.147505245357189
158 178 0.9061996435025299
159 160 -0.7884900852481134
159 179 0.07927227967367156
160 180 -0.30775905551661564
161 162 0.39322142841718977
161 181 -0.07147182391969653
162 163 -0.15979289082048598
162 182 0.41850566438972425
163 164 0.9227043868271638
163 183 0.3023628543432315
164 165 -0.3107915580566094
164 184 0.7008204675109508
165 166 -0.16933237088724318
165 185 0.2730163508786929
166 167 -0.9495840500330022
166 186 -0.4186602075104702
167 168 -0.28141903421264014
167 187 0.7999580234956498
168 169 0.15723431520587372
168 188 0.8618832108284302
169 170 -0.4411275411337412
169 189 -0.4655993871509658
170 171 0.3784537824047647
170 190 -0.2564095821634462
171 172 -0.11298688789362377
171 191 -0.02195822830950367
172 173 0.6253413908845917
172 192 0.8259123260286023
173 174 0.8035373419355842
173 193 0.9616966643551077
174 175 -0.12707723632216705
174 194 -0.022359095385401373
175 176 -0.7293303960290722
175 195 0.0022506370179513624
176 177 -0.4521075137006363
176 196 -0.008568730168077021
177 178 0.6136785939703346
177 197 -0.9285401478566062
178 179 -0.5385049572406493
178 198 -0.2696495985349656
179 180 -0.24256937876453954
179 199 -0.723034111001271
180 200 -0.5464423440528476
181 182 -0.569875712571321
181 201 -0.10634747584068482
182 183 0.9440910518067389
182 202 0.6200782353145564
183 184 0.8733556197886474
183 203 0.817654610548818
184 185 -0.3174037097123865
184 204 0.9435332700341295
185 186 -0.9880592690960197
185 205 0.4665912047641243
186 187 -0.5987683828604038
186 206 -0.2704861519635835
187 188 0.6812616164908885
187 207 0.40954760943166435
188 189 -0.03725987409872955
188 208 -0.7995138311475427
189 190 -0.4329526562225747
189 209 -0.9168116807632802
190 191 -0.44870878486814547
190 210 0.8395442834236835
191 192 0.2360514308061732
191 211 0.983374737155897
192 193 -0.5055505572099122
192 212 -0.28736973008599276
193 194 0.4237745327571236
193 213 -0.19762252735569907
194 195 -0.9695452398077085
194 214 0.9169210693038776
195 196 0.12128099387467528
195 215 -0.886613727233307
196 197 0.6519326002172585
196 216 -0.2986481824206424
197 198 0.21012778515127994
197 217 -0.8454545131886506
198 199 0.43652036016333295
198 218 0.28688967839366386
199 200 0.6506737488601755
199 219 0.16341915501431625
200 220 0.9870451729584295
201 202 -0.7582424969220862
201 221 0.83537401548945
202 203 -0.13868964067662737
202 222 0.9154571996229015
203 204 -0.12598437753173974
203 223 0.8665219187748021
204 205 -0.5531408522308381
204 224 0.2767998655895729
205 206 0.6494009099542706
205 225 -0.9083764825813139
206 207 0.7692708775402664
206 226 0.37224808868226855
207 208 -0.7471483811477198
207 227 -0.24000702320993095
208 209 -0.2623441823631518
208 228 0.9228338173062016
209 210 -0.34509282930398033
209 229 0.9972704109341408
210 211 -0.5327280601271593
210 230 0.4754804630964009
211 212 -0.23300539470202675
211 231 0.8283581500172266
212 213 -0.44263753685016893
212 232 0.6250808617320236
213 214 0.7683836892273501
213 233 -0.5530882561974069
214 215 -0.19742497211616206
214 234 -0.5726037132697164
215 216 -0.2858362716533551
215 235 0.18557340399548639
216 217 -0.06818371148831792
216 236 0.6188918016963527
217 218 0.6692156366695501
217 237 -0.5978301314674381
218 219 -0.3760635504022847
218 238 0.011044772805967273
219 220 -0.6241666903509293
219 239 -0.7923230466637123
220 240 0.8107303086552704
221 222 0.13289265743839107
221 241 -0.05596136851614553
222 223 -0.9044837977902083
222 242 0.46556360178337663
223 224 0.41243449688471534
223 243 -0.4657267385142949
224 225 -0.7252857172015899
224 244 -0.7412018408044516
225 226 -0.2873148715330349
225 245 -0.5591527172353177
226 227 -0.7205219876458311
226 246 -0.624891396320554
227 228 -0.20477690724078235
227 247 0.7218709761579072
228 229 -0.9481909826757542
228 248 -0.17029727548705798
229 230 0.2264003630168625
229 249 -0.37762254316117816
230 231 -0.7505085373376537
230 250 -0.5815606591850977
231 232 -0.619761690583007
231 251 -0.5202237108971715
232 233 -0.24818283648831918
232 252 -0.7664533966994445
233 234 -0.4155536307329939
233 253 -0.5162575008341608
234 235 0.43763309815586426
234 254 -0.2677512625309302
235 236 0.3638555016011982
235 255 0.7473791213324184
236 237 -0.08639198182167562
236 256 0.8033115659688039
237 238 -0.16580700107285207
237 257 0.7598600976747527
238 239 0.10433869621397118
238 258 0.014154541073597038
239 240 -0.15932103243236106
239 259 0.9846178662535474
240 260 0.602175968143551
241 242 -0.37086715070557696
241 261 -0.9135685405267477
242 243 0.35133289856278926
242 262 0.05401033558831192
243 244 -0.6404671971680762
243 263 0.31110670971769516
244 245 0.30255146121218757
244 264 0.4348328252113165
245 246 0.2976885388221209
245 265 -0.8271853075126963
246 247 -0.9200352804234759
246 266 -0.6179480890698945
247 248 0.8172395671233323
247 267 -0.01538850028969474
248 249 -0.5084977943697453
248 268 -0.8071540747511856
249 250 0.02467734078274142
249 269 0.6111408592049348
250 251 -0.2698191503059293
250 270 0.779800986704432
251 252 0.524986182315804
251 271 -0.2917417377523741
252 253 0.43894746897877135
252 272 0.23318812605457784
253 254 0.6721306674921246
253 273 0.9633084817318336
254 255 0.5180744580518739
254 274 -0.7404827313818192
255 256 0.6045852297504337
255 275 0.6288713626723732
256 257 0.6427663531407002
256 276 -0.7360109154306154
257 258 0.9302399463546993
257 277 -0.7520618516069877
258 259 -0.2278430272705425
258 278 -0.17813144121599955
259 260 0.25985125395694264
259 279 -0.002247233630478851
260 280 -0.4949027807282256
261 262 0.5048898339199461
261 281 0.08653808774263605
262 263 0.1339749037447604
262 282 0.445890498494282
263 264 0.644055632533985
263 283 0.8158177341712622
264 265 -0.8010240572240188
264 284 0.15505132828464085
265 266 -0.3218392012398139
265 285 0.3171495527436883
266 267 -0.6420313863635729
266 286 -0.37586523921706627
267 268 0.1104636079835346
267 287 -0.9128849500149361
268 269 0.24250992946030814
268 288 -0.7301953490525588
269 270 0.9300298955304669
269 289 0.4156693337504498
270 271 0.3057074245870659
270 290 0.9010809980695302
271 272 -0.9330289316683891
271 291 -0.7424365689596581
272 273 -0.8164609217200864
272 292 -0.8176933488708202
273 274 -0.8175564235753352
273 293 0.07588962384678943
274 275 0.6372571619834277
274 294 -0.8338252106298578
275 276 -0.7788965779253603
275 295 0.8933398205395042
276 277 -0.5690814190070157
276 296 -0.052287326253448896
277 278 -0.07773858089032304
277 297 -0.6149761493392039
278 279 0.8425792886136172
278 298 0.515765425722071
279 280 0.12162388664202717
279 299 0.6201417466029702
280 300 -0.17648191301868787
281 282 0.5343808514294013
281 301 0.5808975324315737
282 283 0.3652067003305257
282 302 0.5906253601985791
283 284 0.2523514431062559
283 303 -0.6744549249012155
284 285 -0.1709343440354727
284 304 -0.7296280388513319
285 286 0.6608294740492997
285 305 -0.6220826831541246
286 287 0.2526594689717483
286 306 0.43468885575341054
287 288 -0.663222858977244
287 307 0.2895631688739466
288 289 -0.8810867579686497
288 308 -0.5905258377335609
289 290 0.025737014039908468
289 309 -0.5838305137830602
290 291 -0.8914228671691029
290 310 0.10259665424747277
291 292 0.40709222718475346
291 311 -0.1021018977981476
292 293 0.9921730610868451
292 312 0.44369173616312385
293 294 -0.6938299550011413
293 313 -0.31212971618475693
294 295 -0.990312486836636
294 314 -0.08145678121418198
295 296 0.9790693670001882
295 315 0.4648441800081924
296 297 -0.6473317819644957
296 316 -0.5833422486242557
297 298 0.38310125268927075
297 317 -0.7977467966792464
298 299 0.7559997424972429
298 318 -0.5889738068259884
299 300 0.02930840015146452
299 319 -0.049859448121906125
300 320 -0.8060126729028398
301 302 -0.8555572412507397
301 321 0.31943166881569507
302 303 -0.7743089555964124
302 322 -0.6016747356572583
303 304 -0.43670761373143496
303 323 0.17641814589723892
304 305 0.03522771750395237
304 324 -0.8705504627968308
305 306 -0.9707342621926138
305 325 -0.5574577361242881
306 307 -0.7385230314783913
306 326 0.08239817052911147
307 308 -0.0677660626524983
307 327 -0.8630975706125528
308 309 -0.6601023667038215
308 328 0.5672824154523286
309 310 -0.25525131269817347
309 329 0.32475742540228336
310 311 -0.3588389220731598
310 330 0.07953866889683048
311 312 -0.10024209079094337
311 331 0.6788872403225747
312 313 -0.17615620737176685
312 332 -0.7038035814957697
313 314 -0.7471299187459406
313 333 -0.21593528473659251
314 315 0.9457768953439634
314 334 -0.07550461080191195
315 316 0.2472566585901228
315 335 0.38413501746168355
316 317 -0.8413621302978658
316 336 -0.38415410912789016
317 318 -0.6478868850062922
317 337 0.04326436936746014
318 319 0.8148077000900156
318 338 0.7091381247590851
319 320 0.13958259286418762
319 339 0.778933000955921
320 340 -0.5309676537440329
321 322 -0.8934013233115059
321 341 0.3700489054454015
322 323 0.44263845794550716
322 342 -0.21226535503433608
323 324 -0.7765011812575202
323 343 -0.46095543509259973
324 325 0.7964160613190279
324 344 -0.8111254245821189
325 326 0.5600866849820552
325 345 -0.9918312804385114
326 327 0.6712680043436743
326 346 -0.2724857228750692
327 328 -0.7930059265723357
327 347 -0.7972899682071102
328 329 0.9301995117332269
328 348 -0.7378186735649168
329 330 0.17777583362706184
329 349 0.5536007267701244
330 331 -0.36980669766573193
330 350 -0.16219505020733704
331 332 0.3626577227743941
331 351 -0.43632448435342197
332 333 -0.35280888656005693
332 352 0.6294416067809394
333 334 -0.33515499497068313
333 353 0.016311650250052656
334 335 -0.7164478370812539
334 354 0.2530869426854052
335 336 0.972495081956511
335 355 -0.5705757798274795
336 337 -0.8202976363894525
336 356 0.44354207390168887
337 338 0.5517608945029118
337 357 -0.7520321715578864
338 339 -0.24427345571051862
338 358 0.2508873150882116
339 340 0.42042363649126724
339 359 -0.41174222929319604
340 360 0.0224246374467143
341 342 -0.1132980759734703
341 361 -0.06400770524007782
342 343 -0.3216291937643605
342 362 -0.6931086278567578
343 344 -0.9960311979084255
343 363 0.793126748094007
344 345 0.7257071617767945
344 364 0.47694416094714853
345 346 0.3798416430027025
345 365 -0.5804151769200283
346 347 0.12088496497375312
346 366 0.04517245064379338
347 348 -0.3480517472947635
347 367 0.18700426508762558
348 349 -0.5200327928014064
348 368 -0.6703242299023933
349 350 -0.8617405790968922
349 369 0.6128733362021344
350 351 0.5806065393271447
350 370 -0.8658293091853528
351 352 -0.8804629476688453
351 371 -0.40819516399196365
352 353 -0.08651832301587148
352 372 0.6344472976765427
353 354 0.643069537172698
353 373 0.7063987154669533
354 355 -0.9226520394081836
354 374 -0.16289136447002428
355 356 -0.933303970526117
355 375 0.8212694281395565
356 357 0.9948411568544904
356 376 -0.7089781298934219
357 358 0.14591099685721054
357 377 0.8536282331136449
358 359 0.18087255605435404
358 378 0.2182759933927736
359 360 -0.09859244755052687
359 379 0.1288147959912942
360 380 -0.1936962761807246
361 362 0.32211866952991897
361 381 0.3799332638532238
362 363 -0.798851970777563
362 382 -0.1855057862898446
363 364 0.8606549164375583
363 383 -0.31953209432521024
364 365 -0.770976947824699
364 384 0.0853750818407768
365 366 0.6574830076704905
365 385 0.615837907664331
366 367 0.13674991110511958
366 386 0.8057216766203104
367 368 0.6112576797430189
367 387 0.481368008865807
368 369 0.1626821711783084
368 388 -0.8676855157540875
369 370 0.0550438980395167
369 389 -0.2617558678412093
370 371 0.5798133265795218
370 390 0.5141431227057891
371 372 0.44717302653195246
371 391 0.14015085350837642
372 373 0.28333258096590064
372 392 0.3858095811391453
373 374 0.7967756535350718
373 393 0.8136479152718721
374 375 -0.9587819746075508
374 394 0.10469089452612135
375 376 -0.3289410666661887
375 395 0.012863047660176319
376 377 -0.8624986221929625
376 396 0.17673719744085914
377 378 -0.5421789713517113
377 397 -0.7958781794827061
378 379 -0.05612669014033611
378 398 0.32327103231578325
379 380 -0.0068543236386608974
379 399 0.8039151748109885
380 400 0.43607860527344555
381 382 -0.4733410311088724
382 383 0.16583092893300755
383 384 -0.15483789828661543
384 385 0.9403013445905344
385 386 0.8830014104853869
386 387 -0.44704404071715587
387 388 -0.3344289134221101
388 389 -0.4987034711735634
389 390 -0.8292416499012194
390 391 0.18684847144698047
391 392 0.3128549176601563
392 393 -0.5141955767910513
393 394 0.39565418555494336
394 395 -0.7686597091102618
395 396 0.9910235148617048
396 397 0.8979824714306255
397 398 -0.2505639086314153
398 399 -0.7355547545815602
399 400 0.9206204914587581
