1 2 -0.4106699946257806
1 11 0.06117351121058823
2 3 -0.40454856339645673
2 12 0.12301781065272221
3 4 0.5945354599906203
3 13 -0.8640425434727472
4 5 0.1615496501734559
4 14 0.9086757311138485
5 6 -0.5596158619125251
5 15 -0.5092552190805
6 7 0.48995842243361265
6 16 -0.1738747438082846
7 8 -0.034290650669107414
7 17 0.08149489038858615
8 9 -0.5299561713575194
8 18 0.20101465323947254
9 10 0.8928771083091038
9 19 0.8714674228096466
10 20 0.13697057311159466
11 12 -0.6169584261050103
11 21 -0.8641992836174173
12 13 -0.20790512790594695
12 22 0.5774014193577992
13 14 0.9215755129335563
13 23 0.31841078475204343
14 15 -0.6051124449726495
14 24 -0.8333491987391899
15 16 0.45482503114846184
15 25 -0.8717444541955821
16 17 0.0294106677512318
16 26 0.6930829902341005
17 18 0.4223462701376377
17 27 0.3748634881325974
18 19 -0.27878315499159245
18 28 -0.6622531032941128
19 20 -0.013924136125794018
19 29 0.201036551115646
20 30 -0.9725681334139373
21 22 0.5739709199998266
21 31 0.31266704355171093
22 23 -0.1630312293082461
22 32 -0.7121921584493442
23 24 0.4375521664488693
23 33 0.4871535302681931
24 25 0.7677284354664744
24 34 -0.9686076140981126
25 26 -0.09252507611558625
25 35 -0.02464534106290328
26 27 0.7177241136937931
26 36 -0.37899277211361704
27 28 -0.9260617048699238
27 37 0.7763411319117142
28 29 -0.30550710196553643
28 38 -0.5709659606284498
29 30 -0.5856597997196369
29 39 0.9123765440902281
30 40 -0.9685695358203694
31 32 0.27504179208727164
31 41 0.15120578750606795
32 33 -0.6981866111586459
32 42 -0.8895172995683525
33 34 0.7754727037712739
33 43 -0.7321086648484141
34 35 0.5911892947070487
34 44 0.5363808788566244
35 36 0.2817496588889896
35 45 -0.7876622952733225
36 37 -0.7612272120428933
36 46 0.04191896266100148
37 38 -0.6228315839337368
37 47 0.5640555160560894
38 39 0.5890565859930517
38 48 0.5834186361929072
39 40 0.9736209183626945
39 49 0.658757686706906
40 50 -0.18267419736855062
41 42 -0.921874167622267
41 51 -0.28437279103290214
42 43 0.43607438740729143
42 52 -0.4153652909917229
43 44 0.5539491612111604
43 53 0.6759830243906502
44 45 0.7440875719063409
44 54 0.8322201727791105
45 46 0.14721987560207506
45 55 0.9206915880480888
46 47 -0.10209986340594313
46 56 0.7945745498636183
47 48 0.2878522439442768
47 57 -0.029202027796205732
48 49 -0.6709192862711428
48 58 0.5007280970245247
49 50 0.0757789193836036
49 59 -0.8329247592279765
50 60 -0.6202325242585569
51 52 0.8913663736368151
51 61 -0.8799106393692293
52 53 -0.6024522555993139
52 62 0.6627278446210421
53 54 0.6586095278168564
53 63 -0.9416860069603823
54 55 -0.45237361416443145
54 64 -0.5272377472348011
55 56 0.03136116039507986
55 65 0.13965009178969368
56 57 -0.013795322826946732
56 66 0.008955035983182258
57 58 0.8580898901983913
57 67 -0.4602371746096745
58 59 -0.8882067623079732
58 68 -0.5350591487965597
59 60 -0.3722250219961407
59 69 -0.7877731015408389
60 70 0.18044074377053554
61 62 0.728084207092422
61 71 0.7545810522960605
62 63 0.13598223944926202
62 72 -0.8353205015750385
63 64 -0.21925101744683095
63 73 -0.12549601566391821
64 65 -0.3789603127092247
64 74 0.43128651783694805
65 66 0.9760133231428527
65 75 0.6657418701381255
66 67 -0.2697527012191878
66 76 0.5660122421842815
67 68 0.6283579719492689
67 77 0.39008414680823766
68 69 0.3001928629897379
68 78 0.43648352784972877
69 70 -0.5901827084122597
69 79 -0.34896320737543984
70 80 0.428948955481286
71 72 -0.8976126687590926
71 81 0.30483723093130966
72 73 0.08999714786144075
72 82 -0.6820825108654491
73 74 0.04127012702266364
73 83 -0.014254651668631713
74 75 -0.8345290214931933
74 84 0.350972886008853
75 76 -0.003712635792007646
75 85 -0.8396973242719401
76 77 0.895846038417131
76 86 -0.7399699738524912
77 78 -0.5289376162111754
77 87 0.9066053836820716
78 79 -0.039901072998890896
78 88 -0.32477066468524707
79 80 0.00321797451023742
79 89 0.7566375076218281
80 90 0.8436102864987896
81 82 0.10350273726975057
81 91 0.19502650647810205
82 83 0.35352477140592087
82 92 -0.7630554702418471
83 84 -0.7391414355827619
83 93 0.9687670619889444
84 85 0.7170493377550542
84 94 0.38579376823301215
85 86 0.7420939881299249
85 95 0.42617281797484874
86 87 0.32222534705214145
86 96 -0.6725353830196645
87 88 0.17087141707945208
87 97 0.16613293735070656
88 89 -0.2205874213565373
88 98 0.7175943876900068
89 90 -0.477982113277742
89 99 0.06027354510571681
90 100 0.3538459581753377
91 92 -0.032942751379995805
92 93 -0.11000786775986238
93 94 -0.8685953561638293
94 95 0.570167382527859
95 96 0.464224087069268
96 97 -0.3821224711851041
97 98 -0.6855809151321108
98 99 0.02277122225759931
99 100 0.6877252842337609
