1 2 -0.12801019571599248
1 11 -0.9481475363442173
2 3 0.010492180243407923
2 12 -0.8694269912262438
3 4 0.9291021601785103
3 13 1.672234043348375e-05
4 5 0.6005167022651736
4 14 0.20363424281093478
5 6 0.1653697770580691
5 15 -0.9488981163006145
6 7 0.5560163196169365
6 16 -0.732091583656618
7 8 0.09581556018075332
7 17 0.3990412395810963
8 9 0.2866228544964704
8 18 -0.6770668742166466
9 10 0.7525329034083181
9 19 -0.13522180911030524
10 20 -0.03708367530793355
11 12 0.09932495575741829
11 21 -0.12935521476344625
12 13 -0.14375534480522112
12 22 -0.8069381686787749
13 14 0.7790401278922898
13 23 -0.3167726946577807
14 15 0.529919720903363
14 24 -0.6615491068316441
15 16 0.32440403853665156
15 25 -0.22495314825343704
16 17 0.7378332528641576
16 26 0.497555756553709
17 18 -0.5083776721917386
17 27 -0.6267457088270396
18 19 0.740291786738003
18 28 -0.5651951473899481
19 20 0.2392829274199293
19 29 -0.41914651413002324
20 30 0.7156790368790278
21 22 -0.15926439582502194
21 31 -0.33933035799225175
22 23 -0.7456800565974451
22 32 0.19349061795719158
23 24 0.13428825525541854
23 33 -0.1449080734077799
24 25 -0.4139535363611204
24 34 0.04813375060072844
25 26 -0.005852402530974743
25 35 -0.17018832525062555
26 27 0.5971713081981618
26 36 0.08669046116780543
27 28 -0.7788337044076779
27 37 -0.45188149492789265
28 29 0.4835100777668979
28 38 0.3060410264622022
29 30 0.2305091469285525
29 39 0.9073199247646453
30 40 0.6973690285346468
31 32 -0.590702731924315
31 41 0.2385419327013274
32 33 -0.5479759987915283
32 42 -0.7861086313800341
33 34 -0.126505473946402
33 43 0.5531183699942006
34 35 -0.2867514377544822
34 44 -0.9086420695091999
35 36 -0.29825619739671905
35 45 0.10195581064883852
36 37 -0.5583241698770762
36 46 0.836917293179201
37 38 -0.9794999212008182
37 47 0.2587194456591644
38 39 0.5977710230092592
38 48 -0.9375048754694768
39 40 -0.10397056695182072
39 49 -0.5859003234933715
40 50 0.4314941685727085
41 42 -0.4006906526509537
41 51 -0.46634544979426673
42 43 -0.5593875858588806
42 52 -0.30034742999340147
43 44 0.07120834699531264
43 53 0.9074844538897333
44 45 0.9663068907144254
44 54 -0.11729016129030656
45 46 0.9458213797496497
45 55 -0.7744475695238571
46 47 0.1841691553327527
46 56 -0.30752418108970714
47 48 -0.40965538956051506
47 57 -0.6254269105962045
48 49 -0.5408519425113096
48 58 0.4092549982409184
49 50 -0.14926541618922706
49 59 -0.11085147047248456
50 60 -0.9495971526585021
51 52 0.2422676655385898
51 61 0.05828418855407813
52 53 -0.06442503083539952
52 62 -0.5965135474700693
53 54 0.08841632029620428
53 63 -0.8358101554499504
54 55 0.008000878758305241
54 64 -0.35291736493060233
55 56 -0.37348294314057284
55 65 -0.9164045803693799
56 57 -0.47244294143996046
56 66 0.827830954330264
57 58 -0.8094238954783926
57 67 -0.4324883850694907
58 59 -0.8248749819977543
58 68 -0.9388210336113614
59 60 0.015234973343922764
59 69 0.05146649962191585
60 70 -0.795724103537613
61 62 -0.7308401093101329
61 71 0.027156242531492847
62 63 0.28081345042982964
62 72 -0.033860328896496705
63 64 -0.2673151966499592
63 73 0.7017010080090034
64 65 -0.4805104945057259
64 74 -0.2262202293584752
65 66 0.4767995172418007
65 75 0.3150247753180879
66 67 -0.16052907738635858
66 76 0.08038303133426172
67 68 -0.5701512317386095
67 77 -0.42879253217819535
68 69 -0.28573013260087854
68 78 0.1795639829435276
69 70 -0.9151416162349078
69 79 -0.67116182765976
70 80 -0.43348251235775836
71 72 -0.6311202687061694
71 81 0.5706702956333469
72 73 0.01047344003709827
72 82 -0.2262146977628814
73 74 -0.18744991390409838
73 83 -0.9455952682103008
74 75 0.6640337992690017
74 84 0.4734941125742258
75 76 -0.5707285072000927
75 85 -0.16649311960932578
76 77 0.21688431561009924
76 86 0.6524996568683159
77 78 -0.05718028506064199
77 87 0.09899364217681605
78 79 -0.8955545452316795
78 88 -0.8686726675872449
79 80 -0.09954564076525352
79 89 0.4159423412378416
80 90 -0.22333163577048176
81 82 0.7079505852789776
81 91 -0.011526325236144386
82 83 0.5872749088831541
82 92 0.16000835775561328
83 84 -0.5056455220052933
83 93 -0.8657112585260907
84 85 -0.24157886611672508
84 94 -0.9739653266108987
85 86 0.28768386829639003
85 95 0.3229626534308827
86 87 0.24712636912426156
86 96 -0.6465756768311479
87 88 0.6902262311494032
87 97 0.9770194015683287
88 89 -0.9129976278805687
88 98 -0.2096984830649924
89 90 0.5551758166110672
89 99 0.5542059989392893
90 100 0.14054841950143815
91 92 0.693122970714936
92 93 -0.6754028029953723
93 94 0.9877040228425458
94 95 0.5948098780651871
95 96 -0.6590457330324586
96 97 0.18251470530709168
97 98 -0.9022638275412973
98 99 0.33685409203211547
99 100 0.0055575050184428765
