1 2 -0.5830789252823148
1 11 -0.036637876473268216
2 3 0.535985483911182
2 12 0.3764366497852283
3 4 -0.3774706731512312
3 13 -0.908676914802419
4 5 0.8230739947707553
4 14 -0.827488640461516
5 6 0.1435902928564683
5 15 -0.060095173389693946
6 7 -0.09991664264427835
6 16 0.702421593056151
7 8 0.13079607097861135
7 17 -0.9309699657611088
8 9 0.7274121100314568
8 18 0.0007629250824097156
9 10 -0.2470133921438178
9 19 0.15696896337870503
10 20 -0.4938013560860557
11 12 -0.15892392937125055
11 21 0.7183639970426883
12 13 -0.22563303923795552
12 22 0.23041165018611243
13 14 -0.12463867983580079
13 23 -0.8082307801639177
14 15 -0.3718519403067728
14 24 -0.5617252762713283
15 16 0.01633448097540291
15 25 -0.3524967801766421
16 17 -0.27516627153521767
16 26 -0.5951447472307372
17 18 0.7447728221734311
17 27 -0.2998491404493777
18 19 0.6338998298900331
18 28 0.2982776260051039
19 20 -0.4458983844987443
19 29 -0.6421692592970267
20 30 0.31239171295938806
21 22 -0.6576768927766534
21 31 -0.3222720787925992
22 23 -0.14488952031131874
22 32 0.16857928631378982
23 24 -0.9095797761846129
23 33 0.3696574373342556
24 25 0.47333245903526233
24 34 0.6570807298940904
25 26 0.7729967105202038
25 35 -0.4963289784102094
26 27 0.7443788789925974
26 36 0.20541599560445434
27 28 0.07780268581088023
27 37 -0.9851822640178136
28 29 -0.08281675012868339
28 38 -0.542069881781831
29 30 0.023308555851304202
29 39 0.9956285781123282
30 40 0.443252866992792
31 32 -0.45893433340433765
31 41 0.3820827008991923
32 33 0.4052710377309039
32 42 -0.7762096562326466
33 34 0.6983814904151582
33 43 -0.749585633613276
34 35 0.4891289259050182
34 44 -0.6449259241279057
35 36 0.7241756249245324
35 45 0.2703923790549807
36 37 0.6637054750311326
36 46 -0.9425347476223114
37 38 -0.9020890684974419
37 47 0.8666035893115362
38 39 0.6724945761664176
38 48 0.020765824439294533
39 40 0.01665468721831398
39 49 -0.3199067088728127
40 50 0.5528774023074037
41 42 -0.5591909667245487
41 51 0.6239018410773733
42 43 0.8465398516889009
42 52 0.9777725477266315
43 44 -0.7418719855763276
43 53 -0.05387999584868708
44 45 0.7169063917074598
44 54 -0.9889751761928187
45 46 0.39444635990406307
45 55 -0.9390928126487088
46 47 0.40859324120345164
46 56 0.525991823285638
47 48 -0.5757942902157633
47 57 0.44968138355686293
48 49 -0.9465661965032264
48 58 -0.690766287985243
49 50 -0.6242592845127308
49 59 -0.9129650367195923
50 60 0.327034280537406
51 52 -0.9789462513677831
51 61 0.12240739332599948
52 53 0.35482154697608004
52 62 0.5903295509153057
53 54 -0.6048829816693218
53 63 0.5632454976538521
54 55 -0.28471366051738434
54 64 0.906296497869709
55 56 0.31462260519227514
55 65 0.9986448432779014
56 57 -0.2081256340825901
56 66 -0.6131274751775388
57 58 -0.20388968596321622
57 67 0.4721614689166662
58 59 0.8173632924179126
58 68 -0.9294862597641302
59 60 0.10818255843599656
59 69 -0.03264811256715894
60 70 0.6951919919028189
61 62 0.6274523748303928
61 71 0.4902005921176713
62 63 -0.9418473013238202
62 72 -0.6444818579285507
63 64 0.21482772628398328
63 73 -0.11299981144618254
64 65 0.8835527721604057
64 74 -0.9539019746457418
65 66 0.013090951086689007
65 75 0.8652915031882034
66 67 -0.6621538388917692
66 76 0.7789916761547244
67 68 0.30227533479900925
67 77 0.8500706427749152
68 69 -0.05688035043527617
68 78 -0.8422368173532329
69 70 0.7185610981558457
69 79 -0.18419116354093812
70 80 -0.07133648047372576
71 72 -0.621777289478876
71 81 -0.9877182673078035
72 73 0.749855490555434
72 82 0.48986415473723577
73 74 0.9640582171598069
73 83 0.41791082761226384
74 75 0.34603199405432794
74 84 -0.6717713331219974
75 76 -0.11839426297858768
75 85 -0.5999426970440995
76 77 0.4618841761649646
76 86 0.7743880743076481
77 78 0.22821708537807295
77 87 -0.9258158010206403
78 79 0.07970976917871164
78 88 0.39027771980869885
79 80 -0.4775536098779314
79 89 0.996254056237333
80 90 -0.9880009971604664
81 82 0.5440877428890725
81 91 0.9156643361865504
82 83 0.016180326456343153
82 92 -0.7433321963444632
83 84 -0.5625391691560129
83 93 -0.6650234037148435
84 85 0.1362647406109243
84 94 -0.5157540866004231
85 86 0.6077071364216087
85 95 0.6153441184364521
86 87 -0.46591126676431327
86 96 0.32763869599778905
87 88 -0.7688472386767227
87 97 0.5128884660509851
88 89 -0.8960717917157839
88 98 0.8771145687606128
89 90 0.597102454283416
89 99 -0.8745229083266897
90 100 0.018395159684713835
91 92 0.40387576818862225
92 93 -0.0314315230937825
93 94 0.07753094619937406
94 95 -0.6842881716630156
95 96 -0.8840942568553776
96 97 -0.13002590609805176
97 98 -0.0964423513018402
98 99 -0.13823330409799173
99 100 -0.3683907696136248
