1 2 -0.9792516922286001
1 11 0.0037491842974775036
2 3 -0.22704566077066923
2 12 0.38887735552891645
3 4 0.2210754816962588
3 13 -0.007436564657625988
4 5 -0.031003089694395802
4 14 0.3954727702475551
5 6 0.4695316340723392
5 15 0.11243297360729776
6 7 -0.4754535583940962
6 16 -0.7982828179095567
7 8 -0.8536115575383398
7 17 0.6724140014894908
8 9 -0.3946022237424829
8 18 0.6575624044991488
9 10 0.9050223070183414
9 19 0.7065152608324152
10 20 -0.8922445126472729
11 12 -0.008453413731707826
11 21 -0.7323409420814468
12 13 0.6497409290010963
12 22 -0.06866304926546829
13 14 -0.044051972923306204
13 23 -0.12888907046730846
14 15 0.6023128633913719
14 24 -0.4664512458561174
15 16 -0.39473871667998695
15 25 0.941596389626912
16 17 0.8343854123208669
16 26 0.03492048353766086
17 18 0.6084712707576594
17 27 -0.18735745829386818
18 19 -0.5105609046473016
18 28 0.40756138598496183
19 20 0.7970142119422758
19 29 -0.9488617933352843
20 30 -0.5979246770425579
21 22 -0.7157778290909229
21 31 -0.5628826487478436
22 23 0.8810488190533121
22 32 0.6074795400246356
23 24 0.7408165928530621
23 33 -0.6252827058771568
24 25 0.8189524185165005
24 34 -0.9542661000606463
25 26 -0.5503147757533917
25 35 -0.7224616860906545
26 27 -0.7329206481531327
26 36 -0.7749137719132868
27 28 -0.9270975033556657
27 37 0.5345082139051518
28 29 0.07177648168727435
28 38 -0.23838096250297403
29 30 -0.6871541956431313
29 39 -0.04620369965274573
30 40 -0.05286423951767838
31 32 -0.16298363897909507
31 41 -0.5037976631728818
32 33 0.966718496448665
32 42 -0.6607274848324658
33 34 0.3753481863853503
33 43 0.40705834760277626
34 35 -0.24975447500845216
34 44 -0.6007333427035506
35 36 0.22986495072443747
35 45 -0.016142121430507528
36 37 0.6832822968281542
36 46 0.09214947306084276
37 38 0.35785513806120384
37 47 0.8378577765148352
38 39 -0.6427641296822952
38 48 0.7716632088661117
39 40 0.4694436820266632
39 49 -0.28738104535008446
40 50 -0.7278405957886007
41 42 -0.8318806976692998
41 51 -0.3090027198991998
42 43 0.04216942291959458
42 52 0.8910348339524814
43 44 0.8504001545422148
43 53 -0.9210903646514659
44 45 -0.31438954167717936
44 54 -0.11177540991190704
45 46 -0.633694532693559
45 55 -0.7813789696706006
46 47 -0.4779668337049441
46 56 0.15165103563972782
47 48 0.12037124460411408
47 57 0.9354379194514781
48 49 -0.8395330130304264
48 58 0.6071772941510298
49 50 0.12890726535496233
49 59 -0.9090610036942948
50 60 0.8340575149633946
51 52 -0.6664473069353571
51 61 0.7571181710653181
52 53 0.2990809263209524
52 62 0.7216638464513934
53 54 0.2942334270902227
53 63 0.2761079694347699
54 55 -0.0037207792764146763
54 64 -0.17130735040075673
55 56 0.07915104984684773
55 65 -0.4214014369035124
56 57 -0.37229478644415526
56 66 0.5832463706134832
57 58 -0.38323129784863363
57 67 -0.32222006776929546
58 59 0.36694070378708843
58 68 -0.07597911740399166
59 60 0.28088261119926616
59 69 0.36241276161566116
60 70 0.33508891785123507
61 62 0.901928063253433
61 71 -0.9225032483353603
62 63 0.9416920241804503
62 72 -0.6289166261310786
63 64 -0.07660467505860602
63 73 -0.893881151029214
64 65 -0.5714880742301252
64 74 -0.5667205745462758
65 66 -0.7938918963077533
65 75 -0.018796903651368657
66 67 -0.013818563194082367
66 76 0.9303163669200931
67 68 0.46176362289393347
67 77 0.4027398118686236
68 69 0.32809861888279634
68 78 -0.4346674754086668
69 70 -0.20872504977903694
69 79 -0.7266539793235502
70 80 0.48962720251491976
71 72 0.398214782797522
71 81 0.1455196311388185
72 73 -0.513768649373183
72 82 0.7468016862022495
73 74 -0.9228581536752833
73 83 -0.6609371715842463
74 75 -0.5353857455070028
74 84 0.45817124125282516
75 76 0.2641833694649103
75 85 -0.9240615661461036
76 77 0.04062388899430669
76 86 0.8060431909945389
77 78 0.45069784373250377
77 87 0.7878854881337714
78 79 0.7231495498730027
78 88 -0.6430408882145269
79 80 -0.16708449568083594
79 89 0.4769256683127827
80 90 -0.7140749518494998
81 82 0.7960142364502991
81 91 0.33379794583927325
82 83 0.8125545538470154
82 92 0.5165559735932976
83 84 0.5890957739570788
83 93 -0.6747879068798384
84 85 -0.16816266597041563
84 94 0.16779635602759901
85 86 0.00021584088351844777
85 95 -0.8329131401411094
86 87 -0.5003908787953661
86 96 0.04297460636788086
87 88 0.4332981747869469
87 97 0.3643055403428055
88 89 0.15942156318789258
88 98 -0.07273123506272872
89 90 0.16861527151380318
89 99 0.7668664521699382
90 100 0.8207147864101694
91 92 0.09567556609296313
92 93 -0.3061960924489606
93 94 -0.7225226004408962
94 95 -0.011326789734586562
95 96 0.5826364694887518
96 97 0.011491366780008505
97 98 0.6862336841042238
98 99 0.34644365343869254
99 100 0.15749922264117466
