1 2 0.7402482732544238
1 11 0.16455385734511951
2 3 -0.037314113504965274
2 12 0.03300459598372196
3 4 -0.845719360241616
3 13 0.28972414072160557
4 5 -0.20691674160267892
4 14 0.6502779277163453
5 6 -0.5698712578532636
5 15 0.8241879986964487
6 7 0.6112252969041805
6 16 -0.8287070938188514
7 8 -0.1807564616849211
7 17 -0.7808767153310621
8 9 -0.0013494450819833137
8 18 0.602247814276738
9 10 0.5262348865687885
9 19 0.7284839462225858
10 20 0.2341206201313777
11 12 -0.44232211859786186
11 21 -0.6281775358196415
12 13 -0.23390374366126188
12 22 0.9950817917551615
13 14 -0.3814848287269057
13 23 0.04850743175275607
14 15 0.4251035073176066
14 24 -0.804125695706464
15 16 0.518415302883485
15 25 0.3531227153451548
16 17 -0.5112409679512901
16 26 0.7856111728221831
17 18 -0.8285937532576573
17 27 0.49519100746237044
18 19 0.5941979038799523
18 28 -0.7602674260720057
19 20 0.07447980790692643
19 29 0.053353391456796295
20 30 0.857087553830868
21 22 -0.17779974414977362
21 31 -0.7652489057305689
22 23 0.02848897650355786
22 32 0.11810654865694148
23 24 0.9161846750682836
23 33 0.7664019117681085
24 25 0.6843085171417631
24 34 -0.11835782462080191
25 26 -0.9572474372675746
25 35 0.3217486537877092
26 27 -0.042777838672672486
26 36 -0.6191986474841011
27 28 -0.6339803076854393
27 37 -0.9698252181896676
28 29 -0.5080282868006518
28 38 0.25356617653928604
29 30 0.631913940274329
29 39 -0.7417577230734818
30 40 0.9517614382941026
31 32 0.36993748874827004
31 41 -0.12477788068069917
32 33 -0.931100463782857
32 42 0.4398600527346692
33 34 -0.40913621972862013
33 43 0.024751976923359065
34 35 -0.2520215114641704
34 44 0.8273516394295131
35 36 -0.81112081925043
35 45 0.6623251395719059
36 37 -0.49391153420214007
36 46 0.5246784953832813
37 38 0.8275023744411303
37 47 0.8518810753520654
38 39 -0.24549948568830526
38 48 -0.8730851481344664
39 40 0.4405590713446912
39 49 -0.866337337088154
40 50 0.9362987422692675
41 42 0.11245865034394043
41 51 -0.2658393567613522
42 43 -0.1579929047855153
42 52 -0.12612974941550226
43 44 -0.8225951646314345
43 53 0.28343346217566
44 45 0.09555603351822617
44 54 -0.4961254742787906
45 46 -0.7745019151999977
45 55 0.13365921871997632
46 47 0.9170804777084054
46 56 0.5246350466673979
47 48 0.16574075418712653
47 57 -0.37476090050509914
48 49 -0.2536027386376425
48 58 -0.8517682955485977
49 50 -0.9693181885427997
49 59 0.09240806989998651
50 60 0.42362644265227845
51 52 -0.1952685423715943
51 61 -0.7739185986112074
52 53 -0.43659849242203874
52 62 0.8005486761134257
53 54 -0.7351588925767627
53 63 0.5329716291596682
54 55 -0.9450521172512396
54 64 -0.5874854007725194
55 56 -0.6507478264435469
55 65 0.5812132581061706
56 57 -0.35998574709020015
56 66 0.5831628110911826
57 58 0.9965351360239798
57 67 -0.6999718983522969
58 59 -0.9111160258652062
58 68 -0.4139762377306264
59 60 -0.815622182734171
59 69 -0.6565912410641119
60 70 0.21007825860143292
61 62 -0.10593830746502131
61 71 0.1708902330220714
62 63 0.33922455621440406
62 72 -0.08786249902295662
63 64 -0.8465155195965663
63 73 -0.33791235460481284
64 65 0.18177072295506624
64 74 -0.6726969439761163
65 66 -0.932634402438542
65 75 0.591942364718395
66 67 -0.020957903363236774
66 76 -0.40729863100100894
67 68 0.9889629445816646
67 77 -0.7500720196384043
68 69 0.5090850423699307
68 78 0.9064948428114992
69 70 -0.3327921010664818
69 79 -0.7665616637183401
70 80 -0.274225759017924
71 72 -0.6760297923101235
71 81 0.041437576105367135
72 73 -0.4203913104555279
72 82 0.0516379269294438
73 74 0.3597031743663548
73 83 0.018426158921427405
74 75 0.6738563278419376
74 84 0.5504063422630712
75 76 0.37887454580087976
75 85 -0.01630867261929425
76 77 0.20392241533455024
76 86 -0.5560982458773325
77 78 -0.29789071719096305
77 87 0.06211664934888561
78 79 0.1774970454503182
78 88 0.975880534134111
79 80 0.12517340707895408
79 89 -0.17813726821182407
80 90 -0.9477460310786878
81 82 -0.347897747724349
81 91 0.398372475888882
82 83 0.1184841230031235
82 92 0.49056766356097237
83 84 0.3102922804931727
83 93 0.20424071562492152
84 85 -0.6619170872042872
84 94 0.5339886585672289
85 86 -0.82289246059879
85 95 0.8751005251254671
86 87 -0.22785475815125045
86 96 -0.9868046715973462
87 88 -0.35279272295230735
87 97 0.612834735547134
88 89 -0.6038510042625225
88 98 -0.9140624356357874
89 90 -0.42831661573954327
89 99 -0.20370559020437695
90 100 -0.09708290302255951
91 92 -0.2672109021674327
92 93 0.6566925071466068
93 94 0.43810911509733286
94 95 -0.32926830186355205
95 96 -0.8312755474289062
96 97 -0.28365072481170217
97 98 0.9206385192615865
98 99 -0.2325915966822263
99 100 -0.1455751140313606
