1 2 0.30074848347918337
1 11 0.010906747469685785
2 3 0.3993112579841902
2 12 -0.2952150624843075
3 4 -0.9753349250341588
3 13 0.3904759566089304
4 5 0.32956294158781696
4 14 0.5542489055926545
5 6 0.046484226850247
5 15 0.7883486254709491
6 7 0.3174551567371564
6 16 0.0729301829896647
7 8 -0.9636718873479002
7 17 0.7812068154370808
8 9 0.05955706209532363
8 18 0.6918133155284094
9 10 0.48222237088168374
9 19 -0.21494907584984557
10 20 0.1260898471847265
11 12 0.7572029418431039
11 21 -0.6363195492569311
12 13 0.5799210956506131
12 22 0.6280958762340969
13 14 0.06931842074099426
13 23 -0.8417305654331682
14 15 -0.04866858942717944
14 24 0.9755724837720374
15 16 0.5888314543408302
15 25 0.2587062678393883
16 17 -0.04794704966765728
16 26 0.29478100295700016
17 18 -0.7573608936081795
17 27 0.272275481460138
18 19 -0.34717842065565074
18 28 -0.7025172265655515
19 20 -0.41100291199604766
19 29 0.2864722063278047
20 30 -0.918099825114236
21 22 0.7044661373491943
21 31 0.5002725722120214
22 23 -0.6051574309957339
22 32 0.8989105883919648
23 24 -0.9727249965117055
23 33 -0.4442939199065459
24 25 -0.007509220224948043
24 34 0.34304417547059085
25 26 -0.8657460277015503
25 35 0.574540026255767
26 27 -0.023463559521856636
26 36 0.07869019817219303
27 28 0.7723090312974288
27 37 -0.6985481169695287
28 29 0.567048603506209
28 38 0.7634649121571739
29 30 0.8065284718653503
29 39 0.5322372627440171
30 40 0.07468924040108593
31 32 0.33220333497064525
31 41 0.9757908965519244
32 33 -0.046799228029125395
32 42 0.33320069596312796
33 34 0.9947705649592935
33 43 -0.5487987240935381
34 35 -0.1394814372670654
34 44 -0.4780445144750407
35 36 -0.2421479479544857
35 45 -0.058755226559064955
36 37 0.8382256799202958
36 46 -0.08888741137876965
37 38 -0.21054581162542552
37 47 0.097844150116003
38 39 0.6387813014839656
38 48 -0.0014059997787387868
39 40 0.9907656719022526
39 49 0.9648794364952256
40 50 0.23241592522013943
41 42 -0.48606315479233975
41 51 -0.9433881494550038
42 43 -0.5773759254971995
42 52 0.6150526476989571
43 44 -0.789969293567951
43 53 -0.9673984425516127
44 45 0.888392723904786
44 54 0.3742626013659045
45 46 -0.8417986542164069
45 55 -0.6931670916778285
46 47 0.27348494478577123
46 56 0.20671932784404956
47 48 -0.05505484133007399
47 57 0.4927120012642585
48 49 -0.13517286256463112
48 58 -0.3443384995892045
49 50 0.7501894546171395
49 59 0.8910725180835735
50 60 -0.22885433298490176
51 52 0.27143823092200337
51 61 0.6946247749732524
52 53 -0.360627758885135
52 62 -0.4121280505964231
53 54 -0.31674509540551776
53 63 0.6163961174802766
54 55 0.3193107912241431
54 64 -0.9292622281194065
55 56 -0.2456316177429707
55 65 -0.2974931536419816
56 57 -0.487293491509704
56 66 0.5183573278739522
57 58 0.155015364934036
57 67 0.07827416798353393
58 59 0.061410358501322815
58 68 0.9383895482444395
59 60 0.41195372550251075
59 69 0.7068691989499227
60 70 -0.7463436931307821
61 62 0.47234925023202146
61 71 -0.9583857761530192
62 63 -0.39616364469950893
62 72 0.655778803623501
63 64 -0.5653607541975334
63 73 0.8692099357280154
64 65 0.812397527967174
64 74 -0.16250935698713875
65 66 -0.9049898098745572
65 75 -0.5253496273586136
66 67 0.08217007918772912
66 76 -0.4171140003413907
67 68 -0.16956622629879337
67 77 -0.4730153673258599
68 69 0.8604561966760664
68 78 0.7462418118419079
69 70 -0.3310269921392901
69 79 0.032332943114089074
70 80 0.8288808615912919
71 72 -0.7767937386699344
71 81 -0.4045525162882804
72 73 0.10506737770442509
72 82 -0.6166451901346817
73 74 0.9769957520878496
73 83 -0.9779666102920201
74 75 -0.048113009455449385
74 84 -0.7287325635243227
75 76 -0.6071101059563613
75 85 -0.22709871083615485
76 77 0.7341864636227586
76 86 -0.9767017351642879
77 78 -0.9190680321396563
77 87 0.6319753648731556
78 79 -0.3207756775118018
78 88 0.6264346767753237
79 80 -0.23725959815013198
79 89 0.7413306856565345
80 90 -0.027035738894795935
81 82 0.37394038267968743
81 91 0.7232521120032924
82 83 0.42851348139328094
82 92 0.2797407144419508
83 84 0.5698055078368045
83 93 0.37072723762482207
84 85 -0.27551427748637436
84 94 -0.3476726381372828
85 86 0.6675815996839058
85 95 0.5498925598008377
86 87 -0.41362482519084165
86 96 0.977766144278561
87 88 0.3187613980121198
87 97 -0.5142861271594101
88 89 -0.24003666438665872
88 98 -0.9845726653653311
89 90 -0.4342276709300448
89 99 0.9979278364338806
90 100 -0.42572011145663824
91 92 -0.6027312816324382
92 93 0.06640766269324927
93 94 0.0312879753220745
94 95 -0.7039643191843017
95 96 0.6070684727193645
96 97 -0.02949193727656474
97 98 0.329055145909235
98 99 -0.7723023029982234
99 100 0.35059420390674956
