1 2 0.17626160215454845
1 11 0.7954274558188359
2 3 0.715251062339525
2 12 0.8995580522286055
3 4 0.2537068754327001
3 13 0.11489962114456498
4 5 0.0025156874321945466
4 14 -0.9258323781624016
5 6 -0.9036852599707601
5 15 0.3910012788486543
6 7 0.6509295025282511
6 16 -0.22919087654502568
7 8 0.9932017091068157
7 17 -0.9808144584332017
8 9 -0.8459274513539254
8 18 0.9788502779590682
9 10 -0.18066179189340792
9 19 -0.4888052484049539
10 20 -0.37287724171741266
11 12 0.783061458949416
11 21 0.6316749546153679
12 13 0.12337371602231584
12 22 -0.6424389603000469
13 14 -0.362840880840396
13 23 -0.21031355828314524
14 15 0.41623219036302794
14 24 0.24086120043401915
15 16 -0.4014562446972785
15 25 -0.6687288901873778
16 17 -0.29130807549620275
16 26 -0.14384295508438893
17 18 -0.5248532249189422
17 27 -0.07615043657330922
18 19 0.581930024466806
18 28 0.4737747606083482
19 20 0.23613205250067915
19 29 0.7900288971727747
20 30 0.9706952370498372
21 22 -0.9282208287662934
21 31 0.3835151635177678
22 23 0.5405038662768005
22 32 -0.015237920770901026
23 24 -0.48405082826962964
23 33 0.1644822465704312
24 25 0.5556170692344857
24 34 -0.08118106870424135
25 26 -0.3354961197534252
25 35 -0.6691245089893392
26 27 -0.2098696368922255
26 36 0.6892594282949713
27 28 0.5305176758565611
27 37 0.9450066286417522
28 29 0.7327796915006457
28 38 -0.5384917553040136
29 30 0.335004781813816
29 39 0.15170671182208295
30 40 0.40585844100848045
31 32 -0.24263811598918372
31 41 0.03702189089616126
32 33 0.26250613112709065
32 42 0.6789958458274119
33 34 -0.6767425791124253
33 43 0.19626763953003956
34 35 -0.24038889059493873
34 44 -0.4162155928925577
35 36 0.8292759620046379
35 45 -0.43194998815958296
36 37 -0.25235238167407026
36 46 -0.2568380476281711
37 38 0.8318939960725236
37 47 0.17489356209937812
38 39 -0.7889955009752956
38 48 0.4858705388458744
39 40 0.2974409643280349
39 49 0.9221535314555211
40 50 0.46199877295270153
41 42 0.315902931117626
41 51 -0.6122995642341034
42 43 -0.07792120741513853
42 52 -0.004119853385389671
43 44 0.6516471545120204
43 53 -0.6872165629781055
44 45 0.11445772497398421
44 54 -0.8316727966049335
45 46 -0.7847854703186359
45 55 -0.7659964595345978
46 47 -0.16811408398490357
46 56 -0.15091104727355442
47 48 -0.11124934380604001
47 57 -0.11784811971367004
48 49 -0.0496873134900544
48 58 0.519305668630827
49 50 0.728738494582327
49 59 0.565457553308431
50 60 0.4728573540432923
51 52 -0.45536719586683216
51 61 0.4372118672023315
52 53 0.3588222351065016
52 62 0.3015718282466602
53 54 0.4686010386341062
53 63 -0.1827131358423555
54 55 0.26256333828809186
54 64 0.889140975840736
55 56 0.5110471975914941
55 65 0.6777889163917199
56 57 0.32560968566763204
56 66 -0.6204481487673543
57 58 0.3879827428181568
57 67 0.4532819474191816
58 59 -0.02801373528296791
58 68 -0.44813241808095294
59 60 -0.37779335909393175
59 69 -0.45617227913439984
60 70 0.586632627302277
61 62 0.566007218918021
61 71 0.7006552795499907
62 63 -0.46240952251129186
62 72 -0.8653506661219645
63 64 0.5573758087266603
63 73 0.6079411352220172
64 65 0.7824750698794771
64 74 0.7571651595267828
65 66 -0.9289259466569835
65 75 -0.7571124603985064
66 67 0.44495730222487384
66 76 -0.49267805419545874
67 68 0.46946551493622457
67 77 -0.23155894074016725
68 69 -0.23643326563871958
68 78 0.3524027970257191
69 70 0.9147610843580873
69 79 0.03288536002108966
70 80 0.8443114576591573
71 72 0.5504897879887254
71 81 -0.9266713871578285
72 73 0.5428902767171255
72 82 -0.038031735400708255
73 74 0.5721428870537015
73 83 0.1845740373116258
74 75 -0.31049674598600907
74 84 0.4062010640839395
75 76 0.782016110127306
75 85 0.030184468485434213
76 77 0.925348277048923
76 86 -0.7346775083613248
77 78 0.8907918228878284
77 87 0.5873385296200684
78 79 0.4729420613892481
78 88 0.941209390396903
79 80 -0.16514894571859196
79 89 0.27772613807064217
80 90 0.5886842182042866
81 82 -0.7666125297342097
81 91 0.5025613989754019
82 83 -0.34158718453270653
82 92 0.021282112350303528
83 84 0.3289784056512066
83 93 0.2931345735512181
84 85 0.05467520946976978
84 94 0.3186339111611389
85 86 0.8488380232573223
85 95 0.16248525942101621
86 87 0.6135933947354426
86 96 -0.29000909921501217
87 88 -0.4843706690738221
87 97 0.27297388395936983
88 89 0.3627254376427287
88 98 -0.019096002259797906
89 90 0.37905472200517987
89 99 0.5369729897903128
90 100 0.08385338508909324
91 92 -0.521563567600781
92 93 -0.47274234267988646
93 94 -0.14872704207189824
94 95 -0.46341873264979383
95 96 0.546512774612808
96 97 -0.8307233903987545
97 98 0.6902810466984881
98 99 -0.7431935158181635
99 100 -0.11429082460321394
