1 2 -0.8049327965010968
1 11 0.5224994333497126
2 3 -0.2541456871832142
2 12 0.8923200899267851
3 4 -0.9116655546740635
3 13 -0.8469268769287428
4 5 0.7182089806160246
4 14 -0.6349424119538967
5 6 0.3053587576038874
5 15 0.4214653472462666
6 7 0.6416697444721473
6 16 0.6333145513237504
7 8 0.7232086608596955
7 17 0.5916082274569225
8 9 -0.3039121792233568
8 18 -0.301169234504167
9 10 0.33420701774184525
9 19 -0.8598414930511953
10 20 -0.7873408755747873
11 12 -0.5061240536673459
11 21 -0.7237366250473609
12 13 0.5547158362134139
12 22 0.21606860613490886
13 14 -0.9793122097795086
13 23 0.9886096445158847
14 15 0.4566188926572554
14 24 0.934736557325385
15 16 -0.1981053358637801
15 25 0.8236526802517721
16 17 -0.3338086010327228
16 26 0.35126352554116624
17 18 -0.045791780168331186
17 27 -0.8136394197783383
18 19 0.22741110710252288
18 28 -0.8595407150538321
19 20 0.1874298619610304
19 29 0.4895811255673108
20 30 0.7288344383122389
21 22 -0.33710687345813706
21 31 -0.8340008699862143
22 23 0.2304640731721379
22 32 0.28597520253864683
23 24 0.19888779419385427
23 33 -0.6405223944705936
24 25 0.7966314917466537
24 34 0.6687430055818384
25 26 -0.8921642105667615
25 35 -0.009591673411435409
26 27 0.9668715620915522
26 36 0.9183985990864965
27 28 -0.37261857061577164
27 37 0.2824449850254922
28 29 0.1951411531506324
28 38 -0.37620308024028937
29 30 0.6939924978615546
29 39 0.024207360348784457
30 40 -0.8033279376114422
31 32 0.34395416256093325
31 41 0.6131875963233151
32 33 -0.4630329857393307
32 42 0.5003122972064531
33 34 -0.27124319606783387
33 43 0.7276734540863037
34 35 0.1810156080567531
34 44 -0.27708150281291144
35 36 -0.5007227188270564
35 45 -0.3030582768398662
36 37 0.33988781067091134
36 46 0.785923294783295
37 38 0.16799450913213043
37 47 -0.46586805423498423
38 39 -0.49569309400003947
38 48 0.05093181694113991
39 40 -0.7502085785212549
39 49 -0.5325786532855488
40 50 -0.7797898956589455
41 42 0.965483829088428
41 51 0.2713214695937052
42 43 -0.42633902115969335
42 52 0.41875211565246806
43 44 -0.09948899807499312
43 53 0.9427395369699432
44 45 -0.6703386064719643
44 54 -0.11957647911726688
45 46 0.4817723435340986
45 55 -0.2776859836388439
46 47 -0.30488454335232706
46 56 0.2633310875354584
47 48 -0.886893222864062
47 57 0.8205042233789244
48 49 0.11488435954191445
48 58 0.18971300297105853
49 50 -0.4545085866484395
49 59 0.6661213136603017
50 60 -0.14999424550371243
51 52 -0.5681534879056394
51 61 0.09805486416855924
52 53 -0.8704264490564688
52 62 0.3797169584784714
53 54 -0.7286804465695853
53 63 0.4313489654055611
54 55 0.520373042537261
54 64 -0.11545233425466095
55 56 0.2614842019557184
55 65 0.9484617013387922
56 57 -0.6230136096235142
56 66 -0.3034308772352765
57 58 -0.39339063498364735
57 67 -0.3371413956956273
58 59 0.21107328233250056
58 68 -0.8492657327746951
59 60 0.5166164769979686
59 69 -0.48073044441562773
60 70 -0.7528019495575746
61 62 0.09111991601845215
61 71 -0.5318478537059967
62 63 0.10433566693935492
62 72 0.1076529606211214
63 64 0.8418965011745263
63 73 0.8707288450957216
64 65 -0.7389532161933079
64 74 -0.6359153093608205
65 66 -0.15566307932424217
65 75 -0.8734604984851861
66 67 0.9695541439181192
66 76 0.5032624781824622
67 68 -0.8866274673455652
67 77 -0.9412710127171171
68 69 0.11943592567113148
68 78 -0.22470310192221188
69 70 0.7427543688332927
69 79 -0.5116233068461211
70 80 -0.17678136786552812
71 72 -0.7725483139858411
71 81 -0.0006814659020906166
72 73 -0.3069427404188194
72 82 -0.6547740798316046
73 74 0.8726058177358496
73 83 0.34554808976922424
74 75 0.9948746648992801
74 84 -0.46229619719059234
75 76 -0.8428259662419291
75 85 -0.5882675531136432
76 77 0.6661200867702923
76 86 -0.7159388740816588
77 78 -0.7477382571201048
77 87 -0.8007977121670735
78 79 -0.5852431498123616
78 88 -0.24021760602475584
79 80 -0.8993451657495244
79 89 0.04152376188471951
80 90 -0.8346365507825206
81 82 -0.695783155156424
81 91 0.06537216111453925
82 83 0.08386527512636999
82 92 -0.8964619139684511
83 84 0.8779852708854585
83 93 0.04845546043079341
84 85 0.7545304339905536
84 94 -0.6720788795559052
85 86 -0.4249571278583415
85 95 -0.23706078028706057
86 87 -0.9700416046735394
86 96 0.7145489437021908
87 88 -0.675638517478524
87 97 -0.6982372132077723
88 89 -0.6327671710549287
88 98 -0.027275205924508716
89 90 -0.04475309833439378
89 99 0.7965874026673934
90 100 0.515405582236176
91 92 -0.22598646310690196
92 93 0.6511152268084204
93 94 -0.10215648599631288
94 95 0.8988682440456679
95 96 0.6703746903639234
96 97 0.42389088514880013
97 98 -0.37521919766650846
98 99 -0.878946865089195
99 100 -0.31164583649164745
