1 2 -0.8473834212520857
1 11 0.5598375844802292
2 3 0.20109783492824507
2 12 0.9002590008272913
3 4 -0.0943141349071992
3 13 -0.2940432681112106
4 5 0.9109366460058519
4 14 0.36582770875083503
5 6 -0.6689971990684251
5 15 -0.170196454853496
6 7 -0.8614958599803291
6 16 -0.2858587432942421
7 8 -0.5518427261073613
7 17 0.1497251751782982
8 9 0.09942824160145491
8 18 -0.6705666824419743
9 10 -0.9788401861233085
9 19 0.6612806519876093
10 20 -0.3659122361276077
11 12 -0.123181537118213
11 21 0.44693035566188244
12 13 -0.5393942419580704
12 22 0.09697983847206082
13 14 0.3147989255595165
13 23 -0.2592978340239296
14 15 -0.8937426186540849
14 24 -0.38229463027240573
15 16 -0.10375868499455332
15 25 0.5498007516280343
16 17 0.6256591003274126
16 26 -0.14459033394489884
17 18 -0.6609525528675817
17 27 0.5644603026475565
18 19 -0.9289423903392733
18 28 -0.4369323643030125
19 20 0.8532258755401132
19 29 -0.08279304046406133
20 30 -0.679595178761661
21 22 0.9559790239932053
21 31 0.07699174082086735
22 23 0.8182567497734625
22 32 -0.7336611084814997
23 24 -0.08181404421713712
23 33 0.4386482450180831
24 25 0.1851893746467459
24 34 -0.5297591854850714
25 26 0.592781401565097
25 35 0.04478025600322377
26 27 0.19970887508689272
26 36 0.4563225662942676
27 28 0.7139512522235203
27 37 -0.9326515909943036
28 29 0.6157416929071031
28 38 -0.910467478309722
29 30 0.5428846891273644
29 39 0.7323980681687823
30 40 -0.29097796390878794
31 32 0.002240927319875796
31 41 -0.8558977332804769
32 33 0.046825161347531674
32 42 0.5008197182040697
33 34 -0.17401634177233083
33 43 0.8128465383286774
34 35 0.9299419990722537
34 44 0.8900964475855877
35 36 -0.07873940767344623
35 45 0.5564272030877933
36 37 0.642455216613119
36 46 0.5210302399605662
37 38 0.06528960988734722
37 47 0.5939027148871288
38 39 -0.9835669899213759
38 48 -0.2767667045758855
39 40 0.21922959666911845
39 49 0.7452543662883742
40 50 -0.5874282869986913
41 42 -0.46312203979625766
41 51 -0.00023499834888007776
42 43 0.33802648176782757
42 52 -0.06449428051003858
43 44 -0.6390967615946368
43 53 0.48223774582652856
44 45 0.6968017616753774
44 54 -0.05535200742319546
45 46 0.7745779037054696
45 55 0.34983753973357534
46 47 -0.985713449442003
46 56 -0.15948633265492984
47 48 0.9502793623142314
47 57 -0.4514828136111575
48 49 -0.8727554286028962
48 58 -0.7010273933515392
49 50 -0.9521939477153383
49 59 -0.4568095594808723
50 60 0.6561871390938951
51 52 0.35845999224188096
51 61 0.6074780722087509
52 53 -0.5903018194044098
52 62 -0.01846822181785912
53 54 -0.1552519127137193
53 63 -0.14709285463011534
54 55 0.6829534297967945
54 64 -0.7377787153041722
55 56 0.6009580979969271
55 65 0.8782227074643707
56 57 -0.07372756392370539
56 66 -0.8890009937745547
57 58 -0.6617978732692333
57 67 0.7534018603632706
58 59 -0.9536192638012757
58 68 0.04943967353726375
59 60 -0.4455608346114095
59 69 -0.7587351433876837
60 70 -0.26102816867923195
61 62 -0.23811773370292322
61 71 -0.8681273061881898
62 63 -0.25523062122988205
62 72 -0.04519769029682319
63 64 0.26875973726767755
63 73 0.04581240205669057
64 65 -0.38253268540432916
64 74 -0.07400721169116586
65 66 -0.9186883811266284
65 75 0.7513434497401665
66 67 0.08288426419043926
66 76 0.21554150288773433
67 68 0.8183649275216973
67 77 -0.6049342210656863
68 69 0.3933918043788258
68 78 -0.14589301397254473
69 70 0.8214269085764765
69 79 -0.9391214666687537
70 80 -0.09784279409891505
71 72 -0.4237088013840129
71 81 0.8191870554392273
72 73 -0.2682192284388141
72 82 0.6758359886185212
73 74 -0.17022804312111361
73 83 -0.9971462388744836
74 75 0.48369440136693354
74 84 -0.028349542582206677
75 76 -0.4468738550977316
75 85 -0.048471001151511484
76 77 0.6569063899922507
76 86 0.883618536382897
77 78 -0.11694051459472043
77 87 0.438464283384673
78 79 -0.7308590827106247
78 88 -0.33728557807518866
79 80 0.34512205904422544
79 89 -0.8573206254855854
80 90 0.0036137822368469408
81 82 -0.573229292840169
81 91 -0.09575207636463379
82 83 0.5372950130390186
82 92 -0.37201064557467567
83 84 -0.8154753083064958
83 93 0.41878878745042547
84 85 -0.7262477624050983
84 94 -0.31292694059128334
85 86 0.5935219138638046
85 95 0.43448446455045997
86 87 -0.7437042919945343
86 96 -0.5391386511795611
87 88 0.6906903175279469
87 97 -0.6634493892655113
88 89 0.18069170861267025
88 98 0.8813227867927762
89 90 -0.2784390124295577
89 99 -0.16380091464486823
90 100 -0.2349777221403324
91 92 0.8624120393780434
92 93 0.14525066528790798
93 94 0.04869119353039442
94 95 -0.35114766065511405
95 96 -0.7057048561166139
96 97 0.3183167941411218
97 98 0.3299379258095221
98 99 0.9851154383452805
99 100 -0.6371914218852661
