1 2 -0.556013657820521
1 11 0.7414646123547528
2 3 0.19985839324997512
2 12 -0.4683617649289855
3 4 -0.4818048071777885
3 13 0.6049937705257404
4 5 0.2707124111637862
4 14 0.6238047823608213
5 6 0.8870801640317592
5 15 -0.7766151456328572
6 7 0.9702735953916091
6 16 0.6028030608221402
7 8 0.4200980947088768
7 17 0.4031056651627447
8 9 0.6292840231157206
8 18 0.6205710583649913
9 10 -0.08130881048271155
9 19 -0.16269179992620098
10 20 -0.3962278045345402
11 12 -0.5865616893211472
11 21 0.8372218158758431
12 13 -0.4306282387172724
12 22 -0.492823588452425
13 14 0.7409661740029663
13 23 0.8454992278913398
14 15 0.8533652304877486
14 24 0.8252535274075663
15 16 0.6871099322204475
15 25 -0.3079436964880953
16 17 -0.8920757957097063
16 26 -0.6190444530889947
17 18 0.5346627622355669
17 27 0.9486989577712879
18 19 0.17874775646748509
18 28 0.829468680234924
19 20 0.26581108158193434
19 29 0.05435766589312441
20 30 -0.3645995932948207
21 22 -0.023177622410341714
21 31 0.22348772580529142
22 23 -0.3448721046225318
22 32 -0.7116713986931591
23 24 -0.9955715749351128
23 33 -0.06102325648484541
24 25 0.6496214408770509
24 34 -0.8115945356453547
25 26 -0.7983454542747097
25 35 -0.23318186786576955
26 27 -0.09516230836604911
26 36 0.40588415423595636
27 28 -0.25257096520806144
27 37 -0.8338911139231102
28 29 -0.8803567264907308
28 38 0.9299932805406645
29 30 0.9224222803482305
29 39 0.5780202291124874
30 40 0.20268231179077656
31 32 0.5318157129606311
31 41 0.036835975745886484
32 33 -0.6687742775974648
32 42 0.9278610581358837
33 34 0.962937475212021
33 43 -0.20211039219429905
34 35 -0.27790316307238183
34 44 -0.9289819364793395
35 36 0.02070959467849587
35 45 0.9222061639302597
36 37 -0.3359037009286452
36 46 -0.2800336096573848
37 38 -0.5207191207755502
37 47 -0.5570344799140097
38 39 0.14195043371161153
38 48 -0.3949637749992114
39 40 -0.00660898175481095
39 49 -0.5777179982115244
40 50 0.12182917962030393
41 42 -0.4063989968475561
41 51 -0.6245575426774967
42 43 0.9204534305713876
42 52 -0.6231706888081296
43 44 0.6274649551738363
43 53 0.0929129959449555
44 45 0.09271669708161379
44 54 0.5922854417120085
45 46 -0.25697476934398544
45 55 -0.9752611767992847
46 47 0.842941131918354
46 56 0.9072610114546942
47 48 -0.27280040639178793
47 57 0.6206284642247035
48 49 0.6514116529967013
48 58 0.3188345607066425
49 50 0.20796828219256724
49 59 0.4971516211096356
50 60 0.28469908031044433
51 52 -0.8385174624702503
51 61 0.47688059239794
52 53 -0.9513868767410261
52 62 -0.5908889072400987
53 54 0.541708174280449
53 63 -0.030137850023084
54 55 -0.8977143937973058
54 64 -0.6226645284137842
55 56 0.7194137739763831
55 65 -0.7777785009192695
56 57 -0.18462854264571282
56 66 0.7971423097694466
57 58 -0.8798076602673004
57 67 -0.10051288420688786
58 59 0.9730028828067918
58 68 -0.7850209328498021
59 60 0.5117276625212284
59 69 0.9870080158653345
60 70 0.23162707903699054
61 62 -0.11738155420809382
61 71 -0.6833802645746976
62 63 0.399687228253115
62 72 0.5590291711110595
63 64 -0.9417768726545646
63 73 -0.8269486231955898
64 65 -0.2690444641756704
64 74 -0.5114182660841833
65 66 -0.0433219120264301
65 75 0.6999600647723871
66 67 -0.33949349608098744
66 76 -0.8345228618400247
67 68 0.6263410549666899
67 77 -0.4715232509187024
68 69 0.1618370552667907
68 78 -0.05434368988542637
69 70 -0.5630044373198022
69 79 -0.14872533293002665
70 80 0.21000862698040468
71 72 0.7598740624025577
71 81 -0.4518270760155507
72 73 -0.954133815121837
72 82 0.15532571625951208
73 74 -0.7770923752439534
73 83 -0.4975097766189047
74 75 0.590174945842064
74 84 -0.29581012846726296
75 76 0.029475934001358173
75 85 -0.10678434415537352
76 77 0.05343513091718277
76 86 0.32168878191677064
77 78 -0.8731980360532627
77 87 -0.5157846554881302
78 79 0.3045415719754012
78 88 -0.5162818918051417
79 80 -0.15230079438955468
79 89 -0.3627071246353373
80 90 0.5547639892570284
81 82 -0.17152996183789737
81 91 -0.40784013453270407
82 83 -0.9967156545679094
82 92 0.030945223810787015
83 84 0.92983058505273
83 93 0.2635321054754909
84 85 0.27775536412073065
84 94 -0.01316989620648057
85 86 0.6009528415011394
85 95 -0.9592172431036987
86 87 0.7859685887105967
86 96 0.9303150940286813
87 88 -0.8298590764995688
87 97 0.615554870694704
88 89 -0.9377398731631879
88 98 0.08846470549237151
89 90 -0.26933396213119387
89 99 -0.044117379790887146
90 100 -0.38153845705304557
91 92 0.25757581775896665
92 93 0.27959035226171425
93 94 0.6333204052307237
94 95 0.16699948744011306
95 96 0.14523729761559845
96 97 0.5398653537826295
97 98 -0.6594998487238357
98 99 -0.27057964241523
99 100 0.0841808181540169
