1 2 0.920034606671837
1 11 0.3990240998991521
2 3 0.685559099130086
2 12 -0.387974820100754
3 4 -0.19556317083845776
3 13 0.24875012431977095
4 5 0.08699951218770963
4 14 0.7591781834242417
5 6 -0.2743764620285578
5 15 -0.8242278704798098
6 7 0.5383252279074453
6 16 -0.05083149482898275
7 8 0.3021826972285018
7 17 -0.6925887655458667
8 9 0.3793973949768219
8 18 -0.42750847732874586
9 10 0.964585992980777
9 19 -0.908212794679067
10 20 0.6436326037318747
11 12 0.9997345852477584
11 21 -0.5598654004342964
12 13 0.26233955491039107
12 22 0.3604777208923102
13 14 -0.7139265882321963
13 23 -0.7544030328134415
14 15 -0.7718068702556269
14 24 -0.93712238911273
15 16 -0.312333152541336
15 25 0.14221929138220868
16 17 0.03822633749562088
16 26 0.8883860915986308
17 18 0.05654214749744013
17 27 0.36429699805264226
18 19 0.803737756191431
18 28 -0.8895522997563103
19 20 0.13361016520612257
19 29 -0.801095399466021
20 30 0.8364774013765424
21 22 -0.277887292071884
21 31 0.4796819804188741
22 23 0.9408551207906413
22 32 0.7871343038415224
23 24 -0.16634017847499583
23 33 0.11376596410391993
24 25 0.9056201207460732
24 34 -0.4225130512798565
25 26 -0.6689746350793613
25 35 0.263231877706223
26 27 0.28705072381767516
26 36 -0.12349925452616839
27 28 0.42359922674529105
27 37 0.48523336627974323
28 29 -0.15780773233800582
28 38 0.5737911731065093
29 30 -0.2993260530609583
29 39 -0.21107307491361849
30 40 -0.7006401873717574
31 32 0.9929114501781939
31 41 -0.36730604441878323
32 33 0.8848517227215611
32 42 0.2844509624455889
33 34 0.8828383508788449
33 43 -0.18148195499353892
34 35 -0.11610165822995056
34 44 -0.4819569354771367
35 36 -0.8688689294023078
35 45 0.8257483824099663
36 37 -0.0724245847885181
36 46 -0.5023370923421273
37 38 0.157468736130296
37 47 -0.2390005352411042
38 39 0.8545676962966935
38 48 -0.6851185252057672
39 40 -0.22543427153873208
39 49 -0.19460165519843842
40 50 -0.3401118919705626
41 42 -0.7269108403529507
41 51 -0.2320399796967998
42 43 0.2292952676841684
42 52 -0.5446334912040482
43 44 0.4735028987658805
43 53 0.9909013487324982
44 45 0.19378288745421846
44 54 0.3105720919546193
45 46 -0.8226920415464909
45 55 -0.6012246433963455
46 47 -0.4864812609759923
46 56 -0.9540118705737892
47 48 0.5300992415009178
47 57 -0.8975275454015583
48 49 0.11716858482711867
48 58 -0.09765648611040345
49 50 0.8598322912551408
49 59 0.8842753802676953
50 60 -0.20048412799154547
51 52 -0.3589614328696138
51 61 -0.26717049383296976
52 53 -0.027936262067254525
52 62 0.6144385987768266
53 54 0.8333286984219352
53 63 -0.9959534548118836
54 55 -0.44860907870847155
54 64 0.7159449158782389
55 56 -0.0560946040982353
55 65 -0.11800563960452437
56 57 0.8648101740374092
56 66 -0.2154819873308691
57 58 0.8246726173077592
57 67 -0.12591398861384473
58 59 0.4979707202789412
58 68 0.6785073072130987
59 60 -0.6395192122340425
59 69 0.4610262168171506
60 70 -0.803923031357876
61 62 0.4193031251762549
61 71 0.800284861046747
62 63 0.688440307044726
62 72 0.0693617324599145
63 64 0.9426633864585794
63 73 0.7780963533974476
64 65 0.7774482927676969
64 74 -0.42987881786936444
65 66 0.5311028533772693
65 75 -0.9745129326662649
66 67 0.2965747463544741
66 76 -0.28652094848034526
67 68 0.2719029584232693
67 77 0.642841587240913
68 69 -0.9088507463364282
68 78 0.011286123506075274
69 70 0.36036249985152047
69 79 0.7677967705879669
70 80 0.2573140228293729
71 72 0.06823087839544106
71 81 -0.5054124701801097
72 73 0.51559609970888
72 82 -0.0006462277923211524
73 74 0.39897721247438
73 83 -0.8049506629041474
74 75 0.31912083821820625
74 84 0.9442405187336476
75 76 0.3613259283418577
75 85 -0.44879472015292365
76 77 -0.7791192035491332
76 86 -0.10288359871654262
77 78 -0.6475795728475817
77 87 0.10358299817107075
78 79 0.1776296154857393
78 88 -0.87646336969053
79 80 0.16175013039625075
79 89 0.3975489782965913
80 90 0.40457812634785495
81 82 0.34361312515415054
81 91 0.12345821462627526
82 83 0.700655793189924
82 92 0.23939355071214363
83 84 0.14685807783680271
83 93 0.6400742326601914
84 85 0.5937482251126951
84 94 -0.6410711976464478
85 86 0.20795964251568289
85 95 0.09194569237458139
86 87 -0.06215232707610574
86 96 -0.8837082562120813
87 88 0.09681321106453877
87 97 0.8406561587956372
88 89 -0.9501553631726658
88 98 0.18517908242637726
89 90 -0.49743056637309535
89 99 0.6258370749070921
90 100 -0.8146456925117227
91 92 0.08511975341901956
92 93 0.7232283581002277
93 94 0.12178210129118883
94 95 0.5693459557753042
95 96 -0.5804203788984343
96 97 0.6332074050925793
97 98 0.6665737950767556
98 99 0.4787555778298631
99 100 0.12581650580273118
