1 2 0.9340596780273533
1 11 0.09446449835144466
2 3 -0.1277067062404047
2 12 0.8979546135631256
3 4 -0.20619999419653467
3 13 0.24783222709644614
4 5 0.8093351774867339
4 14 -0.19034956537818792
5 6 -0.902931727160895
5 15 -0.7803637637643119
6 7 -0.47815568541100895
6 16 -0.17505557667448635
7 8 -0.06902065036492866
7 17 0.5259872825507323
8 9 -0.18475664541668468
8 18 0.5630622477954195
9 10 -0.2673277214969314
9 19 0.6809321294443644
10 20 -0.2493197133273286
11 12 0.9453687199297687
11 21 0.4296319873487293
12 13 0.5726119718701219
12 22 0.7325785971633969
13 14 0.5348099341802477
13 23 -0.6420521799177383
14 15 -0.33765099381775454
14 24 0.14427754054549724
15 16 0.36804643024725525
15 25 0.029307394167312983
16 17 -0.16193193089539926
16 26 0.8048437117522818
17 18 0.5056403909608258
17 27 0.9624198382625215
18 19 -0.2917089236412693
18 28 0.851617194558518
19 20 -0.34335572623818367
19 29 -0.3548500474934886
20 30 0.07556333235109336
21 22 0.3954576491945416
21 31 -0.5678210088392472
22 23 -0.6536691570081037
22 32 -0.850102825973786
23 24 -0.24884846282491524
23 33 0.005066118653868745
24 25 0.6908872981882266
24 34 0.7220286235061439
25 26 0.1432827432294983
25 35 0.6874139879813108
26 27 0.9592325240809707
26 36 0.24713767881382775
27 28 0.9465559882578614
27 37 -0.9198177507176633
28 29 0.4409042428492327
28 38 0.10385288146274929
29 30 0.8705817144673749
29 39 0.8399746953957956
30 40 -0.1097496138794638
31 32 0.9525489095524835
31 41 -0.9875394895908203
32 33 0.2014854427555386
32 42 -0.6640556325631923
33 34 0.3733341598326916
33 43 -0.4926407026772337
34 35 0.19137623413666893
34 44 -0.8306767779591795
35 36 -0.024524721700651453
35 45 0.6202888442522898
36 37 -0.8336317548582777
36 46 0.46599743519199
37 38 -0.9680574449368786
37 47 0.08658063004706817
38 39 -0.6380703279497952
38 48 -0.18081722066470118
39 40 0.9373482507543638
39 49 0.6150979064292015
40 50 0.22362469720345812
41 42 -0.4940352752331121
41 51 -0.13041693519110842
42 43 0.4667603350211398
42 52 -0.18311227969597055
43 44 0.10948172588511706
43 53 0.24986168812819542
44 45 0.19453321463834983
44 54 -0.5090925828337958
45 46 0.020487258589880097
45 55 0.8534413864805024
46 47 0.357370804957968
46 56 0.6520457340504391
47 48 -0.9322447642031817
47 57 0.314969271670545
48 49 0.5257635796866469
48 58 0.9815936370341143
49 50 -0.8261687647144695
49 59 -0.8181788967581796
50 60 0.46903810601729856
51 52 0.5587658435875049
51 61 -0.6046298507994938
52 53 0.05581764683584067
52 62 0.875143167901884
53 54 0.7910023321122921
53 63 -0.27429282313374714
54 55 0.46518689717993555
54 64 0.7893025846334776
55 56 0.333855543079252
55 65 -0.7025463211318861
56 57 -0.3050973265778887
56 66 -0.8822398116837538
57 58 0.06980520332890516
57 67 0.33311679220052026
58 59 -0.8526952517587467
58 68 -0.7304947859964455
59 60 0.11416415053040807
59 69 0.7123675418556352
60 70 -0.3283011801950866
61 62 0.7259864711984445
61 71 0.9668013543506255
62 63 0.043392244889916
62 72 -0.7836132342255386
63 64 0.2751141460374733
63 73 -0.6171071957620733
64 65 0.0294679418262902
64 74 0.20712702072041278
65 66 -0.27089364934848836
65 75 0.7315498318881986
66 67 0.2236436329105842
66 76 -0.751970763373456
67 68 -0.11731859125465993
67 77 -0.45505708255252775
68 69 0.4800894600038519
68 78 0.6675627398427826
69 70 0.7683957279505365
69 79 0.2736973457332017
70 80 -0.6295815316533744
71 72 -0.6723155171906026
71 81 0.19466788786571843
72 73 -0.6835531856304011
72 82 0.09040530340642561
73 74 -0.004411770765388567
73 83 -0.6351091908575863
74 75 -0.8698643752343853
74 84 0.08014945928561268
75 76 -0.29942957828896866
75 85 -0.6219484810876903
76 77 0.5190590583266628
76 86 0.5888466351532844
77 78 0.8993378798956879
77 87 0.4565388803864938
78 79 -0.8224542852195946
78 88 0.6588358994420114
79 80 0.911609187967831
79 89 -0.6962287975346055
80 90 0.47490394682935255
81 82 -0.98202780466489
81 91 -0.22685743471274122
82 83 0.04880816013694678
82 92 0.2752204882519873
83 84 0.8367660782795254
83 93 -0.13635585731754474
84 85 -0.7416264326591246
84 94 0.22912569270066396
85 86 -0.0547573816684539
85 95 -0.21443765035574014
86 87 -0.18274642650020412
86 96 0.8875950117660911
87 88 -0.9873521254690345
87 97 -0.801344470211651
88 89 0.573464628870169
88 98 0.37644254640825214
89 90 -0.556838140038894
89 99 -0.33500966602500704
90 100 0.7722684627082654
91 92 -0.9116798841370009
92 93 -0.1970091128194542
93 94 0.6603762041966925
94 95 -0.2726993059103242
95 96 0.23785985328818726
96 97 -0.6524404124894483
97 98 0.26338449024995914
98 99 -0.3201471670356899
99 100 -0.4863901582368857
