1 2 -0.128010195716
1 41 -0.948147536344
2 3 0.165369777058
2 42 -0.948898116301
3 4 0.752532903408
3 43 -0.13522180911
4 5 -0.238414832568
4 44 -0.643380344445
5 6 -0.913020604127
5 45 -0.504898248755
6 7 -0.559396689761
6 46 0.125714797831
7 8 -0.107063783333
7 47 0.524861116605
8 9 -0.637757103369
8 48 0.750842686452
9 10 -0.36821571063
9 49 -0.528699939764
10 11 -0.905740645542
10 50 0.19880015581
11 12 0.345244783757
11 51 -0.170513831612
12 13 0.311894533484
12 52 -0.942642495233
13 14 -0.737636606744
13 53 0.250440943875
14 15 -0.814339072525
14 54 -0.627304939727
15 16 0.945587634973
15 55 0.823716848003
16 17 0.697595951873
16 56 -0.57802660052
17 18 -0.179607725
17 57 -0.921541389116
18 19 0.513659557565
18 58 -0.0948637496577
19 20 -0.763887606938
19 59 0.251082763421
20 21 -0.536730159101
20 60 0.928991410293
21 22 -0.470593693313
21 61 -0.86278300436
22 23 -0.179474575163
22 62 0.149553475117
23 24 0.196632565182
23 63 -0.124395972651
24 25 -0.203501055095
24 64 -0.513260148897
25 26 0.289575566835
25 65 -0.548170323311
26 27 0.376706354653
26 66 -0.467006194672
27 28 -0.386060952394
27 67 -0.837926141305
28 29 0.494094505897
28 68 0.885720607701
29 30 0.71891439824
29 69 0.0543062113311
30 31 -0.54774094575
30 70 -0.506064315324
31 32 -0.338553687547
31 71 -0.145591023123
32 33 0.18626551066
32 72 0.296781018422
33 34 -0.401185937006
33 73 0.878510933488
34 35 0.652324726871
34 74 -0.750159334975
35 36 0.278011247623
35 75 0.112828937904
36 37 0.960859352807
36 76 0.919602629179
37 38 0.812962628131
37 77 0.129102322572
38 39 -0.969041129291
38 78 -0.0390377181248
39 40 0.449044960242
39 79 -0.219334095115
40 80 0.715204470756
41 42 0.0993249557574
41 81 -0.129355214763
42 43 0.324404038537
42 82 -0.224953148253
43 44 0.23928292742
43 83 -0.41914651413
44 45 0.563318851332
44 84 -0.0555828251684
45 46 0.886341445334
45 85 0.113720332487
46 47 0.0789221891487
46 86 -0.00927599439135
47 48 0.273126836369
47 87 -0.629512050174
48 49 -0.392828404502
48 88 -0.444693854825
49 50 0.86597054156
49 89 0.597425247606
50 51 -0.0361422135179
50 90 0.199158423425
51 52 -0.441799842712
51 91 0.785556398792
52 53 -0.788274698169
52 92 0.336527009317
53 54 -0.577958581068
53 93 -0.243326646398
54 55 0.575532691228
54 94 0.448487631497
55 56 0.518525511693
55 95 -0.496872103545
56 57 0.584319922206
56 96 -0.87069867011
57 58 0.509748226845
57 97 0.591370687234
58 59 0.547506155474
58 98 -0.0522616604433
59 60 -0.990943749301
59 99 0.61514283806
60 61 0.940152854012
60 100 -0.2864499571
61 62 -0.504613643236
61 101 -0.19197169249
62 63 0.0430667855063
62 102 0.72530559588
63 64 0.900465686346
63 103 0.384472936516
64 65 -0.727700722031
64 104 -0.608762972633
65 66 -0.588314086069
65 105 -0.297838969553
66 67 0.721466105459
66 106 0.845740487859
67 68 -0.283516564107
67 107 0.576128476374
68 69 -0.493301973733
68 108 0.582468982004
69 70 -0.74161403274
69 109 0.460142541003
70 71 0.33059790503
70 110 0.896079925749
71 72 0.324049409329
71 111 0.909577539711
72 73 -0.598148773186
72 112 0.713767801678
73 74 0.509058046393
73 113 0.108584880849
74 75 -0.302223844971
74 114 -0.302554924976
75 76 -0.219957202042
75 115 0.0633912559619
76 77 0.982092637172
76 116 0.717100758769
77 78 -0.415585157757
77 117 0.57503445065
78 79 0.694907147425
78 118 0.209465012669
79 80 0.117566812788
79 119 0.615380280302
80 120 -0.132622248344
81 82 -0.159264395825
81 121 -0.339330357992
82 83 -0.00585240253097
82 122 -0.170188325251
83 84 0.230509146929
83 123 0.907319924765
84 85 -0.481039191191
84 124 0.384798491762
85 86 -0.28496353529
85 125 -0.981099251724
86 87 -0.398493859993
86 126 0.0228974506764
87 88 0.158403920136
87 127 0.308483869262
88 89 -0.69974420728
88 128 -0.110636355515
89 90 -0.313083444392
89 129 -0.100332249625
90 91 0.519837186497
90 130 0.740051553742
91 92 0.288548628815
91 131 -0.503943735162
92 93 -0.794859919978
92 132 -0.866818677434
93 94 -0.197502440535
93 133 0.248894660727
94 95 -0.737724321227
94 134 0.416257279941
95 96 0.801111274364
95 135 -0.405658412204
96 97 -0.370563841035
96 136 -0.658653040159
97 98 0.870233959207
97 137 0.0421663315051
98 99 0.452425949365
98 138 0.549992909822
99 100 0.198080729005
99 139 -0.394265827852
100 101 -0.916457419689
100 140 0.599748924539
101 102 -0.92586398638
101 141 -0.223905868418
102 103 -0.989734326199
102 142 -0.759333875981
103 104 0.0420123693774
103 143 0.126126403552
104 105 0.0385057426912
104 144 -0.952499445351
105 106 -0.984143235094
105 145 0.407436782093
106 107 0.973804822629
106 146 0.472582401547
107 108 -0.560989198905
107 147 -0.912502386698
108 109 -0.23897678045
108 148 0.560083196266
109 110 0.401736957102
109 149 0.828555247112
110 111 0.514981229025
110 150 -0.755312020849
111 112 -0.592679189357
111 151 -0.448895321354
112 113 -0.0387673879243
112 152 0.218798115729
113 114 -0.917756676547
113 153 0.165880441945
114 115 -0.815902553458
114 154 0.511556282738
115 116 -0.309481456613
115 155 0.209123521958
116 117 0.246832475581
116 156 0.984770228285
117 118 0.371781107422
117 157 -0.306613048464
118 119 -0.399641219595
118 158 0.948983632115
119 120 0.683294513642
119 159 -0.96011308365
120 160 0.965345404738
121 122 -0.590702731924
121 161 0.238541932701
122 123 -0.298256197397
122 162 0.101955810649
123 124 -0.103970566952
123 163 -0.585900323493
124 125 0.960970157998
124 164 -0.507492822064
125 126 -0.49290346555
125 165 -0.491546619699
126 127 0.572457033503
126 166 0.625011162984
127 128 0.187480740391
127 167 0.082953277987
128 129 -0.537050548207
128 168 -0.28227680651
129 130 -0.797780003247
129 169 0.178759288927
130 131 0.00604282188899
130 170 -0.852678005748
131 132 0.536187467546
131 171 0.073618050082
132 133 -0.0966266076928
132 172 -0.270517051459
133 134 0.910530251226
133 173 0.977144723581
134 135 0.523556362007
134 174 -0.618279095426
135 136 0.755257723793
135 175 -0.917203989519
136 137 0.948702019904
136 176 0.213706378898
137 138 -0.86681605258
137 177 0.853322588798
138 139 0.708683468636
138 178 -0.677831479957
139 140 0.781723124636
139 179 0.685650674872
140 141 -0.438680788296
140 180 -0.896353505803
141 142 -0.513337604012
141 181 0.980508697709
142 143 -0.357514065566
142 182 0.699816290505
143 144 -0.782300328606
143 183 -0.448987118001
144 145 0.264425350316
144 184 0.206351889638
145 146 -0.773280433771
145 185 -0.533069440254
146 147 -0.524667660013
146 186 0.627921104607
147 148 -0.174923507133
147 187 -0.499995959342
148 149 0.569143880602
148 188 -0.940188876028
149 150 -0.851559118374
149 189 0.367643787759
150 151 -0.0505252404938
150 190 -0.907415715447
151 152 0.908011433004
151 191 -0.506396421313
152 153 -0.755740859744
152 192 -0.249780438332
153 154 -0.090452994998
153 193 0.436708099999
154 155 -0.734180822665
154 194 -0.00577788121386
155 156 -0.0308597185522
155 195 -0.815394749925
156 157 -0.715612974302
156 196 0.129065784462
157 158 0.139609340676
157 197 -0.560426099277
158 159 0.950353542019
158 198 -0.432474120084
159 160 -0.465285202081
159 199 0.238480309622
160 200 0.571188750463
161 162 -0.400690652651
161 201 -0.466345449794
162 163 0.94582137975
162 202 -0.774447569524
163 164 -0.149265416189
163 203 -0.110851470472
164 165 0.580487605188
164 204 0.524670488448
165 166 -0.658628947932
165 205 -0.310040080646
166 167 0.0656817749917
166 206 0.612670428821
167 168 0.183758137072
167 207 0.417982344587
168 169 -0.33270684645
168 208 0.249775139566
169 170 0.457812950262
169 209 -0.544094410101
170 171 0.827527972714
170 210 -0.878436342991
171 172 -0.160462079712
171 211 -0.80521820148
172 173 0.346685832327
172 212 -0.919377319035
173 174 -0.402131766075
173 213 -0.470968807727
174 175 0.341394347888
174 214 -0.188798865754
175 176 -0.887177691381
175 215 0.606317973594
176 177 -0.442159896063
176 216 0.84496227487
177 178 -0.497881383794
177 217 -0.736328157983
178 179 0.446607017545
178 218 -0.978039119449
179 180 0.263440324442
179 219 -0.848698586954
180 181 -0.510949360814
180 220 -0.695478829568
181 182 -0.657017568815
181 221 0.688713030406
182 183 -0.992022139313
182 222 0.0666844622275
183 184 0.411599152119
183 223 0.969258770852
184 185 0.279564457957
184 224 0.643669610093
185 186 -0.876801070932
185 225 -0.109572600926
186 187 -0.564947659323
186 226 -0.768236338909
187 188 0.304382609508
187 227 -0.250980095
188 189 -0.730249379864
188 228 -0.284432996151
189 190 -0.831673936725
189 229 -0.604764761397
190 191 0.78058630358
190 230 -0.521655806849
191 192 -0.84387527909
191 231 0.481399234246
192 193 -0.455112844376
192 232 0.0683052274162
193 194 0.182513227912
193 233 0.434065824544
194 195 0.937708244126
194 234 0.736422840755
195 196 -0.922748707312
195 235 0.787767139216
196 197 0.797034304979
196 236 0.564966047365
197 198 0.484833259162
197 237 0.0824943544126
198 199 0.959129133847
198 238 -0.207053130464
199 200 0.921816341594
199 239 0.0289059211252
200 240 -0.851116374547
201 202 0.242267665539
201 241 0.0582841885541
202 203 -0.373482943141
202 242 -0.916404580369
203 204 0.0152349733439
203 243 0.0514664996219
204 205 -0.759920415645
204 244 0.677805189118
205 206 -0.594701897305
205 245 -0.874196919638
206 207 -0.931449040781
206 246 -0.691867758201
207 208 0.541955947323
207 247 -0.821899607404
208 209 -0.108595605826
208 248 0.355886886958
209 210 -0.115969329699
209 249 0.349695202091
210 211 0.588942552991
210 250 -0.757522412612
211 212 -0.555677045561
211 251 -0.789151083457
212 213 -0.549376439227
212 252 -0.429629359019
213 214 0.440515899662
213 253 0.379198985632
214 215 -0.853184036575
214 254 0.034909020558
215 216 -0.786582744281
215 255 -0.121585615349
216 217 0.107745831399
216 256 -0.287863341486
217 218 -0.7094791689
217 257 0.182328446432
218 219 -0.20013929864
218 258 0.131216908114
219 220 0.929673065415
219 259 0.237270282014
220 221 0.819855887604
220 260 -0.610161242988
221 222 -0.664136115773
221 261 0.158833817446
222 223 -0.99819636762
222 262 0.0811958683381
223 224 -0.394208809717
223 263 0.981523126667
224 225 -0.884018901577
224 264 0.930464825057
225 226 -0.454823203112
225 265 0.029582782924
226 227 -0.702014652416
226 266 -0.494152933788
227 228 0.915470447042
227 267 0.511849295777
228 229 0.0679265540318
228 268 0.842773510171
229 230 0.862524105
229 269 0.707623980767
230 231 -0.136204003073
230 270 -0.811062998415
231 232 0.295169603132
231 271 -0.668079281265
232 233 -0.45373560234
232 272 0.153589462823
233 234 -0.0209694347416
233 273 -0.697795110049
234 235 0.509366127792
234 274 0.237327162866
235 236 -0.648972800394
235 275 0.742073460054
236 237 -0.265616396361
236 276 0.302528187867
237 238 -0.451711471706
237 277 -0.226018573806
238 239 -0.282455107098
238 278 0.0255116988553
239 240 -0.297735520525
239 279 -0.257931926091
240 280 -0.935578274216
241 242 -0.73084010931
241 281 0.0271562425315
242 243 0.476799517242
242 282 0.315024775318
243 244 -0.915141616235
243 283 -0.67116182766
244 245 -0.0765221904869
244 284 -0.748437234894
245 246 -0.804079208227
245 285 -0.00654499537177
246 247 0.496370055337
246 286 -0.230260205555
247 248 0.826990980827
247 287 -0.100749989885
248 249 -0.398286261978
248 288 -0.355236407867
249 250 -0.114712972144
249 289 0.10109088163
250 251 0.805263840758
250 290 0.268875893355
251 252 0.394458789969
251 291 0.495261675129
252 253 -0.349463775399
252 292 -0.984132125328
253 254 -0.457288121976
253 293 0.891954289078
254 255 -0.0148655984483
254 294 0.763817395073
255 256 -0.313688927101
255 295 -0.444184952287
256 257 0.417438527708
256 296 0.349978368146
257 258 -0.218475949113
257 297 0.416078434435
258 259 -0.940983019589
258 298 -0.923218389298
259 260 0.787965610194
259 299 -0.67403077913
260 261 0.498677386449
260 300 -0.717023975401
261 262 0.318252042232
261 301 0.0698305620195
262 263 -0.0413714238097
262 302 -0.737344780502
263 264 -0.295562687914
263 303 -0.0923527648426
264 265 -0.0117014044501
264 304 -0.0539133748458
265 266 0.349166987504
265 305 -0.611158211249
266 267 0.168927041055
266 306 0.62042508616
267 268 0.424449582658
267 307 -0.896057695966
268 269 -0.356148106318
268 308 -0.945728569089
269 270 0.947620991797
269 309 -0.335066335972
270 271 -0.741914867899
270 310 -0.0209886035809
271 272 0.295053446513
271 311 0.730370416863
272 273 -0.482583938745
272 312 0.215584648885
273 274 -0.752489528603
273 313 -0.654018928504
274 275 -0.65866208916
274 314 0.627548355864
275 276 0.234924039808
275 315 -0.0268359249526
276 277 0.56242631289
276 316 -0.290108186863
277 278 -0.629901848966
277 317 0.985995208381
278 279 0.387014866822
278 318 0.954359204245
279 280 0.125178000267
279 319 0.494539842666
280 320 -0.0287673550224
281 282 -0.631120268706
281 321 0.570670295633
282 283 -0.5707285072
282 322 -0.166493119609
283 284 -0.0995456407653
283 323 0.415942341238
284 285 0.0726869461921
284 324 -0.406974498411
285 286 -0.860678819175
285 325 0.870307126703
286 287 -0.364203019609
286 326 0.144017625934
287 288 0.393242231622
287 327 -0.224721901667
288 289 0.996559060344
288 328 -0.523452184362
289 290 -0.610301487019
289 329 0.58999636206
290 291 -0.3796501024
290 330 0.730288977756
291 292 -0.128506508013
291 331 -0.89141102143
292 293 0.10176572537
292 332 -0.973996084482
293 294 0.60275037881
293 333 -0.602747871401
294 295 0.120383448722
294 334 0.680497463791
295 296 -0.27589748985
295 335 -0.0286764043136
296 297 0.924484996459
296 336 -0.877562342211
297 298 -0.83326400823
297 337 -0.967072744111
298 299 -0.521461206458
298 338 -0.289729127108
299 300 -0.945658144425
299 339 -0.401582568558
300 301 -0.847326519591
300 340 -0.257065383061
301 302 0.892913325574
301 341 -0.135794421171
302 303 0.169010581524
302 342 0.240271381399
303 304 0.9488258382
303 343 0.652198802107
304 305 -0.671036301242
304 344 0.317372786647
305 306 -0.33612518159
305 345 0.127062686531
306 307 -0.493864844795
306 346 0.117292662456
307 308 -0.381929353978
307 347 -0.0127938449479
308 309 0.721170336432
308 348 0.413884336016
309 310 -0.152102465264
309 349 0.865757574532
310 311 -0.639352998815
310 350 0.767451212619
311 312 0.228340394398
311 351 0.791158287828
312 313 -0.290485548033
312 352 -0.477745689735
313 314 0.839385057915
313 353 -0.108482095487
314 315 0.49403748634
314 354 0.492829307164
315 316 0.107107522884
315 355 -0.562466968455
316 317 -0.968508893029
316 356 -0.711630095095
317 318 0.721587763549
317 357 0.896440309608
318 319 -0.43854635843
318 358 -0.813271165961
319 320 0.269387469046
319 359 0.383094809346
320 360 -0.43085257712
321 322 0.707950585279
321 361 -0.0115263252361
322 323 0.287683868296
322 362 0.322962653431
323 324 0.555175816611
323 363 0.554205998939
324 325 -0.648551613487
324 364 -0.841523658598
325 326 -0.587804729659
325 365 -0.0715753000819
326 327 -0.255158969727
326 366 0.819059819983
327 328 -0.89788570249
327 367 0.327282515239
328 329 0.525722957587
328 368 0.399173366107
329 330 -0.780774667145
329 369 -0.0585705636484
330 331 -0.639218848749
330 370 -0.568863525765
331 332 -0.660126930762
331 371 0.889811583497
332 333 -0.398873122913
332 372 0.819652192094
333 334 -0.00689824862799
333 373 -0.815408863847
334 335 -0.0934867990485
334 374 0.431079149716
335 336 0.672863364506
335 375 0.234367424514
336 337 0.754494141838
336 376 0.303678601575
337 338 0.920528239003
337 377 -0.818412992029
338 339 0.400894363256
338 378 -0.618799750945
339 340 0.567402829053
339 379 0.646742195605
340 341 0.220239421336
340 380 0.0626982178201
341 342 0.301602634549
341 381 0.739796431393
342 343 -0.0945569327908
342 382 0.595477119674
343 344 0.0544852460465
343 383 0.965253769646
344 345 0.743703877681
344 384 -0.84680642772
345 346 -0.517506380414
345 385 0.830028335185
346 347 0.765676694943
346 386 -0.0730033759453
347 348 0.804134126552
347 387 0.90253852196
348 349 0.376439053945
348 388 -0.190361746495
349 350 0.865777462605
349 389 -0.804300397418
350 351 -0.458350800861
350 390 0.383219108824
351 352 0.899851308372
351 391 0.594400165701
352 353 -0.849933750061
352 392 0.480168704357
353 354 0.495397003698
353 393 0.167795548037
354 355 -0.634231780235
354 394 0.804695940186
355 356 -0.880702840148
355 395 -0.997129941948
356 357 0.379493800659
356 396 -0.80687406585
357 358 -0.230656554463
357 397 0.397959179714
358 359 -0.41454708844
358 398 0.649399880416
359 360 -0.0370129073903
359 399 -0.0929316283597
360 400 0.71004702279
361 362 0.693122970715
361 401 -0.840709045982
362 363 -0.659045733032
362 402 0.763304471497
363 364 0.00555750501844
363 403 0.913495186614
364 365 -0.602201816341
364 404 -0.140822761887
365 366 -0.170663485787
365 405 -0.417324563134
366 367 -0.226057549954
366 406 0.672498390835
367 368 -0.268678871702
367 407 0.105559920263
368 369 0.295681302306
368 408 -0.756876801497
369 370 -0.417767763107
369 409 -0.789220271712
370 371 -0.348218300496
370 410 -0.172329897496
371 372 0.783831155469
371 411 -0.203479794855
372 373 -0.683609519724
372 412 0.276723875147
373 374 0.0499007558103
373 413 0.138822886361
374 375 0.93972799816
374 414 -0.957768916634
375 376 0.814736532304
375 415 0.673419087953
376 377 -0.692910392918
376 416 -0.184791686794
377 378 -0.308733557389
377 417 -0.962426718172
378 379 -0.207528525803
378 418 0.810650202628
379 380 0.778890721347
379 419 -0.294867110245
380 381 0.682796146355
380 420 -0.127225365773
381 382 -0.532057661241
381 421 0.0839343669822
382 383 -0.879894592048
382 422 -0.34666173118
383 384 0.97359512503
383 423 -0.686967461305
384 385 -0.380044034531
384 424 0.543977141075
385 386 -0.92217685984
385 425 -0.700520774447
386 387 -0.912330115779
386 426 0.0899949865093
387 388 -0.993099622359
387 427 0.242415944447
388 389 0.846275247183
388 428 -0.706054268403
389 390 -0.936715080109
389 429 -0.624333488664
390 391 -0.22860369014
390 430 -0.206201759884
391 392 0.226799980758
391 431 0.385468091215
392 393 -0.15983183425
392 432 -0.73533166459
393 394 0.922787052423
393 433 -0.377287597405
394 395 -0.767516528178
394 434 0.251616862919
395 396 0.370026556514
395 435 0.558438499082
396 397 0.498945198209
396 436 -0.286985382591
397 398 -0.0778123090471
397 437 -0.138270792467
398 399 0.647325660152
398 438 0.588504343224
399 400 0.340932175968
399 439 -0.933114053262
400 440 0.281161497677
401 402 0.0104921802434
401 441 -0.869426991226
402 403 0.556016319617
402 442 -0.732091583657
403 404 -0.33625257492
403 443 -0.0370836753079
404 405 0.283623527258
404 444 -0.82524164242
405 406 -0.35294297036
405 445 -0.576804833168
406 407 0.203527440188
406 446 0.824037554885
407 408 -0.466820318885
407 447 -0.592247838656
408 409 -0.988855365467
408 448 0.491106516663
409 410 0.711085959794
409 449 -0.599607312416
410 411 -0.562656477194
410 450 0.839420775016
411 412 -0.71712859184
411 451 -0.113054925293
412 413 -0.0869201730712
412 452 0.849872117782
413 414 -0.637328962362
413 453 -0.850844181839
414 415 -0.0973870277517
414 454 -0.14029144779
415 416 -0.707737836324
415 455 -0.154471370011
416 417 -0.886254270421
416 456 0.74102120153
417 418 0.766929310437
417 457 0.693683552307
418 419 -0.354720893208
418 458 0.531351292219
419 420 0.636218843499
419 459 -0.689958399809
420 421 0.223319282949
420 460 -0.880759242545
421 422 0.968366297985
421 461 0.522667808812
422 423 -0.0395599183634
422 462 -0.341298829229
423 424 0.574147575443
423 463 -0.457586587501
424 425 -0.922703466383
424 464 0.160010773919
425 426 -0.41129219836
425 465 0.362095104691
426 427 0.847727236906
426 466 -0.186990897795
427 428 0.843577208134
427 467 0.400777320189
428 429 0.24692378028
428 468 0.813403840166
429 430 0.0351510827585
429 469 -0.874295572534
430 431 -0.85471101647
430 470 0.34250154052
431 432 0.687963786426
431 471 -0.206540430688
432 433 -0.87463621471
432 472 0.731453805684
433 434 0.109909770634
433 473 0.826049252552
434 435 0.122226173566
434 474 -0.125499379153
435 436 0.201755333833
435 475 -0.240578090315
436 437 -0.220042530059
436 476 -0.541927117221
437 438 -0.913885078162
437 477 -0.417181399305
438 439 -0.232720409521
438 478 -0.17206298002
439 440 -0.541218384626
439 479 0.94524026162
440 480 0.176853509719
441 442 -0.143755344805
441 481 -0.806938168679
442 443 0.737833252864
442 482 0.497555756554
443 444 0.496747998682
443 483 0.715679036879
444 445 0.431461175542
444 484 -0.796510378073
445 446 -0.43946342446
445 485 -0.765789928607
446 447 -0.0318928512906
446 486 0.917028133191
447 448 -0.407590092375
447 487 0.683735265184
448 449 -0.833943002215
448 488 -0.514561759313
449 450 -0.0614644341955
449 489 0.225517853666
450 451 -0.119175497877
450 490 0.903651896061
451 452 -0.132954041722
451 491 -0.960922513657
452 453 -0.118610751391
452 492 -0.594698988393
453 454 -0.639840150826
453 493 -0.0243901677809
454 455 0.560139982956
454 494 -0.962923002358
455 456 0.0660262472708
455 495 -0.488484456003
456 457 -0.799564829405
456 496 -0.561443667343
457 458 0.177099570187
457 497 -0.682743365761
458 459 0.171179371866
458 498 -0.89339795643
459 460 0.099145539408
459 499 -0.898715840604
460 461 0.490470293031
460 500 0.390415862076
461 462 0.412961080255
461 501 -0.216854961575
462 463 -0.758101805108
462 502 -0.770728672836
463 464 -0.393240509164
463 503 -0.135553599767
464 465 -0.556691804381
464 504 0.0723210860391
465 466 -0.819433268972
465 505 0.772111348251
466 467 -0.302193488678
466 506 -0.032718565419
467 468 0.578343306056
467 507 -0.726363302118
468 469 -0.983938906795
468 508 0.00784529064239
469 470 0.513964358421
469 509 0.225895923094
470 471 0.179574893693
470 510 -0.751125798149
471 472 -0.733910996718
471 511 0.534488270729
472 473 -0.381757189183
472 512 0.110621765695
473 474 0.854565181643
473 513 -0.347317549901
474 475 -0.508861940426
474 514 0.758822576352
475 476 -0.288625656787
475 515 0.455770386914
476 477 0.484036812145
476 516 -0.333483483681
477 478 0.756241359665
477 517 -0.949511724253
478 479 -0.782588849003
478 518 0.642107931568
479 480 -0.870129156787
479 519 0.177715271192
480 520 -0.779126972315
481 482 -0.745680056597
481 521 0.193490617957
482 483 0.597171308198
482 522 0.0866904611678
483 484 -0.171079889734
483 523 0.697369028535
484 485 -0.648801858182
484 524 0.426643124315
485 486 0.378503749555
485 525 0.289052378749
486 487 0.153419320906
486 526 -0.944511404028
487 488 0.848030383348
487 527 0.957167175201
488 489 0.978455263525
488 528 0.932228350772
489 490 -0.460775587969
489 529 -0.0406727242744
490 491 -0.493498120511
490 530 -0.0628946678506
491 492 0.437983248354
491 531 0.314875947523
492 493 0.99131407461
492 532 0.4478869138
493 494 -0.888133118544
493 533 -0.651927340455
494 495 0.159705713781
494 534 -0.442351366805
495 496 0.132572468232
495 535 0.948441728428
496 497 0.417359513183
496 536 0.521921437459
497 498 0.603034315645
497 537 -0.864716277278
498 499 0.945502038929
498 538 -0.779412750035
499 500 0.440018403942
499 539 -0.275980791581
500 501 0.62383993748
500 540 -0.791565462289
501 502 0.702441896597
501 541 0.680342535809
502 503 0.547714768268
502 542 -0.46582972146
503 504 -0.0459616175397
503 543 -0.729208809129
504 505 -0.722677785142
504 544 -0.293876913711
505 506 0.809319948649
505 545 0.294936842743
506 507 0.0805641718781
506 546 -0.837957009478
507 508 -0.304316630203
507 547 -0.9147371625
508 509 0.65410852744
508 548 -0.374716502394
509 510 -0.276047449351
509 549 0.190400078402
510 511 0.313390454403
510 550 0.142972633525
511 512 -0.344408989919
511 551 -0.807698203953
512 513 -0.0325483021681
512 552 0.680632944919
513 514 -0.534548208755
513 553 -0.45418960193
514 515 -0.226166756863
514 554 -0.066069289821
515 516 0.500677907986
515 555 -0.249094610639
516 517 -0.438131182629
516 556 0.0193901671701
517 518 0.682816669194
517 557 -0.0284229833483
518 519 -0.383761861993
518 558 0.492873310083
519 520 -0.768462448448
519 559 -0.0670437812708
520 560 -0.589217414476
521 522 -0.547975998792
521 561 -0.78610863138
522 523 -0.558324169877
522 562 0.836917293179
523 524 -0.110858116499
523 563 0.431494168573
524 525 0.770527348821
524 564 0.966276722086
525 526 -0.376941193314
525 565 0.760597912315
526 527 0.477741698435
526 566 0.722801593165
527 528 -0.171338105268
527 567 0.54637313886
528 529 0.842649499636
528 568 0.166528958869
529 530 0.0609377088581
529 569 -0.110366256722
530 531 0.603203561768
530 570 0.978670369133
531 532 0.173168970984
531 571 0.613885385805
532 533 -0.740659703941
532 572 0.0564130653663
533 534 -0.611780077962
533 573 -0.141792300393
534 535 -0.0468429550567
534 574 0.434508848089
535 536 -0.549559158296
535 575 0.569125558832
536 537 -0.565933164455
536 576 -0.689462456635
537 538 -0.0857761015753
537 577 -0.368343951607
538 539 -0.316530732076
538 578 0.903811831981
539 540 -0.784240826131
539 579 0.329883182898
540 541 -0.0760294016694
540 580 0.308479466519
541 542 -0.124031515223
541 581 0.141255528681
542 543 0.326862192144
542 582 0.69333133755
543 544 0.527783958948
543 583 -0.934226121183
544 545 -0.284856210929
544 584 -0.194898283329
545 546 -0.231911481013
545 585 -0.443479193701
546 547 -0.0208368333097
546 586 -0.519514760104
547 548 -0.387881030298
547 587 0.724095004842
548 549 -0.091895806424
548 588 0.986128635971
549 550 0.8819056997
549 589 -0.824660748282
550 551 -0.28493320848
550 590 0.545599240268
551 552 -0.121424613833
551 591 -0.315036275063
552 553 0.0072601388662
552 592 -0.160945201722
553 554 0.810821716521
553 593 -0.287946875976
554 555 -0.0467190701792
554 594 0.753539227727
555 556 -0.755211175811
555 595 0.134371644403
556 557 -0.19356485467
556 596 0.205215475551
557 558 -0.194060458368
557 597 0.916503938811
558 559 0.0421586128373
558 598 0.775499536469
559 560 -0.31477785635
559 599 0.41702490675
560 600 0.624516009016
561 562 -0.559387585859
561 601 -0.300347429993
562 563 0.184169155333
562 602 -0.30752418109
563 564 -0.983103272842
563 603 -0.949597152659
564 565 0.305813901402
564 604 -0.0445272939872
565 566 -0.227248549811
565 605 0.222178600638
566 567 -0.802899981193
566 606 0.926886081689
567 568 -0.663893758819
567 607 0.488511782313
568 569 -0.0875359265902
568 608 -0.0753247959766
569 570 -0.273682692841
569 609 -0.487957167106
570 571 -0.100515720055
570 610 -0.0599808216771
571 572 0.641635298562
571 611 -0.57170619536
572 573 -0.387491574028
572 612 0.763821626392
573 574 0.0724310839679
573 613 -0.264967583285
574 575 0.259792081288
574 614 -0.507607181978
575 576 0.989897563811
575 615 -0.491886603772
576 577 -0.949651146855
576 616 -0.840228468524
577 578 0.994270735543
577 617 0.955482584255
578 579 -0.513491715585
578 618 0.898653012211
579 580 -0.147990721323
579 619 -0.361440997243
580 581 -0.983390549713
580 620 0.7023822026
581 582 0.35843713616
581 621 0.577680152757
582 583 -0.416351559893
582 622 -0.626493657659
583 584 0.921877835904
583 623 -0.465983459692
584 585 0.945745645438
584 624 -0.72997916992
585 586 -0.312691142032
585 625 0.759446593069
586 587 0.298454186169
586 626 0.0555047931367
587 588 0.134643780521
587 627 0.930278194777
588 589 0.273741105046
588 628 -0.877847695956
589 590 0.327378461385
589 629 0.587761047641
590 591 -0.236285977382
590 630 0.458554663766
591 592 -0.499935533189
591 631 -0.15754565277
592 593 -0.837698362007
592 632 -0.401079491877
593 594 -0.401832614937
593 633 0.526956588092
594 595 -0.308521945098
594 634 0.924535667275
595 596 -0.680836463614
595 635 0.400956002995
596 597 0.801610994668
596 636 0.175751711978
597 598 0.0487534688541
597 637 -0.843064922569
598 599 -0.323712896538
598 638 0.109700966394
599 600 0.632859620908
599 639 -0.410041897567
600 640 0.491109746401
601 602 -0.0644250308354
601 641 -0.59651354747
602 603 -0.47244294144
602 642 0.82783095433
603 604 0.880900987084
603 643 -0.795724103538
604 605 -0.82442489023
604 644 0.117901589395
605 606 0.0463386523504
605 645 -0.34988639278
606 607 0.126852072203
606 646 0.481403821875
607 608 -0.151587363068
607 647 0.688184178338
608 609 -0.3205217035
608 648 0.93470660433
609 610 0.812346756307
609 649 0.018960204516
610 611 0.881337915729
610 650 -0.13559402944
611 612 -0.859484652993
611 651 -0.262448316478
612 613 -0.678091060775
612 652 0.287787201512
613 614 0.290787821826
613 653 0.864101201047
614 615 -0.589187974531
614 654 0.701312805624
615 616 0.712122987836
615 655 -0.652195891992
616 617 0.76470491077
616 656 -0.641755974613
617 618 0.66215839366
617 657 -0.0978823135222
618 619 0.321008125672
618 658 -0.615534560627
619 620 -0.270021138982
619 659 0.529900363466
620 621 0.641436028592
620 660 0.0259598216008
621 622 -0.108924774231
621 661 -0.336614869483
622 623 0.146609495003
622 662 0.601802843345
623 624 0.413075226355
623 663 0.0657839489994
624 625 -0.454554862263
624 664 0.349646480182
625 626 0.0613521786104
625 665 0.856756371322
626 627 0.135837870932
626 666 0.587169761092
627 628 -0.935280569572
627 667 -0.0167846747914
628 629 0.0740777675945
628 668 0.326066569415
629 630 0.834582298486
629 669 -0.638849647943
630 631 -0.634432260321
630 670 -0.877287613086
631 632 -0.490724852796
631 671 -0.431324386911
632 633 0.673076721994
632 672 0.827959135916
633 634 0.76341186925
633 673 -0.490635418934
634 635 0.924650744014
634 674 -0.112733387903
635 636 -0.217267954427
635 675 -0.107937905784
636 637 -0.912279640506
636 676 -0.604414998902
637 638 -0.599063655386
637 677 0.481676370368
638 639 -0.036490373164
638 678 0.0274603509651
639 640 0.274485137752
639 679 -0.874695152925
640 680 0.265643058513
641 642 0.28081345043
641 681 -0.0338603288965
642 643 -0.160529077386
642 682 0.0803830313343
643 644 0.323935580879
643 683 -0.433482512358
644 645 -0.637699541183
644 684 0.0288041209424
645 646 0.85958084613
645 685 0.696402817993
646 647 -0.551997363975
646 686 0.882364991375
647 648 -0.605959481881
647 687 0.637831082785
648 649 0.631959097145
648 688 0.983850474822
649 650 0.402683884374
649 689 0.06802917109
650 651 -0.119110426097
650 690 0.906296633552
651 652 0.762589384897
651 691 0.551042463484
652 653 0.915163364306
652 692 0.817657545611
653 654 -0.534154590879
653 693 0.980040564883
654 655 0.0150709186421
654 694 0.959119907844
655 656 0.844015498211
655 695 -0.391572349407
656 657 -0.192841967009
656 696 0.540070860042
657 658 0.0051997926262
657 697 0.103189700968
658 659 -0.717501721348
658 698 0.964099944368
659 660 -0.184165327447
659 699 0.761503430569
660 661 -0.308025765387
660 700 0.458098042845
661 662 -0.720199752456
661 701 0.443368442625
662 663 -0.296141926213
662 702 0.675717864007
663 664 0.678075891753
663 703 -0.592064413979
664 665 -0.288078659124
664 704 0.843658238349
665 666 -0.000827118862001
665 705 -0.579120931734
666 667 0.0525729702021
666 706 -0.424806913345
667 668 0.29110835146
667 707 -0.991348457027
668 669 0.583709647477
668 708 -0.922599959528
669 670 0.526178187013
669 709 0.189857010409
670 671 0.725179981803
670 710 0.393399934606
671 672 0.950712834727
671 711 -0.771260158068
672 673 -0.707403116454
672 712 -0.58268004221
673 674 -0.70574375945
673 713 0.502429353118
674 675 -0.264445620799
674 714 -0.531457730507
675 676 -0.796329308087
675 715 0.963970078074
676 677 -0.626243039792
676 716 -0.486390303643
677 678 0.459241115743
677 717 0.0604141095689
678 679 0.112110222198
678 718 -0.59288748813
679 680 -0.0331524248384
679 719 -0.813699475655
680 720 -0.591713144773
681 682 0.0104734400371
681 721 -0.226214697763
682 683 0.21688431561
682 722 0.652499656868
683 684 -0.598315312449
683 723 -0.22333163577
684 685 0.217860297869
684 724 0.666424980245
685 686 0.68224589604
685 725 0.908577273113
686 687 0.286656918592
686 726 0.086637275866
687 688 -0.855349353773
687 727 0.692215423504
688 689 -0.398236573234
688 728 0.159701450713
689 690 -0.427875436823
689 729 -0.0427105441864
690 691 -0.00622400476268
690 730 -0.747534703545
691 692 -0.489261395188
691 731 0.466903945862
692 693 0.800983150597
692 732 0.327177723237
693 694 -0.332656460708
693 733 0.197009343566
694 695 0.32704143411
694 734 -0.548656797059
695 696 -0.443979354117
695 735 0.809469884285
696 697 0.966156242712
696 736 0.74502411423
697 698 0.118051070684
697 737 -0.63582892327
698 699 -0.103386751297
698 738 0.460994629799
699 700 -0.69462191885
699 739 -0.226034348048
700 701 0.779321904025
700 740 -0.0110701317656
701 702 0.494256693976
701 741 -0.614726399898
702 703 0.960575997494
702 742 0.307847820393
703 704 -0.939282747382
703 743 -0.647336089981
704 705 -0.253728155307
704 744 0.928561955026
705 706 -0.809067406529
705 745 0.345039817009
706 707 -0.786730043631
706 746 -0.833220559612
707 708 -0.00746424419928
707 747 -0.876816981451
708 709 -0.0758348511059
708 748 -0.0652948072053
709 710 0.158165902182
709 749 0.383669467165
710 711 0.0523243835324
710 750 -0.578188800156
711 712 -0.0486902378064
711 751 -0.552578153449
712 713 0.198680628748
712 752 0.843833283226
713 714 -0.0764822672274
713 753 0.7548762743
714 715 0.970346725467
714 754 0.476023963726
715 716 -0.744066713759
715 755 0.330831345942
716 717 0.957276880308
716 756 0.710047965001
717 718 -0.814184921837
717 757 -0.532489023716
718 719 0.345314635631
718 758 0.567651501392
719 720 -0.516034910581
719 759 0.138118033123
720 760 -0.378053112847
721 722 0.587274908883
721 761 0.160008357756
722 723 0.247126369124
722 762 -0.646575676831
723 724 0.851803193017
723 763 0.140548419501
724 725 -0.352498835488
724 764 0.977724186639
725 726 -0.995035147464
725 765 -0.0157617995387
726 727 0.922780394351
726 766 0.113937465333
727 728 -0.152702127123
727 767 -0.718517289166
728 729 0.364135722312
728 768 -0.232741690914
729 730 0.646427781282
729 769 0.751985870066
730 731 0.882912973726
730 770 0.0029515825601
731 732 0.133326943795
731 771 -0.44701074381
732 733 -0.393907543812
732 772 -0.850193621944
733 734 -0.282159732696
733 773 0.360782967608
734 735 -0.661277664945
734 774 -0.351475160574
735 736 -0.417666019308
735 775 -0.555809041175
736 737 0.845560697116
736 776 0.663987647978
737 738 -0.597436124066
737 777 0.412276938785
738 739 -0.734493602969
738 778 0.0135623409064
739 740 0.738238985508
739 779 0.194361340253
740 741 0.770446635695
740 780 -0.704465072995
741 742 0.714487736082
741 781 -0.674124317277
742 743 0.78803190726
742 782 -0.816532943668
743 744 0.361564533176
743 783 0.626938898879
744 745 -0.62646278656
744 784 -0.0648516013892
745 746 -0.412434411393
745 785 0.267513452187
746 747 -0.24681225009
746 786 -0.335269632385
747 748 0.205387645542
747 787 0.648562320797
748 749 -0.575872835384
748 788 0.901373890912
749 750 -0.936639140616
749 789 -0.109258745104
750 751 -0.858972572923
750 790 0.668214668653
751 752 0.820847646958
751 791 0.498153946905
752 753 -0.809854465812
752 792 0.730817818169
753 754 -0.935445201922
753 793 0.142283402302
754 755 0.607246606903
754 794 0.285066615458
755 756 -0.328685973512
755 795 -0.658081061749
756 757 -0.241697805714
756 796 -0.197413519417
757 758 0.633640126811
757 797 -0.739708999867
758 759 -0.484747045579
758 798 0.375477686572
759 760 -0.200784717527
759 799 -0.288718428012
760 800 0.355936109188
761 762 -0.675402802995
761 801 0.401504693214
762 763 0.182514705307
762 802 -0.0214676660103
763 764 0.833429223916
763 803 0.404528481639
764 765 0.989900519936
764 804 0.65230163888
765 766 0.875826238129
765 805 -0.731146480354
766 767 0.0633367838911
766 806 -0.910466075894
767 768 -0.388165698206
767 807 0.418723866968
768 769 0.168356000248
768 808 -0.606965563388
769 770 0.881590823125
769 809 -0.568167614381
770 771 -0.278587412819
770 810 0.801395913749
771 772 0.441294647083
771 811 -0.432906672683
772 773 -0.656287316099
772 812 0.787186985857
773 774 0.706399624123
773 813 0.585685056207
774 775 0.527370108301
774 814 -0.079483096116
775 776 -0.381328781316
775 815 0.346929834864
776 777 -0.302290662022
776 816 0.274342342093
777 778 0.692325000014
777 817 0.919021786139
778 779 -0.810887079087
778 818 -0.00772360192573
779 780 0.44974817123
779 819 0.681026950724
780 781 -0.338396023878
780 820 0.435687849538
781 782 0.653957271894
781 821 -0.742066772389
782 783 -0.242146633195
782 822 0.731673837044
783 784 -0.681816454572
783 823 0.153021265502
784 785 0.0545765749972
784 824 0.147477892516
785 786 0.861663723857
785 825 -0.965218681231
786 787 -0.400941484242
786 826 0.496498628517
787 788 0.0115981855446
787 827 0.697548713928
788 789 -0.893952891865
788 828 0.758083953683
789 790 -0.917420366531
789 829 0.868013855536
790 791 -0.837933758939
790 830 -0.886235104191
791 792 -0.107520539468
791 831 0.709649143016
792 793 -0.942653785244
792 832 -0.524357279816
793 794 0.326797753874
793 833 0.338291546565
794 795 0.706339483362
794 834 0.559186920405
795 796 -0.12645358794
795 835 0.849648662612
796 797 0.0591518174524
796 836 0.146252764668
797 798 0.947986715332
797 837 0.631108081232
798 799 0.5927764923
798 838 0.163885086967
799 800 0.432021473717
799 839 0.652301120838
800 840 0.513632873415
801 802 0.929102160179
801 841 1.67223404335e-05
802 803 0.0958155601808
802 842 0.399041239581
803 804 0.00243290337417
803 843 0.0121736670253
804 805 0.38830509085
804 844 0.467339596194
805 806 -0.510011723172
805 845 0.0101238411543
806 807 0.0927779399286
806 846 0.488721778657
807 808 -0.107430065092
807 847 -0.533471282355
808 809 -0.372263591795
808 848 -0.730106335835
809 810 -0.309568935272
809 849 -0.762104117778
810 811 -0.965718475643
810 850 0.895249935388
811 812 -0.316860693362
811 851 -0.59515111303
812 813 0.415818774575
812 852 -0.791282217542
813 814 0.243685188457
813 853 0.13115803301
814 815 0.13585736739
814 854 0.190411656528
815 816 -0.956763086963
815 855 -0.692367226952
816 817 0.41458162288
816 856 -0.174405560833
817 818 0.521690697593
817 857 0.109669471448
818 819 -0.980353619387
818 858 -0.916424435471
819 820 0.0501856602919
819 859 -0.753495195001
820 821 -0.28013277523
820 860 0.0448217097266
821 822 0.284322202862
821 861 0.0394684732629
822 823 0.459568681463
822 862 -0.804179027953
823 824 -0.892490535024
823 863 0.65428857483
824 825 -0.201675686731
824 864 0.077452873844
825 826 -0.891272024864
825 865 -0.330501834283
826 827 0.19449909265
826 866 0.886942544515
827 828 0.227375264786
827 867 -0.30358371521
828 829 -0.488376532393
828 868 0.254481796813
829 830 0.789674539747
829 869 0.490003210502
830 831 0.304191360291
830 870 0.0135827707784
831 832 0.0101579899846
831 871 -0.944923096368
832 833 -0.330208894025
832 872 0.839036700415
833 834 0.62398758259
833 873 -0.0314682467435
834 835 -0.445352755197
834 874 -0.601463374112
835 836 -0.118011085866
835 875 0.806249431177
836 837 -0.254073045754
836 876 0.172575561403
837 838 0.343606272068
837 877 0.996531600303
838 839 -0.210027793077
838 878 -0.299093116705
839 840 0.420921202178
839 879 0.235106345576
840 880 0.0508668190801
841 842 0.779040127892
841 881 -0.316772694658
842 843 -0.508377672192
842 882 -0.626745708827
843 844 -0.562358427341
843 883 -0.99067295453
844 845 0.750537619609
844 884 0.903020296691
845 846 0.356843019644
845 885 -0.334480084766
846 847 -0.263193539936
846 886 0.358652027162
847 848 -0.522469009767
847 887 0.386346506006
848 849 0.285557418544
848 888 -0.331714040378
849 850 0.976510483448
849 889 0.262022829984
850 851 -0.824987110301
850 890 -0.849000578475
851 852 0.115722017633
851 891 -0.103312719022
852 853 0.944066955453
852 892 0.0197849335839
853 854 -0.694658075798
853 893 0.626873698096
854 855 -0.650872572233
854 894 -0.313661604199
855 856 -0.778137717612
855 895 0.0466503404513
856 857 0.206731384399
856 896 0.941731256768
857 858 -0.828845894297
857 897 -0.82893063742
858 859 0.828117214489
858 898 0.779163822457
859 860 -0.353536868614
859 899 -0.469927534946
860 861 0.309573904104
860 900 0.178462496155
861 862 -0.732378764546
861 901 0.430582486403
862 863 -0.536023316921
862 902 -0.33665334681
863 864 -0.819923913419
863 903 -0.648266514083
864 865 -0.524605413
864 904 -0.493419048147
865 866 -0.384092762741
865 905 -0.225870935213
866 867 -0.73246961737
866 906 -0.715455482606
867 868 0.735836505144
867 907 -0.0356799895445
868 869 0.865956972763
868 908 0.50739569869
869 870 0.380230211146
869 909 -0.12969576619
870 871 -0.994564083878
870 910 -0.723089392994
871 872 0.283865778929
871 911 0.223184403533
872 873 -0.0846509657544
872 912 0.65135142677
873 874 -0.97431001975
873 913 -0.271623991138
874 875 0.436225573274
874 914 0.872572807654
875 876 0.298854906732
875 915 0.200842262172
876 877 -0.498677497642
876 916 -0.209374795989
877 878 0.597594842063
877 917 -0.434462575029
878 879 0.719347253925
878 918 -0.925748652282
879 880 -0.862539219479
879 919 -0.708518752635
880 920 0.880649658803
881 882 0.134288255255
881 921 -0.144908073408
882 883 -0.778833704408
882 922 -0.451881494928
883 884 -0.164327511995
883 923 0.126752220678
884 885 0.704525853195
884 924 0.281877279558
885 886 -0.38727065682
885 925 0.551595822443
886 887 0.128215623768
886 926 -0.584049967234
887 888 0.295538955789
887 927 -0.87214980784
888 889 -0.150327528661
888 928 -0.238867442088
889 890 0.409749714411
889 929 -0.138524089476
890 891 0.884518585283
890 930 -0.0440679778553
891 892 0.264621839668
891 931 -0.978975625411
892 893 -0.656390009946
892 932 -0.0407915315444
893 894 0.966923959879
893 933 0.267150300754
894 895 -0.410992634634
894 934 0.87256172111
895 896 -0.897427099606
895 935 0.841297876785
896 897 -0.346760662216
896 936 0.841050065782
897 898 -0.694845347344
897 937 0.412366069853
898 899 0.545142768361
898 938 0.0590839553931
899 900 -0.689363489891
899 939 0.210807083399
900 901 -0.143609847013
900 940 -0.718959243471
901 902 0.53441056956
901 941 0.781570084729
902 903 0.253150454173
902 942 0.494974428002
903 904 0.300917246006
903 943 -0.0603389928883
904 905 -0.848746444561
904 944 0.0818592326777
905 906 -0.111017236172
905 945 -0.178147888231
906 907 -0.221808123345
906 946 0.786444645606
907 908 0.540347847041
907 947 0.48150252243
908 909 0.805605759603
908 948 0.37424551658
909 910 0.209719122754
909 949 0.356359661464
910 911 0.618333435233
910 950 -0.494200602856
911 912 0.522781626205
911 951 -0.719393079654
912 913 -0.882568920292
912 952 0.587954056175
913 914 0.352674640024
913 953 0.48897211664
914 915 0.0437069522232
914 954 -0.991573315571
915 916 -0.987438548287
915 955 -0.149428300873
916 917 0.371266811497
916 956 0.149556484414
917 918 0.7082375454
917 957 0.44031751223
918 919 0.600866286087
918 958 0.0864915678207
919 920 -0.73660595118
919 959 -0.406732279411
920 960 -0.976808890857
921 922 -0.126505473946
921 961 0.553118369994
922 923 -0.979499921201
922 962 0.258719445659
923 924 0.753123736847
923 963 0.355169680456
924 925 -0.853003230571
924 964 0.246769428592
925 926 -0.934292123543
925 965 0.571595725043
926 927 0.0936278462432
926 966 -0.0480225182415
927 928 0.625035398845
927 967 -0.719631633665
928 929 -0.894500337872
928 968 0.791707701573
929 930 -0.5128985234
929 969 -0.22554176299
930 931 -0.640588581262
930 970 0.964529328804
931 932 -0.188531466962
931 971 -0.924897155378
932 933 -0.201635565385
932 972 -0.572240081091
933 934 0.162875058177
933 973 -0.702817404118
934 935 -0.984890447446
934 974 0.912357594437
935 936 -0.0633761774891
935 975 0.230428156612
936 937 0.974668486901
936 976 0.173899409168
937 938 -0.443673844913
937 977 -0.153496624411
938 939 -0.667296368304
938 978 0.47641372183
939 940 -0.572535688269
939 979 0.723462094619
940 941 -0.177370564272
940 980 -0.547314982333
941 942 -0.015377845718
941 981 0.0359321744429
942 943 -0.034849913266
942 982 -0.945836011428
943 944 -0.451097927357
943 983 0.885560128867
944 945 -0.0223227033084
944 984 0.935776595426
945 946 -0.808757018469
945 985 -0.333729373985
946 947 0.569132601409
946 986 -0.080878986507
947 948 -0.105926046126
947 987 0.0163638039472
948 949 0.311878798935
948 988 0.10929374702
949 950 -0.886057840406
949 989 0.875266937147
950 951 0.432718900209
950 990 -0.891284347963
951 952 0.885283344725
951 991 -0.232624832198
952 953 -0.25200040848
952 992 0.875494609257
953 954 0.769557531315
953 993 0.0996921236909
954 955 -0.204397722914
954 994 -0.208249979287
955 956 -0.143900012802
955 995 -0.437924009604
956 957 0.869836682858
956 996 -0.613724474048
957 958 0.722182072351
957 997 -0.339372073139
958 959 -0.545927927105
958 998 0.36822619759
959 960 0.883335571715
959 999 -0.429202174824
960 1000 0.30261063753
961 962 0.0712083469953
961 1001 0.90748445389
962 963 -0.409655389561
962 1002 -0.625426910596
963 964 0.684666092207
963 1003 0.85232257385
964 965 -0.293572216429
964 1004 -0.670442753551
965 966 -0.14291943708
965 1005 0.258018914337
966 967 -0.324560758588
966 1006 0.32527040127
967 968 -0.518871511177
967 1007 -0.972192349631
968 969 0.45494934692
968 1008 -0.351933608925
969 970 -0.422623296672
969 1009 0.0648080281783
970 971 -0.32956781499
970 1010 0.882678691894
971 972 -0.389893944071
971 1011 -0.827467122762
972 973 0.265873962887
972 1012 0.0521877343229
973 974 -0.446653167299
973 1013 -0.27895459987
974 975 -0.717635899335
974 1014 0.088264659745
975 976 -0.598648393867
975 1015 0.391708882349
976 977 0.83009694145
976 1016 0.487333693925
977 978 -0.695158770516
977 1017 -0.526357969359
978 979 -0.571802088153
978 1018 -0.883967839274
979 980 -0.089823058682
979 1019 0.605056045004
980 981 0.625061814
980 1020 0.580077314998
981 982 0.309070071555
981 1021 0.813658328717
982 983 0.745073568233
982 1022 0.86263206053
983 984 0.121361150952
983 1023 -0.678901293752
984 985 0.572269786309
984 1024 0.387544944997
985 986 -0.759281885563
985 1025 -0.584141322277
986 987 0.933389386452
986 1026 -0.667681534133
987 988 0.26918720395
987 1027 0.776306803218
988 989 0.476203683287
988 1028 -0.821134639471
989 990 0.650448751939
989 1029 -0.863343924577
990 991 0.460070224707
990 1030 -0.436090103924
991 992 -0.0371510943308
991 1031 -0.215156054617
992 993 0.803925519849
992 1032 -0.132698704462
993 994 -0.524193402942
993 1033 -0.750183798917
994 995 0.0424442599444
994 1034 0.90043086909
995 996 0.16241670874
995 1035 0.389758401143
996 997 -0.570134317427
996 1036 -0.495125871587
997 998 -0.0619892447994
997 1037 0.494394642081
998 999 -0.484012914487
998 1038 -0.749548975094
999 1000 0.0884852503076
999 1039 0.7308184043
1000 1040 0.545144815425
1001 1002 0.0884163202962
1001 1041 -0.83581015545
1002 1003 -0.809423895478
1002 1042 -0.432488385069
1003 1004 0.882231747267
1003 1043 0.632038303849
1004 1005 0.786332373134
1004 1044 0.649780962413
1005 1006 0.411006049814
1005 1045 -0.803062741157
1006 1007 -0.877692462813
1006 1046 -0.254457148762
1007 1008 0.0125096706787
1007 1047 0.701864097658
1008 1009 0.797398638857
1008 1048 0.351246443826
1009 1010 0.632441841587
1009 1049 0.663567165929
1010 1011 -0.0810176065372
1010 1050 -0.264133372027
1011 1012 0.0910789600548
1011 1051 0.840893121203
1012 1013 -0.451765023591
1012 1052 0.60554451683
1013 1014 -0.616579922537
1013 1053 0.980787457001
1014 1015 -0.474886247528
1014 1054 -0.391166741369
1015 1016 -0.952041835712
1015 1055 -0.842976929635
1016 1017 0.437483316252
1016 1056 -0.773710429051
1017 1018 -0.258290745164
1017 1057 0.226863096688
1018 1019 -0.368638476902
1018 1058 0.171052667336
1019 1020 0.692706468247
1019 1059 0.320439538388
1020 1021 -0.569088881976
1020 1060 0.166151103143
1021 1022 -0.236760694666
1021 1061 0.357662288813
1022 1023 -0.2779444379
1022 1062 0.619801925106
1023 1024 -0.155332946887
1023 1063 0.415252398545
1024 1025 -0.430171651494
1024 1064 -0.552526226984
1025 1026 0.188974486403
1025 1065 -0.901188770689
1026 1027 0.386340586427
1026 1066 0.790335378245
1027 1028 -0.650901395587
1027 1067 0.989466053493
1028 1029 -0.549122328897
1028 1068 -0.252206552563
1029 1030 0.128542775531
1029 1069 0.26065767168
1030 1031 0.329211609527
1030 1070 0.345243210484
1031 1032 0.988776797795
1031 1071 -0.500071376163
1032 1033 0.0626483558358
1032 1072 0.833219566724
1033 1034 0.870108266304
1033 1073 -0.129962737413
1034 1035 0.301719028128
1034 1074 -0.783779549727
1035 1036 -0.206922173569
1035 1075 -0.329824654122
1036 1037 -0.293439223787
1036 1076 0.330091193194
1037 1038 -0.180633600917
1037 1077 -0.960236117691
1038 1039 0.154824619793
1038 1078 -0.117295465094
1039 1040 -0.60899128818
1039 1079 0.585056134338
1040 1080 0.633130596433
1041 1042 -0.26731519665
1041 1081 0.701701008009
1042 1043 -0.570151231739
1042 1082 -0.428792532178
1043 1044 -0.737210789041
1043 1083 -0.306739970019
1044 1045 0.0532768477057
1044 1084 -0.0731014876929
1045 1046 0.80769232975
1045 1085 0.644624937235
1046 1047 -0.131781306229
1046 1086 0.947735242914
1047 1048 0.859474168278
1047 1087 -0.0733804511137
1048 1049 0.983342254499
1048 1088 -0.0735740763228
1049 1050 -0.427559583299
1049 1089 -0.644835852084
1050 1051 0.146671518076
1050 1090 0.821043782409
1051 1052 0.708709370684
1051 1091 -0.0174873453746
1052 1053 0.0776180968926
1052 1092 -0.321128914145
1053 1054 0.846538058734
1053 1093 -0.255849262216
1054 1055 0.525329658416
1054 1094 0.382111279038
1055 1056 0.82525176454
1055 1095 -0.569900844047
1056 1057 0.492561059786
1056 1096 -0.642087963991
1057 1058 0.955414638179
1057 1097 -0.745626509149
1058 1059 0.163654579684
1058 1098 0.662499005706
1059 1060 0.63787708442
1059 1099 0.578967571048
1060 1061 0.319943278333
1060 1100 -0.144278547088
1061 1062 0.185517626369
1061 1101 -0.638662156989
1062 1063 0.0440568759389
1062 1102 -0.0469268295848
1063 1064 -0.0851998928875
1063 1103 -0.788430009432
1064 1065 0.381083661492
1064 1104 -0.556812165107
1065 1066 -0.421354586979
1065 1105 0.196074649541
1066 1067 0.786044541334
1066 1106 -0.684944882887
1067 1068 -0.787389387843
1067 1107 -0.718848331702
1068 1069 -0.89958578686
1068 1108 -0.680428522254
1069 1070 -0.78282536589
1069 1109 -0.695917471932
1070 1071 -0.151697142175
1070 1110 -0.139108397657
1071 1072 0.572172592345
1071 1111 0.906471614173
1072 1073 -0.793606596904
1072 1112 -0.639505607711
1073 1074 -0.962837706587
1073 1113 -0.562433082338
1074 1075 -0.00742926362915
1074 1114 0.0425950531135
1075 1076 -0.613332671735
1075 1115 -0.974496247529
1076 1077 -0.573932177491
1076 1116 0.614493393554
1077 1078 -0.348036125186
1077 1117 -0.805286486545
1078 1079 -0.665496975502
1078 1118 -0.538353037917
1079 1080 -0.516812776408
1079 1119 0.923771328389
1080 1120 -0.478201038542
1081 1082 -0.187449913904
1081 1121 -0.94559526821
1082 1083 -0.0571802850606
1082 1122 0.0989936421768
1083 1084 -0.582995010949
1083 1123 0.734763074313
1084 1085 -0.0213974237457
1084 1124 -0.478559960561
1085 1086 -0.249237125493
1085 1125 -0.610411343008
1086 1087 0.396398709141
1086 1126 0.251577240259
1087 1088 -0.794501449026
1087 1127 -0.0513897684905
1088 1089 -0.780784251106
1088 1128 -0.756802979933
1089 1090 0.446251780383
1089 1129 -0.165946957272
1090 1091 0.960172366347
1090 1130 0.391453895395
1091 1092 -0.311629866801
1091 1131 -0.995581920106
1092 1093 -0.684373426664
1092 1132 -0.00108513430669
1093 1094 -0.709688739005
1093 1133 -0.208853017052
1094 1095 0.530792213872
1094 1134 -0.621906437585
1095 1096 -0.0193523413855
1095 1135 0.0462277508179
1096 1097 0.51400745033
1096 1136 -0.880440129939
1097 1098 -0.413448334826
1097 1137 0.993209542397
1098 1099 -0.216101232822
1098 1138 -0.700754522326
1099 1100 0.158546200365
1099 1139 -0.34549488794
1100 1101 -0.82819210532
1100 1140 0.451560689354
1101 1102 0.372248802537
1101 1141 0.705154512241
1102 1103 0.868396903551
1102 1142 -0.983826016829
1103 1104 -0.652905205174
1103 1143 -0.500773108134
1104 1105 -0.851204231892
1104 1144 -0.334823879718
1105 1106 -0.467124647878
1105 1145 0.0412786621954
1106 1107 -0.573829960439
1106 1146 0.875582023197
1107 1108 -0.964371456706
1107 1147 -0.638844822441
1108 1109 0.448328547717
1108 1148 -0.236139200442
1109 1110 0.740433476678
1109 1149 -0.204095779884
1110 1111 0.725260614616
1110 1150 -0.0472744243122
1111 1112 -0.0307518307268
1111 1151 -0.018297932369
1112 1113 -0.789303853895
1112 1152 0.650311494443
1113 1114 -0.233329284584
1113 1153 0.19345497402
1114 1115 -0.104098569088
1114 1154 0.955808006585
1115 1116 0.0436041112227
1115 1155 -0.897960076822
1116 1117 -0.48671764546
1116 1156 0.654512415435
1117 1118 0.172607090095
1117 1157 0.67229683419
1118 1119 0.048587667161
1118 1158 -0.46059667741
1119 1120 0.957178261618
1119 1159 0.56540809245
1120 1160 0.294976750943
1121 1122 -0.505645522005
1121 1161 -0.865711258526
1122 1123 0.690226231149
1122 1162 0.977019401568
1123 1124 0.584660438613
1123 1163 -0.301996718632
1124 1125 -0.194724153734
1124 1164 -0.126660240546
1125 1126 -0.874389123888
1125 1165 -0.38278214772
1126 1127 -0.688110975078
1126 1166 -0.129815147219
1127 1128 -0.419083457874
1127 1167 -0.381205438924
1128 1129 0.492943214247
1128 1168 0.157495408941
1129 1130 -0.636096844539
1129 1169 0.208693874592
1130 1131 -0.263388471761
1130 1170 0.727188361326
1131 1132 0.289220696217
1131 1171 -0.35594465626
1132 1133 -0.692073219211
1132 1172 0.831150261346
1133 1134 -0.671391055314
1133 1173 0.0764379902531
1134 1135 -0.594478223761
1134 1174 0.515427955797
1135 1136 -0.629262230252
1135 1175 0.178994427623
1136 1137 0.752049373593
1136 1176 -0.626190247536
1137 1138 0.766258706933
1137 1177 0.911043803901
1138 1139 -0.920518397307
1138 1178 -0.603973023653
1139 1140 -0.175466302648
1139 1179 -0.392857767264
1140 1141 -0.829344236265
1140 1180 0.362478108161
1141 1142 -0.0584344365956
1141 1181 0.901339152137
1142 1143 -0.16408735167
1142 1182 -0.528654909606
1143 1144 0.0930112636584
1143 1183 0.270728564972
1144 1145 0.10177494651
1144 1184 -0.599600499174
1145 1146 -0.114563449901
1145 1185 0.234162204865
1146 1147 0.932259856693
1146 1186 -0.0563625075892
1147 1148 0.539363121866
1147 1187 0.455189003966
1148 1149 -0.238008094866
1148 1188 0.435016455103
1149 1150 -0.0216589341455
1149 1189 0.324590357002
1150 1151 -0.255448123279
1150 1190 0.797318782723
1151 1152 -0.721852944028
1151 1191 0.298201921689
1152 1153 -0.902359352127
1152 1192 0.345566624215
1153 1154 -0.907982533686
1153 1193 0.0314439059249
1154 1155 -0.646724237089
1154 1194 -0.475862072574
1155 1156 -0.637733009284
1155 1195 0.768000243267
1156 1157 0.0502647492818
1156 1196 -0.51312669129
1157 1158 -0.982566265604
1157 1197 0.753848256916
1158 1159 0.678125033243
1158 1198 -0.0434792181892
1159 1160 0.466530353629
1159 1199 -0.909018401124
1160 1200 0.0870613053444
1161 1162 0.987704022843
1161 1201 0.941160626754
1162 1163 -0.902263827541
1162 1202 -0.535763497128
1163 1164 0.138281064111
1163 1203 0.610263080511
1164 1165 -0.969887731503
1164 1204 0.785811766157
1165 1166 0.426383921204
1165 1205 0.62636343236
1166 1167 -0.257529802211
1166 1206 0.880795100369
1167 1168 -0.514081819792
1167 1207 0.907383097826
1168 1169 -0.566381021118
1168 1208 0.0951917969944
1169 1170 -0.774929063385
1169 1209 -0.808964788907
1170 1171 0.848638872202
1170 1210 0.0858458166877
1171 1172 -0.217996075515
1171 1211 0.244370492492
1172 1173 -0.0101575781906
1172 1212 0.825461620548
1173 1174 -0.643291430081
1173 1213 -0.901911306271
1174 1175 -0.757429365208
1174 1214 0.814400589006
1175 1176 -0.47744062675
1175 1215 0.3114499281
1176 1177 0.716306873995
1176 1216 0.791047755994
1177 1178 0.0582894064723
1177 1217 -0.52845633262
1178 1179 0.868436460886
1178 1218 -0.925561771979
1179 1180 -0.0321218444778
1179 1219 -0.194551473457
1180 1181 -0.839275024736
1180 1220 0.18209302688
1181 1182 0.100882164203
1181 1221 0.765956698835
1182 1183 -0.0635537763716
1182 1222 -0.0633193806658
1183 1184 -0.0474971856142
1183 1223 -0.575625500821
1184 1185 -0.776425204118
1184 1224 0.730050284879
1185 1186 0.688445049907
1185 1225 -0.435456578548
1186 1187 -0.785529358865
1186 1226 0.726613039616
1187 1188 0.779423868992
1187 1227 0.390145032119
1188 1189 -0.165798383001
1188 1228 0.825021906736
1189 1190 0.355169956384
1189 1229 -0.394736983689
1190 1191 0.407220457655
1190 1230 -0.167313184535
1191 1192 0.295893746303
1191 1231 0.482724109079
1192 1193 0.424120177703
1192 1232 0.758252477032
1193 1194 0.365478730097
1193 1233 0.976597267256
1194 1195 -0.294712426066
1194 1234 0.623853403115
1195 1196 -0.04310026082
1195 1235 0.961973509074
1196 1197 -0.963942174561
1196 1236 -0.77847698038
1197 1198 -0.739882615243
1197 1237 -0.561814592429
1198 1199 -0.117602470486
1198 1238 0.81868238783
1199 1200 0.166969340964
1199 1239 -0.141301156906
1200 1240 -0.160558130145
1201 1202 0.600516702265
1201 1241 0.203634242811
1202 1203 0.286622854496
1202 1242 -0.677066874217
1203 1204 0.666322489468
1203 1243 -0.5884126461
1204 1205 -0.941701364305
1204 1244 -0.254214231977
1205 1206 -0.346823397566
1205 1245 -0.559420226784
1206 1207 -0.0943647376358
1206 1246 0.710199973845
1207 1208 -0.205179341451
1207 1247 -0.99285313307
1208 1209 0.0596077574441
1208 1248 0.715552667142
1209 1210 -0.975897604078
1209 1249 -0.585826696613
1210 1211 0.423101609631
1210 1250 0.742997805859
1211 1212 -0.630991470862
1211 1251 0.122263394328
1212 1213 -0.360248124044
1212 1252 -0.0794900267686
1213 1214 0.228678441532
1213 1253 -0.237989029787
1214 1215 0.84745573711
1214 1254 0.0102891379927
1215 1216 -0.485526727208
1215 1255 -0.134995940792
1216 1217 -0.795126067261
1216 1256 -0.768342168465
1217 1218 -0.597072581003
1217 1257 0.6077527761
1218 1219 0.276524038523
1218 1258 -0.127071964399
1219 1220 -0.334978892405
1219 1259 -0.77637865922
1220 1221 -0.445545221493
1220 1260 -0.191736788299
1221 1222 0.517773487714
1221 1261 -0.175916218591
1222 1223 -0.614541121562
1222 1262 0.153518903083
1223 1224 -0.313046352703
1223 1263 0.741619765898
1224 1225 -0.0830599418465
1224 1264 -0.991497359789
1225 1226 0.765819134114
1225 1265 0.292844146964
1226 1227 0.924226325146
1226 1266 -0.738182523984
1227 1228 0.0442667171092
1227 1267 -0.58963642159
1228 1229 -0.467514100912
1228 1268 0.483845224684
1229 1230 -0.207310335503
1229 1269 -0.362548538437
1230 1231 -0.242182692491
1230 1270 0.470510693375
1231 1232 0.679990559588
1231 1271 0.998341472935
1232 1233 0.206303003987
1232 1272 0.793759088603
1233 1234 -0.573524566101
1233 1273 0.275998672137
1234 1235 0.1523491761
1234 1274 -0.150368795281
1235 1236 0.563541382262
1235 1275 -0.971176964771
1236 1237 -0.789985884391
1236 1276 -0.940865517716
1237 1238 0.463750927088
1237 1277 -0.488709839199
1238 1239 0.344957811487
1238 1278 0.104445673898
1239 1240 -0.877936645047
1239 1279 0.393527668469
1240 1280 0.848643988293
1241 1242 0.529919720903
1241 1281 -0.661549106832
1242 1243 0.740291786738
1242 1282 -0.56519514739
1243 1244 0.461360401052
1243 1283 0.606828328319
1244 1245 -0.808253370614
1244 1284 -0.6060713593
1245 1246 -0.345211632707
1245 1285 0.928733672611
1246 1247 0.307223702826
1246 1286 0.758573910834
1247 1248 -0.00947567508225
1247 1287 0.400395494296
1248 1249 -0.893847511375
1248 1288 -0.773897292821
1249 1250 -0.0419834914033
1249 1289 -0.675380799966
1250 1251 0.368962660305
1250 1290 0.30086466006
1251 1252 -0.100522111382
1251 1291 -0.246906529993
1252 1253 0.0427310660371
1252 1292 0.79668792942
1253 1254 0.366949785041
1253 1293 0.0450064492442
1254 1255 0.406588307441
1254 1294 -0.331024656977
1255 1256 0.00151948685289
1255 1295 -0.96122783654
1256 1257 0.950213862833
1256 1296 0.968432875189
1257 1258 0.862830041745
1257 1297 0.23379995503
1258 1259 -0.625902314117
1258 1298 0.347386748758
1259 1260 -0.173167095191
1259 1299 -0.72055578386
1260 1261 0.971799669264
1260 1300 0.900563707439
1261 1262 -0.386716259095
1261 1301 -0.207648284591
1262 1263 -0.219136358405
1262 1302 0.871830794023
1263 1264 -0.515627164105
1263 1303 0.320555887179
1264 1265 -0.504124987593
1264 1304 -0.909703544503
1265 1266 -0.178162108506
1265 1305 0.598953013149
1266 1267 -0.985764943453
1266 1306 0.19712231726
1267 1268 0.533127169142
1267 1307 0.580524375569
1268 1269 0.415005773498
1268 1308 0.874684110793
1269 1270 -0.545088895335
1269 1309 0.749740319034
1270 1271 -0.821115914558
1270 1310 -0.565090131034
1271 1272 0.309775129005
1271 1311 0.474494259611
1272 1273 0.828050224022
1272 1312 0.0101112082274
1273 1274 -0.0971465011204
1273 1313 0.400660810549
1274 1275 0.600035196384
1274 1314 -0.501335465237
1275 1276 0.293948779365
1275 1315 -0.849424495437
1276 1277 0.139132571877
1276 1316 -0.504095538594
1277 1278 0.982790350906
1277 1317 -0.928611417383
1278 1279 -0.397232484031
1278 1318 -0.741932077923
1279 1280 0.274929736492
1279 1319 0.0171052676244
1280 1320 -0.119931515561
1281 1282 -0.413953536361
1281 1321 0.0481337506007
1282 1283 0.483510077767
1282 1322 0.306041026462
1283 1284 -0.913741927293
1283 1323 -0.785625191537
1284 1285 0.884841224794
1284 1324 -0.257457656664
1285 1286 -0.807818599646
1285 1325 -0.675633104712
1286 1287 -0.993329110402
1286 1326 0.849576472553
1287 1288 0.63054063247
1287 1327 0.506773658684
1288 1289 -0.114797808174
1288 1328 -0.721165813488
1289 1290 -0.862624889793
1289 1329 -0.0149770315359
1290 1291 -0.238565656778
1290 1330 0.20081909899
1291 1292 0.675547627101
1291 1331 0.462190763638
1292 1293 -0.746103087344
1292 1332 -0.20275096823
1293 1294 0.255262146845
1293 1333 -0.363014976185
1294 1295 0.273544521156
1294 1334 -0.949958359952
1295 1296 -0.782693308338
1295 1335 -0.823116062069
1296 1297 -0.807417045988
1296 1336 0.272018202339
1297 1298 0.372820524875
1297 1337 0.767393028215
1298 1299 0.189647779386
1298 1338 -0.866308168684
1299 1300 -0.272232605578
1299 1339 -0.78481340955
1300 1301 0.155031151544
1300 1340 0.377482932189
1301 1302 -0.311165545232
1301 1341 -0.906110355387
1302 1303 0.872229863758
1302 1342 -0.23541522798
1303 1304 -0.231486969992
1303 1343 0.917590075244
1304 1305 -0.490405568019
1304 1344 -0.150578972466
1305 1306 -0.132755475395
1305 1345 0.34032343449
1306 1307 0.88770320786
1306 1346 -0.226661900718
1307 1308 -0.321894551409
1307 1347 -0.153722501951
1308 1309 -0.489251327979
1308 1348 0.918310037352
1309 1310 0.0235860362587
1309 1349 0.441475078453
1310 1311 0.0969078144736
1310 1350 0.284753264971
1311 1312 0.581031273193
1311 1351 -0.707429049835
1312 1313 0.852573251715
1312 1352 -0.137378265902
1313 1314 -0.254525322523
1313 1353 0.334078467181
1314 1315 -0.985347276224
1314 1354 -0.546492733829
1315 1316 -0.732631610075
1315 1355 -0.915957696669
1316 1317 0.150425685544
1316 1356 0.223027009972
1317 1318 0.0155940298062
1317 1357 -0.825162131992
1318 1319 -0.986655527335
1318 1358 -0.45889460589
1319 1320 0.95843470651
1319 1359 0.312501604658
1320 1360 -0.683459522195
1321 1322 -0.286751437754
1321 1361 -0.908642069509
1322 1323 0.597771023009
1322 1362 -0.937504875469
1323 1324 -0.129832700282
1323 1363 -0.558237556279
1324 1325 0.458001603643
1324 1364 -0.747679782742
1325 1326 0.388478237906
1325 1365 -0.720473001904
1326 1327 0.90258750856
1326 1366 -0.690128966613
1327 1328 0.4043245319
1327 1367 -0.603808743701
1328 1329 0.977484887754
1328 1368 -0.603494850495
1329 1330 0.806290902692
1329 1369 -0.976998210601
1330 1331 -0.513635461133
1330 1370 -0.760238705953
1331 1332 -0.683721008365
1331 1371 0.823256168506
1332 1333 -0.831259764192
1332 1372 0.828674325359
1333 1334 0.164455368406
1333 1373 -0.0108540156063
1334 1335 -0.561438337215
1334 1374 -0.0925830694176
1335 1336 -0.0992602546638
1335 1375 0.0750464307275
1336 1337 -0.261414836991
1336 1376 -0.882053801535
1337 1338 -0.485282614553
1337 1377 0.162950368559
1338 1339 0.327821937674
1338 1378 -0.847199532781
1339 1340 -0.233526204209
1339 1379 0.0753842838108
1340 1341 0.609851620412
1340 1380 0.438090741704
1341 1342 -0.956744783335
1341 1381 -0.199396876916
1342 1343 0.510848459433
1342 1382 0.245002435932
1343 1344 -0.983693122185
1343 1383 -0.369750815638
1344 1345 -0.71274442445
1344 1384 0.873954099404
1345 1346 0.747503633955
1345 1385 -0.355285866883
1346 1347 -0.470167684349
1346 1386 -0.0339046109843
1347 1348 0.0706310384761
1347 1387 -0.910772218749
1348 1349 -0.276301362546
1348 1388 -0.989332599823
1349 1350 0.526327980678
1349 1389 0.316991712193
1350 1351 -0.370124478559
1350 1390 0.475489071551
1351 1352 -0.246102887084
1351 1391 -0.308251248918
1352 1353 0.360944364084
1352 1392 0.253471909946
1353 1354 0.423492891935
1353 1393 0.147180695744
1354 1355 -0.933225520658
1354 1394 -0.933989663702
1355 1356 -0.926371227807
1355 1395 0.673203568285
1356 1357 -0.230104378475
1356 1396 -0.195896780744
1357 1358 0.909760342857
1357 1397 0.481800153295
1358 1359 -0.493427263428
1358 1398 0.62324166675
1359 1360 0.994499704178
1359 1399 -0.568223797587
1360 1400 0.470870700773
1361 1362 0.966306890714
1361 1401 -0.11729016129
1362 1363 -0.540851942511
1362 1402 0.409254998241
1363 1364 0.761244132331
1363 1403 0.439375075449
1364 1365 -0.497434156586
1364 1404 0.762470594242
1365 1366 -0.46674821474
1365 1405 0.606351744916
1366 1367 -0.868578647882
1366 1406 -0.365433285018
1367 1368 -0.299789245148
1367 1407 -0.0810558746174
1368 1369 0.239265978908
1368 1408 -0.112686031988
1369 1370 -0.54384361389
1369 1409 0.802640224413
1370 1371 -0.482935110414
1370 1410 -0.1075255496
1371 1372 -0.996152115068
1371 1411 -0.513635047055
1372 1373 0.633111742929
1372 1412 -0.198874222532
1373 1374 0.188634016684
1373 1413 -0.984632635912
1374 1375 -0.0195632215845
1374 1414 0.971464081773
1375 1376 0.953546537489
1375 1415 -0.310109321968
1376 1377 0.703546198812
1376 1416 0.327165150381
1377 1378 0.133308903738
1377 1417 0.845780123432
1378 1379 -0.552524868307
1378 1418 0.139262601781
1379 1380 -0.850968441926
1379 1419 -0.48629302543
1380 1381 -0.739571107028
1380 1420 -0.0845860029725
1381 1382 -0.62417825779
1381 1421 0.700145238795
1382 1383 -0.256262784249
1382 1422 -0.474737962559
1383 1384 0.516827079003
1383 1423 -0.943962044018
1384 1385 -0.07507928971
1384 1424 0.720357058227
1385 1386 -0.0581791611448
1385 1425 -0.196988154247
1386 1387 -0.165037374119
1386 1426 -0.401777231924
1387 1388 0.495845447974
1387 1427 0.0833355492255
1388 1389 -0.412479196679
1388 1428 -0.651242627781
1389 1390 0.888562604975
1389 1429 0.198041009779
1390 1391 -0.346126806375
1390 1430 0.914921917008
1391 1392 0.497276930727
1391 1431 0.91611719904
1392 1393 0.805575208314
1392 1432 0.532656815288
1393 1394 -0.296647707922
1393 1433 0.389620961007
1394 1395 -0.72001626065
1394 1434 0.62764495562
1395 1396 -0.0448059492336
1395 1435 -0.124617777255
1396 1397 -0.0503512348128
1396 1436 -0.122788692165
1397 1398 -0.900483060444
1397 1437 0.623819519692
1398 1399 -0.645316335431
1398 1438 0.283067523615
1399 1400 -0.62371841735
1399 1439 -0.655200956828
1400 1440 -0.145061625203
1401 1402 0.00800087875831
1401 1441 -0.352917364931
1402 1403 -0.824874981998
1402 1442 -0.938821033611
1403 1404 0.426014587094
1403 1443 0.539719313985
1404 1405 0.806592300978
1404 1444 -0.424729483568
1405 1406 -0.398776432283
1405 1445 0.194033097743
1406 1407 0.171110899755
1406 1446 0.0482626900898
1407 1408 -0.726075303026
1407 1447 -0.145245061164
1408 1409 0.563348714205
1408 1448 -0.894740862996
1409 1410 0.268477551688
1409 1449 0.660946102383
1410 1411 -0.310871996917
1410 1450 0.403954681271
1411 1412 -0.725858612886
1411 1451 -0.317253817247
1412 1413 0.337679470731
1412 1452 0.0860774817205
1413 1414 0.92979582327
1413 1453 -0.529784912361
1414 1415 0.99780286421
1414 1454 -0.75380530777
1415 1416 -0.642289315829
1415 1455 0.934385625961
1416 1417 -0.878905655546
1416 1456 -0.0933726153242
1417 1418 -0.352473298174
1417 1457 -0.723994826882
1418 1419 0.43264361566
1418 1458 0.156633125395
1419 1420 -0.14690786759
1419 1459 -0.454722652758
1420 1421 0.667130384175
1420 1460 0.495526918705
1421 1422 0.927386235748
1421 1461 -0.425507435129
1422 1423 0.845272351753
1422 1462 -0.621582783677
1423 1424 -0.230038091825
1423 1463 0.907599619998
1424 1425 0.647365605288
1424 1464 -0.766563944159
1425 1426 -0.767893097939
1425 1465 -0.791640614943
1426 1427 0.664953189133
1426 1466 0.812104593595
1427 1428 -0.955414476074
1427 1467 -0.477955142477
1428 1429 0.0606916691755
1428 1468 -0.941125617922
1429 1430 0.120098859777
1429 1469 -0.0984077526476
1430 1431 0.895331788199
1430 1470 0.328523697743
1431 1432 -0.728640684612
1431 1471 0.813804459034
1432 1433 0.809691299618
1432 1472 -0.62618622231
1433 1434 -0.711652413524
1433 1473 0.766330245852
1434 1435 -0.18183783977
1434 1474 0.336433657281
1435 1436 0.872335832716
1435 1475 -0.242181595806
1436 1437 -0.230297857738
1436 1476 -0.351718213818
1437 1438 -0.48330302504
1437 1477 0.0199992061405
1438 1439 0.485084023973
1438 1478 0.566348481475
1439 1440 -0.401098910184
1439 1479 -0.742032260828
1440 1480 0.566392471776
1441 1442 -0.480510494506
1441 1481 -0.226220229358
1442 1443 -0.285730132601
1442 1482 0.179563982944
1443 1444 -0.338505947661
1443 1483 -0.542779496334
1444 1445 0.934226263025
1444 1484 0.33619867125
1445 1446 0.145624575531
1445 1485 -0.469113056843
1446 1447 -0.12975476251
1446 1486 0.825354305028
1447 1448 -0.797023686908
1447 1487 -0.825488769588
1448 1449 -0.351209871966
1448 1488 -0.0604547678498
1449 1450 0.818618937092
1449 1489 -0.562506390404
1450 1451 -0.234944400328
1450 1490 0.00972321017671
1451 1452 -0.704021695881
1451 1491 -0.437653075003
1452 1453 0.2235686698
1452 1492 0.704366752583
1453 1454 -0.846628755635
1453 1493 -0.410355097404
1454 1455 -0.447689594648
1454 1494 -0.834828330412
1455 1456 0.0712027816417
1455 1495 0.925312567771
1456 1457 -0.1864010985
1456 1496 0.969986085337
1457 1458 -0.792452257818
1457 1497 -0.433787817655
1458 1459 0.795336341268
1458 1498 0.400755025374
1459 1460 0.12625477381
1459 1499 0.622279739667
1460 1461 -0.524581587944
1460 1500 0.725823022263
1461 1462 0.43177958375
1461 1501 -0.267025599367
1462 1463 0.579502769057
1462 1502 0.508473728888
1463 1464 0.350312085887
1463 1503 -0.778226725787
1464 1465 -0.818173772837
1464 1504 0.125485944127
1465 1466 -0.791187213926
1465 1505 0.748338456945
1466 1467 -0.587928279337
1466 1506 -0.940935487299
1467 1468 -0.304345393516
1467 1507 0.510117500973
1468 1469 -0.691160815019
1468 1508 0.907078454469
1469 1470 -0.736027303104
1469 1509 0.653546629302
1470 1471 0.979054847031
1470 1510 0.721573627872
1471 1472 0.406852493981
1471 1511 0.113784768668
1472 1473 0.146038639917
1472 1512 0.781947033574
1473 1474 -0.35832109546
1473 1513 -0.262190692744
1474 1475 0.776897960218
1474 1514 0.510796070242
1475 1476 0.559287511652
1475 1515 0.250083987181
1476 1477 -0.780714713604
1476 1516 0.782881424487
1477 1478 0.781627237233
1477 1517 -0.524531065715
1478 1479 -0.556983813851
1478 1518 -0.256765825549
1479 1480 0.134560712476
1479 1519 -0.207332015584
1480 1520 -0.373567089998
1481 1482 0.664033799269
1481 1521 0.473494112574
1482 1483 -0.895554545232
1482 1522 -0.868672667587
1483 1484 0.252687918402
1483 1523 -0.171041500949
1484 1485 0.00601354706865
1484 1524 -0.243995182703
1485 1486 -0.502531422215
1485 1525 -0.420649018676
1486 1487 0.139953303985
1486 1526 0.868273497389
1487 1488 0.672371455396
1487 1527 -0.662104883164
1488 1489 -0.772732150609
1488 1528 0.282354618861
1489 1490 0.47906925048
1489 1529 -0.477967141593
1490 1491 -0.418288441891
1490 1530 -0.821947615903
1491 1492 -0.199091587882
1491 1531 -0.0532280869033
1492 1493 0.972957241581
1492 1532 -0.838220423095
1493 1494 0.385869294229
1493 1533 0.865466944114
1494 1495 -0.317166162674
1494 1534 0.897835998723
1495 1496 -0.296581754986
1495 1535 -0.851073655167
1496 1497 0.98910265503
1496 1536 -0.546786319693
1497 1498 -0.870028104974
1497 1537 -0.38731021857
1498 1499 0.940046674601
1498 1538 -0.451343513899
1499 1500 0.564982311366
1499 1539 -0.58290028277
1500 1501 0.225655578602
1500 1540 -0.428307345167
1501 1502 0.726510560682
1501 1541 -0.113892431299
1502 1503 -0.5835427508
1502 1542 -0.254120119207
1503 1504 -0.81376983174
1503 1543 0.884247103144
1504 1505 -0.938092857191
1504 1544 0.579344437939
1505 1506 0.791094489098
1505 1545 -0.320209891879
1506 1507 0.135385192237
1506 1546 0.196414606926
1507 1508 -0.473359771254
1507 1547 0.727268341597
1508 1509 0.177552398639
1508 1548 0.185149165828
1509 1510 0.397762794623
1509 1549 -0.816294838858
1510 1511 -0.754818713457
1510 1550 -0.0501029916088
1511 1512 -0.706901253499
1511 1551 0.137374088943
1512 1513 0.289189962301
1512 1552 0.854947011871
1513 1514 -0.53692528041
1513 1553 0.201243077499
1514 1515 0.659243675843
1514 1554 -0.866718972616
1515 1516 0.120391862155
1515 1555 0.694500188196
1516 1517 0.067674559849
1516 1556 0.368689793241
1517 1518 0.861315010951
1517 1557 -0.989963030811
1518 1519 0.135425887333
1518 1558 0.963879428847
1519 1520 -0.824262685355
1519 1559 0.0243134716784
1520 1560 -0.3615161509
1521 1522 -0.241578866117
1521 1561 -0.973965326611
1522 1523 -0.912997627881
1522 1562 -0.209698483065
1523 1524 0.873562144468
1523 1563 0.284904837806
1524 1525 -0.325263411407
1524 1564 0.904021410166
1525 1526 0.751880144848
1525 1565 -0.962483706458
1526 1527 0.152308708112
1526 1566 -0.629639611701
1527 1528 -0.0542631758195
1527 1567 0.249824796322
1528 1529 0.068429313356
1528 1568 0.653617220699
1529 1530 0.87686205272
1529 1569 0.914299041339
1530 1531 0.433590803719
1530 1570 -0.551779143762
1531 1532 -0.460302362342
1531 1571 -0.864043677946
1532 1533 0.135779917224
1532 1572 0.80650994301
1533 1534 0.688301882238
1533 1573 -0.346612750515
1534 1535 0.1395652146
1534 1574 -0.920092957648
1535 1536 -0.0919824454503
1535 1575 0.957812350765
1536 1537 0.526158538398
1536 1576 0.325472692284
1537 1538 0.157010580167
1537 1577 -0.108101414442
1538 1539 0.969659683779
1538 1578 -0.610881167396
1539 1540 -0.602675355832
1539 1579 0.11617282446
1540 1541 -0.885369812694
1540 1580 0.484139935373
1541 1542 0.879343185043
1541 1581 0.317808735141
1542 1543 -0.105911909015
1542 1582 0.000102047211407
1543 1544 0.843632286494
1543 1583 -0.660906249985
1544 1545 -0.341660399319
1544 1584 0.437778439807
1545 1546 0.769016264218
1545 1585 0.880890050666
1546 1547 -0.591942278854
1546 1586 -0.86897751813
1547 1548 -0.851372230948
1547 1587 -0.830981641731
1548 1549 0.168466653695
1548 1588 0.437406075683
1549 1550 0.401969454459
1549 1589 -0.821179474431
1550 1551 -0.359419425104
1550 1590 0.445475793551
1551 1552 0.904760831335
1551 1591 -0.106382990322
1552 1553 -0.902167103183
1552 1592 0.0295260080087
1553 1554 0.143562304048
1553 1593 0.311631743891
1554 1555 0.892802526251
1554 1594 -0.767828707123
1555 1556 0.895566351578
1555 1595 0.23125351264
1556 1557 -0.868635461328
1556 1596 0.119789792688
1557 1558 0.602198537828
1557 1597 -0.872662017059
1558 1559 0.289242966582
1558 1598 -0.387326310302
1559 1560 -0.220807548638
1559 1599 0.671301035965
1560 1600 0.423723560725
1561 1562 0.594809878065
1562 1563 0.336854092032
1563 1564 -0.226199313975
1564 1565 0.386667657178
1565 1566 -0.816727175775
1566 1567 0.964157417773
1567 1568 0.877937767941
1568 1569 -0.115429889042
1569 1570 -0.67957520335
1570 1571 -0.0691171709453
1571 1572 0.0811179265075
1572 1573 -0.206959077203
1573 1574 0.664341843166
1574 1575 0.0412621276557
1575 1576 -0.856916025346
1576 1577 -0.131352986487
1577 1578 0.290485338166
1578 1579 -0.614707316348
1579 1580 -0.266536147933
1580 1581 -0.130622389411
1581 1582 -0.786175087224
1582 1583 0.200527140675
1583 1584 0.732626910005
1584 1585 -0.615502881361
1585 1586 0.51916663056
1586 1587 -0.723642481552
1587 1588 0.963641323665
1588 1589 -0.431767830961
1589 1590 -0.515650374065
1590 1591 0.439904607581
1591 1592 0.114634679351
1592 1593 0.838044385225
1593 1594 -0.138742115597
1594 1595 -0.240286150887
1595 1596 -0.587093122645
1596 1597 0.911618993505
1597 1598 -0.0948298644684
1598 1599 0.990191319501
1599 1600 -0.0695486038602
