1 2 0.101595805149
1 41 0.416295645236
2 3 -0.741412270782
2 42 0.106555463615
3 4 0.655725602843
3 43 0.930456297188
4 5 0.134133100883
4 44 0.223187671093
5 6 0.647922361006
5 45 -0.0265776223537
6 7 0.0560103903142
6 46 0.346719281208
7 8 0.020945679169
7 47 -0.409147458042
8 9 -0.0761634998662
8 48 0.4132717255
9 10 0.499218058462
9 49 -0.523039441924
10 11 -0.269003595993
10 50 0.369571926059
11 12 -0.394108105647
11 51 -0.611950995228
12 13 0.978096862355
12 52 0.982875798018
13 14 0.470293075177
13 53 -0.598326533091
14 15 0.313497730059
14 54 -0.291354819319
15 16 -0.636537611736
15 55 0.506584613945
16 17 0.234043246577
16 56 0.56886246719
17 18 0.113840428829
17 57 0.0925504008844
18 19 -0.726357810861
18 58 0.511788003952
19 20 -0.676270839261
19 59 0.259960136569
20 21 -0.651553015554
20 60 -0.312307412755
21 22 -0.779051913534
21 61 -0.286147282071
22 23 0.943480590816
22 62 -0.291353974047
23 24 0.327125738917
23 63 -0.566257544265
24 25 0.735076467366
24 64 0.880218317839
25 26 -0.19733153324
25 65 -0.260788826317
26 27 0.866606325143
26 66 0.603436440924
27 28 -0.20481934586
27 67 -0.170002973448
28 29 -0.430862787053
28 68 -0.190264152856
29 30 0.0996098904234
29 69 -0.745946653447
30 31 0.847826066011
30 70 -0.613185892
31 32 0.791039880285
31 71 -0.952184974952
32 33 -0.658279097878
32 72 0.984325742478
33 34 0.739152862847
33 73 -0.515592680173
34 35 -0.155507055476
34 74 0.589396451489
35 36 -0.68813257699
35 75 -0.70867314749
36 37 0.944014447535
36 76 -0.770582823512
37 38 0.139722762948
37 77 -0.624153393224
38 39 0.797686104419
38 78 0.955456293986
39 40 -0.985065539126
39 79 -0.551464464618
40 80 0.996129502217
41 42 -0.418190522174
41 81 0.0216552103953
42 43 -0.624370350152
42 82 0.904202486062
43 44 0.397619996761
43 83 -0.0350059164523
44 45 -0.915938298013
44 84 -0.165466210486
45 46 0.782909197844
45 85 -0.20987842045
46 47 0.490731690164
46 86 0.459947484051
47 48 -0.316843291449
47 87 -0.356321899556
48 49 0.956523228088
48 88 -0.813504841844
49 50 -0.799465980709
49 89 -0.341740683038
50 51 0.137642148568
50 90 -0.83009651353
51 52 0.936713255721
51 91 -0.841099405413
52 53 -0.0403595802275
52 92 -0.563977218282
53 54 0.296420803517
53 93 0.817199438189
54 55 0.315730228205
54 94 0.265203903909
55 56 0.0467877377338
55 95 -0.241694659351
56 57 -0.307677411334
56 96 -0.794709743478
57 58 0.742668623534
57 97 -0.988496764406
58 59 0.832557523552
58 98 0.137901078466
59 60 0.628979003381
59 99 -0.474854221654
60 61 0.925442474256
60 100 0.277296252038
61 62 -0.0572077295032
61 101 0.0756530573531
62 63 -0.595777481588
62 102 0.323295862913
63 64 -0.153852854023
63 103 0.638397503968
64 65 -0.11478271822
64 104 -0.251355438259
65 66 0.923264012282
65 105 0.643741122561
66 67 0.265694675778
66 106 0.131518555051
67 68 -0.297722518735
67 107 0.781056667782
68 69 -0.526792651429
68 108 0.334426197636
69 70 -0.158799423264
69 109 0.525837025297
70 71 0.691495354018
70 110 -0.0455976839577
71 72 -0.402732469321
71 111 -0.894865485998
72 73 0.222324487392
72 112 -0.198960943429
73 74 -0.479293622158
73 113 -0.376982740302
74 75 -0.535494101738
74 114 -0.343184488155
75 76 0.786535882071
75 115 -0.567658629785
76 77 -0.966307744558
76 116 -0.510190872188
77 78 -0.660238155342
77 117 -0.312436018901
78 79 -0.75584022242
78 118 0.654339043078
79 80 -0.389128116503
79 119 -0.608733255269
80 120 -0.960206695811
81 82 0.785893908695
81 121 0.792586177867
82 83 0.363223557615
82 122 0.0820393467195
83 84 -0.425900470638
83 123 0.667375768686
84 85 -0.991467131666
84 124 -0.506929062278
85 86 0.489222894169
85 125 0.105514524835
86 87 -0.151768199423
86 126 -0.0880953377862
87 88 0.669074367229
87 127 -0.648998775245
88 89 0.125352114502
88 128 0.35192209993
89 90 -0.748916431857
89 129 -0.167020208656
90 91 -0.843721422268
90 130 0.542003894232
91 92 0.570984917964
91 131 0.894565848604
92 93 -0.113189405138
92 132 0.765865365927
93 94 0.464453209474
93 133 0.776833849226
94 95 0.944115715845
94 134 0.214653791477
95 96 0.491984873673
95 135 0.597747962377
96 97 -0.277545854305
96 136 0.576176472425
97 98 -0.695962221575
97 137 -0.612078547072
98 99 -0.381540371092
98 138 0.942397617726
99 100 0.120186936634
99 139 0.0360147862947
100 101 0.403898077477
100 140 -0.236648960963
101 102 0.466937139163
101 141 0.0503928925413
102 103 0.635355344893
102 142 -0.387012680243
103 104 0.134213271861
103 143 -0.18524618659
104 105 0.0724324650079
104 144 -0.693127631877
105 106 -0.403331409483
105 145 0.112412097983
106 107 -0.645489932804
106 146 0.445710576883
107 108 0.583181224643
107 147 -0.95702262307
108 109 -0.73807422907
108 148 0.209112592246
109 110 0.656772945069
109 149 -0.723006094022
110 111 -0.116843381379
110 150 0.898111498163
111 112 0.0884863313305
111 151 0.266177606057
112 113 -0.782130164108
112 152 -0.872654568652
113 114 -0.194934788546
113 153 -0.716460089157
114 115 -0.692067249166
114 154 -0.753713781733
115 116 0.420828565236
115 155 0.581112072742
116 117 0.423959529707
116 156 -0.596736088483
117 118 -0.946009046618
117 157 -0.714086387201
118 119 -0.51875096007
118 158 0.720137536583
119 120 -0.459514072129
119 159 0.334399675471
120 160 -0.912245428649
121 122 -0.748829379072
121 161 -0.585514243724
122 123 0.414361201616
122 162 -0.472226658095
123 124 0.744359016799
123 163 -0.815736816399
124 125 0.412112367168
124 164 -0.876918568159
125 126 0.247650171545
125 165 -0.459216006233
126 127 0.74701420294
126 166 -0.274424154859
127 128 -0.527104863571
127 167 -0.671050156298
128 129 0.266437160396
128 168 -0.475495385979
129 130 0.522248701219
129 169 -0.437805859639
130 131 0.402123067856
130 170 0.29715159216
131 132 0.436137026823
131 171 0.148886253804
132 133 0.159313355934
132 172 0.801187211892
133 134 0.917551465713
133 173 -0.45103512499
134 135 -0.983852149616
134 174 0.974196326486
135 136 0.191391547038
135 175 0.37267378185
136 137 -0.0609381001708
136 176 -0.959711083893
137 138 0.105388197093
137 177 -0.278453945382
138 139 -0.752899471144
138 178 -0.618095801611
139 140 -0.785447944263
139 179 0.944631121375
140 141 0.478311968196
140 180 -0.583490779638
141 142 -0.647989886968
141 181 -0.383552354551
142 143 0.0240131141198
142 182 0.439144411583
143 144 -0.688613010206
143 183 -0.628207999955
144 145 0.654069023043
144 184 -0.58227242208
145 146 0.380592540735
145 185 0.141717286397
146 147 -0.383780583341
146 186 0.31369309407
147 148 -0.654473074687
147 187 -0.0481019479595
148 149 0.501002678257
148 188 -0.461213932635
149 150 0.408844411105
149 189 -0.856497319497
150 151 0.0598373645152
150 190 -0.874701642155
151 152 -0.807370384204
151 191 -0.843779204369
152 153 -0.409547705698
152 192 -0.698079611756
153 154 -0.525620765015
153 193 -0.837766205066
154 155 0.274054724317
154 194 -0.454091546666
155 156 0.0471367620611
155 195 0.550157834945
156 157 -0.403160236772
156 196 0.044219356244
157 158 0.173062338974
157 197 -0.498939509267
158 159 -0.90619497482
158 198 0.216461587897
159 160 -0.489760893738
159 199 -0.3996395891
160 200 -0.427834096319
161 162 -0.897065593398
161 201 -0.118380312699
162 163 0.853451368507
162 202 0.6783861156
163 164 -0.56810105796
163 203 0.663522180916
164 165 -0.410613002793
164 204 0.976225505624
165 166 0.87519001588
165 205 0.539309430716
166 167 0.476065661915
166 206 0.98813446338
167 168 -0.969798453525
167 207 -0.148790540293
168 169 0.749907589295
168 208 -0.508937683152
169 170 0.711688959588
169 209 -0.094030645548
170 171 -0.5583592211
170 210 0.567636685698
171 172 -0.262093050035
171 211 -0.408949811923
172 173 0.760666704703
172 212 0.628333017635
173 174 -0.583919710184
173 213 0.801235679567
174 175 -0.708551969029
174 214 -0.277893153835
175 176 0.702826486031
175 215 -0.276967529996
176 177 0.397210842398
176 216 -0.468760105595
177 178 0.294283827169
177 217 -0.162121370289
178 179 0.537822240292
178 218 0.618939656089
179 180 -0.259897919284
179 219 0.13568634842
180 181 -0.436499107646
180 220 0.0738146780019
181 182 -0.126449228064
181 221 0.0865956624011
182 183 0.131768489283
182 222 0.77005199239
183 184 -0.856147667267
183 223 0.813325588092
184 185 0.484717701004
184 224 -0.289699151747
185 186 -0.252127033512
185 225 -0.86323336106
186 187 0.0846231413262
186 226 -0.0233816259314
187 188 0.077359424018
187 227 -0.0708445479096
188 189 0.950122211225
188 228 -0.326000501629
189 190 0.676462787684
189 229 -0.241791606353
190 191 0.605959034022
190 230 -0.846051379003
191 192 -0.431552567564
191 231 0.209223974187
192 193 -0.153198152998
192 232 0.0679653105234
193 194 -0.0140225927869
193 233 -0.642954516073
194 195 -0.828096946296
194 234 0.85787760485
195 196 -0.604472316807
195 235 -0.674512651873
196 197 -0.264783786429
196 236 0.284402795291
197 198 -0.218817250087
197 237 0.512686569918
198 199 0.842615744735
198 238 -0.568341264719
199 200 0.957355583988
199 239 -0.690966518581
200 240 -0.543598569151
201 202 -0.940247578243
201 241 -0.0863335512106
202 203 0.452638996856
202 242 -0.0395200878292
203 204 0.696607794159
203 243 -0.370694002472
204 205 0.942444460454
204 244 -0.0363072226406
205 206 -0.70880994186
205 245 0.0748687398891
206 207 0.849616767074
206 246 0.0984737355849
207 208 0.687894984213
207 247 0.805498514807
208 209 0.689923091581
208 248 -0.0585427687962
209 210 -0.67618956215
209 249 0.284560033666
210 211 0.153881938591
210 250 -0.705774111107
211 212 -0.865807897306
211 251 -0.242251612602
212 213 0.767870928237
212 252 0.0257712259201
213 214 -0.220961263833
213 253 -0.784174643667
214 215 0.92930749506
214 254 0.344706761267
215 216 0.67164697337
215 255 -0.0454447955215
216 217 0.0984367978034
216 256 -0.148497270912
217 218 -0.948830419154
217 257 0.580360481674
218 219 -0.252804817944
218 258 -0.810314669656
219 220 -0.953729475845
219 259 0.0396810702321
220 221 -0.655397168477
220 260 0.759892570523
221 222 -0.156940550943
221 261 -0.212662126167
222 223 -0.618660690736
222 262 0.679262004864
223 224 0.1205286798
223 263 0.437207131181
224 225 -0.457209783737
224 264 0.673493718679
225 226 0.431417385959
225 265 0.463987053968
226 227 0.430527554599
226 266 -0.720989807099
227 228 -0.278240209669
227 267 -0.858341351657
228 229 0.975286463197
228 268 -0.289965293975
229 230 -0.615425983705
229 269 0.22253637943
230 231 0.0861307290943
230 270 0.603124232085
231 232 -0.209186959331
231 271 -0.52090747422
232 233 -0.23828784705
232 272 -0.409472758416
233 234 -0.568069110931
233 273 -0.389208185883
234 235 -0.440697245111
234 274 -0.0159734220612
235 236 -0.184232440187
235 275 -0.658837427567
236 237 0.362885008076
236 276 -0.216563843096
237 238 0.615177584881
237 277 -0.935489016728
238 239 0.979909691492
238 278 0.968926977316
239 240 0.504231005826
239 279 -0.752100040815
240 280 0.192002599373
241 242 0.29828809523
241 281 -0.443025434704
242 243 0.684206371753
242 282 0.489504646849
243 244 -0.441410806306
243 283 -0.138369955963
244 245 0.471386773056
244 284 0.265311548372
245 246 0.991572611111
245 285 -0.90188733499
246 247 -0.389777226251
246 286 0.244625271702
247 248 -0.0252686762092
247 287 -0.157247282676
248 249 -0.713814959311
248 288 0.648259209652
249 250 -0.12295182103
249 289 -0.339540962097
250 251 -0.667653934713
250 290 0.241604391664
251 252 0.00584685062716
251 291 -0.502388165938
252 253 -0.662376905755
252 292 0.558963027814
253 254 0.246969395431
253 293 -0.0429324126982
254 255 0.364801625317
254 294 -0.132140311446
255 256 0.829277775526
255 295 0.435178296544
256 257 -0.607306705007
256 296 -0.210312317057
257 258 0.00629039421783
257 297 -0.215245510862
258 259 0.277433626758
258 298 -0.313067651506
259 260 -0.113516016363
259 299 0.754847425386
260 261 -0.503890548666
260 300 -0.0309432997894
261 262 0.822900901462
261 301 0.336177772911
262 263 -0.841409779524
262 302 -0.337958688777
263 264 0.387027072189
263 303 0.204081488812
264 265 0.959185468605
264 304 -0.304757870608
265 266 -0.241609492047
265 305 -0.87054685139
266 267 -0.0346597983505
266 306 -0.785315600491
267 268 -0.609242843916
267 307 0.868212700747
268 269 -0.0784864295003
268 308 0.540131016863
269 270 -0.933261637393
269 309 0.683771652479
270 271 -0.0615696710072
270 310 0.782998686735
271 272 -0.883102800274
271 311 0.578651532528
272 273 0.76095550979
272 312 0.0297530938388
273 274 -0.147936978108
273 313 -0.240374089336
274 275 0.240730595428
274 314 0.28723441864
275 276 0.380951131081
275 315 -0.109535841944
276 277 -0.153859894913
276 316 0.934286832728
277 278 0.462149207563
277 317 0.933087560048
278 279 -0.145461010853
278 318 -0.627180151248
279 280 -0.283431152618
279 319 0.579601767435
280 320 0.0440239152325
281 282 0.35250980396
281 321 0.181725634833
282 283 0.320651812799
282 322 0.827950534012
283 284 0.0788930005293
283 323 -0.808866369987
284 285 -0.0686138571125
284 324 0.714132865283
285 286 -0.394360324165
285 325 0.481626742704
286 287 0.368603336462
286 326 0.0539245098326
287 288 0.736334462002
287 327 0.0569895543823
288 289 -0.843635397807
288 328 0.589979257894
289 290 0.0327705261529
289 329 0.982144863799
290 291 0.956546553135
290 330 0.172143086371
291 292 0.939232742687
291 331 0.997093215024
292 293 0.984729293848
292 332 0.324583747563
293 294 -0.61592906806
293 333 0.832359451461
294 295 -0.19860391748
294 334 -0.39360898532
295 296 0.229603693536
295 335 0.95929143453
296 297 -0.465142289711
296 336 0.0767244453568
297 298 -0.439049652883
297 337 0.736118859385
298 299 0.704854333277
298 338 -0.871101098645
299 300 -0.864757018564
299 339 0.764798659524
300 301 0.866803475594
300 340 -0.265517581788
301 302 0.854086971549
301 341 -0.655116762722
302 303 0.732596304651
302 342 0.0638104035581
303 304 -0.778233772037
303 343 -0.114625647369
304 305 0.854390733545
304 344 -0.62246274005
305 306 -0.879461860954
305 345 0.430687972151
306 307 -0.186768969328
306 346 0.0203025887702
307 308 0.320897244779
307 347 -0.242922300553
308 309 0.393264671677
308 348 -0.84197451379
309 310 0.859322369229
309 349 0.955819595864
310 311 -0.793307694717
310 350 -0.352213073722
311 312 0.861432588678
311 351 -0.364958208661
312 313 0.943433199254
312 352 -0.394025958272
313 314 0.0965592912737
313 353 -0.88380877315
314 315 -0.258148979573
314 354 0.160025580489
315 316 0.36550552946
315 355 0.115702190563
316 317 -0.0286295928124
316 356 0.573986209712
317 318 -0.741998621632
317 357 -0.796838166004
318 319 0.538628766899
318 358 0.060512819943
319 320 -0.446633260994
319 359 0.37097680683
320 360 -0.206751851039
321 322 -0.952036235246
321 361 0.117708175982
322 323 0.267331127575
322 362 -0.268118830295
323 324 0.673824277427
323 363 0.0694697407026
324 325 -0.654963495668
324 364 0.656863844488
325 326 -0.921277104695
325 365 0.493342181985
326 327 -0.317046738353
326 366 -0.0891468573212
327 328 0.0973343498141
327 367 0.29862383612
328 329 0.200024435316
328 368 0.7533190021
329 330 0.50376618722
329 369 -0.412884110628
330 331 -0.409665689799
330 370 0.432205715109
331 332 -0.42103781313
331 371 0.200504112366
332 333 -0.505711191749
332 372 0.856248402359
333 334 -0.0403718697185
333 373 0.982353871452
334 335 0.522497043859
334 374 -0.271675967018
335 336 0.0220048399993
335 375 -0.570347387342
336 337 -0.700490847691
336 376 0.995299247814
337 338 0.251308801171
337 377 -0.802084657305
338 339 0.0699885320338
338 378 -0.664008402809
339 340 -0.614800998773
339 379 0.686531877844
340 341 0.149515013149
340 380 0.374056441305
341 342 0.340531694851
341 381 -0.0443767986099
342 343 0.856152947789
342 382 0.244970438213
343 344 -0.380722230274
343 383 -0.992785492095
344 345 -0.197378077872
344 384 -0.280617598534
345 346 0.445552984257
345 385 0.772926205077
346 347 0.631753038145
346 386 -0.494393924294
347 348 -0.411599327071
347 387 -0.86733097783
348 349 -0.383689246393
348 388 -0.131177073849
349 350 -0.247890123667
349 389 -0.499726843127
350 351 0.791811673437
350 390 0.654799373978
351 352 0.893558633571
351 391 -0.640897890621
352 353 -0.40242019933
352 392 0.448341434095
353 354 -0.960595065648
353 393 -0.351714181443
354 355 0.654748323157
354 394 0.0503443676058
355 356 0.0834724327978
355 395 -0.407566959993
356 357 0.999639758608
356 396 -0.75393864072
357 358 0.676323894472
357 397 0.299104810408
358 359 -0.783102070871
358 398 0.558227027352
359 360 -0.0575937453391
359 399 0.306536331032
360 400 0.392268650063
361 362 -0.481495106185
361 401 -0.16979760598
362 363 0.105689146301
362 402 -0.6072388466
363 364 0.549935630082
363 403 -0.538327468847
364 365 -0.915860953083
364 404 0.733907383626
365 366 0.146842559968
365 405 0.463411351124
366 367 -0.83641851397
366 406 -0.417435590002
367 368 -0.840774538611
367 407 0.67701115363
368 369 0.606409034137
368 408 -0.196058497359
369 370 0.854879623749
369 409 -0.631668523664
370 371 -0.593572251444
370 410 0.282737990308
371 372 0.76557206761
371 411 0.167419351139
372 373 0.847432771614
372 412 0.84817710695
373 374 -0.437393826609
373 413 -0.88073837268
374 375 -0.751888676604
374 414 -0.593735760862
375 376 0.0553013879335
375 415 -0.252459453517
376 377 0.65792850292
376 416 0.456989579265
377 378 -0.206769578764
377 417 0.980032136031
378 379 0.893594582682
378 418 0.946174081169
379 380 0.528351669739
379 419 0.206641993739
380 381 -0.129647628925
380 420 -0.48453027019
381 382 -0.359650532695
381 421 -0.89706203842
382 383 0.587960128715
382 422 -0.531140696012
383 384 0.0158765111684
383 423 0.852167155419
384 385 0.232665937793
384 424 -0.290626614165
385 386 -0.24897545453
385 425 0.192527370065
386 387 0.307425382851
386 426 0.702449001464
387 388 -0.69043311969
387 427 0.722786721006
388 389 -0.264536936933
388 428 -0.0103326233132
389 390 0.867589090943
389 429 0.836958270666
390 391 0.0625067450624
390 430 -0.378014697297
391 392 -0.0443966752467
391 431 0.0954023256664
392 393 -0.723391345556
392 432 0.957957899161
393 394 -0.108142490996
393 433 0.965153022902
394 395 -0.396561962905
394 434 -0.512029770775
395 396 0.861050392492
395 435 -0.941252623267
396 397 -0.777279551473
396 436 -0.634100587624
397 398 -0.822753567559
397 437 0.765037333274
398 399 0.890976973086
398 438 0.201960612818
399 400 0.509729370194
399 439 -0.78267590355
400 440 0.196823555304
401 402 -0.432949836457
401 441 0.386275836626
402 403 -0.615855407213
402 442 0.451339247866
403 404 0.930586702213
403 443 0.502054614637
404 405 0.351993174936
404 444 -0.108171780178
405 406 0.101665191753
405 445 0.878806956602
406 407 -0.71020649003
406 446 0.332961461643
407 408 -0.788513916179
407 447 0.0646430930762
408 409 -0.729615693707
408 448 -0.467617006408
409 410 -0.183715863298
409 449 -0.254811083538
410 411 -0.172191649344
410 450 -0.938395433346
411 412 -0.296269783555
411 451 0.69174002767
412 413 0.325965181606
412 452 0.876629750789
413 414 0.815285327303
413 453 -0.407514554047
414 415 -0.712187259282
414 454 0.795324679434
415 416 0.938665145762
415 455 -0.643749016412
416 417 -0.498178604711
416 456 0.90640833827
417 418 -0.493931773135
417 457 -0.759161736729
418 419 0.17234274559
418 458 0.387077861996
419 420 -0.283897016344
419 459 -0.0909769476463
420 421 0.0431953445622
420 460 0.598942925111
421 422 0.777145806826
421 461 -0.986821279268
422 423 -0.0198373770987
422 462 -0.0438715915629
423 424 0.92334701544
423 463 -0.756145408211
424 425 -0.496825914951
424 464 0.295998597732
425 426 0.336111041054
425 465 0.485462057997
426 427 -0.588341652554
426 466 -0.851977111745
427 428 -0.209190230015
427 467 0.15916846485
428 429 -0.756018067844
428 468 0.473374335635
429 430 0.842518659713
429 469 0.836908637488
430 431 -0.724174856531
430 470 0.688208304191
431 432 0.960189777627
431 471 -0.477499432564
432 433 -0.449518767239
432 472 0.704857793517
433 434 -0.952587125428
433 473 0.687939418419
434 435 -0.350000262519
434 474 -0.0423498390835
435 436 0.242528485797
435 475 0.664500861339
436 437 -0.764211718083
436 476 0.467957236349
437 438 -0.421050819126
437 477 0.597176892651
438 439 -0.053102991352
438 478 -0.291639952683
439 440 -0.795556643901
439 479 0.591725073975
440 480 -0.313311353714
441 442 -0.119092564659
441 481 -0.68626452305
442 443 0.569873406862
442 482 0.944196727368
443 444 -0.313812271216
443 483 0.89705529392
444 445 0.343140495269
444 484 -0.0792629922215
445 446 -0.307196594199
445 485 0.148938919872
446 447 0.918468283077
446 486 -0.685530633869
447 448 0.852019084834
447 487 0.0974136259454
448 449 -0.997354931489
448 488 0.306806496032
449 450 0.97139338944
449 489 -0.990963263635
450 451 0.0327982791093
450 490 0.0150212646449
451 452 0.0574548909211
451 491 0.238544239595
452 453 -0.534463879289
452 492 0.149985552624
453 454 0.8476072928
453 493 -0.0307708953662
454 455 -0.464148154287
454 494 -0.537608455866
455 456 0.245904914776
455 495 0.118920260483
456 457 0.946867994661
456 496 -0.764834079355
457 458 -0.862815712165
457 497 -0.86194626698
458 459 0.759780906268
458 498 0.805784324207
459 460 0.341132542319
459 499 -0.247270583022
460 461 -0.179071191313
460 500 0.376127004658
461 462 0.652316673848
461 501 -0.260493691127
462 463 -0.410695600791
462 502 -0.0767810184211
463 464 0.568372327006
463 503 -0.951244721031
464 465 -0.0622169738072
464 504 0.396418322317
465 466 0.914003169603
465 505 -0.265801047031
466 467 0.370655374658
466 506 -0.689147045594
467 468 -0.597717679999
467 507 0.564609752457
468 469 -0.549457263369
468 508 0.0427407641185
469 470 0.279472131223
469 509 -0.993243831061
470 471 -0.52654618837
470 510 0.421454260721
471 472 0.715445417286
471 511 -0.495137348985
472 473 -0.120297113232
472 512 0.562558684749
473 474 -0.686378504385
473 513 0.091851213219
474 475 0.757980794538
474 514 0.162257001348
475 476 0.527002163879
475 515 -0.789613054987
476 477 -0.502592834782
476 516 -0.858922557537
477 478 0.956458808611
477 517 -0.926669096259
478 479 0.418808820954
478 518 0.923531497981
479 480 0.194724256941
479 519 -0.3825477337
480 520 0.39748450807
481 482 0.0892980360637
481 521 0.560629529023
482 483 0.701942834083
482 522 0.0871886531916
483 484 0.401023557933
483 523 0.681122170972
484 485 0.560006444757
484 524 -0.773111832272
485 486 -0.898440041995
485 525 0.106865668309
486 487 -0.943411856297
486 526 0.482714338433
487 488 -0.31558431273
487 527 0.453261735329
488 489 -0.828975197439
488 528 -0.641422846053
489 490 0.298531185205
489 529 0.0173225435606
490 491 0.823847354185
490 530 0.421737371452
491 492 0.513881705114
491 531 -0.423440556828
492 493 0.986803231509
492 532 0.98975085008
493 494 0.386685505077
493 533 -0.767527045565
494 495 0.310154960933
494 534 -0.398443621958
495 496 -0.75288115361
495 535 0.393072517071
496 497 -0.495983389597
496 536 -0.734495532799
497 498 -0.922629220182
497 537 -0.0651929339591
498 499 -0.764598483739
498 538 -0.335576051516
499 500 -0.87054049054
499 539 0.411856750084
500 501 -0.494697791001
500 540 -0.220262390694
501 502 0.706559895048
501 541 -0.932544141871
502 503 0.308602230167
502 542 0.861134368897
503 504 -0.71368141395
503 543 -0.711358950449
504 505 0.0902222004982
504 544 -0.187015686826
505 506 0.229998633335
505 545 0.729744981395
506 507 -0.726432274999
506 546 -0.43488386108
507 508 -0.714284534822
507 547 -0.480301324832
508 509 0.411827319538
508 548 -0.68016427084
509 510 0.479888800275
509 549 0.890945270312
510 511 -0.185923749424
510 550 0.216443272476
511 512 -0.568075740489
511 551 -0.858345556038
512 513 -0.416450475537
512 552 0.403474488694
513 514 0.54471331374
513 553 0.531785372225
514 515 0.470077123864
514 554 0.208088808521
515 516 0.745134956517
515 555 0.63597040647
516 517 -0.332452959403
516 556 0.583674800837
517 518 0.692026508416
517 557 0.517015238021
518 519 -0.10529960767
518 558 -0.130086150396
519 520 -0.414153777543
519 559 0.745553865657
520 560 0.837944400961
521 522 -0.387272935248
521 561 -0.556084232136
522 523 -0.820418260954
522 562 -0.0222535107678
523 524 -0.909005388288
523 563 -0.888716917897
524 525 0.0163148576972
524 564 0.742979079888
525 526 -0.161214112704
525 565 0.96632357558
526 527 -0.291671020465
526 566 0.0119325532686
527 528 0.802029100641
527 567 0.232470732024
528 529 -0.510046944835
528 568 -0.187795035206
529 530 -0.688131148846
529 569 0.283356276747
530 531 -0.392336604766
530 570 0.290304887207
531 532 0.37238520214
531 571 -0.466937798486
532 533 0.6019891779
532 572 0.173955294587
533 534 -0.470787758149
533 573 0.357765811526
534 535 0.607662388292
534 574 0.373724432928
535 536 0.159556137576
535 575 -0.130213875669
536 537 -0.411919076946
536 576 0.582645031927
537 538 0.81180831427
537 577 0.8950869955
538 539 0.583570476552
538 578 -0.451147550164
539 540 0.421024957572
539 579 -0.430880677558
540 541 0.883505217903
540 580 -0.865271454996
541 542 -0.909796950569
541 581 -0.201427932916
542 543 0.0758569698971
542 582 -0.801403789752
543 544 -0.43355747235
543 583 -0.948867565486
544 545 0.00353301654551
544 584 0.652666550404
545 546 0.748547346557
545 585 -0.609148788167
546 547 0.251408610382
546 586 0.00755628842513
547 548 -0.962245357515
547 587 -0.927610949238
548 549 0.290660207164
548 588 0.489660707027
549 550 -0.596075088706
549 589 -0.498394289596
550 551 -0.676462434843
550 590 0.144127295002
551 552 -0.522986054794
551 591 -0.881337506306
552 553 -0.471189584854
552 592 0.251171845326
553 554 -0.567483378147
553 593 0.619384427412
554 555 -0.356053400191
554 594 0.93198415135
555 556 0.701818232618
555 595 0.239209468629
556 557 -0.305937556731
556 596 -0.0281600780117
557 558 0.0146119838515
557 597 0.221866731844
558 559 0.909750505626
558 598 0.991770819917
559 560 0.151325029291
559 599 -0.693770942529
560 600 0.65141707142
561 562 -0.224057484889
561 601 0.872767299721
562 563 0.855872695124
562 602 0.575236399007
563 564 0.485474547099
563 603 -0.390627134103
564 565 0.855058551624
564 604 -0.559327336903
565 566 0.891214637674
565 605 -0.723441170284
566 567 -0.877903849643
566 606 -0.644470106524
567 568 -0.88822771455
567 607 0.757617196842
568 569 0.373599895918
568 608 -0.111064871067
569 570 0.615716353678
569 609 0.533963304712
570 571 -0.499996311826
570 610 0.308300384955
571 572 0.304917359266
571 611 -0.486782484328
572 573 0.25534857922
572 612 -0.215355798269
573 574 0.904553492475
573 613 0.640004675761
574 575 0.178936947921
574 614 -0.0471833480891
575 576 0.905687949725
575 615 -0.781979268618
576 577 0.968093393328
576 616 0.0626677756705
577 578 0.812128851764
577 617 -0.23533364594
578 579 -0.150620435364
578 618 0.966060034601
579 580 -0.568082561191
579 619 0.798067858957
580 581 0.828626488784
580 620 -0.895280249482
581 582 0.227803187399
581 621 0.30329029827
582 583 -0.233051072344
582 622 -0.38753415306
583 584 -0.583542167867
583 623 -0.851123669755
584 585 0.450973555347
584 624 -0.327360443252
585 586 -0.514790235978
585 625 -0.271560485663
586 587 -0.453207813071
586 626 -0.913078839202
587 588 -0.598152448932
587 627 0.182344597832
588 589 -0.665042092835
588 628 0.176206037042
589 590 -0.456146635402
589 629 0.545838627476
590 591 0.684114895146
590 630 -0.160490268449
591 592 0.781254998847
591 631 -0.998975938425
592 593 -0.347619230699
592 632 -0.966648320184
593 594 -0.890821032221
593 633 -0.252533062391
594 595 -0.843862642539
594 634 -0.23075167199
595 596 0.723344187736
595 635 0.600690169142
596 597 -0.486906115542
596 636 0.998267040247
597 598 0.415258608988
597 637 0.532982276719
598 599 -0.14440358286
598 638 -0.868739128936
599 600 -0.303890712227
599 639 0.19223364681
600 640 0.582804675522
601 602 0.951990844946
601 641 0.344767351826
602 603 -0.0298115478918
602 642 -0.0894412770382
603 604 0.0335687316865
603 643 -0.687475152657
604 605 -0.496139394891
604 644 0.808024943218
605 606 -0.916768716938
605 645 -0.758649865862
606 607 0.391012583882
606 646 0.210421239234
607 608 -0.964045097272
607 647 0.356478474118
608 609 0.00754113172055
608 648 -0.813584405447
609 610 -0.844749170198
609 649 0.59019886481
610 611 0.202882813627
610 650 0.228971739837
611 612 0.592481295693
611 651 -0.30535465629
612 613 -0.554565879255
612 652 0.793008815317
613 614 0.809051308529
613 653 0.549382518367
614 615 -0.247067517705
614 654 -0.118048850852
615 616 0.261679884033
615 655 -0.416768826057
616 617 -0.156799698255
616 656 0.486212048134
617 618 0.37340067046
617 657 -0.879943430395
618 619 -0.0512146233662
618 658 0.150807654393
619 620 -0.299792914617
619 659 -0.854316135664
620 621 0.623190597759
620 660 -0.245515332729
621 622 -0.424377645933
621 661 0.276714109743
622 623 -0.483794448557
622 662 -0.117800474799
623 624 0.401564585293
623 663 0.72303074769
624 625 -0.0316696248676
624 664 -0.937550064141
625 626 -0.473893869127
625 665 -0.538753299452
626 627 0.494408694024
626 666 -0.370789502106
627 628 0.586849690947
627 667 -0.628138394687
628 629 0.113486784211
628 668 0.932014251643
629 630 0.221715254481
629 669 -0.91378503552
630 631 0.0675757303321
630 670 -0.5652306905
631 632 0.705723515175
631 671 0.163201323321
632 633 0.889684002589
632 672 -0.801395274852
633 634 0.92540960755
633 673 0.518712085461
634 635 -0.37003164597
634 674 -0.533809707748
635 636 0.903787485254
635 675 0.186356680653
636 637 0.160118594497
636 676 -0.397537472579
637 638 -0.606555789085
637 677 0.3711832759
638 639 0.921544947843
638 678 0.374640875565
639 640 0.0479206769751
639 679 -0.734044011561
640 680 0.95840759648
641 642 0.805668217077
641 681 0.691501742586
642 643 -0.564028463181
642 682 -0.645573238396
643 644 0.955904819314
643 683 0.00550209534884
644 645 -0.30896532257
644 684 -0.886254851903
645 646 -0.61450606456
645 685 0.452335988621
646 647 0.706822444838
646 686 0.925846427077
647 648 0.800092046196
647 687 -0.685108872337
648 649 -0.323645197793
648 688 -0.586662910481
649 650 -0.308185404209
649 689 0.705193527157
650 651 -0.67774795018
650 690 0.421368685197
651 652 0.920850816514
651 691 -0.653237793237
652 653 0.170161022305
652 692 -0.282322903179
653 654 0.944044637648
653 693 -0.523861977492
654 655 0.41400478101
654 694 -0.881967831623
655 656 -0.00590094425656
655 695 -0.264310244286
656 657 0.725328964624
656 696 0.0222218730481
657 658 0.542183112566
657 697 -0.448685546284
658 659 -0.550434741386
658 698 -0.705553904514
659 660 0.733313575728
659 699 -0.526642081959
660 661 0.402371535189
660 700 -0.538110656972
661 662 -0.191265807622
661 701 -0.657152253743
662 663 -0.367910063142
662 702 0.573132213132
663 664 0.0652708417937
663 703 -0.869650234312
664 665 0.767058960727
664 704 0.938325764735
665 666 0.816710706004
665 705 0.203754497689
666 667 -0.57515158524
666 706 0.131098792076
667 668 -0.551873265271
667 707 -0.65408039864
668 669 0.629792396354
668 708 -0.198855598922
669 670 0.0698120263304
669 709 -0.343011043832
670 671 0.845909462606
670 710 0.513162460053
671 672 -0.75273317901
671 711 -0.250334165388
672 673 -0.953097367992
672 712 0.874396424676
673 674 -0.166745827975
673 713 -0.57017938088
674 675 -0.914070278693
674 714 -0.1503442392
675 676 0.607490082674
675 715 -0.539055759401
676 677 -0.622217700085
676 716 -0.694261230379
677 678 -0.996270726733
677 717 0.469079816487
678 679 0.207626252207
678 718 0.594685774691
679 680 -0.330487688977
679 719 -0.753354656244
680 720 -0.271384908027
681 682 -0.244011917342
681 721 -0.815565982257
682 683 -0.852752661561
682 722 0.784786375174
683 684 0.658002156949
683 723 -0.85192440744
684 685 0.429773344224
684 724 -0.171162281693
685 686 0.0879559070774
685 725 0.0698506690706
686 687 -0.28076980179
686 726 0.240497013322
687 688 0.0563302596001
687 727 0.410109179495
688 689 0.478275097167
688 728 -0.964694770654
689 690 0.124190587666
689 729 -0.840135190145
690 691 0.0754470260304
690 730 0.484609856626
691 692 0.428654292384
691 731 0.709948413899
692 693 -0.345394592912
692 732 -0.655092357286
693 694 -0.755246787739
693 733 -0.518959468954
694 695 -0.536990198759
694 734 0.399189362533
695 696 0.372491818955
695 735 0.782494326149
696 697 -0.0200459086218
696 736 -0.190557774337
697 698 0.313640036565
697 737 -0.422041355315
698 699 0.810685212582
698 738 0.537868905518
699 700 -0.214149931035
699 739 0.129973423935
700 701 -0.645448989896
700 740 -0.820673008685
701 702 -0.746607993127
701 741 -0.508155127749
702 703 -0.114670380748
702 742 0.757715850221
703 704 -0.535576413606
703 743 -0.80509062199
704 705 0.504022739996
704 744 0.774314574453
705 706 0.565030885481
705 745 0.0986531626399
706 707 -0.101195261662
706 746 -0.828239106158
707 708 0.154150750581
707 747 0.957822766931
708 709 0.369155022712
708 748 -0.183983194406
709 710 0.533199130395
709 749 0.216194691732
710 711 -0.684645626674
710 750 0.944745063186
711 712 0.0653090838929
711 751 0.319743182576
712 713 0.699311936359
712 752 -0.838552438156
713 714 -0.169044705215
713 753 -0.14869470526
714 715 0.978246537629
714 754 0.446839837493
715 716 0.765961858575
715 755 -0.168174337172
716 717 -0.441552875171
716 756 0.771938772929
717 718 0.567024675863
717 757 0.103754171916
718 719 -0.565525399626
718 758 0.754149337018
719 720 0.857861337155
719 759 -0.137265238452
720 760 0.136523398027
721 722 0.306821805047
721 761 0.115681524777
722 723 0.280353233798
722 762 -0.713335365057
723 724 -0.0421690955643
723 763 -0.875441039188
724 725 0.47064837499
724 764 -0.0458167331133
725 726 -0.0709260410749
725 765 -0.986611563237
726 727 -0.104645175573
726 766 0.0111939253992
727 728 -0.648976740506
727 767 -0.509604830897
728 729 0.233591883434
728 768 0.395773851339
729 730 0.489501238139
729 769 0.127188765077
730 731 -0.910658925285
730 770 0.466027384201
731 732 0.742514325097
731 771 0.0400503873315
732 733 -0.629905241933
732 772 0.335291253801
733 734 0.16016376395
733 773 -0.258603661144
734 735 0.417699167408
734 774 0.144508820685
735 736 -0.842202706827
735 775 -0.0424216010102
736 737 -0.119600593577
736 776 -0.124120942313
737 738 -0.0236997615548
737 777 -0.0787338039106
738 739 -0.734579097149
738 778 0.862816567922
739 740 -0.0559807546893
739 779 -0.56180523913
740 741 -0.984378855742
740 780 -0.25251888786
741 742 0.785057684081
741 781 -0.441932053238
742 743 -0.395353852758
742 782 0.962639741424
743 744 0.963161571699
743 783 -0.0175521224613
744 745 -0.661277961438
744 784 -0.291282620278
745 746 -0.897563383319
745 785 -0.108300133878
746 747 -0.577031363724
746 786 0.838768778529
747 748 0.0506491508114
747 787 -0.965145910484
748 749 -0.55137685857
748 788 -0.529742072609
749 750 -0.318858051132
749 789 -0.663530401082
750 751 0.800434267765
750 790 0.252229878154
751 752 -0.191995509825
751 791 -0.641509259412
752 753 -0.505389220883
752 792 0.0240840203688
753 754 0.926795140397
753 793 -0.589893206544
754 755 -0.702273426749
754 794 0.731989543403
755 756 0.122558390443
755 795 -0.93698965049
756 757 -0.764285889015
756 796 0.742600157055
757 758 0.502822330037
757 797 -0.810230561802
758 759 0.151353293321
758 798 0.225230240062
759 760 0.547889102185
759 799 0.431877829677
760 800 0.967491327749
761 762 -0.276870473875
761 801 -0.54989099032
762 763 -0.171746160568
762 802 -0.901782151204
763 764 0.768482862175
763 803 -0.108379642574
764 765 0.00113110887286
764 804 -0.164876179183
765 766 -0.215056172911
765 805 0.997876882519
766 767 -0.216996482821
766 806 0.954788453897
767 768 -0.866860022097
767 807 -0.681994982987
768 769 0.0092860342433
768 808 -0.91104499869
769 770 -0.0971452301604
769 809 0.276916855476
770 771 0.900523409163
770 810 0.171301924572
771 772 0.0987222285625
771 811 -0.411578192945
772 773 -0.427309619063
772 812 -0.366273439427
773 774 -0.92966921853
773 813 -0.750612480439
774 775 -0.477009805991
774 814 -0.549033934615
775 776 0.469557187513
775 815 -0.422089586199
776 777 -0.768510845608
776 816 0.869054269981
777 778 0.221053969672
777 817 -0.346667055117
778 779 0.791871930196
778 818 -0.342955930475
779 780 -0.525275479503
779 819 0.00892834908643
780 781 -0.916537740761
780 820 -0.435250038677
781 782 0.107020481742
781 821 -0.72386813359
782 783 -0.749507130584
782 822 0.248435638443
783 784 -0.658983682379
783 823 0.130606079455
784 785 -0.720237283202
784 824 -0.894660723993
785 786 -0.563717797885
785 825 -0.453217016659
786 787 0.586137052209
786 826 -0.727348164001
787 788 0.454845535731
787 827 -0.510566222882
788 789 -0.607908644184
788 828 -0.0743973500029
789 790 -0.851115148854
789 829 0.430591865709
790 791 0.83113774101
790 830 0.76189183728
791 792 -0.562850170371
791 831 -0.030119997936
792 793 -0.822222938418
792 832 -0.173531995327
793 794 0.621673672657
793 833 0.63108327827
794 795 0.584607138739
794 834 0.80653292498
795 796 -0.817285609137
795 835 -0.051973586055
796 797 0.890892946366
796 836 -0.517379772016
797 798 0.280918777162
797 837 -0.80032280157
798 799 -0.607910612204
798 838 -0.613348777454
799 800 -0.442200474566
799 839 0.606121911223
800 840 -0.331209779201
801 802 -0.186960167248
801 841 -0.0621195026017
802 803 -0.581253300955
802 842 0.461416248258
803 804 -0.862900163476
803 843 -0.847007435368
804 805 -0.41903020793
804 844 0.801421734775
805 806 0.640582410824
805 845 0.145721421879
806 807 0.247275634917
806 846 -0.716229145015
807 808 -0.763675861104
807 847 -0.418715135165
808 809 -0.497814925668
808 848 -0.524348755986
809 810 -0.112583870887
809 849 -0.926149395073
810 811 -0.719702190539
810 850 0.847546635683
811 812 0.713257039235
811 851 0.524564334909
812 813 0.69017772815
812 852 -0.812842179025
813 814 -0.437628750336
813 853 -0.329155085946
814 815 0.0668790019649
814 854 -0.472670094325
815 816 -0.327662305823
815 855 0.889057060946
816 817 0.0407476782843
816 856 0.377423615808
817 818 -0.625643792999
817 857 0.128034482826
818 819 0.760226551826
818 858 -0.731836395937
819 820 -0.742163134369
819 859 0.800731824312
820 821 0.750489544348
820 860 0.401043953242
821 822 0.969080761662
821 861 0.790460997538
822 823 -0.751487600237
822 862 -0.550547143995
823 824 -0.494277796743
823 863 0.237974324419
824 825 -0.241155998118
824 864 0.0822986381945
825 826 0.591083119663
825 865 -0.123327801573
826 827 -0.460898096165
826 866 -0.449486411721
827 828 -0.903252309445
827 867 0.529868010725
828 829 0.0108660096273
828 868 -0.929411892523
829 830 0.249365180107
829 869 -0.40863001972
830 831 0.550402778961
830 870 0.72402686146
831 832 0.14395707785
831 871 0.852798866428
832 833 0.937312594848
832 872 0.457976523607
833 834 -0.436985657181
833 873 0.679879233709
834 835 -0.53676803954
834 874 0.652273092715
835 836 0.2614584586
835 875 0.617667261904
836 837 -0.945835184669
836 876 -0.520560699183
837 838 0.480282809285
837 877 0.974251054229
838 839 -0.769070036026
838 878 0.788407412048
839 840 0.0293618023331
839 879 -0.240906201025
840 880 0.848307918046
841 842 -0.461528843498
841 881 -0.416414451549
842 843 0.302245540883
842 882 -0.042043405246
843 844 0.0775853160063
843 883 -0.84886719099
844 845 0.33757515597
844 884 0.577664686686
845 846 -0.607074078609
845 885 0.840938849019
846 847 0.395456882873
846 886 0.931512514669
847 848 0.501146837758
847 887 0.387368942196
848 849 -0.46446563498
848 888 -0.473620147101
849 850 0.825408964821
849 889 -0.424389264407
850 851 0.111399184594
850 890 -0.445167488539
851 852 0.0267288409709
851 891 0.00596472326582
852 853 0.898272063964
852 892 -0.169966952754
853 854 -0.364891355392
853 893 0.131021259989
854 855 0.478896619033
854 894 0.53539025549
855 856 -0.779039002433
855 895 0.173870466626
856 857 -0.0913118005173
856 896 0.561119370594
857 858 0.541121363897
857 897 -0.232654455498
858 859 -0.503202677771
858 898 0.760163071528
859 860 -0.474429580001
859 899 -0.702155452904
860 861 -0.162144132516
860 900 -0.957057216842
861 862 -0.663547198274
861 901 -0.564805660089
862 863 0.60665952459
862 902 0.101520680873
863 864 -0.0744099407766
863 903 0.232998673172
864 865 0.604127039809
864 904 0.739541190975
865 866 0.197742583222
865 905 -0.5054722353
866 867 0.022405662735
866 906 0.750738553801
867 868 -0.834518208456
867 907 -0.720407052223
868 869 -0.962944538875
868 908 -0.348729924143
869 870 0.715318764203
869 909 -0.83185138286
870 871 -0.896399650491
870 910 -0.573134711208
871 872 -0.742826512392
871 911 -0.427723730821
872 873 0.16093949625
872 912 -0.75157814116
873 874 0.94272782237
873 913 -0.0624454858569
874 875 -0.953771844418
874 914 -0.385313486544
875 876 0.626496954358
875 915 0.0737679888045
876 877 -0.938213782515
876 916 0.272969400344
877 878 0.374170175391
877 917 -0.946323659109
878 879 0.530962984867
878 918 0.414750282032
879 880 0.645938961294
879 919 0.649751204527
880 920 -0.565932955151
881 882 -0.084627201354
881 921 0.721067825894
882 883 -0.450438989009
882 922 0.304446250132
883 884 -0.632455363975
883 923 -0.127285831667
884 885 0.791479062186
884 924 -0.499622115221
885 886 -0.151705505191
885 925 0.238654546159
886 887 0.789698773306
886 926 0.116008166736
887 888 0.525204843344
887 927 0.319327886906
888 889 0.945430973307
888 928 0.582322503834
889 890 -0.441311880808
889 929 -0.900551674133
890 891 0.244280887769
890 930 0.717786074658
891 892 0.83891915366
891 931 0.121779084962
892 893 0.654898272925
892 932 0.647830525351
893 894 0.310868040698
893 933 0.68962924483
894 895 0.438734829784
894 934 0.258263819106
895 896 0.401974664867
895 935 0.325886900083
896 897 -0.553728848779
896 936 0.693276132621
897 898 0.919028065841
897 937 -0.112496619258
898 899 0.0533967732196
898 938 -0.176535273155
899 900 -0.634091567075
899 939 -0.608792509401
900 901 -0.902294665684
900 940 0.985337648895
901 902 0.761120930927
901 941 -0.411214731296
902 903 -0.260060353668
902 942 -0.877784792884
903 904 0.619228354397
903 943 -0.00756462288274
904 905 -0.513848854532
904 944 0.740832086948
905 906 -0.987467851158
905 945 -0.545580543707
906 907 0.0681443673879
906 946 -0.852819951364
907 908 0.912218424039
907 947 0.676653264332
908 909 -0.169944757373
908 948 -0.332988111861
909 910 0.721730458266
909 949 -0.619199572925
910 911 0.438769630381
910 950 0.591820860808
911 912 -0.0352740318578
911 951 0.51742843615
912 913 0.104136823449
912 952 0.856580785989
913 914 -0.31297054807
913 953 -0.0641678822563
914 915 -0.113455694222
914 954 -0.243256773025
915 916 0.440172546401
915 955 -0.88340991631
916 917 0.0930224925441
916 956 -0.316887898684
917 918 0.769583115635
917 957 0.388234577754
918 919 0.884421107125
918 958 -0.752202445701
919 920 0.355044614362
919 959 -0.129553432749
920 960 0.664873019041
921 922 0.172505808936
921 961 -0.433024275136
922 923 0.912899022635
922 962 -0.12895888765
923 924 -0.00443433796309
923 963 0.166623830484
924 925 0.839641227945
924 964 0.725210174517
925 926 -0.593784686518
925 965 -0.343868512396
926 927 -0.970570432503
926 966 0.611092663536
927 928 0.588468395017
927 967 -0.70208737624
928 929 0.781821463238
928 968 0.427005790025
929 930 0.434790602014
929 969 0.818908265971
930 931 -0.783402431673
930 970 0.119325838585
931 932 -0.812306236707
931 971 -0.783651393786
932 933 0.365036955732
932 972 -0.894418944168
933 934 -0.240203309476
933 973 0.875990070941
934 935 0.78672954274
934 974 0.105232692649
935 936 -0.868199245676
935 975 0.917315238082
936 937 0.917235912596
936 976 -0.739102538609
937 938 -0.222565369224
937 977 -0.222810237861
938 939 -0.398546179155
938 978 -0.565344002516
939 940 0.825933523368
939 979 -0.139589815349
940 941 -0.120837263328
940 980 0.186976705337
941 942 -0.799023639571
941 981 0.196147150935
942 943 0.743844599486
942 982 0.308813938697
943 944 -0.677128165013
943 983 -0.0858985926913
944 945 0.811484714655
944 984 0.226647356291
945 946 -0.794162274134
945 985 0.864379609601
946 947 0.876098558758
946 986 -0.74685173782
947 948 -0.3050487983
947 987 -0.209700701566
948 949 -0.904454954294
948 988 -0.963961823826
949 950 0.394365104709
949 989 -0.447665375401
950 951 -0.677203643222
950 990 -0.0729295435725
951 952 -0.268009853067
951 991 -0.104066234374
952 953 0.801799207203
952 992 0.3281611331
953 954 0.101169223211
953 993 0.186103417494
954 955 0.127505917656
954 994 0.325563369512
955 956 0.121183305947
955 995 0.0580060810243
956 957 0.927743843024
956 996 0.893991587781
957 958 -0.679574337616
957 997 -0.629718659007
958 959 0.696163923552
958 998 -0.177396697859
959 960 0.18414363217
959 999 -0.394118475005
960 1000 -0.181407754926
961 962 -0.444044986753
961 1001 -0.0907558489561
962 963 -0.859734989825
962 1002 -0.884537024354
963 964 0.24102536281
963 1003 -0.254377000715
964 965 0.01217052425
964 1004 0.135804348288
965 966 -0.310093074131
965 1005 -0.210496259196
966 967 0.863722680002
966 1006 0.467857964083
967 968 0.108627187561
967 1007 -0.957080494147
968 969 -0.306676523278
968 1008 0.883706844723
969 970 -0.0740914887132
969 1009 0.628248451984
970 971 0.265473427501
970 1010 0.852235265035
971 972 0.533233029244
971 1011 0.0516624689062
972 973 0.309414110446
972 1012 -0.106878401605
973 974 -0.237865939859
973 1013 -0.153309488837
974 975 -0.435897314831
974 1014 -0.524470810903
975 976 -0.953864266633
975 1015 -0.935847414765
976 977 -0.125291822497
976 1016 -0.918138409711
977 978 0.924240305803
977 1017 -0.409585667576
978 979 -0.645251182568
978 1018 -0.0973014924099
979 980 0.510500588146
979 1019 0.650274984796
980 981 0.479264090946
980 1020 0.225957159594
981 982 -0.703234903208
981 1021 -0.853738143763
982 983 -0.92005128333
982 1022 -0.273549084137
983 984 0.138109249537
983 1023 -0.585531412704
984 985 0.569327813976
984 1024 0.91232022027
985 986 0.831204828123
985 1025 0.00590522237326
986 987 -0.10022612175
986 1026 0.366102263148
987 988 -0.585103499764
987 1027 0.166453779055
988 989 -0.181438346922
988 1028 -0.517797454559
989 990 -0.764273640741
989 1029 -0.374135654994
990 991 -0.336590998632
990 1030 0.758835538855
991 992 0.976110912184
991 1031 -0.976839766645
992 993 0.348133983544
992 1032 0.417573866286
993 994 0.0258078894625
993 1033 0.694050071403
994 995 -0.428931137355
994 1034 -0.844988657095
995 996 0.462059287299
995 1035 0.0554873122352
996 997 0.261184330562
996 1036 0.330507059682
997 998 -0.861022330926
997 1037 0.527691225592
998 999 -0.0802348879831
998 1038 -0.722433790029
999 1000 0.625133188126
999 1039 0.420130957427
1000 1040 -0.770130501382
1001 1002 -0.58917931079
1001 1041 -0.597242577914
1002 1003 -0.834257962405
1002 1042 0.919414374506
1003 1004 0.237473165961
1003 1043 -0.68551068323
1004 1005 -0.770135523926
1004 1044 0.524231681116
1005 1006 -0.955536226886
1005 1045 0.32069410439
1006 1007 -0.142093745417
1006 1046 -0.238317783228
1007 1008 -0.0166722055268
1007 1047 0.686833694219
1008 1009 -0.0310897009064
1008 1048 -0.62913012031
1009 1010 -0.342369581585
1009 1049 -0.230529534524
1010 1011 -0.923624234696
1010 1050 0.0148640977725
1011 1012 0.11272253706
1011 1051 -0.134156609976
1012 1013 -0.37911799661
1012 1052 0.0377622103922
1013 1014 -0.17147671522
1013 1053 0.529323302223
1014 1015 -0.799821211456
1014 1054 0.235507054756
1015 1016 0.111130117579
1015 1055 -0.849481989674
1016 1017 0.551376947641
1016 1056 0.0461493947753
1017 1018 0.24291044585
1017 1057 0.0589439407911
1018 1019 0.000485253234881
1018 1058 -0.828693257686
1019 1020 -0.818527540184
1019 1059 0.23509883397
1020 1021 0.503816552449
1020 1060 0.121498267632
1021 1022 0.268145609324
1021 1061 0.943310100312
1022 1023 0.00741886439414
1022 1062 -0.916864523483
1023 1024 0.694522611332
1023 1063 0.36301821349
1024 1025 0.0412527593423
1024 1064 -0.75994793341
1025 1026 0.711079738408
1025 1065 -0.419950913274
1026 1027 0.268260774622
1026 1066 -0.384166320231
1027 1028 -0.193375100654
1027 1067 -0.741377511446
1028 1029 -0.304307969986
1028 1068 0.637376274594
1029 1030 0.516058141716
1029 1069 0.367314932661
1030 1031 -0.15423197241
1030 1070 0.446108761501
1031 1032 -0.830883299306
1031 1071 -0.567993323667
1032 1033 -0.971905455882
1032 1072 -0.904051045169
1033 1034 -0.339826986831
1033 1073 0.986219083457
1034 1035 -0.926383395372
1034 1074 -0.177450196409
1035 1036 -0.798343971778
1035 1075 0.356267760249
1036 1037 0.972546424158
1036 1076 0.159927207164
1037 1038 0.414532940837
1037 1077 -0.812520801177
1038 1039 -0.331902065805
1038 1078 0.641505156626
1039 1040 -0.50880578192
1039 1079 -0.983353720423
1040 1080 0.442981633505
1041 1042 0.0280701196349
1041 1081 -0.825541262438
1042 1043 0.081521672373
1042 1082 0.674924865339
1043 1044 -0.448983049133
1043 1083 0.597436541193
1044 1045 -0.653549985631
1044 1084 0.0676720820118
1045 1046 -0.660019964004
1045 1085 0.206600526507
1046 1047 0.48920952731
1046 1086 -0.7842978057
1047 1048 -0.0554257534463
1047 1087 -0.408828046598
1048 1049 0.458998439239
1048 1088 -0.481389810188
1049 1050 -0.416552411277
1049 1089 -0.410122954527
1050 1051 0.465248427352
1050 1090 0.319385226575
1051 1052 -0.954603234899
1051 1091 0.606474326462
1052 1053 0.32914038239
1052 1092 -0.219791269019
1053 1054 0.475581826757
1053 1093 -0.155309031483
1054 1055 0.530398407985
1054 1094 0.220523010784
1055 1056 -0.357924160625
1055 1095 0.584568958387
1056 1057 -0.935465114717
1056 1096 0.812453930565
1057 1058 0.9645474118
1057 1097 -0.909801476694
1058 1059 0.468222296347
1058 1098 -0.819396074487
1059 1060 0.642712311518
1059 1099 -0.540921355174
1060 1061 -0.0118715720155
1060 1100 -0.0931555439271
1061 1062 -0.622297949586
1061 1101 0.709892629694
1062 1063 -0.82658875282
1062 1102 0.288315764348
1063 1064 -0.75203983675
1063 1103 0.546585466987
1064 1065 -0.620288433942
1064 1104 0.189136765758
1065 1066 0.693118991003
1065 1105 -0.488689461449
1066 1067 0.126759155549
1066 1106 0.194611332727
1067 1068 -0.520892981192
1067 1107 0.654742655723
1068 1069 -0.984527328534
1068 1108 0.399339583409
1069 1070 0.457328764261
1069 1109 -0.43130842834
1070 1071 0.343474977873
1070 1110 -0.370057076403
1071 1072 0.339449639481
1071 1111 -0.570228698403
1072 1073 0.355189103346
1072 1112 0.0690704901186
1073 1074 0.0429457824777
1073 1113 -0.83623723436
1074 1075 0.848485572218
1074 1114 0.238720355429
1075 1076 0.519160450524
1075 1115 0.240157516023
1076 1077 0.54740053465
1076 1116 0.133092119719
1077 1078 0.293699848174
1077 1117 0.0246105590791
1078 1079 0.10719146895
1078 1118 0.986525398631
1079 1080 0.196836929076
1079 1119 0.567818764257
1080 1120 0.161743549243
1081 1082 -0.0328289352968
1081 1121 -0.275647575224
1082 1083 -0.659932911526
1082 1122 -0.479309854542
1083 1084 -0.693821398547
1083 1123 -0.553354054229
1084 1085 -0.747125389543
1084 1124 -0.854165812836
1085 1086 0.23916069307
1085 1125 0.395809492865
1086 1087 0.569391694552
1086 1126 -0.00238956324
1087 1088 -0.450689997665
1087 1127 -0.212917110251
1088 1089 0.645570824686
1088 1128 0.480957831063
1089 1090 0.122578278277
1089 1129 -0.348116869669
1090 1091 0.722841609209
1090 1130 0.312872590334
1091 1092 -0.236916586363
1091 1131 -0.0716126447217
1092 1093 -0.182313646963
1092 1132 -0.569184934707
1093 1094 -0.314720160957
1093 1133 -0.835078800464
1094 1095 -0.735186140253
1094 1134 0.402307535239
1095 1096 0.119710900983
1095 1135 0.161231530893
1096 1097 0.848165408486
1096 1136 -0.439508862719
1097 1098 0.960726792039
1097 1137 -0.298900735283
1098 1099 -0.718658287277
1098 1138 0.779987576214
1099 1100 0.866576366574
1099 1139 0.0703789645373
1100 1101 0.776300734471
1100 1140 0.969640150584
1101 1102 0.259961933798
1101 1141 0.727363774328
1102 1103 0.782504217797
1102 1142 -0.319394811108
1103 1104 0.507840044496
1103 1143 0.176930710688
1104 1105 0.366091587663
1104 1144 -0.218148030202
1105 1106 0.0981771573344
1105 1145 -0.356865132928
1106 1107 -0.869734690042
1106 1146 0.74771011386
1107 1108 -0.619541129021
1107 1147 -0.637525396421
1108 1109 0.485641563902
1108 1148 -0.848246612009
1109 1110 0.633712513226
1109 1149 -0.843015961945
1110 1111 0.983086605805
1110 1150 0.657339714059
1111 1112 -0.262191276922
1111 1151 0.316310383682
1112 1113 0.66381029632
1112 1152 -0.447555899995
1113 1114 -0.591976041938
1113 1153 0.10667275701
1114 1115 -0.191955306215
1114 1154 0.639298103389
1115 1116 0.784794954397
1115 1155 0.42710879142
1116 1117 -0.212121570972
1116 1156 0.657039335891
1117 1118 0.609700109982
1117 1157 -0.537934009155
1118 1119 -0.444355770269
1118 1158 -0.0544705588979
1119 1120 -0.655159884539
1119 1159 0.69452608191
1120 1160 -0.594366400972
1121 1122 0.415373243631
1121 1161 0.493492446204
1122 1123 0.383955023746
1122 1162 0.791140656284
1123 1124 -0.514043640612
1123 1163 -0.0409853903539
1124 1125 0.218054887521
1124 1164 -0.0175937407686
1125 1126 -0.416137627907
1125 1165 -0.415936026871
1126 1127 -0.859761973746
1126 1166 0.646090428257
1127 1128 0.827646000267
1127 1167 0.948592128035
1128 1129 -0.419599368151
1128 1168 -0.0807142892866
1129 1130 -0.868407786938
1129 1169 0.380536419815
1130 1131 0.263258875268
1130 1170 0.219806033463
1131 1132 -0.118580181309
1131 1171 -0.732591831542
1132 1133 -0.667045154602
1132 1172 0.245514101099
1133 1134 -0.492392451678
1133 1173 -0.848948489867
1134 1135 0.478313830264
1134 1174 -0.262205313259
1135 1136 0.834498268136
1135 1175 -0.790571603456
1136 1137 0.480592125114
1136 1176 -0.852329451401
1137 1138 0.608966609221
1137 1177 -0.596759097176
1138 1139 -0.250258251309
1138 1178 -0.740398876817
1139 1140 0.0351729802397
1139 1179 0.988213361355
1140 1141 -0.235649489303
1140 1180 -0.586950198871
1141 1142 -0.336935074206
1141 1181 -0.302093846017
1142 1143 -0.919160489196
1142 1182 -0.042997961224
1143 1144 0.0317417605169
1143 1183 -0.00662486714624
1144 1145 -0.384891958047
1144 1184 0.541083672081
1145 1146 -0.41922091072
1145 1185 0.211148013192
1146 1147 -0.208570537589
1146 1186 -0.130754982649
1147 1148 -0.780450334531
1147 1187 0.447476669786
1148 1149 0.0891353016596
1148 1188 -0.694588273528
1149 1150 -0.632831616442
1149 1189 0.860452939761
1150 1151 -0.440992322484
1150 1190 -0.220512498256
1151 1152 -0.0014232973919
1151 1191 -0.336727934266
1152 1153 0.156391762197
1152 1192 -0.0765941046882
1153 1154 0.634573201547
1153 1193 -0.601061039996
1154 1155 0.935416961585
1154 1194 0.979540345458
1155 1156 -0.231395131779
1155 1195 -0.103131388984
1156 1157 0.335492233738
1156 1196 -0.986827407381
1157 1158 -0.579461541251
1157 1197 -0.675527388728
1158 1159 0.578661052906
1158 1198 -0.778680343871
1159 1160 0.376639825266
1159 1199 0.755761380783
1160 1200 -0.681305647114
1161 1162 0.382185843712
1161 1201 0.37836082751
1162 1163 -0.31862303108
1162 1202 -0.870653604019
1163 1164 -0.998508955916
1163 1203 -0.939377278955
1164 1165 0.349619869479
1164 1204 0.581708366109
1165 1166 0.511058953806
1165 1205 -0.223551609463
1166 1167 -0.21658504536
1166 1206 -0.78647012864
1167 1168 0.496766088898
1167 1207 0.97502014647
1168 1169 0.430194643415
1168 1208 0.336030929028
1169 1170 -0.382724619513
1169 1209 -0.215429594227
1170 1171 -0.670624689014
1170 1210 0.709360923558
1171 1172 0.926433772013
1171 1211 0.918827305927
1172 1173 0.949449360728
1172 1212 -0.803800940799
1173 1174 -0.334808923136
1173 1213 -0.621217238597
1174 1175 0.0946512890825
1174 1214 -0.8458000096
1175 1176 0.976897666389
1175 1215 0.283189829145
1176 1177 0.30904818735
1176 1216 -0.371274068165
1177 1178 0.426625959831
1177 1217 -0.335841033275
1178 1179 -0.215192902731
1178 1218 -0.659999409729
1179 1180 -0.637578501515
1179 1219 0.860222819573
1180 1181 0.852651861918
1180 1220 -0.425313081153
1181 1182 0.141706075474
1181 1221 -0.553691581497
1182 1183 0.550993698723
1182 1222 0.547521456791
1183 1184 -0.807149605924
1183 1223 -0.911010955033
1184 1185 0.414926945181
1184 1224 0.730076375459
1185 1186 -0.471586492099
1185 1225 0.384904835596
1186 1187 -0.0629758070889
1186 1226 0.643056731477
1187 1188 0.64356678119
1187 1227 0.0907634532302
1188 1189 -0.620550902515
1188 1228 -0.511251344747
1189 1190 0.0815590882101
1189 1229 0.505413264749
1190 1191 -0.665989275785
1190 1230 0.854131635746
1191 1192 0.838969505169
1191 1231 -0.09229012552
1192 1193 0.449584815482
1192 1232 -0.868156144353
1193 1194 0.932668326199
1193 1233 -0.785547426342
1194 1195 -0.715018827931
1194 1234 -0.62804272085
1195 1196 -0.603344878937
1195 1235 0.159688212433
1196 1197 -0.801090789148
1196 1236 -0.56302489436
1197 1198 0.267131499231
1197 1237 0.67078130919
1198 1199 0.812647124442
1198 1238 0.243184559955
1199 1200 -0.62341991836
1199 1239 0.805060206002
1200 1240 0.753078792533
1201 1202 -0.252799751702
1201 1241 0.336269609471
1202 1203 0.728239338821
1202 1242 -0.418255108341
1203 1204 -0.0769036967044
1203 1243 -0.674958630267
1204 1205 0.965374985291
1204 1244 -0.831838637847
1205 1206 -0.695073478084
1205 1245 0.81052980256
1206 1207 -0.652403111584
1206 1246 0.718865231579
1207 1208 0.524476798859
1207 1247 -0.431519637186
1208 1209 0.0531569283814
1208 1248 -0.57171415524
1209 1210 -0.627413617657
1209 1249 -0.901270533163
1210 1211 0.0317149434466
1210 1250 -0.957297805405
1211 1212 -0.980450273673
1211 1251 -0.890866385226
1212 1213 0.313883766713
1212 1252 0.19938847831
1213 1214 0.291613023538
1213 1253 0.492535447639
1214 1215 0.197162109609
1214 1254 -0.962710145573
1215 1216 0.375505414082
1215 1255 -0.968089401162
1216 1217 -0.950907307442
1216 1256 -0.390957298357
1217 1218 -0.62068880787
1217 1257 -0.645570249468
1218 1219 -0.760843065517
1218 1258 0.965604247363
1219 1220 -0.496094045942
1219 1259 0.120783500798
1220 1221 0.437275364318
1220 1260 -0.527942695886
1221 1222 -0.391642856794
1221 1261 -0.750644888397
1222 1223 0.600155546251
1222 1262 0.550590815842
1223 1224 0.608634059529
1223 1263 -0.174710879813
1224 1225 0.275973840067
1224 1264 0.339233483318
1225 1226 0.973644287321
1225 1265 0.786639701018
1226 1227 -0.225463810603
1226 1266 0.893682711015
1227 1228 -0.781848979204
1227 1267 -0.513357964084
1228 1229 0.107675788109
1228 1268 -0.998139926536
1229 1230 0.21029732981
1229 1269 -0.52113060814
1230 1231 -0.629606902045
1230 1270 0.964213560156
1231 1232 -0.900364428512
1231 1271 0.598250128221
1232 1233 -0.0955519214434
1232 1272 0.614259080386
1233 1234 0.942804300234
1233 1273 -0.618255768019
1234 1235 -0.658680217172
1234 1274 0.895106932971
1235 1236 -0.917886008325
1235 1275 0.0166528355878
1236 1237 -0.59670993626
1236 1276 -0.557949823926
1237 1238 -0.569652172678
1237 1277 0.233901134376
1238 1239 -0.234724216793
1238 1278 0.744930345161
1239 1240 -0.865155758526
1239 1279 -0.794700462357
1240 1280 0.795432164995
1241 1242 -0.320302672086
1241 1281 0.145587739738
1242 1243 0.482164812799
1242 1282 -0.683932690597
1243 1244 0.359003607547
1243 1283 0.590409174353
1244 1245 0.262424224867
1244 1284 0.153949790763
1245 1246 -0.973834380096
1245 1285 0.772968815312
1246 1247 -0.654516401007
1246 1286 0.568500931035
1247 1248 -0.129835916693
1247 1287 0.446298320142
1248 1249 -0.351214004383
1248 1288 0.389586168973
1249 1250 0.308566053545
1249 1289 -0.153575872864
1250 1251 0.640930983171
1250 1290 0.377082908397
1251 1252 -0.227646557748
1251 1291 0.963563953751
1252 1253 0.495293113298
1252 1292 -0.361718944919
1253 1254 -0.0229749290405
1253 1293 -0.0349237364464
1254 1255 -0.30371307532
1254 1294 0.618014062449
1255 1256 0.742324323993
1255 1295 -0.211506228549
1256 1257 0.0742408520707
1256 1296 -0.931063094285
1257 1258 -0.65292834261
1257 1297 0.821407856048
1258 1259 -0.829889116519
1258 1298 0.488083427068
1259 1260 -0.846789157391
1259 1299 -0.280707464079
1260 1261 0.190752854631
1260 1300 -0.366001862499
1261 1262 0.688374959983
1261 1301 -0.0532630447893
1262 1263 0.435024570722
1262 1302 -0.846077568205
1263 1264 0.138415037048
1263 1303 0.279218359749
1264 1265 -0.0270453700949
1264 1304 -0.222305231819
1265 1266 -0.740839357512
1265 1305 -0.967325886874
1266 1267 0.0317125825851
1266 1306 0.472562557064
1267 1268 -0.42079068069
1267 1307 -0.50878508426
1268 1269 -0.14655380481
1268 1308 -0.370103515155
1269 1270 -0.401572457378
1269 1309 0.420772248769
1270 1271 -0.325432635037
1270 1310 0.260016061909
1271 1272 0.830366012307
1271 1311 -0.593367955778
1272 1273 -0.998596120328
1272 1312 -0.323721918681
1273 1274 0.194789127467
1273 1313 0.492274766405
1274 1275 0.754013546948
1274 1314 0.0192076534933
1275 1276 0.788949587026
1275 1315 0.17767621249
1276 1277 -0.79112714944
1276 1316 0.864568017025
1277 1278 0.0449495603892
1277 1317 0.0559492241351
1278 1279 0.880258852509
1278 1318 0.771275396849
1279 1280 -0.51856902023
1279 1319 0.353154147378
1280 1320 0.520778088479
1281 1282 -0.34838568387
1281 1321 -0.109709901473
1282 1283 0.389926870282
1282 1322 0.682839238062
1283 1284 0.156326717475
1283 1323 0.389529954346
1284 1285 0.301284353583
1284 1324 0.0863589096288
1285 1286 -0.415486448096
1285 1325 -0.236349919776
1286 1287 0.608232200633
1286 1326 -0.826963708725
1287 1288 0.418680036944
1287 1327 0.356250099747
1288 1289 -0.0860338346284
1288 1328 0.435720302721
1289 1290 0.864780807244
1289 1329 -0.962151317543
1290 1291 0.314812090117
1290 1330 -0.896474963645
1291 1292 -0.0364046951699
1291 1331 0.845325405581
1292 1293 -0.476753070945
1292 1332 -0.425766166814
1293 1294 -0.310881281704
1293 1333 0.918260203589
1294 1295 0.257554801761
1294 1334 -0.250220021906
1295 1296 -0.203965349663
1295 1335 0.272512730646
1296 1297 0.758087497057
1296 1336 -0.164876011288
1297 1298 -0.0852908477274
1297 1337 -0.369792985104
1298 1299 -0.0993087190409
1298 1338 -0.540156401613
1299 1300 -0.506226347943
1299 1339 0.552784016848
1300 1301 -0.914834243434
1300 1340 -0.956986563784
1301 1302 -0.71304678845
1301 1341 0.82126440545
1302 1303 0.350969359574
1302 1342 0.906294800942
1303 1304 0.762128229962
1303 1343 0.34530178829
1304 1305 0.241299342286
1304 1344 0.203252563013
1305 1306 0.0326894142405
1305 1345 0.764097327766
1306 1307 0.533527553345
1306 1346 -0.814012017862
1307 1308 -0.310007844263
1307 1347 -0.347464118018
1308 1309 0.440528225957
1308 1348 0.373011154676
1309 1310 -0.0563434431703
1309 1349 0.489465643525
1310 1311 -0.307284948757
1310 1350 0.416416630477
1311 1312 0.0726718062621
1311 1351 -0.863382954236
1312 1313 -0.312709229841
1312 1352 -0.144108533449
1313 1314 -0.595645143181
1313 1353 -0.193487915245
1314 1315 0.242422457295
1314 1354 -0.0832611326463
1315 1316 -0.0412967954856
1315 1355 -0.50510453075
1316 1317 -0.221050691813
1316 1356 -0.0161383239228
1317 1318 -0.522117327384
1317 1357 -0.275301919206
1318 1319 0.488384193879
1318 1358 -0.0487368136042
1319 1320 0.0173444969878
1319 1359 -0.567587225339
1320 1360 -0.653009090426
1321 1322 -0.87694213834
1321 1361 -0.514649155631
1322 1323 0.454304157493
1322 1362 -0.281784950273
1323 1324 -0.218083968532
1323 1363 -0.907407594014
1324 1325 0.11473477506
1324 1364 0.737109267281
1325 1326 0.956810304792
1325 1365 -0.12664851712
1326 1327 -0.129226844049
1326 1366 0.57431794682
1327 1328 -0.0242237942863
1327 1367 -0.71373574281
1328 1329 0.368232040005
1328 1368 -0.288696659313
1329 1330 0.649791857944
1329 1369 -0.962921632463
1330 1331 0.410893907244
1330 1370 -0.323971770406
1331 1332 -0.31660585853
1331 1371 -0.00933453970629
1332 1333 0.675631157145
1332 1372 0.697648733076
1333 1334 0.986733518236
1333 1373 0.284616343945
1334 1335 0.827602814422
1334 1374 0.254319597787
1335 1336 -0.205203573835
1335 1375 0.880269182773
1336 1337 0.0232608471022
1336 1376 0.933900184491
1337 1338 0.626215327329
1337 1377 0.0733013922466
1338 1339 0.759942306333
1338 1378 0.0423861157471
1339 1340 0.978697548425
1339 1379 -0.697337286851
1340 1341 -0.396833314512
1340 1380 -0.0734437445315
1341 1342 -0.564848798002
1341 1381 -0.9114584463
1342 1343 -0.00492685827171
1342 1382 -0.461359403766
1343 1344 -0.101037308956
1343 1383 0.0537084199631
1344 1345 -0.558169245757
1344 1384 -0.278415065913
1345 1346 0.41692506598
1345 1385 0.722599935004
1346 1347 0.119230538196
1346 1386 -0.695942938598
1347 1348 0.338383587652
1347 1387 -0.817338416191
1348 1349 0.567975626526
1348 1388 0.857384132348
1349 1350 0.732907414424
1349 1389 -0.0768694160536
1350 1351 0.447742110913
1350 1390 0.838597548151
1351 1352 -0.388340762813
1351 1391 0.991449879054
1352 1353 0.348059973634
1352 1392 -0.0505798202069
1353 1354 -0.786681148696
1353 1393 0.716991466059
1354 1355 0.608421291215
1354 1394 0.303796951614
1355 1356 -0.856122469773
1355 1395 -0.536968686824
1356 1357 0.537320821686
1356 1396 -0.945120897661
1357 1358 0.297507120112
1357 1397 -0.824599562308
1358 1359 0.066025625671
1358 1398 0.810015619328
1359 1360 -0.504295520493
1359 1399 0.167394831256
1360 1400 0.0499135727028
1361 1362 0.943205212347
1361 1401 -0.53883159129
1362 1363 0.45337950298
1362 1402 -0.721065751635
1363 1364 -0.121156934741
1363 1403 -0.256039375581
1364 1365 -0.0959767672568
1364 1404 0.0699511572607
1365 1366 0.431763957484
1365 1405 -0.175234466136
1366 1367 -0.0198782375866
1366 1406 0.732031637458
1367 1368 0.919277145242
1367 1407 -0.559753516274
1368 1369 -0.801803685691
1368 1408 0.361572736832
1369 1370 -0.654065586787
1369 1409 -0.972327835229
1370 1371 0.628951725444
1370 1410 -0.687889273216
1371 1372 0.657617463331
1371 1411 0.317236923342
1372 1373 0.625531549361
1372 1412 -0.442788852494
1373 1374 0.692419638212
1373 1413 -0.248700187371
1374 1375 0.859350263215
1374 1414 -0.0214146956543
1375 1376 0.833360996766
1375 1415 -0.254049495943
1376 1377 0.858508528754
1376 1416 0.437455645503
1377 1378 0.34389765733
1377 1417 -0.435821917434
1378 1379 -0.906019842558
1378 1418 -0.234847652544
1379 1380 -0.877825839666
1379 1419 0.322718745138
1380 1381 -0.119538422362
1380 1420 -0.118224891252
1381 1382 -0.0179423488261
1381 1421 0.303762354755
1382 1383 0.743361833842
1382 1422 0.528022883305
1383 1384 -0.530586045181
1383 1423 0.736888186681
1384 1385 -0.821536551471
1384 1424 0.336370874962
1385 1386 0.308463884181
1385 1425 -0.219805701529
1386 1387 -0.336499101402
1386 1426 -0.00910600782959
1387 1388 -0.691690309273
1387 1427 0.575305903224
1388 1389 -0.0127398768528
1388 1428 -0.966207217258
1389 1390 0.658210300904
1389 1429 0.112356512863
1390 1391 -0.00645183098014
1390 1430 -0.434509294053
1391 1392 -0.149997041307
1391 1431 -0.222661323816
1392 1393 0.477290508812
1392 1432 0.0403804956145
1393 1394 0.019857495095
1393 1433 0.360311221939
1394 1395 -0.302161769824
1394 1434 -0.726964402089
1395 1396 0.631498554242
1395 1435 -0.0661024948072
1396 1397 -0.783131627285
1396 1436 0.469178157862
1397 1398 0.244297006612
1397 1437 -0.766649724449
1398 1399 0.732825724091
1398 1438 -0.103641542631
1399 1400 -0.249332633396
1399 1439 -0.710917538956
1400 1440 0.727096683696
1401 1402 0.382955021895
1401 1441 0.300953716427
1402 1403 -0.372361769534
1402 1442 -0.160834486634
1403 1404 0.194006484401
1403 1443 -0.731563660602
1404 1405 0.381927407531
1404 1444 -0.82101001721
1405 1406 0.827071624339
1405 1445 0.438980998421
1406 1407 -0.240557499949
1406 1446 0.256628837642
1407 1408 0.958768689694
1407 1447 -0.745152503139
1408 1409 -0.28883330599
1408 1448 0.129929611413
1409 1410 0.018768137147
1409 1449 -0.292590715136
1410 1411 -0.329132563331
1410 1450 -0.793788572938
1411 1412 -0.386893790836
1411 1451 -0.0867066576404
1412 1413 -0.244318592223
1412 1452 -0.419495943934
1413 1414 0.175670009931
1413 1453 -0.261289539307
1414 1415 0.308499173725
1414 1454 0.285561719809
1415 1416 -0.547892227609
1415 1455 -0.186737957329
1416 1417 0.452430948215
1416 1456 0.675170555767
1417 1418 -0.611903225327
1417 1457 -0.714873064387
1418 1419 0.226940383738
1418 1458 -0.149769123058
1419 1420 0.95697864222
1419 1459 0.92652826679
1420 1421 0.00627041672811
1420 1460 -0.738261297209
1421 1422 0.090563906169
1421 1461 0.333504890395
1422 1423 0.106249695182
1422 1462 -0.9719511232
1423 1424 0.211028850884
1423 1463 -0.868024806324
1424 1425 -0.711315633773
1424 1464 -0.00711433899615
1425 1426 -0.318100604056
1425 1465 0.422177806069
1426 1427 -0.394303574812
1426 1466 0.986809930301
1427 1428 -0.606498979465
1427 1467 0.110976702725
1428 1429 0.840307584851
1428 1468 -0.84449263354
1429 1430 0.96167351926
1429 1469 -0.0135206515424
1430 1431 0.372840968993
1430 1470 -0.948199374543
1431 1432 -0.550300394446
1431 1471 -0.664321428602
1432 1433 -0.40908921126
1432 1472 0.692226849936
1433 1434 0.0272286981881
1433 1473 0.866087505846
1434 1435 0.0834270532317
1434 1474 -0.929251902672
1435 1436 -0.84237079525
1435 1475 0.0658489750338
1436 1437 -0.130584704283
1436 1476 -0.641813333169
1437 1438 -0.90815530635
1437 1477 -0.646481495303
1438 1439 -0.0170516045318
1438 1478 0.74175991098
1439 1440 0.711608355484
1439 1479 0.643204731203
1440 1480 -0.34186677898
1441 1442 0.447878278875
1441 1481 -0.0498227787311
1442 1443 0.754424077889
1442 1482 -0.692519582858
1443 1444 -0.544574206556
1443 1483 0.629564833055
1444 1445 -0.136149362225
1444 1484 -0.795731558591
1445 1446 -0.0386164231292
1445 1485 -0.831556702032
1446 1447 -0.572959470023
1446 1486 0.684512768228
1447 1448 0.960671268235
1447 1487 -0.247767732382
1448 1449 -0.750009646923
1448 1488 -0.707957518799
1449 1450 -0.3633028165
1449 1489 0.948782803819
1450 1451 -0.963287783068
1450 1490 -0.352867421007
1451 1452 0.248222699575
1451 1491 -0.198230524214
1452 1453 0.37273863852
1452 1492 -0.529776920372
1453 1454 0.898070717832
1453 1493 0.215493522601
1454 1455 -0.896398218833
1454 1494 -0.720573606147
1455 1456 0.985588955174
1455 1495 -0.390207834992
1456 1457 0.269216053797
1456 1496 0.213787152566
1457 1458 -0.32172404772
1457 1497 -0.181900490356
1458 1459 -0.402948524147
1458 1498 -0.343729825157
1459 1460 0.725365803571
1459 1499 0.459165546076
1460 1461 0.301012310174
1460 1500 0.539343660185
1461 1462 -0.159722099388
1461 1501 0.663641854165
1462 1463 -0.160706788005
1462 1502 -0.194226934642
1463 1464 0.503742420255
1463 1503 0.985610908792
1464 1465 0.966851314933
1464 1504 0.80735604806
1465 1466 0.542945822966
1465 1505 0.648244784296
1466 1467 -0.371970644562
1466 1506 -0.336992142264
1467 1468 0.0674488281804
1467 1507 0.0560807524545
1468 1469 0.835410708147
1468 1508 0.580936814951
1469 1470 0.97771284088
1469 1509 0.11839912729
1470 1471 0.241825889214
1470 1510 -0.920070010202
1471 1472 -0.838315723288
1471 1511 -0.999460687419
1472 1473 -0.0890576989671
1472 1512 -0.580282310027
1473 1474 0.167159735772
1473 1513 -0.104045243738
1474 1475 0.0792791436621
1474 1514 -0.323178290207
1475 1476 0.393634068443
1475 1515 -0.128541735827
1476 1477 0.498040112914
1476 1516 -0.365885706675
1477 1478 0.145272207443
1477 1517 -0.0336305244425
1478 1479 0.179608227527
1478 1518 0.918963036732
1479 1480 -0.136532438856
1479 1519 0.777139540076
1480 1520 0.608180778954
1481 1482 0.193327549204
1481 1521 -0.866061152134
1482 1483 0.760249580499
1482 1522 0.597928638442
1483 1484 -0.47134894672
1483 1523 -0.179359590186
1484 1485 -0.724380214178
1484 1524 -0.995748883068
1485 1486 -0.272732264343
1485 1525 -0.0187865953055
1486 1487 0.6787145728
1486 1526 0.131668669115
1487 1488 0.621873221795
1487 1527 -0.985415754735
1488 1489 -0.152321928949
1488 1528 0.338757670453
1489 1490 0.156095136851
1489 1529 0.85268650163
1490 1491 0.398759004626
1490 1530 -0.160441342638
1491 1492 -0.603503179823
1491 1531 -0.55049183286
1492 1493 0.486071152375
1492 1532 0.585889899838
1493 1494 0.788224028778
1493 1533 0.236027230171
1494 1495 -0.751539608776
1494 1534 -0.583587145174
1495 1496 -0.00836789316664
1495 1535 -0.603004816929
1496 1497 0.738372577564
1496 1536 -0.746324335094
1497 1498 0.283008557589
1497 1537 -0.223103738076
1498 1499 -0.394422677931
1498 1538 -0.0486884917294
1499 1500 0.158583892101
1499 1539 -0.968752955461
1500 1501 -0.11796817337
1500 1540 -0.0705864807612
1501 1502 0.227391332952
1501 1541 -0.594998470102
1502 1503 0.473432745869
1502 1542 0.911195941711
1503 1504 0.851210962816
1503 1543 0.349740765407
1504 1505 0.474592491832
1504 1544 0.635340511807
1505 1506 -0.607931150921
1505 1545 -0.382629968453
1506 1507 0.125548916515
1506 1546 -0.514912349794
1507 1508 0.866571519969
1507 1547 -0.378464065225
1508 1509 -0.613990952923
1508 1548 -0.259636844461
1509 1510 0.551801952324
1509 1549 0.664019127611
1510 1511 0.749736502131
1510 1550 0.738580830318
1511 1512 0.616241087215
1511 1551 0.254378604288
1512 1513 -0.351623615978
1512 1552 0.831061582126
1513 1514 0.543251340845
1513 1553 0.295907528689
1514 1515 0.105285652941
1514 1554 -0.463535701617
1515 1516 0.0381696202937
1515 1555 -0.819706520264
1516 1517 -0.780439602074
1516 1556 -0.813366248339
1517 1518 -0.916140831159
1517 1557 0.834017024081
1518 1519 -0.832133302538
1518 1558 0.571060155506
1519 1520 0.371937946427
1519 1559 -0.929842009067
1520 1560 0.328201641874
1521 1522 -0.854875724356
1521 1561 -0.602047947406
1522 1523 0.943248594156
1522 1562 -0.264594033393
1523 1524 0.871944352992
1523 1563 -0.448895073958
1524 1525 -0.580587127677
1524 1564 -0.566725475124
1525 1526 -0.432271633097
1525 1565 0.0692810188393
1526 1527 -0.353823106764
1526 1566 -0.304863618173
1527 1528 -0.10999841513
1527 1567 -0.50211645458
1528 1529 -0.765070640453
1528 1568 0.548894368276
1529 1530 0.777919182892
1529 1569 -0.320865754228
1530 1531 -0.404113752519
1530 1570 0.872505166934
1531 1532 0.481186288589
1531 1571 -0.579112685465
1532 1533 0.0667099874161
1532 1572 -0.650980695585
1533 1534 -0.830460945261
1533 1573 -0.383379801753
1534 1535 0.974844876604
1534 1574 0.343544887259
1535 1536 -0.0343614966681
1535 1575 0.90507097521
1536 1537 0.962371522763
1536 1576 -0.496253056539
1537 1538 -0.233789603676
1537 1577 -0.602496919756
1538 1539 0.994908608348
1538 1578 0.840832031523
1539 1540 0.867001759941
1539 1579 0.139258089594
1540 1541 -0.750968697884
1540 1580 -0.934704568312
1541 1542 0.779365523325
1541 1581 -0.841965732074
1542 1543 -0.00835155206239
1542 1582 -0.108305969861
1543 1544 0.262484565774
1543 1583 0.983411911687
1544 1545 0.392620102999
1544 1584 0.936549095074
1545 1546 -0.950938652783
1545 1585 -0.581413288931
1546 1547 0.917425207372
1546 1586 0.95217055357
1547 1548 -0.905819116441
1547 1587 -0.805953430429
1548 1549 0.14077963441
1548 1588 -0.161566402618
1549 1550 0.747676229154
1549 1589 -0.233713673871
1550 1551 0.481221849026
1550 1590 0.159532529919
1551 1552 -0.960584423574
1551 1591 -0.815925156503
1552 1553 0.894313297754
1552 1592 0.230612821125
1553 1554 -0.0378546800898
1553 1593 -0.853510196069
1554 1555 -0.0360409657562
1554 1594 0.766647216918
1555 1556 -0.690134635626
1555 1595 0.154974307137
1556 1557 -0.00765256900706
1556 1596 -0.707734714404
1557 1558 -0.848317067083
1557 1597 -0.415681864256
1558 1559 0.415368741184
1558 1598 0.00584700922759
1559 1560 0.618615685164
1559 1599 0.202411786457
1560 1600 -0.459318068321
1561 1562 -0.696278005983
1562 1563 -0.590120462184
1563 1564 -0.709420082293
1564 1565 0.0324889624689
1565 1566 -0.580697863637
1566 1567 0.189365484076
1567 1568 0.38905040429
1568 1569 0.702728157725
1569 1570 0.30709149389
1570 1571 0.45340104934
1571 1572 -0.629029274667
1572 1573 -0.474949271552
1573 1574 0.186225075587
1574 1575 0.442067180063
1575 1576 -0.196633955975
1576 1577 -0.532909681545
1577 1578 -0.211008285033
1578 1579 0.078402400877
1579 1580 -0.0615765894148
1580 1581 -0.508088417855
1581 1582 -0.2741355126
1582 1583 0.1755718721
1583 1584 0.597518979701
1584 1585 -0.646096105055
1585 1586 -0.145371323458
1586 1587 0.198211008823
1587 1588 0.881762978671
1588 1589 0.549000348308
1589 1590 -0.757904507614
1590 1591 -0.97424120515
1591 1592 0.955230945654
1592 1593 -0.532837103048
1593 1594 0.976204050209
1594 1595 -0.788992221361
1595 1596 -0.294878275395
1596 1597 -0.768462110401
1597 1598 0.0627716945486
1598 1599 0.338763310944
1599 1600 0.287999395073
