1 2 -0.979251692229
1 41 0.00374918429748
2 3 0.469531634072
2 42 0.112432973607
3 4 0.905022307018
3 43 0.706515260832
4 5 -0.977584307337
4 44 -0.902200933321
5 6 -0.00151735462507
5 45 0.583102020092
6 7 -0.0904121748516
6 46 0.962672164893
7 8 0.497589621879
7 47 -0.966313182918
8 9 0.374868572756
8 48 0.708809022941
9 10 0.185823974662
9 49 0.0316691255196
10 11 -0.272983924354
10 50 0.396743493116
11 12 0.793246614625
11 51 -0.30199301327
12 13 -0.62723798121
12 52 0.832355957391
13 14 -0.61558895451
13 53 -0.574372276474
14 15 -0.749548281053
14 54 0.815471428604
15 16 -0.625206066887
15 55 0.036013345512
16 17 -0.215884166014
16 56 0.246417490281
17 18 0.924871681489
17 57 -0.528271505947
18 19 -0.593326306232
18 58 0.676566551108
19 20 -0.504452532076
19 59 0.567942797977
20 21 0.251127217416
20 60 0.969282628342
21 22 -0.326603607981
21 61 0.335352915556
22 23 -0.973724145936
22 62 0.172988760851
23 24 -0.710816161304
23 63 0.111364806147
24 25 0.848001200697
24 64 -0.704014793266
25 26 0.800470319068
25 65 0.934046615837
26 27 -0.00868132505818
26 66 -0.993975857629
27 28 -0.0333437658345
27 67 -0.689538515637
28 29 -0.413948531354
28 68 0.296108503493
29 30 0.463106024559
29 69 0.311486553405
30 31 -0.494557151516
30 70 -0.590326296336
31 32 0.917579167772
31 71 -0.743931866086
32 33 0.0255505576401
32 72 -0.520375537166
33 34 -0.0627162115368
33 73 0.172594036467
34 35 0.826905930725
34 74 -0.411916894378
35 36 0.327174002724
35 75 -0.350090038479
36 37 0.453690018311
36 76 -0.567028226603
37 38 -0.447638689539
37 77 -0.137933714589
38 39 0.898781058058
38 78 0.0671201992917
39 40 -0.856314513575
39 79 -0.952054147714
40 80 -0.109866251513
41 42 -0.00845341373171
41 81 -0.732340942081
42 43 -0.39473871668
42 82 0.941596389627
43 44 0.797014211942
43 83 -0.948861793335
44 45 0.298685213039
44 84 -0.422552930908
45 46 0.839410633053
45 85 0.574777842534
46 47 -0.927189709479
46 86 0.341508953587
47 48 -0.141357999993
47 87 0.605351846295
48 49 -0.0779279859937
48 88 0.897599598759
49 50 -0.17681931969
49 89 0.0254473547498
50 51 0.501963139113
50 90 -0.321260800953
51 52 0.79828852744
51 91 0.927095626255
52 53 -0.714416446395
52 92 0.783797738983
53 54 -0.499674021904
53 93 -0.800387494366
54 55 -0.796058952474
54 94 0.46236152653
55 56 0.479599707666
55 95 -0.06448567591
56 57 -0.278866931603
56 96 0.959610663481
57 58 0.679982966654
57 97 0.930415074294
58 59 0.62798718144
58 98 -0.420752131276
59 60 0.0575623543481
59 99 0.780887880614
60 61 0.739611759467
60 100 -0.57192039271
61 62 0.162490026729
61 101 -0.838734771978
62 63 0.0789874913969
62 102 -0.598241296785
63 64 -0.613463523574
63 103 0.72383339201
64 65 -0.778751531158
64 104 -0.174907857695
65 66 -0.379925210108
65 105 0.756235303017
66 67 0.133024668927
66 106 -0.573916402463
67 68 0.615330736977
67 107 0.765228019219
68 69 -0.0304984052346
68 108 -0.652190164724
69 70 0.360219882605
69 109 -0.638994623409
70 71 0.10295571386
70 110 -0.198073887869
71 72 0.0540069991583
71 111 -0.862657557226
72 73 -0.624786103671
72 112 0.0717705834998
73 74 0.568732926408
73 113 -0.753137305166
74 75 0.593272558973
74 114 0.637222362227
75 76 -0.79749700745
75 115 0.782605927265
76 77 0.935420624317
76 116 -0.408317765691
77 78 0.713111170091
77 117 -0.277167346788
78 79 -0.772273024864
78 118 0.172361337616
79 80 0.586692338099
79 119 -0.417213109452
80 120 0.279877443263
81 82 -0.715777829091
81 121 -0.562882648748
82 83 -0.550314775753
82 122 -0.722461686091
83 84 -0.687154195643
83 123 -0.0462036996527
84 85 0.688820467214
84 124 -0.333406263455
85 86 -0.404326332186
85 125 0.43467013024
86 87 0.469432615129
86 126 -0.790226003524
87 88 -0.703820203538
87 127 0.512869464072
88 89 0.97077669212
88 128 -0.762367539534
89 90 -0.884642163262
89 129 -0.464464052863
90 91 0.553067960744
90 130 -0.00320446991501
91 92 0.542459763371
91 131 -0.0881291973217
92 93 0.0275908324513
92 132 0.586220693605
93 94 -0.741459992497
93 133 0.471916360723
94 95 0.6595759059
94 134 0.383562301121
95 96 0.852627180341
95 135 0.804572221965
96 97 -0.0500780010126
96 136 -0.110705227107
97 98 -0.0389730460517
97 137 0.935639525463
98 99 0.0846586399793
98 138 0.813655905301
99 100 0.398517279371
99 139 -0.683964026661
100 101 0.300115738176
100 140 0.680767580686
101 102 0.721461568507
101 141 -0.403608807426
102 103 -0.393210801826
102 142 0.214485445087
103 104 -0.112303342629
103 143 -0.833748600548
104 105 0.123005571288
104 144 0.873647338754
105 106 0.577945014651
105 145 0.11039059388
106 107 0.963887857205
106 146 0.521878823516
107 108 0.688145719468
107 147 -0.773836890332
108 109 0.0619289344745
108 148 0.792767240282
109 110 -0.40803390218
109 149 -0.809192654576
110 111 0.468500750257
110 150 0.226895413953
111 112 -0.766007080071
111 151 -0.94138165517
112 113 0.561942806657
112 152 0.754966213033
113 114 -0.065020939105
113 153 -0.540831372276
114 115 -0.574729384735
114 154 0.636136002408
115 116 0.870827189226
115 155 0.333124099203
116 117 0.61523979496
116 156 -0.475762647945
117 118 0.66140214765
117 157 0.172602216583
118 119 0.116944511082
118 158 -0.016782939574
119 120 -0.245614935131
119 159 0.634472909463
120 160 -0.490260733748
121 122 -0.162983638979
121 161 -0.503797663173
122 123 0.229864950724
122 162 -0.0161421214305
123 124 0.469443682027
123 163 -0.28738104535
124 125 0.842613989801
124 164 -0.737226605919
125 126 0.230113595554
125 165 0.682646044698
126 127 -0.47756595919
126 166 -0.0497548204118
127 128 -0.302608091418
127 167 -0.913840047065
128 129 0.0931668187783
128 168 0.198206786233
129 130 0.601477266232
129 169 0.865813862534
130 131 -0.0966933688017
130 170 0.839249857728
131 132 0.893225626716
131 171 -0.561730476181
132 133 -0.220768456695
132 172 0.602268726126
133 134 0.156314486551
133 173 0.745841571983
134 135 -0.600997744287
134 174 -0.327335574204
135 136 0.25460076586
135 175 -0.110432871414
136 137 -0.427000893675
136 176 0.740875137447
137 138 -0.570788544389
137 177 -0.542037408201
138 139 0.409598668428
138 178 0.907538873462
139 140 0.411416985907
139 179 0.512419606277
140 141 0.69146895926
140 180 0.415371921352
141 142 0.47042050768
141 181 0.14430585116
142 143 0.384067402968
142 182 0.265239061895
143 144 0.991046329627
143 183 -0.758891032292
144 145 0.785733396457
144 184 0.355392632891
145 146 -0.183253509022
145 185 -0.301631292105
146 147 -0.838271251755
146 186 -0.527370816489
147 148 0.779217617737
147 187 -0.099571119303
148 149 -0.117252518373
148 188 0.051848204814
149 150 0.832306807624
149 189 -0.0973531854122
150 151 0.541448773695
150 190 -0.914465975542
151 152 0.210657312356
151 191 0.580296821364
152 153 0.172182911092
152 192 0.579205534078
153 154 0.885096172525
153 193 0.0877720612533
154 155 0.541325115999
154 194 0.691756460362
155 156 -0.728977793625
155 195 0.9105599209
156 157 -0.66116622304
156 196 0.295910660703
157 158 -0.551412094367
157 197 0.568575298366
158 159 0.442780120209
158 198 -0.656337978337
159 160 0.73253404322
159 199 -0.729339074197
160 200 0.705933771633
161 162 -0.831880697669
161 201 -0.309002719899
162 163 -0.633694532694
162 202 -0.781378969671
163 164 0.128907265355
163 203 -0.909061003694
164 165 0.0980099765342
164 204 -0.411130997254
165 166 -0.190864054923
165 205 -0.0932773001995
166 167 -0.597809849605
166 206 0.865366007789
167 168 0.448981943498
167 207 0.71527631654
168 169 -0.970139339013
168 208 -0.705108386726
169 170 -0.975994010773
169 209 -0.966144999423
170 171 0.110075852153
170 210 0.312281927215
171 172 0.851392681654
171 211 0.568306534051
172 173 0.155836860857
172 212 -0.177809853221
173 174 -0.951271555699
173 213 0.0836134155513
174 175 -0.805979595692
174 214 0.0495845412371
175 176 -0.61802516124
175 215 0.43618729063
176 177 0.177109189825
176 216 -0.913620024685
177 178 -0.459828443793
177 217 0.738014029273
178 179 -0.503608509051
178 218 0.982599664061
179 180 0.175365671545
179 219 0.962826557772
180 181 0.276404613462
180 220 0.399555561911
181 182 0.0131924400111
181 221 0.380230477437
182 183 -0.569604052429
182 222 -0.232214945235
183 184 -0.267609449445
183 223 -0.731286060948
184 185 -0.880936561118
184 224 -0.643088940756
185 186 0.618788620065
185 225 -0.300752852171
186 187 0.217182710202
186 226 -0.66595549803
187 188 -0.270317476763
187 227 0.153705376017
188 189 0.0414901638155
188 228 -0.826534523812
189 190 -0.603084395137
189 229 0.61838701343
190 191 -0.989285717882
190 230 0.878580054378
191 192 -0.926720664844
191 231 0.113438838863
192 193 -0.405663441595
192 232 -0.623344818194
193 194 -0.0844834504735
193 233 -0.753093625482
194 195 0.7129770395
194 234 0.84352213571
195 196 0.0291527230443
195 235 0.726903068635
196 197 0.0713764569067
196 236 -0.442912772401
197 198 -0.299159337503
197 237 0.781742539917
198 199 0.648770051898
198 238 -0.561251077183
199 200 0.488435075636
199 239 0.328465593238
200 240 -0.630310418601
201 202 -0.666447306935
201 241 0.757118171065
202 203 0.0791510498468
202 242 -0.421401436904
203 204 0.280882611199
203 243 0.362412761616
204 205 0.612306403678
204 244 -0.324646792237
205 206 -0.812470830999
205 245 -0.562712689124
206 207 0.432489260267
206 246 -0.797817406219
207 208 0.95413399908
207 247 -0.696008229439
208 209 0.485789220113
208 248 -0.254124321995
209 210 0.861334611487
209 249 0.690939816723
210 211 -0.544534885667
210 250 -0.306101213298
211 212 0.220553684486
211 251 0.710329328953
212 213 -0.228997057753
212 252 0.847179206274
213 214 0.611652871135
213 253 0.213437629716
214 215 -0.0650587260022
214 254 0.496628996595
215 216 0.551241382458
215 255 0.00410797246066
216 217 0.382952325249
216 256 -0.233092897323
217 218 -0.822545225592
217 257 0.0943520572768
218 219 -0.787584559517
218 258 0.269683892873
219 220 -0.448967677094
219 259 0.0550487804963
220 221 -0.501942884033
220 260 -0.108973217856
221 222 0.33483805041
221 261 0.334047506409
222 223 -0.788928212156
222 262 -0.90783473903
223 224 -0.193932967173
223 263 -0.501603837967
224 225 -0.865789809359
224 264 -0.81179795146
225 226 -0.0958313300274
225 265 -0.817696112844
226 227 -0.0819842718039
226 266 0.628959582773
227 228 0.754535827669
227 267 -0.613058102389
228 229 0.316767601515
228 268 0.850194683851
229 230 0.727045624412
229 269 -0.62983304048
230 231 -0.112539163872
230 270 -0.0386895938277
231 232 -0.188778115131
231 271 -0.882929546005
232 233 -0.762176815949
232 272 0.321659829831
233 234 0.332232847223
233 273 0.120811347194
234 235 0.423907791344
234 274 0.744289823464
235 236 -0.867525308885
235 275 0.69232367963
236 237 -0.081667375137
236 276 -0.712448621207
237 238 0.44706807612
237 277 0.050819514497
238 239 -0.846721330577
238 278 0.436987026058
239 240 0.421480157396
239 279 0.713933728229
240 280 0.180175967471
241 242 0.901928063253
241 281 -0.922503248335
242 243 -0.793891896308
242 282 -0.0187969036514
243 244 -0.208725049779
243 283 -0.726653979324
244 245 -0.75794119869
244 284 -0.0888049272396
245 246 0.0586849821836
245 285 0.0577326543114
246 247 0.747703024781
246 286 -0.423591017662
247 248 0.18302366083
247 287 -0.455321312444
248 249 0.62763979761
248 288 0.985777628975
249 250 -0.0131482613985
249 289 0.883269125458
250 251 -0.0555874473505
250 290 0.226125190331
251 252 -0.306147556022
251 291 -0.722262827242
252 253 0.723934170281
252 292 0.0532021254231
253 254 -0.539904106532
253 293 -0.966791827254
254 255 -0.142085787382
254 294 0.191310487641
255 256 0.485159266252
255 295 0.635172299354
256 257 -0.102048067818
256 296 -0.157566442117
257 258 -0.99857606246
257 297 -0.768697418574
258 259 -0.954619508888
258 298 0.443101320151
259 260 0.754614423494
259 299 -0.95295261377
260 261 0.601394590778
260 300 0.387617081609
261 262 0.854369466804
261 301 -0.901123753942
262 263 -0.315921318911
262 302 0.29406843922
263 264 -0.910710705321
263 303 0.363578791684
264 265 -0.184185356852
264 304 0.186829617312
265 266 0.360351425162
265 305 -0.460854648599
266 267 -0.93317442817
266 306 -0.167149524688
267 268 0.414077295876
267 307 0.696598312682
268 269 0.287885545135
268 308 0.774276421377
269 270 -0.0720057711392
269 309 -0.387260032118
270 271 -0.832998607672
270 310 0.360057553988
271 272 -0.138403928081
271 311 0.597389397301
272 273 0.70595510651
272 312 0.713682299804
273 274 0.454006308158
273 313 0.775386183852
274 275 -0.199961345618
274 314 0.554935979585
275 276 -0.917348015469
275 315 0.392976812927
276 277 -0.0218602607411
276 316 0.63335627285
277 278 0.405042350675
277 317 0.580688967143
278 279 0.0196237112725
278 318 0.606227088255
279 280 -0.538713886544
279 319 0.492374578671
280 320 -0.0367298781123
281 282 0.398214782798
281 321 0.145519631139
282 283 0.264183369465
282 322 -0.924061566146
283 284 -0.167084495681
283 323 0.476925668313
284 285 -0.500236667106
284 324 0.490466209097
285 286 0.426152899448
285 325 -0.427214947115
286 287 -0.190360847957
286 326 0.239306780968
287 288 0.767580042748
287 327 -0.817175524004
288 289 0.173195607281
288 328 -0.958459183667
289 290 -0.49932851526
289 329 -0.367352085604
290 291 0.466461679232
290 330 0.686468234788
291 292 -0.97818163341
291 331 -0.244227118573
292 293 -0.45738211522
292 332 0.0798641006052
293 294 0.469103449532
293 333 0.611629873863
294 295 -0.546011029274
294 334 -0.58520197477
295 296 0.508284277166
295 335 0.739553371293
296 297 -0.188677146733
296 336 0.753138658793
297 298 -0.339358329792
297 337 0.943699129254
298 299 -0.970731440369
298 338 -0.231574475493
299 300 -0.0049385250971
299 339 -0.249161643215
300 301 -0.709852399376
300 340 0.143660659537
301 302 0.100567116137
301 341 -0.761058469584
302 303 0.297423574084
302 342 -0.379629409234
303 304 0.995220446714
303 343 -0.747977049174
304 305 -0.646809470914
304 344 0.182868300952
305 306 -0.462299962201
305 345 0.602479745402
306 307 -0.632876326136
306 346 -0.276741418429
307 308 -0.665203627904
307 347 -0.741972973786
308 309 0.442429291231
308 348 0.235781057297
309 310 0.917390009348
309 349 0.278333675062
310 311 0.965540336006
310 350 0.587754357132
311 312 -0.038119815207
311 351 0.258214782846
312 313 -0.0982951747551
312 352 -0.818148394709
313 314 0.400044231145
313 353 0.315069627862
314 315 0.434273838635
314 354 -0.343079386805
315 316 0.164083965714
315 355 -0.377851296431
316 317 0.262638995816
316 356 -0.411573128304
317 318 -0.0281234942343
317 357 -0.743233107256
318 319 0.126683021489
318 358 -0.271510879698
319 320 -0.803875739153
319 359 0.805552284169
320 360 0.422937171939
321 322 0.79601423645
321 361 0.333797945839
322 323 0.000215840883518
322 362 -0.832913140141
323 324 0.168615271514
323 363 0.76686645217
324 325 0.471840093975
324 364 -0.979590286668
325 326 -0.767856337774
325 365 -0.625496769003
326 327 -0.0105058697249
326 366 0.0711318215596
327 328 -0.637718744483
327 367 -0.843369289972
328 329 -0.690059423027
328 368 0.327732730845
329 330 0.884334264416
329 369 -0.3266920309
330 331 0.40499970617
330 370 0.223430645797
331 332 -0.130858380874
331 371 0.456126477607
332 333 0.370539667469
332 372 0.240272294336
333 334 -0.874204802661
333 373 -0.0965423183049
334 335 -0.782904882188
334 374 -0.663584354265
335 336 0.0219763884443
335 375 -0.233707076955
336 337 0.611949030153
336 376 -0.802758202652
337 338 0.799009536259
337 377 0.373604215532
338 339 0.379382780787
338 378 -0.923089671318
339 340 0.519307871561
339 379 0.210363176012
340 341 0.412586145653
340 380 0.757970434436
341 342 0.771923043797
341 381 0.907435034082
342 343 -0.668538369722
342 382 0.654189651765
343 344 -0.335133881708
343 383 0.128360537909
344 345 0.950446522023
344 384 -0.175675652047
345 346 -0.248226058001
345 385 0.320072238346
346 347 0.230774795685
346 386 0.0680045283684
347 348 -0.566043274902
347 387 -0.622116044082
348 349 -0.341542508782
348 388 0.25018657681
349 350 0.803884985597
349 389 0.428255232557
350 351 0.323063587634
350 390 0.184697008594
351 352 -0.462047176386
351 391 0.981435182352
352 353 -0.791504002297
352 392 -0.803168946966
353 354 0.0743689993514
353 393 -0.228411824759
354 355 0.0426099329325
354 394 0.601458237717
355 356 -0.413342054728
355 395 0.601943459734
356 357 0.215648773131
356 396 -0.581319838656
357 358 -0.279735026815
357 397 -0.064379601924
358 359 0.667384310475
358 398 0.260650048481
359 360 -0.534277864017
359 399 -0.850322726371
360 400 0.360406995475
361 362 0.095675566093
361 401 0.404854848136
362 363 0.582636469489
362 402 0.516072049846
363 364 0.157499222641
363 403 -0.644059079416
364 365 -0.994016060894
364 404 0.836012835434
365 366 -0.132561782976
365 405 -0.628915254629
366 367 0.881873785059
366 406 -0.22588030091
367 368 -0.407051923639
367 407 0.906002346067
368 369 0.539462746842
368 408 -0.981443287936
369 370 0.957489061203
369 409 -0.716754817599
370 371 -0.0297238677533
370 410 -0.169949726317
371 372 -0.659134676021
371 411 -0.174419215348
372 373 0.215351825346
372 412 0.530633037459
373 374 -0.400391968075
373 413 -0.0422924959633
374 375 -0.952436008826
374 414 -0.235220277742
375 376 0.962840113518
375 415 0.825908566586
376 377 -0.9431310099
376 416 0.240964253353
377 378 0.928000415951
377 417 0.809603380396
378 379 -0.701217467251
378 418 -0.459072977013
379 380 -0.18408596543
379 419 0.496460958899
380 381 0.465706765106
380 420 0.194673935246
381 382 -0.073867800836
381 421 0.0569041837997
382 383 0.877158881014
382 422 -0.210591293989
383 384 -0.520730551571
383 423 -0.508099276368
384 385 0.846574030199
384 424 -0.960558693242
385 386 -0.131494156655
385 425 -0.164775402718
386 387 0.355650783675
386 426 0.69766025168
387 388 -0.000185610863826
387 427 0.80061428565
388 389 -0.244406330545
388 428 0.997727874303
389 390 -0.132198150046
389 429 -0.293823654144
390 391 -0.334741644578
390 430 0.713180942915
391 392 -0.121426915365
391 431 0.18481645538
392 393 0.426548181182
392 432 -0.409553514868
393 394 0.476514525362
393 433 0.841566668806
394 395 -0.164194142831
394 434 -0.682087334802
395 396 -0.213923332649
395 435 -0.878045584596
396 397 -0.414667274246
396 436 0.874208329048
397 398 -0.88309256116
397 437 0.858484376423
398 399 -0.561795347483
398 438 -0.451830253079
399 400 -0.832927299297
399 439 0.0678569787362
400 440 -0.217064711378
401 402 -0.227045660771
401 441 0.388877355529
402 403 -0.475453558394
402 442 -0.79828281791
403 404 0.183503386135
403 443 -0.892244512647
404 405 -0.354249878349
404 444 -0.407241908809
405 406 -0.753068463495
405 445 0.450050861652
406 407 0.0426992350937
406 446 -0.613570726877
407 408 -0.265683166644
407 447 0.122011443014
408 409 0.271116088594
408 448 0.071747404043
409 410 0.217575180001
409 449 0.211283498055
410 411 0.563344808428
410 450 -0.036917123014
411 412 -0.0636007965065
411 451 0.744488077074
412 413 -0.469718047649
412 452 0.641803085672
413 414 0.537766147717
413 453 0.129457442768
414 415 0.981874644182
414 454 0.689284030764
415 416 0.799598177848
415 455 0.695508690654
416 417 -0.44549597583
416 456 0.213493471713
417 418 0.95305901537
417 457 0.3055007324
418 419 -0.658093858855
418 458 -0.0844503477437
419 420 -0.401687755286
419 459 0.29366675263
420 421 0.701352422273
420 460 -0.880222635906
421 422 -0.631282595989
421 461 -0.681623161211
422 423 0.504198344029
422 462 -0.529794445656
423 424 -0.705054383519
423 463 0.198224911098
424 425 0.375357268985
424 464 -0.537577809123
425 426 -0.286846955344
425 465 -0.389801997728
426 427 -0.840296618106
426 466 -0.902157922196
427 428 -0.718733675521
427 467 0.0683843781729
428 429 0.413146800463
428 468 -0.612557228828
429 430 0.0141987464759
429 469 0.161086588732
430 431 -0.835011337535
430 470 -0.506698090832
431 432 -0.939350704762
431 471 0.751577186597
432 433 0.477449405098
432 472 -0.020080832577
433 434 -0.780220351743
433 473 -0.308432162769
434 435 -0.45340042902
434 474 0.97788691303
435 436 0.897645329507
435 475 0.560425918057
436 437 0.0237492804169
436 476 -0.584143743465
437 438 -0.879548911134
437 477 -0.604201989368
438 439 0.184763714025
438 478 -0.307908617988
439 440 -0.92654699352
439 479 -0.185477033102
440 480 0.103492890414
441 442 0.649740929001
441 481 -0.0686630492655
442 443 0.834385412321
442 482 0.0349204835377
443 444 0.486826265754
443 483 -0.597924677043
444 445 -0.458147719733
444 484 -0.508552111268
445 446 0.820335511227
445 485 -0.878176017054
446 447 -0.932676852401
446 486 0.041462754119
447 448 -0.207510189712
447 487 0.961196338064
448 449 -0.737655890253
448 488 -0.830362057802
449 450 -0.67771392542
449 489 -0.594579920001
450 451 -0.653417716835
450 490 -0.492959950827
451 452 -0.467744054376
451 491 0.0451851698838
452 453 -0.399460594098
452 492 0.816712281531
453 454 -0.235802092028
453 493 0.408064547258
454 455 0.876308944169
454 494 -0.159206482567
455 456 -0.804106789194
455 495 -0.184599322939
456 457 0.648982620168
456 496 0.422312567939
457 458 0.773619450936
457 497 0.478959959569
458 459 -0.835940826231
458 498 0.401277547175
459 460 -0.882376062483
459 499 -0.0375800571403
460 461 0.178059627271
460 500 0.125512454045
461 462 -0.848943270354
461 501 -0.862162242295
462 463 -0.648594549401
462 502 -0.730993939556
463 464 -0.698874262929
463 503 -0.48916483947
464 465 -0.950081927558
464 504 0.306624177659
465 466 -0.060857324959
465 505 0.812932156532
466 467 0.459017756823
466 506 -0.498786366925
467 468 0.687519599864
467 507 0.253181814825
468 469 -0.0749564511615
468 508 0.673914827073
469 470 0.306768664907
469 509 -0.209555432032
470 471 0.82494236328
470 510 -0.73808704651
471 472 -0.273780719934
471 511 -0.797825361718
472 473 0.309904826395
472 512 0.904869038416
473 474 0.437824201273
473 513 0.742001091742
474 475 0.707609182326
474 514 -0.757441785299
475 476 -0.426252347184
475 515 0.00999836425557
476 477 -0.975788669259
476 516 0.0507560461014
477 478 -0.375438016898
477 517 0.436511997288
478 479 0.16888166084
478 518 0.576177496596
479 480 0.488187288092
479 519 0.310209022331
480 520 0.298215214494
481 482 0.881048819053
481 521 0.607479540025
482 483 -0.732920648153
482 522 -0.774913771913
483 484 0.809350684944
483 523 -0.0528642395177
484 485 0.550738621796
484 524 -0.473523040109
485 486 -0.916351151809
485 525 -0.428572164353
486 487 -0.800113176701
486 526 0.354607396591
487 488 0.43067739598
487 527 0.683407459228
488 489 0.906853450911
488 528 0.918457506587
489 490 -0.184850243676
489 529 0.0014145117921
490 491 -0.514976263599
490 530 0.63022822401
491 492 -0.836792426297
491 531 -0.57251475171
492 493 -0.344341090173
492 532 -0.501792781124
493 494 0.189051031633
493 533 0.74705229343
494 495 0.835177872592
494 534 0.241952271138
495 496 -0.571636005194
495 535 -0.932660492526
496 497 -0.27706536525
496 536 0.270406264053
497 498 0.879316947604
497 537 0.895687303441
498 499 0.59965416673
498 538 0.25501132289
499 500 -0.418669098739
499 539 -0.210867283629
500 501 -0.0133885364026
500 540 0.726204027144
501 502 0.905307703668
501 541 -0.713719427366
502 503 -0.790248856256
502 542 -0.323463968315
503 504 -0.0504661507769
503 543 0.0930618564698
504 505 0.62438471894
504 544 -0.225997920556
505 506 -0.614999125851
505 545 0.41277836497
506 507 0.875219559879
506 546 0.684128644029
507 508 0.0931059144945
507 547 0.180146436358
508 509 0.880062846402
508 548 -0.409467344575
509 510 -0.410236406081
509 549 0.939391229914
510 511 -0.788918316317
510 550 -0.00394619187568
511 512 0.0448028957479
511 551 -0.341339268938
512 513 0.7599792688
512 552 -0.690339867905
513 514 0.46423029475
513 553 -0.436076333083
514 515 -0.63002156757
514 554 0.131833208938
515 516 0.802538110796
515 555 -0.530852662726
516 517 -0.0183678358465
516 556 0.19645376875
517 518 0.909551105987
517 557 0.558593356736
518 519 -0.00666270970796
518 558 0.334589133818
519 520 -0.681111123534
519 559 0.883146733664
520 560 -0.521883644365
521 522 0.966718496449
521 561 -0.660727484832
522 523 0.683282296828
522 562 0.0921494730608
523 524 -0.116693631678
523 563 -0.727840595789
524 525 0.437974227889
524 564 0.346577552008
525 526 0.159287122549
525 565 0.87652282623
526 527 -0.534841150418
526 566 0.0161338764636
527 528 -0.74506415403
527 567 0.873641570628
528 529 -0.362546840566
528 568 -0.211923602977
529 530 -0.337333996711
529 569 0.343539482841
530 531 0.994623424469
530 570 0.611845911381
531 532 -0.582288092394
531 571 -0.250841625034
532 533 0.552134621222
532 572 -0.773299662962
533 534 -0.650428543064
533 573 -0.0964108845139
534 535 -0.709377454061
534 574 -0.22611090064
535 536 0.0377141785054
535 575 0.458499170428
536 537 0.666487280066
536 576 0.0464327497829
537 538 -0.629919068288
537 577 -0.633726098859
538 539 0.307612656404
538 578 0.174930355521
539 540 0.630595270178
539 579 0.570112880506
540 541 0.355501440766
540 580 0.0711967079433
541 542 -0.774350131851
541 581 0.312031008354
542 543 -0.882875472882
542 582 0.837457094478
543 544 -0.603165377592
543 583 0.440445160396
544 545 0.355942568034
544 584 -0.811076301154
545 546 -0.967780666339
545 585 -0.643463242249
546 547 0.714709598482
546 586 -0.193309925645
547 548 0.307376892344
547 587 0.249934042279
548 549 0.413466021239
548 588 0.646938593255
549 550 0.421732177502
549 589 -0.643423245587
550 551 -0.0734962303595
550 590 -0.179940989757
551 552 -0.993742065746
551 591 -0.26056936374
552 553 0.00312123680486
552 592 -0.992591957607
553 554 -0.358530829433
553 593 0.00760129000551
554 555 -0.239563424698
554 594 -0.598451920867
555 556 -0.848024660849
555 595 -0.584826370147
556 557 -0.341690072957
556 596 -0.751721952498
557 558 -0.0408781608535
557 597 0.0437314518103
558 559 -0.847308763971
558 598 -0.156528424042
559 560 0.25234137684
559 599 0.473131077095
560 600 -0.517758206582
561 562 0.0421694229196
561 601 0.891034833952
562 563 -0.477966833705
562 602 0.15165103564
563 564 0.615391195102
563 603 0.834057514963
564 565 0.101067589673
564 604 0.365546052372
565 566 0.163370480698
565 605 0.359967516987
566 567 0.630934692667
566 606 0.388885312653
567 568 -0.450957426111
567 607 0.375196306673
568 569 -0.777816225056
568 608 -0.502399603715
569 570 0.895347038577
569 609 0.710244158553
570 571 0.433483510683
570 610 0.202247213833
571 572 0.494532038289
571 611 0.0480151515848
572 573 0.51634701619
572 612 0.0452073265061
573 574 0.24157207992
573 613 -0.32296596644
574 575 -0.306785544554
574 614 -0.798628362453
575 576 -0.377485369953
575 615 -0.1368163531
576 577 -0.465367475779
576 616 0.908794550313
577 578 -0.587269132197
577 617 0.308318446751
578 579 -0.163317462334
578 618 -0.871221100843
579 580 -0.105941367918
579 619 -0.075885030007
580 581 -0.426769121666
580 620 -0.825645935878
581 582 0.465806290765
581 621 -0.69742024845
582 583 -0.89221989915
582 622 -0.881633920498
583 584 -0.285464034038
583 623 -0.563198705774
584 585 0.761424423131
584 624 -0.809844588797
585 586 0.75677199664
585 625 0.158018295048
586 587 0.749717015855
586 626 0.653423844931
587 588 -0.47869388487
587 627 -0.438269777193
588 589 -0.676375566893
588 628 -0.717636741369
589 590 -0.807181550005
589 629 -0.279343635225
590 591 -0.526558302515
590 630 -0.706038532724
591 592 0.668769503009
591 631 -0.875221638651
592 593 0.293625560904
592 632 0.773679841398
593 594 -0.995197006469
593 633 -0.106140415881
594 595 0.91369332217
594 634 -0.339497135186
595 596 -0.572386583601
595 635 -0.17747338957
596 597 -0.598804010814
596 636 -0.585058052973
597 598 -0.505930617371
597 637 0.797574623961
598 599 0.129855463778
598 638 0.34421089261
599 600 0.602380156621
599 639 0.103736633607
600 640 0.731180295273
601 602 0.299080926321
601 641 0.721663846451
602 603 -0.372294786444
602 642 0.583246370613
603 604 0.389176984114
603 643 0.335088917851
604 605 -0.6519341498
604 644 -0.0709638607332
605 606 0.299957487813
605 645 0.891009177882
606 607 -0.145393353157
606 646 0.363633985965
607 608 -0.405301032046
607 647 0.298414157735
608 609 -0.353451038055
608 648 0.382105039804
609 610 -0.650694002555
609 649 0.0165966660239
610 611 -0.236261863141
610 650 0.409358718852
611 612 -0.274019978055
611 651 -0.193807410483
612 613 0.308076119141
612 652 -0.149065294395
613 614 0.165741655863
613 653 -0.859867455447
614 615 -0.746755231876
614 654 0.323795698588
615 616 -0.401532893192
615 655 -0.0373773762327
616 617 -0.62713786266
616 656 -0.598351989316
617 618 -0.380547195644
617 657 0.886167455236
618 619 0.613950638772
618 658 0.894513203642
619 620 0.580471389406
619 659 -0.0949177048712
620 621 -0.989641088581
620 660 0.680637174171
621 622 -0.223190081499
621 661 -0.846868802302
622 623 -0.514533604992
622 662 0.200113894631
623 624 -0.427503974922
623 663 0.176688740367
624 625 -0.651401928565
624 664 -0.177448654
625 626 0.227610802612
625 665 -0.631594422028
626 627 0.501282523053
626 666 -0.827412253462
627 628 0.212600284747
627 667 0.495023923225
628 629 -0.95595698936
628 668 0.193571975145
629 630 -0.129693741053
629 669 -0.612691241952
630 631 -0.72387635289
630 670 -0.228395752281
631 632 -0.0497275347361
631 671 -0.0361226135877
632 633 0.554826009968
632 672 -0.0109073247034
633 634 0.388667482699
633 673 0.193210690962
634 635 -0.279165042193
634 674 0.7483478682
635 636 -0.778177777358
635 675 -0.944191366656
636 637 -0.596024987742
636 676 -0.284164672168
637 638 0.914007100286
637 677 -0.240719519688
638 639 0.642660901192
638 678 -0.460841297454
639 640 -0.967509970561
639 679 0.139318305728
640 680 0.14374717487
641 642 0.94169202418
641 681 -0.628916626131
642 643 -0.0138185631941
642 682 0.93031636692
643 644 0.41323552972
643 683 0.489627202515
644 645 -0.0120821781444
644 684 -0.945177463536
645 646 0.713417359814
645 685 -0.277984148548
646 647 -0.357853844769
646 686 0.819081633167
647 648 -0.928304154453
647 687 -0.219533268575
648 649 -0.142077321584
648 688 0.249649829562
649 650 0.988469704196
649 689 -0.0725272955016
650 651 0.0839986907895
650 690 -0.324956511957
651 652 0.872363750777
651 691 0.105655805006
652 653 -0.224239562755
652 692 0.823929390049
653 654 -0.800923833246
653 693 -0.0504228428236
654 655 0.0317708387011
654 694 -0.582312820867
655 656 -0.486852211997
655 695 -0.39615110107
656 657 -0.345892115841
656 696 -0.931035677824
657 658 -0.202969055582
657 697 -0.484621867238
658 659 0.199385534194
658 698 0.385363527384
659 660 -0.225473584726
659 699 -0.981540714373
660 661 -0.365053781268
660 700 -0.021206857008
661 662 0.238876233276
661 701 0.0908216373643
662 663 -0.131272690038
662 702 0.0641311515213
663 664 -0.0768625046689
663 703 -0.24895909503
664 665 -0.710512455537
664 704 0.305245093487
665 666 0.0335049112801
665 705 -0.0488229828807
666 667 -0.41595925434
666 706 -0.684604867593
667 668 -0.932534106994
667 707 -0.964414998081
668 669 0.446990092266
668 708 -0.954447628175
669 670 -0.776498300598
669 709 -0.460818064007
670 671 -0.0899408443272
670 710 -0.507606729044
671 672 -0.863940970996
671 711 0.838787883023
672 673 -0.891535085094
672 712 0.408900682685
673 674 0.0260912263578
673 713 -0.44889196374
674 675 0.867046303184
674 714 -0.141235507231
675 676 0.909447580709
675 715 -0.455221760418
676 677 0.684543725851
676 716 0.976209893627
677 678 0.571883922314
677 717 -0.707873512302
678 679 0.225857988955
678 718 -0.437752169585
679 680 -0.403303845718
679 719 -0.991933876176
680 720 -0.201650822327
681 682 -0.513768649373
681 721 0.746801686202
682 683 0.0406238889943
682 722 0.806043190995
683 684 0.429190318082
683 723 -0.714074951849
684 685 -0.563523323518
684 724 0.866817639565
685 686 0.644345659696
685 725 -0.477566236701
686 687 -0.379881024263
686 726 0.231057918565
687 688 0.902314204157
687 727 -0.714596261728
688 689 0.306347881611
688 728 0.0613901845724
689 690 0.731988336048
689 729 -0.838555051574
690 691 -0.835266630796
690 730 -0.584761466862
691 692 -0.53773217177
691 731 -0.700875899925
692 693 0.296687089957
692 732 -0.458720352383
693 694 0.0825184606215
693 733 0.967526413493
694 695 -0.977099306558
694 734 -0.105713544594
695 696 0.411377890671
695 735 0.873820893867
696 697 0.356008138809
696 736 -0.623753324874
697 698 -0.620469255412
697 737 -0.149288358062
698 699 -0.142161410908
698 738 0.044220267338
699 700 0.768200142083
699 739 -0.543073488947
700 701 -0.137842042225
700 740 0.576221152622
701 702 0.807266214377
701 741 0.979663503594
702 703 0.600199874638
702 742 0.635954830629
703 704 0.139796384082
703 743 0.205305244887
704 705 -0.192883580312
704 744 0.146255462622
705 706 0.778066476659
705 745 -0.430065441592
706 707 -0.188113984862
706 746 -0.749487467312
707 708 0.774096585369
707 747 0.407396428219
708 709 0.631613042192
708 748 0.759333098668
709 710 0.998707026433
709 749 -0.557966953397
710 711 0.710682271788
710 750 -0.324895684435
711 712 -0.152045075484
711 751 -0.589009976172
712 713 -0.819012531976
712 752 0.699164092152
713 714 0.18148115686
713 753 -0.0349429888559
714 715 0.276841147463
714 754 0.892630562143
715 716 0.302942062191
715 755 -0.912293449382
716 717 0.390912735742
716 756 -0.587884651741
717 718 -0.802903316611
717 757 0.677136957868
718 719 0.120215909356
718 758 -0.646130813418
719 720 -0.51448001576
719 759 -0.84188942065
720 760 -0.618304403084
721 722 0.812554553847
721 761 0.516555973593
722 723 -0.500390878795
722 762 0.0429746063679
723 724 0.332715895714
723 763 0.82071478641
724 725 0.317288574832
724 764 0.957324980489
725 726 0.972071353872
725 765 -0.200413360501
726 727 -0.110977142952
726 766 -0.896009863509
727 728 -0.261817877492
727 767 0.863788292092
728 729 0.0789825070754
728 768 -0.999876959827
729 730 0.398138273854
729 769 -0.684585142094
730 731 0.960300617557
730 770 -0.319829198252
731 732 0.60980209496
731 771 -0.821941922003
732 733 -0.700745943945
732 772 -0.94086676736
733 734 0.330425668454
733 773 0.374888299969
734 735 0.694052700066
734 774 0.92900289314
735 736 -0.839884240741
735 775 0.366365283198
736 737 0.661883313884
736 776 -0.735392626858
737 738 -0.734120332997
737 777 0.804630357237
738 739 0.450851033369
738 778 -0.670718936717
739 740 -0.513726889817
739 779 -0.547704215152
740 741 -0.466628843378
740 780 -0.522870489319
741 742 0.219506913937
741 781 0.904691127187
742 743 0.725475198521
742 782 0.45764235229
743 744 -0.468547336806
743 783 0.919585316617
744 745 -0.376231315977
744 784 0.5285400258
745 746 -0.744413577535
745 785 -0.486163240157
746 747 -0.390629388064
746 786 -0.167236544155
747 748 0.847445680014
747 787 -0.155722922059
748 749 -0.347607679955
748 788 -0.950481700198
749 750 0.973154107655
749 789 0.74991829464
750 751 0.530380123151
750 790 -0.0679045845946
751 752 0.055293945228
751 791 -0.245396459065
752 753 0.47518843476
752 792 -0.690598427647
753 754 -0.60872522282
753 793 -0.0420934231302
754 755 0.0657053559909
754 794 -0.0895054052568
755 756 -0.105191432283
755 795 -0.0525784957313
756 757 0.628431187761
756 796 0.429080504001
757 758 -0.435664842123
757 797 -0.885127653116
758 759 -0.437507713954
758 798 0.0289459056309
759 760 0.283000428461
759 799 0.00145904897897
760 800 -0.445951169677
761 762 -0.306196092449
761 801 -0.0729305720319
762 763 0.01149136678
762 802 0.626142961457
763 764 -0.935150082275
763 803 -0.630371250339
764 765 -0.261371916277
764 804 0.524780759204
765 766 0.108900426184
765 805 0.295561752413
766 767 -0.188779626251
766 806 0.178801286234
767 768 -0.983186449038
767 807 0.677120611315
768 769 0.269313731301
768 808 0.381736420447
769 770 0.837145539688
769 809 -0.198305290968
770 771 0.444584670735
770 810 -0.04399540993
771 772 -0.50767263025
771 811 0.841254924959
772 773 0.253500564392
772 812 -0.199938907503
773 774 0.234949908097
773 813 0.98851029945
774 775 0.0760767803387
774 814 0.731119607917
775 776 0.0851022147776
775 815 -0.652840743736
776 777 0.869346122843
776 816 0.317568574387
777 778 0.717357617068
777 817 0.711761867923
778 779 0.335781461995
778 818 0.0704828472996
779 780 0.838671666005
779 819 -0.451677613453
780 781 -0.894719564582
780 820 0.685670525291
781 782 0.375817151884
781 821 -0.115806572824
782 783 -0.797557999309
782 822 -0.801677971498
783 784 -0.797267336834
783 823 -0.59559400119
784 785 0.298819089516
784 824 -0.813318220432
785 786 -0.0158878672259
785 825 0.435228776575
786 787 0.52853723882
786 826 -0.218888033853
787 788 -0.650126499263
787 827 0.720887704928
788 789 0.13701507622
788 828 0.554460328873
789 790 -0.26334363022
789 829 -0.448947287508
790 791 -0.33398045049
790 830 0.437519559444
791 792 0.838045377181
791 831 0.649070509844
792 793 -0.343312348651
792 832 0.848087747307
793 794 -0.771862609875
793 833 -0.744540478633
794 795 -0.248262102573
794 834 -0.327940366638
795 796 -0.233518889469
795 835 0.910629459857
796 797 0.0351034905536
796 836 0.935112315461
797 798 0.507849885184
797 837 0.173829128783
798 799 0.430804891169
798 838 -0.709844346977
799 800 -0.770372534764
799 839 0.021694440574
800 840 0.395114654575
801 802 0.221075481696
801 841 -0.00743656465763
802 803 -0.853611557538
802 842 0.672414001489
803 804 0.524704168777
803 843 -0.916266500502
804 805 0.19933031962
804 844 0.204184785858
805 806 -0.371998235305
805 845 0.740372754545
806 807 -0.0531862039491
806 846 0.874535708303
807 808 0.675957639686
807 847 0.562745784639
808 809 0.974786085017
808 848 -0.0709540269683
809 810 -0.177490263389
809 849 -0.809266143443
810 811 0.169802203672
810 850 -0.432344036322
811 812 -0.705764204272
811 851 0.221487494446
812 813 0.406541397281
812 852 -0.45646794908
813 814 0.714466684792
813 853 0.947575456223
814 815 0.700622485397
814 854 -0.503856773087
815 816 0.598794797031
815 855 0.292209043532
816 817 -0.162852290502
816 856 -0.739667508896
817 818 0.988358850163
817 857 -0.401360529556
818 819 -0.489600257151
818 858 0.761213710022
819 820 -0.904379083971
819 859 0.925179271729
820 821 0.977496056762
820 860 -0.404460183711
821 822 -0.801294139174
821 861 -0.823859459567
822 823 0.0357909715001
822 862 0.295892010996
823 824 -0.696249485971
823 863 -0.941291515415
824 825 0.971696798793
824 864 0.0722165385168
825 826 -0.792868188023
825 865 -0.506421415943
826 827 -0.897660183221
826 866 -0.694220883746
827 828 0.684336862371
827 867 -0.456571162764
828 829 0.583287764785
828 868 -0.730378671183
829 830 0.0252597338472
829 869 0.584383674848
830 831 0.310469117242
830 870 0.00924048291118
831 832 -0.907370594692
831 871 0.638017102294
832 833 -0.966656953077
832 872 -0.392144563859
833 834 0.576059521602
833 873 -0.802218668306
834 835 -0.198809052729
834 874 0.307918098428
835 836 -0.941712567381
835 875 0.722034806328
836 837 -0.966929123341
836 876 0.136924983959
837 838 -0.167892063665
837 877 0.474346009784
838 839 -0.0461378898686
838 878 -0.191516309434
839 840 0.0566424933529
839 879 0.654076572588
840 880 -0.400878594449
841 842 -0.0440519729233
841 881 -0.128889070467
842 843 0.608471270758
842 882 -0.187357458294
843 844 -0.44202705394
843 883 0.715920827567
844 845 -0.773384717796
844 884 -0.555598429633
845 846 0.979584491777
845 885 0.139017004242
846 847 -0.743721475588
846 886 0.502730269989
847 848 0.76499779123
847 887 -0.240317386595
848 849 0.365221342001
848 888 -0.159398044274
849 850 -0.847284583523
849 889 0.223871014227
850 851 0.296276251121
850 890 -0.823510404385
851 852 -0.0280982442421
851 891 -0.784073873015
852 853 0.606399400477
852 892 0.84598962607
853 854 0.602783298622
853 893 0.152213798927
854 855 0.929937593819
854 894 0.112256514187
855 856 -0.00999869450749
855 895 0.140688060263
856 857 0.0666967891127
856 896 -0.11282748697
857 858 -0.459278169544
857 897 -0.815093863955
858 859 0.998848539627
858 898 -0.27130473191
859 860 0.362448693595
859 899 -0.742901394138
860 861 0.237727786592
860 900 -0.208623309819
861 862 -0.931074320535
861 901 -0.81105049975
862 863 0.773265096619
862 902 -0.760581938539
863 864 -0.471509017236
863 903 -0.64979352214
864 865 -0.233562888639
864 904 0.0934518044853
865 866 -0.725762583959
865 905 0.681726477511
866 867 -0.87760683364
866 906 -0.334971647474
867 868 0.391889401843
867 907 -0.771669122753
868 869 0.868840983818
868 908 0.789870318765
869 870 0.71687758464
869 909 -0.727170546386
870 871 0.358483829049
870 910 -0.827843374638
871 872 -0.635875662168
871 911 0.77636455792
872 873 -0.816013517958
872 912 0.0476903969985
873 874 -0.00039537940332
873 913 -0.509775481761
874 875 0.812200973267
874 914 -0.380133806945
875 876 -0.973115245367
875 915 -0.0989471480554
876 877 -0.049997291504
876 916 -0.299905830148
877 878 0.834611005586
877 917 0.285914170503
878 879 0.828587033488
878 918 -0.667345891386
879 880 -0.287207357386
879 919 -0.705431743142
880 920 -0.857416934692
881 882 0.740816592853
881 921 -0.625282705877
882 883 -0.927097503356
882 922 0.534508213905
883 884 -0.261920007064
883 923 0.797983750706
884 885 -0.85547495273
884 924 0.0106056104252
885 886 -0.554458193135
885 925 -0.42839474992
886 887 0.245650870195
886 926 -0.288874338789
887 888 -0.405443025201
887 927 0.0508719122503
888 889 -0.576182369193
888 928 -0.716884182864
889 890 0.0794072026586
889 929 -0.302942952008
890 891 0.282300691865
890 930 0.732463524572
891 892 0.400653383443
891 931 0.655307386805
892 893 0.373711040913
892 932 -0.0913352670572
893 894 0.563512472471
893 933 0.174608667046
894 895 0.23366399578
894 934 0.930612319671
895 896 -0.739956103604
895 935 0.636581025639
896 897 0.708538879754
896 936 -0.100381982345
897 898 -0.980466932992
897 937 0.612965017692
898 899 -0.448480314592
898 938 0.0559716758923
899 900 -0.0931665242589
899 939 -0.568889011881
900 901 0.265230914705
900 940 -0.760882822439
901 902 0.937255282392
901 941 -0.105466787828
902 903 0.252632100357
902 942 0.582391688141
903 904 -0.915872225208
903 943 -0.711682599029
904 905 -0.785838007805
904 944 -0.32274323814
905 906 0.170867431169
905 945 -0.0649612605204
906 907 -0.312112063299
906 946 -0.559520150827
907 908 0.628325678572
907 947 0.156239250129
908 909 -0.515627151941
908 948 0.362248968343
909 910 -0.501780997422
909 949 0.0824377000774
910 911 0.94516165149
910 950 -0.386178220487
911 912 -0.757504489863
911 951 -0.850607571842
912 913 0.995373233154
912 952 -0.263291277994
913 914 0.0464516011577
913 953 -0.811315956161
914 915 -0.756018061331
914 954 0.41916325267
915 916 0.838365369795
915 955 -0.671559074135
916 917 0.451829311304
916 956 -0.567189895014
917 918 0.567656544147
917 957 0.662361475771
918 919 0.396866193265
918 958 0.0928897035398
919 920 -0.213406081216
919 959 0.892740184918
920 960 -0.66863961709
921 922 0.375348186385
921 961 0.407058347603
922 923 0.357855138061
922 962 0.837857776515
923 924 -0.421804337495
923 963 -0.239353038119
924 925 -0.309801652557
924 964 -0.606558906652
925 926 0.636245573723
925 965 0.122050448761
926 927 0.105958949842
926 966 -0.740362870761
927 928 -0.412528977864
927 967 -0.506431967442
928 929 -0.819099508217
928 968 -0.554060918704
929 930 0.933333692748
929 969 -0.115519620455
930 931 0.791144266756
930 970 0.198056021596
931 932 0.782051971402
931 971 -0.544429917304
932 933 0.0995697969589
932 972 -0.635055072749
933 934 -0.216733975951
933 973 -0.519748170805
934 935 -0.36837561171
934 974 0.941134100559
935 936 0.357348615928
935 975 0.837223321117
936 937 -0.875391358214
936 976 0.425526626795
937 938 -0.397808805076
937 977 0.527696140909
938 939 0.507728381634
938 978 0.54070261315
939 940 -0.131128060198
939 979 -0.306296305494
940 941 -0.676116745934
940 980 -0.452414808222
941 942 0.332543451499
941 981 -0.483658070252
942 943 0.637635599287
942 982 0.798513521891
943 944 0.736101830942
943 983 0.506714407575
944 945 -0.0956893600011
944 984 0.0428461430881
945 946 0.931990251501
945 985 -0.211748261364
946 947 0.537341465442
946 986 -0.472159941525
947 948 0.913336440145
947 987 0.0521182701316
948 949 -0.0845329907051
948 988 -0.212032290626
949 950 0.0776181257838
949 989 0.392946120052
950 951 0.0101031786103
950 990 0.264427900177
951 952 -0.74463919685
951 991 0.0736413930583
952 953 0.206485159638
952 992 -0.806169705588
953 954 0.475598565405
953 993 -0.154948960122
954 955 -0.231131639451
954 994 0.528049654981
955 956 -0.997976149023
955 995 -0.424416335093
956 957 -0.566244547644
956 996 0.665835232497
957 958 -0.235228536014
957 997 -0.729554055451
958 959 -0.914895698243
958 998 -0.854514775032
959 960 -0.0491818323522
959 999 -0.592154168828
960 1000 0.290431700513
961 962 0.850400154542
961 1001 -0.921090364651
962 963 0.120371244604
962 1002 0.935437919451
963 964 -0.781253214626
963 1003 0.629249222379
964 965 -0.250605666177
964 1004 0.052813445572
965 966 0.0847849882602
965 1005 -0.700878997142
966 967 0.186299396132
966 1006 -0.724883183589
967 968 -0.876545356254
967 1007 -0.29324661765
968 969 -0.169165756375
968 1008 -0.890691522197
969 970 0.370484669386
969 1009 -0.52539842686
970 971 -0.715167267905
970 1010 0.691559473186
971 972 -0.212867889484
971 1011 -0.825729819932
972 973 -0.660136595604
972 1012 -0.87247249457
973 974 0.218806846442
973 1013 -0.781935173498
974 975 0.313351292712
974 1014 0.665077870151
975 976 -0.306582828526
975 1015 0.157552079605
976 977 0.199623665493
976 1016 0.0854716941134
977 978 -0.767654368265
977 1017 -0.0533785364283
978 979 -0.336558682276
978 1018 -0.00417785337875
979 980 -0.0811799313858
979 1019 -0.386090414438
980 981 -0.928649530024
980 1020 -0.873825182136
981 982 0.0366382899297
981 1021 0.295936849896
982 983 -0.26455726934
982 1022 0.591319692689
983 984 -0.152693895562
983 1023 0.681901597322
984 985 0.286038917278
984 1024 -0.31069272066
985 986 -0.438243605661
985 1025 0.359189951166
986 987 -0.430675747911
986 1026 -0.546885019132
987 988 0.276996585554
987 1027 0.897654989928
988 989 -0.431917750533
988 1028 -0.98097953812
989 990 0.892068517986
989 1029 0.189401810566
990 991 0.391213001632
990 1030 0.669295506655
991 992 -0.069158579876
991 1031 -0.702846349245
992 993 0.776658862925
992 1032 0.128476432875
993 994 -0.823549816311
993 1033 0.28480096716
994 995 0.466681002936
994 1034 0.867421728669
995 996 -0.888532027532
995 1035 0.407661153102
996 997 0.17252456709
996 1036 0.950729159406
997 998 0.300727569139
997 1037 -0.904422398514
998 999 0.839738621716
998 1038 0.222642881802
999 1000 -0.832183819935
999 1039 0.204490719941
1000 1040 -0.865411024522
1001 1002 0.29423342709
1001 1041 0.276107969435
1002 1003 -0.383231297849
1002 1042 -0.322220067769
1003 1004 0.866970884378
1003 1043 -0.633785621498
1004 1005 0.421653866341
1004 1044 0.179942667951
1005 1006 0.480489711822
1005 1045 -0.686968989548
1006 1007 0.17915560712
1006 1046 0.663416987864
1007 1008 -0.686201095478
1007 1047 0.519803994731
1008 1009 -0.987808715827
1008 1048 0.550410702123
1009 1010 0.00683381171309
1009 1049 0.87647353517
1010 1011 -0.141076954105
1010 1050 0.0988387195915
1011 1012 0.797783891074
1011 1051 -0.80013820866
1012 1013 0.381138335338
1012 1052 -0.435874007465
1013 1014 0.533508164258
1013 1053 -0.283343402147
1014 1015 0.632472959886
1014 1054 -0.513890805071
1015 1016 -0.822404652865
1015 1055 -0.634592231126
1016 1017 -0.598381270476
1016 1056 -0.00733054018408
1017 1018 -0.791744631713
1017 1057 -0.773431950224
1018 1019 -0.992738930295
1018 1058 -0.606047977149
1019 1020 0.153008420999
1019 1059 0.662411135963
1020 1021 0.435112025426
1020 1060 0.448198135297
1021 1022 0.109568639512
1021 1061 -0.556725445759
1022 1023 -0.56906544637
1022 1062 0.727106920959
1023 1024 -0.374780496701
1023 1063 0.195096527331
1024 1025 -0.999024238226
1024 1064 -0.408975327216
1025 1026 0.638985291746
1025 1065 0.719614338735
1026 1027 0.343573465759
1026 1066 0.354622576863
1027 1028 -0.818725920149
1027 1067 -0.00170373675006
1028 1029 0.259710455821
1028 1068 0.3444207699
1029 1030 -0.911255730638
1029 1069 0.330468471368
1030 1031 -0.0035238016578
1030 1070 0.0779618137568
1031 1032 -0.309347545882
1031 1071 0.243515017955
1032 1033 0.252423729679
1032 1072 -0.351043207498
1033 1034 -0.120230690972
1033 1073 0.898407680158
1034 1035 0.317737820838
1034 1074 -0.633866808938
1035 1036 0.00767728609859
1035 1075 0.203612596537
1036 1037 -0.257163835615
1036 1076 0.258221194919
1037 1038 -0.607507624402
1037 1077 0.264178268633
1038 1039 0.0433582001067
1038 1078 0.233630085051
1039 1040 0.728189265808
1039 1079 0.844941749101
1040 1080 0.0853431535963
1041 1042 -0.0766046750586
1041 1081 -0.893881151029
1042 1043 0.461763622894
1042 1082 0.402739811869
1043 1044 -0.377602866308
1043 1083 0.349408086547
1044 1045 0.278181985847
1044 1084 0.207523822233
1045 1046 -0.626504417693
1045 1085 0.172228597188
1046 1047 -0.183334364969
1046 1086 -0.885177049588
1047 1048 0.356695350922
1047 1087 0.724201703449
1048 1049 0.780996657764
1048 1088 -0.408696032607
1049 1050 -0.185906421007
1049 1089 0.0803125473634
1050 1051 0.36709776623
1050 1090 0.15675000742
1051 1052 0.812011140214
1051 1091 -0.88810646338
1052 1053 0.955220713725
1052 1092 0.497708171865
1053 1054 0.976076790697
1053 1093 -0.297253606363
1054 1055 -0.617501296513
1054 1094 -0.388560021338
1055 1056 -0.497575110996
1055 1095 -0.431423629181
1056 1057 0.629140373272
1056 1096 0.246561347215
1057 1058 0.830962213227
1057 1097 -0.531342768204
1058 1059 -0.166894314644
1058 1098 -0.464206702315
1059 1060 -0.00802732518633
1059 1099 0.0959221330655
1060 1061 0.451574013216
1060 1100 -0.339773036453
1061 1062 -0.492059691306
1061 1101 0.206616206572
1062 1063 0.963155282078
1062 1102 -0.284682131065
1063 1064 -0.00870553062237
1063 1103 -0.0267969826482
1064 1065 0.110347266331
1064 1104 0.5023709221
1065 1066 0.244691802031
1065 1105 0.967351370704
1066 1067 -0.806450601984
1066 1106 -0.214804345135
1067 1068 -0.34469259437
1067 1107 -0.178032614031
1068 1069 0.9683012324
1068 1108 0.0800744219002
1069 1070 -0.250783648
1069 1109 -0.530707915077
1070 1071 -0.496326459035
1070 1110 0.467740092045
1071 1072 -0.835324641277
1071 1111 0.926225852332
1072 1073 0.658802611065
1072 1112 -0.0271997220503
1073 1074 -0.300930904477
1073 1113 0.172687960856
1074 1075 0.146388118845
1074 1114 0.203770849274
1075 1076 0.845754878664
1075 1115 0.621389644015
1076 1077 -0.298585327265
1076 1116 -0.494472210654
1077 1078 0.179317137402
1077 1117 0.649726650533
1078 1079 -0.932819936608
1078 1118 -0.162679144182
1079 1080 -0.787074409292
1079 1119 -0.620296349881
1080 1120 0.758106207779
1081 1082 -0.922858153675
1081 1121 -0.660937171584
1082 1083 0.450697843733
1082 1122 0.787885488134
1083 1084 -0.841797915647
1083 1123 -0.934552011398
1084 1085 -0.252850192096
1084 1124 -0.348891383534
1085 1086 0.238294718931
1085 1125 -0.620430277087
1086 1087 -0.552047799917
1086 1126 0.135145851619
1087 1088 -0.0434635739937
1087 1127 -0.513451396119
1088 1089 -0.199993882625
1088 1128 0.852013499397
1089 1090 -0.405459446783
1089 1129 -0.352057053362
1090 1091 0.656934994721
1090 1130 0.337178574705
1091 1092 -0.214523082462
1091 1131 -0.236268036345
1092 1093 0.353673357407
1092 1132 0.33465072634
1093 1094 0.688774003787
1093 1133 0.440693269619
1094 1095 -0.0725586225494
1094 1134 -0.691882284155
1095 1096 -0.336308140211
1095 1135 -0.332028952152
1096 1097 0.491907017382
1096 1136 0.354978547528
1097 1098 0.581170468881
1097 1137 0.227845533194
1098 1099 0.601117314121
1098 1138 0.167478664286
1099 1100 0.466605008246
1099 1139 -0.771142039891
1100 1101 0.310077203682
1100 1140 -0.796511569354
1101 1102 0.104601868818
1101 1141 0.136712867888
1102 1103 0.821146720388
1102 1142 -0.531272092279
1103 1104 -0.877440812198
1103 1143 0.995103619147
1104 1105 -0.131395447189
1104 1144 0.94627413738
1105 1106 -0.0327537027073
1105 1145 0.197025441588
1106 1107 -0.0472301584626
1106 1146 0.739319612692
1107 1108 0.901065788152
1107 1147 0.616764072537
1108 1109 -0.111398007237
1108 1148 0.028504026904
1109 1110 0.353543076909
1109 1149 -0.313851720128
1110 1111 -0.286317634982
1110 1150 0.477716398095
1111 1112 -0.951909466732
1111 1151 0.985552233407
1112 1113 -0.0707440353345
1112 1152 0.502873021286
1113 1114 -0.147206557916
1113 1153 0.358830867071
1114 1115 0.643549664983
1114 1154 -0.564766056177
1115 1116 -0.599460464224
1115 1155 0.605291644364
1116 1117 0.691911705101
1116 1156 0.287879841259
1117 1118 -0.400426762539
1117 1157 -0.496889500629
1118 1119 0.795148295059
1118 1158 -0.565088681176
1119 1120 0.102471752865
1119 1159 0.605660619555
1120 1160 -0.996917307347
1121 1122 0.589095773957
1121 1161 -0.67478790688
1122 1123 0.433298174787
1122 1162 0.364305540343
1123 1124 -0.346848762393
1123 1163 -0.226775611367
1124 1125 0.122284180692
1124 1164 0.499326997232
1125 1126 0.870301965306
1125 1165 0.41623858398
1126 1127 0.229049795918
1126 1166 0.896582136261
1127 1128 0.520505756789
1127 1167 -0.619032982319
1128 1129 -0.201218511281
1128 1168 -0.0191428681513
1129 1130 -0.215049398991
1129 1169 -0.487998793961
1130 1131 0.900090939437
1130 1170 -0.490738669718
1131 1132 0.0316644371747
1131 1171 -0.0624101692409
1132 1133 0.205351006031
1132 1172 -0.772029734085
1133 1134 -0.605844970371
1133 1173 -0.918092849396
1134 1135 -0.640264987518
1134 1174 -0.273663723728
1135 1136 -0.634025100965
1135 1175 -0.355979926951
1136 1137 -0.43794841293
1136 1176 0.442011957653
1137 1138 0.0684134682392
1137 1177 -0.934495068409
1138 1139 0.744669421333
1138 1178 0.181064189632
1139 1140 0.436782389878
1139 1179 0.966360536997
1140 1141 -0.0145244221522
1140 1180 0.892186615618
1141 1142 0.764958876168
1141 1181 -0.533963754884
1142 1143 0.383132173673
1142 1182 0.328449944962
1143 1144 -0.627539590495
1143 1183 -0.441730771325
1144 1145 -0.270465379259
1144 1184 -0.354728126688
1145 1146 0.0698755394255
1145 1185 0.0710909309286
1146 1147 -0.0947144946234
1146 1186 -0.307155255139
1147 1148 0.776486711191
1147 1187 0.233654174039
1148 1149 0.812712689072
1148 1188 0.7071080822
1149 1150 0.916783314301
1149 1189 -0.638200864296
1150 1151 0.809603162501
1150 1190 -0.551059455292
1151 1152 0.493670949436
1151 1191 0.34107078275
1152 1153 0.10859264355
1152 1192 0.163133894075
1153 1154 -0.309128378013
1153 1193 -0.739609407046
1154 1155 0.494351811768
1154 1194 -0.138158975428
1155 1156 -0.46441340863
1155 1195 -0.308469523274
1156 1157 -0.483811108538
1156 1196 -0.43120516335
1157 1158 0.634891478949
1157 1197 -0.465156645073
1158 1159 0.250612331484
1158 1198 0.698150562311
1159 1160 0.412604692467
1159 1199 0.0863989072935
1160 1200 -0.532529895491
1161 1162 -0.722522600441
1161 1201 -0.294166093535
1162 1163 0.686233684104
1162 1202 0.29023799699
1163 1164 0.0979346901991
1163 1203 0.105862344886
1164 1165 0.838381655421
1164 1204 0.655338331207
1165 1166 0.603432984879
1165 1205 0.561510579142
1166 1167 0.795293709497
1166 1206 -0.417579090116
1167 1168 -0.234258088184
1167 1207 0.245560961503
1168 1169 -0.865104043112
1168 1208 0.0140662039419
1169 1170 0.544954960982
1169 1209 0.0167522882585
1170 1171 0.256439411849
1170 1210 0.222348921636
1171 1172 0.616516829904
1171 1211 0.526408063918
1172 1173 0.926889764941
1172 1212 0.0527075063631
1173 1174 -0.336076018938
1173 1213 0.564372368538
1174 1175 0.780115151889
1174 1214 -0.809351540294
1175 1176 0.832943804046
1175 1215 0.274099739494
1176 1177 0.969261595273
1176 1216 0.00529942170708
1177 1178 -0.510867868895
1177 1217 -0.549904888911
1178 1179 0.688912879524
1178 1218 -0.565197420804
1179 1180 -0.731664288076
1179 1219 -0.913648209757
1180 1181 -0.0562982436714
1180 1220 -0.372155091391
1181 1182 -0.561494046785
1181 1221 -0.338654232672
1182 1183 0.305948678097
1182 1222 -0.0147217662295
1183 1184 0.309151842458
1183 1223 -0.954761690882
1184 1185 -0.455633154862
1184 1224 0.939804768318
1185 1186 0.606337376401
1185 1225 0.934073200208
1186 1187 0.636164747514
1186 1226 0.698473788905
1187 1188 -0.813078262985
1187 1227 -0.422680181005
1188 1189 -0.211166337277
1188 1228 0.457731869833
1189 1190 -0.504167242481
1189 1229 -0.225126174196
1190 1191 0.839480704158
1190 1230 -0.668966140051
1191 1192 -0.107875375619
1191 1231 -0.163175658704
1192 1193 0.713485145685
1192 1232 0.340998911006
1193 1194 0.877766553253
1193 1233 -0.904344109748
1194 1195 -0.273901502236
1194 1234 0.202068813604
1195 1196 -0.129681005398
1195 1235 0.838707088396
1196 1197 0.836995061361
1196 1236 0.546340449504
1197 1198 -0.631745543095
1197 1237 -0.582143266513
1198 1199 0.91330765162
1198 1238 -0.820362229332
1199 1200 0.797739806184
1199 1239 0.335223286644
1200 1240 0.634803380794
1201 1202 -0.0310030896944
1201 1241 0.395472770248
1202 1203 -0.394602223742
1202 1242 0.657562404499
1203 1204 -0.339745652581
1203 1243 -0.14869779756
1204 1205 0.107454724081
1204 1244 0.649643840667
1205 1206 0.0466107172191
1205 1245 0.263543843756
1206 1207 -0.771647328829
1206 1246 0.641415506598
1207 1208 0.269615739702
1207 1247 -0.036350831463
1208 1209 0.424089566829
1208 1248 -0.439492180917
1209 1210 0.89413642767
1209 1249 0.149758644028
1210 1211 0.391873087173
1210 1250 -0.552206109812
1211 1212 0.382119014024
1211 1251 0.809006275278
1212 1213 0.348171366333
1212 1252 0.213324230352
1213 1214 0.260626082818
1213 1253 -0.0589938088534
1214 1215 0.353041077717
1214 1254 0.275851565065
1215 1216 0.433628628953
1215 1255 0.194056680085
1216 1217 -0.31639185633
1216 1256 -0.980020684237
1217 1218 0.569628462133
1217 1257 0.0471257765681
1218 1219 0.567736018798
1218 1258 0.0139399308957
1219 1220 0.979870023454
1219 1259 -0.639176702855
1220 1221 0.997233415525
1220 1260 -0.39018840574
1221 1222 -0.276683872495
1221 1261 -0.405015942414
1222 1223 0.0602308743804
1222 1262 0.778834437933
1223 1224 -0.38673624903
1223 1263 -0.260538912291
1224 1225 0.724650959173
1224 1264 -0.967349605059
1225 1226 0.218354339146
1225 1265 -0.119152560012
1226 1227 -0.488893778162
1226 1266 -0.201219020415
1227 1228 -0.438652929182
1227 1267 -0.58394343995
1228 1229 -0.53572427447
1228 1268 -0.0180575565858
1229 1230 0.60298759671
1229 1269 0.467901929882
1230 1231 0.227407829379
1230 1270 -0.561350931154
1231 1232 -0.420552498689
1231 1271 0.777803957495
1232 1233 0.646213606298
1232 1272 0.829017126439
1233 1234 -0.676796004851
1233 1273 0.109652085736
1234 1235 0.0584459165952
1234 1274 -0.309444512096
1235 1236 0.0904442821292
1235 1275 -0.627273483893
1236 1237 0.328801655004
1236 1276 -0.874541422273
1237 1238 -0.733859604183
1237 1277 -0.603880342925
1238 1239 0.5532152347
1238 1278 0.984570344057
1239 1240 -0.859928332584
1239 1279 -0.470198512161
1240 1280 -0.85956266701
1241 1242 0.602312863391
1241 1281 -0.466451245856
1242 1243 -0.510560904647
1242 1282 0.407561385985
1243 1244 -0.496286281918
1243 1283 -0.594729735389
1244 1245 -0.943535893112
1244 1284 0.595042308506
1245 1246 -0.96252031555
1245 1285 0.166026613162
1246 1247 0.0473634786709
1246 1286 0.93084357664
1247 1248 0.272916727593
1247 1287 -0.578327344246
1248 1249 -0.0775072273683
1248 1288 -0.878475800717
1249 1250 0.435473940781
1249 1289 -0.0721273563943
1250 1251 -0.849493560164
1250 1290 -0.957538090909
1251 1252 -0.919854048472
1251 1291 0.165862404962
1252 1253 0.0330859013881
1252 1292 -0.45838842116
1253 1254 -0.0943423743191
1253 1293 0.11928465623
1254 1255 0.576104612846
1254 1294 -0.975712272055
1255 1256 -0.563093635778
1255 1295 0.837870153316
1256 1257 -0.966718928962
1256 1296 -0.79723022828
1257 1258 -0.842603070693
1257 1297 -0.451807472204
1258 1259 -0.430348987518
1258 1298 -0.925968921985
1259 1260 -0.200130190191
1259 1299 0.251612271779
1260 1261 -0.363553575193
1260 1300 0.735848831072
1261 1262 -0.174920020742
1261 1301 -0.982706408651
1262 1263 -0.750564396545
1262 1302 -0.508366727759
1263 1264 0.238540144233
1263 1303 -0.844303335675
1264 1265 -0.0917868416857
1264 1304 -0.0143438205936
1265 1266 0.779443406804
1265 1305 -0.153094833671
1266 1267 0.322258950888
1266 1306 -0.333672012506
1267 1268 -0.220325277456
1267 1307 0.864650090977
1268 1269 -0.121942212165
1268 1308 0.710071198477
1269 1270 -0.962079688725
1269 1309 0.213328861773
1270 1271 -0.400518155763
1270 1310 0.341834602653
1271 1272 -0.534151780853
1271 1311 0.218741158471
1272 1273 0.553008111929
1272 1312 0.880162456538
1273 1274 -0.195945566557
1273 1313 -0.832236240244
1274 1275 -0.420364669936
1274 1314 -0.829707632965
1275 1276 -0.518135004807
1275 1315 0.78287578903
1276 1277 -0.633816112756
1276 1316 -0.447435517294
1277 1278 0.343779956861
1277 1317 0.768297530112
1278 1279 -0.725307869264
1278 1318 0.311012862662
1279 1280 -0.00226809712959
1279 1319 0.791321112058
1280 1320 0.985682918034
1281 1282 0.818952418517
1281 1321 -0.954266100061
1282 1283 0.0717764816873
1282 1322 -0.238380962503
1283 1284 0.555051026132
1283 1323 -0.720814300863
1284 1285 -0.601022589695
1284 1324 0.371681918837
1285 1286 0.219470185975
1285 1325 0.335591646537
1286 1287 -0.860467824376
1286 1326 -0.295846903201
1287 1288 -0.0380138115045
1287 1327 -0.369879166081
1288 1289 0.207775499624
1288 1328 0.411233289408
1289 1290 -0.486484339791
1289 1329 -0.37722867146
1290 1291 -0.0677972332781
1290 1330 0.160554953203
1291 1292 -0.102266927179
1291 1331 0.933019641414
1292 1293 0.211844540615
1292 1332 0.412092215234
1293 1294 -0.969994365651
1293 1333 0.782727400684
1294 1295 -0.252975976092
1294 1334 0.55970513465
1295 1296 0.736001084898
1295 1335 0.301277450844
1296 1297 -0.243223658782
1296 1336 0.152522364273
1297 1298 0.45521664009
1297 1337 0.449718684741
1298 1299 0.298726459809
1298 1338 -0.500495079993
1299 1300 -0.197417857662
1299 1339 0.948528670398
1300 1301 0.979254024859
1300 1340 -0.185774879226
1301 1302 0.00845923185526
1301 1341 0.436462684688
1302 1303 -0.989701674698
1302 1342 0.976958226172
1303 1304 -0.794878082066
1303 1343 0.0519225512547
1304 1305 -0.85538320495
1304 1344 0.398397293185
1305 1306 0.462243281572
1305 1345 -0.786401841893
1306 1307 -0.832213297563
1306 1346 -0.867927396071
1307 1308 -0.384037201324
1307 1347 -0.154413827391
1308 1309 0.855781023563
1308 1348 0.538183698328
1309 1310 -0.784133747291
1309 1349 0.564792662397
1310 1311 0.369843731781
1310 1350 -0.831971260449
1311 1312 0.334390211471
1311 1351 -0.0031121693431
1312 1313 -0.603878588096
1312 1352 -0.513133699489
1313 1314 -0.488007687641
1313 1353 -0.948710614265
1314 1315 0.816469902594
1314 1354 -0.933198493852
1315 1316 0.174204126006
1315 1355 0.381316782422
1316 1317 -0.242649355366
1316 1356 0.598701966129
1317 1318 0.277700111867
1317 1357 -0.836901763994
1318 1319 0.897090637428
1318 1358 0.134072380383
1319 1320 0.172900641134
1319 1359 -0.727682650833
1320 1360 0.33182503396
1321 1322 -0.249754475008
1321 1361 -0.600733342704
1322 1323 -0.642764129682
1322 1362 0.771663208866
1323 1324 -0.0975925880703
1323 1363 -0.754954751578
1324 1325 0.65037951306
1324 1364 -0.37007383857
1325 1326 -0.592759937934
1325 1365 -0.358413042784
1326 1327 0.486212614158
1326 1366 0.125508384849
1327 1328 -0.66032579729
1327 1367 -0.860204686632
1328 1329 -0.952996939463
1328 1368 -0.0444783066933
1329 1330 -0.54436016556
1329 1369 -0.867610269205
1330 1331 -0.93224545892
1330 1370 0.066411729594
1331 1332 -0.752767744603
1331 1371 -0.56305828949
1332 1333 -0.254128550289
1332 1372 0.409796921883
1333 1334 -0.169072101533
1333 1373 -0.528872488745
1334 1335 0.178535853715
1334 1374 -0.137460869889
1335 1336 0.990782860015
1335 1375 0.197878078967
1336 1337 0.103615684356
1336 1376 0.714696945821
1337 1338 -0.507130183558
1337 1377 -0.671186440401
1338 1339 0.929256297313
1338 1378 -0.822658230083
1339 1340 -0.427136294588
1339 1379 -0.278808581076
1340 1341 -0.88540883498
1340 1380 -0.281074281709
1341 1342 -0.851824536236
1341 1381 0.512546043184
1342 1343 0.209770532947
1342 1382 0.623072966012
1343 1344 0.633309624494
1343 1383 -0.414504886364
1344 1345 -0.279661746011
1344 1384 0.760025542189
1345 1346 -0.623882155811
1345 1385 0.158638218599
1346 1347 -0.3324118489
1346 1386 -0.105093613122
1347 1348 -0.782460488095
1347 1387 0.406427820454
1348 1349 0.735992542927
1348 1388 0.305337415664
1349 1350 -0.404752506186
1349 1389 0.988800643733
1350 1351 0.459073459259
1350 1390 -0.568863023324
1351 1352 0.404197323524
1351 1391 0.757329681487
1352 1353 -0.456646684643
1352 1392 -0.0998437976025
1353 1354 -0.305963019451
1353 1393 0.670204567371
1354 1355 -0.689242631728
1354 1394 -0.715400020218
1355 1356 -0.856245091722
1355 1395 -0.843074177329
1356 1357 0.46092880876
1356 1396 0.810606079341
1357 1358 -0.0127848787296
1357 1397 -0.165296658793
1358 1359 -0.537329684415
1358 1398 -0.790071712944
1359 1360 -0.145037331698
1359 1399 -0.539833834965
1360 1400 0.868617476706
1361 1362 -0.314389541677
1361 1401 -0.111775409912
1362 1363 -0.83953301303
1362 1402 0.607177294151
1363 1364 0.632571803023
1363 1403 0.686979857553
1364 1365 -0.200505193034
1364 1404 0.971177795913
1365 1366 0.946964919333
1365 1405 -0.45238212957
1366 1367 0.632649999434
1366 1406 0.491874702398
1367 1368 -0.594617868856
1367 1407 -0.186044907582
1368 1369 -0.828249722671
1368 1408 0.960242046349
1369 1370 0.408698015387
1369 1409 0.0438255118277
1370 1371 0.16090850356
1370 1410 -0.859427836378
1371 1372 -0.0509204844784
1371 1411 -0.836974180241
1372 1373 -0.728878813464
1372 1412 0.415041875725
1373 1374 -0.717380406298
1373 1413 0.993767145612
1374 1375 0.851648853061
1374 1414 -0.883025225831
1375 1376 -0.937125696535
1375 1415 -0.21362753728
1376 1377 -0.317604345456
1376 1416 0.318179848547
1377 1378 -0.173329375389
1377 1417 -0.533482337045
1378 1379 0.64853132103
1378 1418 -0.243932835015
1379 1380 -0.703435406222
1379 1419 0.804634616024
1380 1381 -0.0355532003056
1380 1420 0.6477396548
1381 1382 -0.91305968931
1381 1421 0.896698663423
1382 1383 -0.917837643532
1382 1422 -0.58585807403
1383 1384 0.0531468101013
1383 1423 -0.000265725908154
1384 1385 -0.294522039009
1384 1424 -0.933373037977
1385 1386 0.457954959163
1385 1425 -0.945831810648
1386 1387 0.432282692521
1386 1426 -0.181553837348
1387 1388 0.510134857136
1387 1427 -0.676153674424
1388 1389 0.0393333830611
1388 1428 0.650368723825
1389 1390 -0.469927399484
1389 1429 0.0795961485163
1390 1391 0.377228893176
1390 1430 -0.484679397012
1391 1392 0.00726061549745
1391 1431 -0.328364777554
1392 1393 0.78416565761
1392 1432 -0.478057733065
1393 1394 0.301996820041
1393 1433 0.740945163408
1394 1395 0.196529007047
1394 1434 0.0592541114161
1395 1396 -0.405503515622
1395 1435 0.0956516953833
1396 1397 0.262601450926
1396 1436 -0.669800313
1397 1398 -0.479915950039
1397 1437 -0.106825782898
1398 1399 -0.664545656652
1398 1438 0.115277001864
1399 1400 -0.839077582212
1399 1439 0.138586304431
1400 1440 0.125485757663
1401 1402 -0.00372077927641
1401 1441 -0.171307350401
1402 1403 0.366940703787
1402 1442 -0.075979117404
1403 1404 -0.770449885297
1403 1443 0.441963418307
1404 1405 -0.492870618747
1404 1444 0.510678647947
1405 1406 0.399962618149
1405 1445 -0.469389531107
1406 1407 -0.286634597446
1406 1446 -0.236414310231
1407 1408 0.329003512976
1407 1447 -0.470699993348
1408 1409 -0.132367185164
1408 1448 -0.00203410078756
1409 1410 -0.514181832648
1409 1449 -0.804583828407
1410 1411 0.785255651788
1410 1450 -0.78608542359
1411 1412 -0.298751791196
1411 1451 -0.392144386557
1412 1413 0.5576211531
1412 1452 0.967067120164
1413 1414 -0.187019168856
1413 1453 0.226019558845
1414 1415 -0.658894511258
1414 1454 -0.795418596771
1415 1416 0.410863390517
1415 1455 0.278210663829
1416 1417 -0.201966325556
1416 1456 -0.304039191957
1417 1418 0.0248388870997
1417 1457 -0.83238467941
1418 1419 0.976649934625
1418 1458 0.231609996531
1419 1420 0.155137147818
1419 1459 -0.175585783583
1420 1421 -0.851845059924
1420 1460 0.471449994463
1421 1422 -0.0281611351713
1421 1461 -0.625081918109
1422 1423 0.594856017043
1422 1462 -0.317460217784
1423 1424 0.539377298212
1423 1463 0.980160156304
1424 1425 -0.0398941878559
1424 1464 -0.191473858364
1425 1426 0.609019191664
1425 1465 0.257472267855
1426 1427 0.340740174173
1426 1466 -0.464428109775
1427 1428 0.312970178917
1427 1467 0.306169714669
1428 1429 -0.159564990197
1428 1468 0.14939040812
1429 1430 -0.795238884254
1429 1469 0.523047823973
1430 1431 0.874332410258
1430 1470 -0.0634205359692
1431 1432 -0.0455388054753
1431 1471 -0.788955295525
1432 1433 0.649770361258
1432 1472 -0.20298259471
1433 1434 -0.85618884472
1433 1473 -0.143987295714
1434 1435 0.310556381128
1434 1474 -0.784444039443
1435 1436 0.516027541573
1435 1475 0.929777792022
1436 1437 0.499547373309
1436 1476 0.790654735851
1437 1438 -0.629962514309
1437 1477 0.978157292014
1438 1439 0.583727665073
1438 1478 -0.0571875181899
1439 1440 0.0279536810791
1439 1479 -0.593597963855
1440 1480 0.55821766754
1441 1442 -0.57148807423
1441 1481 -0.566720574546
1442 1443 0.328098618883
1442 1482 -0.434667475409
1443 1444 0.84663096397
1443 1483 -0.227938135695
1444 1445 -0.187880848723
1444 1484 -0.369540128072
1445 1446 0.145394911677
1445 1485 0.744284547767
1446 1447 -0.544909312641
1446 1486 0.616555275092
1447 1448 0.759074382895
1447 1487 -0.861674593555
1448 1449 -0.018656457203
1448 1488 0.865077202433
1449 1450 -0.250291100018
1449 1489 0.322712590391
1450 1451 -0.599700913757
1450 1490 -0.281411511919
1451 1452 0.552858140521
1451 1491 0.0826388361589
1452 1453 0.476066879227
1452 1492 0.891297162941
1453 1454 -0.63133590872
1453 1493 -0.911242922541
1454 1455 0.430239051223
1454 1494 0.41161337922
1455 1456 -0.435632567654
1455 1495 -0.569475764702
1456 1457 -0.67142101659
1456 1496 0.804694331335
1457 1458 -0.129197807498
1457 1497 -0.282528887514
1458 1459 0.779274522501
1458 1498 0.192106591025
1459 1460 0.354505285807
1459 1499 0.293085213169
1460 1461 -0.48484912879
1460 1500 -0.232401636354
1461 1462 -0.253406066129
1461 1501 0.0200838728783
1462 1463 0.400188258194
1462 1502 -0.448403558928
1463 1464 -0.739761193348
1463 1503 -0.105821029148
1464 1465 -0.954867336537
1464 1504 -0.732007236404
1465 1466 0.30923240118
1465 1505 -0.836641543859
1466 1467 0.310265561217
1466 1506 -0.968907497732
1467 1468 0.903624741643
1467 1507 0.209566942542
1468 1469 -0.540656933116
1468 1508 -0.145959912627
1469 1470 -0.686270411541
1469 1509 -0.571418168068
1470 1471 -0.90822534145
1470 1510 0.878340703187
1471 1472 -0.986878327601
1471 1511 0.0733864428695
1472 1473 0.872437862261
1472 1512 0.0107118822833
1473 1474 0.424401383104
1473 1513 -0.901915609081
1474 1475 -0.677841589923
1474 1514 -0.482527723508
1475 1476 0.441586994713
1475 1515 0.876952852419
1476 1477 0.49182546798
1476 1516 -0.243884939513
1477 1478 0.752299545029
1477 1517 0.691191652215
1478 1479 -0.839168199612
1478 1518 -0.385331783743
1479 1480 -0.162287643528
1479 1519 -0.429636448332
1480 1520 -0.669286018324
1481 1482 -0.535385745507
1481 1521 0.458171241253
1482 1483 0.723149549873
1482 1522 -0.643040888215
1483 1484 0.554225611542
1483 1523 0.847771409221
1484 1485 0.541031844214
1484 1524 -0.100278846407
1485 1486 0.634165320148
1485 1525 -0.941539693167
1486 1487 -0.129788986188
1486 1526 0.693152366352
1487 1488 0.606503790259
1487 1527 -0.0624458336313
1488 1489 0.281329136114
1488 1528 0.45674390001
1489 1490 -0.318788783915
1489 1529 -0.169090759843
1490 1491 0.251640042908
1490 1530 -0.317209347505
1491 1492 -0.934878768396
1491 1531 0.315885139734
1492 1493 -0.516006559728
1492 1532 0.69012773679
1493 1494 -0.372840947809
1493 1533 -0.269623530291
1494 1495 0.724759898629
1494 1534 0.756534934035
1495 1496 -0.472391734539
1495 1535 0.821531202155
1496 1497 0.122399712291
1496 1536 -0.839038266774
1497 1498 0.960169571448
1497 1537 -0.0853600419718
1498 1499 -0.0618507536124
1498 1538 -0.992839331577
1499 1500 0.716267297404
1499 1539 -0.538531182664
1500 1501 -0.644885320353
1500 1540 -0.968603583375
1501 1502 0.324738464952
1501 1541 -0.271925782122
1502 1503 -0.63385883174
1502 1542 0.918884833815
1503 1504 0.319191123638
1503 1543 0.553004555616
1504 1505 0.744382595812
1504 1544 0.889357582432
1505 1506 -0.336940124248
1505 1545 -0.00438220185074
1506 1507 0.934913193239
1506 1546 -0.597858320803
1507 1508 0.390930815624
1507 1547 -0.689060561092
1508 1509 0.485594239658
1508 1548 -0.55409490698
1509 1510 0.990849519516
1509 1549 -0.603834316624
1510 1511 -0.820548582009
1510 1550 0.54634826099
1511 1512 -0.189973439925
1511 1551 0.0370994819415
1512 1513 -0.414132308469
1512 1552 0.563349236709
1513 1514 -0.167488989033
1513 1553 0.648207220884
1514 1515 -0.420089576134
1514 1554 0.11525179354
1515 1516 -0.550537706963
1515 1555 -0.513262948869
1516 1517 0.87374953044
1516 1556 0.623777095323
1517 1518 0.0516870269811
1517 1557 -0.372438823465
1518 1519 0.708660875417
1518 1558 -0.591719410226
1519 1520 -0.94137172201
1519 1559 0.159292992074
1520 1560 0.88653016251
1521 1522 -0.16816266597
1521 1561 0.167796356028
1522 1523 0.159421563188
1522 1562 -0.0727312350627
1523 1524 -0.990097180417
1523 1563 -0.454832372525
1524 1525 0.420171932212
1524 1564 -0.555599121198
1525 1526 -0.151277894663
1525 1565 -0.212779742142
1526 1527 0.896303407154
1526 1566 -0.316612957428
1527 1528 -0.36533313949
1527 1567 -0.718750561777
1528 1529 0.184375190149
1528 1568 0.0434081174212
1529 1530 -0.0616966589124
1529 1569 -0.125190565728
1530 1531 0.0955729584366
1530 1570 0.100446542583
1531 1532 0.549247655934
1531 1571 0.878340139896
1532 1533 0.380682038375
1532 1572 0.775535680101
1533 1534 0.438117048657
1533 1573 -0.975001449574
1534 1535 0.480147579162
1534 1574 -0.742136478293
1535 1536 -0.054632259733
1535 1575 0.645453666819
1536 1537 0.918371242285
1536 1576 0.595468299768
1537 1538 -0.0756017836468
1537 1577 0.937021245499
1538 1539 0.412319732699
1538 1578 -0.153591539046
1539 1540 0.798208210526
1539 1579 -0.542482407787
1540 1541 -0.50194851475
1540 1580 -0.222685403862
1541 1542 -0.158485741067
1541 1581 0.716188212441
1542 1543 0.537114200027
1542 1582 0.562581791229
1543 1544 0.795441103214
1543 1583 0.468167879023
1544 1545 -0.386062212088
1544 1584 -0.97487554816
1545 1546 -0.296424777731
1545 1585 0.700096925536
1546 1547 0.747543451735
1546 1586 0.623356065037
1547 1548 -0.0449765832353
1547 1587 -0.0324720634385
1548 1549 -0.189704770334
1548 1588 -0.190176876757
1549 1550 0.893397186552
1549 1589 0.533281792858
1550 1551 0.0293598181182
1550 1590 -0.0304294695546
1551 1552 0.832049105433
1551 1591 -0.34753554803
1552 1553 -0.363355820916
1552 1592 -0.47188323724
1553 1554 0.753923232048
1553 1593 -0.349199243824
1554 1555 0.0584209504424
1554 1594 0.592192606997
1555 1556 0.552483715672
1555 1595 -0.0508949725346
1556 1557 0.551903089649
1556 1596 0.0604510374683
1557 1558 -0.910421564685
1557 1597 -0.63403818553
1558 1559 0.535173727946
1558 1598 0.345013547551
1559 1560 0.383476735405
1559 1599 0.789652321943
1560 1600 0.739193443983
1561 1562 -0.0113267897346
1562 1563 0.346443653439
1563 1564 -0.926961754537
1564 1565 0.647673824688
1565 1566 0.800651263094
1566 1567 -0.26490905661
1567 1568 0.192783927697
1568 1569 0.639286699279
1569 1570 -0.16218694408
1570 1571 -0.409172690118
1571 1572 0.632609249035
1572 1573 -0.843422505143
1573 1574 0.856839195003
1574 1575 0.0072914829512
1575 1576 -0.548093345886
1576 1577 0.0904068239142
1577 1578 -0.21747827919
1578 1579 -0.143552846877
1579 1580 -0.699151616872
1580 1581 -0.239211476212
1581 1582 -0.731774367498
1582 1583 -0.682728660296
1583 1584 -0.0510001467553
1584 1585 0.153610080311
1585 1586 -0.474217458532
1586 1587 0.334310214799
1587 1588 0.500544496663
1588 1589 -0.718484785416
1589 1590 0.343731420235
1590 1591 -0.362311233564
1591 1592 -0.242531755862
1592 1593 0.508608622304
1593 1594 0.277516791376
1594 1595 -0.724402091217
1595 1596 -0.528354701829
1596 1597 -0.879150302476
1597 1598 0.554159595678
1598 1599 0.758486029445
1599 1600 -0.244115205617
