1 2 -0.165955990595
1 41 0.440648986884
2 3 0.766612182412
2 42 0.247344414111
3 4 -0.520304481705
3 43 -0.0124605714625
4 5 -0.369510393809
4 44 0.78577741705
5 6 -0.168302563465
5 45 0.23337013431
6 7 0.918868642124
6 46 0.607921782997
7 8 -0.34802037646
7 47 0.718978641731
8 9 -0.954169737355
8 48 0.038164644424
9 10 -0.839792712388
9 49 0.809262005872
10 11 -0.134036986065
10 50 0.81862397731
11 12 0.776772868791
11 51 -0.631231115264
12 13 -0.242838813499
12 52 -0.62361147994
13 14 0.9869209262
13 53 0.668973028036
14 15 -0.913418123628
14 54 -0.0271185136592
15 16 -0.393308656583
15 55 -0.957248077824
16 17 0.643698749528
16 56 0.256479194261
17 18 0.483409600463
17 57 0.230031449942
18 19 0.299166109757
18 58 0.862894029986
19 20 -0.430752062063
19 59 0.814792284482
20 21 -0.421479009034
20 60 0.895528132203
21 22 -0.997934134685
21 61 -0.0478217639958
22 23 -0.81918056861
22 62 -0.742048031715
23 24 -0.209299052411
23 63 0.910779978514
24 25 0.0483712291373
24 64 0.315042815406
25 26 0.883772492373
25 65 0.739821546537
26 27 0.153955692955
26 66 0.750777476901
27 28 0.344841545173
27 67 0.0355734476268
28 29 -0.629913300726
28 68 -0.874760396032
29 30 0.485842500779
29 69 -0.318159501735
30 31 -0.183905729304
30 70 -0.899329740681
31 32 0.85140821738
31 71 -0.188885231722
32 33 -0.916625114959
32 72 0.319939437928
33 34 0.722022737228
33 73 -0.740998108114
34 35 0.681815662907
34 74 0.68533544519
35 36 -0.559266197693
35 75 -0.0293250920632
36 37 -0.826655054694
36 76 0.189207776223
37 38 0.932822831305
37 77 0.129572470533
38 39 0.0951491197091
38 78 0.50933934895
39 40 0.870854024683
39 79 0.677689668396
40 80 0.543854292146
41 42 -0.999771250365
41 81 -0.395334854736
42 43 0.501884868055
42 82 -0.302203316044
43 44 0.239911436763
43 83 0.6579617991
44 45 0.155714430569
44 84 -0.631979596745
45 46 -0.532667721521
45 85 -0.796065481148
46 47 -0.935353866753
46 86 0.418774502463
47 48 0.117033101845
47 87 0.380455736325
48 49 0.619977421325
48 88 -0.97479246594
49 50 -0.259691644893
49 89 0.0613948769523
50 51 0.210958002062
50 90 0.533549174474
51 52 0.170696917877
51 91 0.796410092034
52 53 0.49400965806
52 92 -0.319241418469
53 54 0.399246364799
53 93 0.836517178264
54 55 -0.521177911724
54 94 0.904947563387
55 56 0.994969985457
55 95 0.164059952687
56 57 0.91260301951
56 96 0.179846254152
57 58 0.344822197868
57 97 -0.98323384095
58 59 -0.85053710997
58 98 -0.446387074799
59 60 0.781104572757
59 99 0.845008994521
60 61 0.699861070463
60 100 -0.130690411857
61 62 0.314080658049
61 101 0.686646427839
62 63 -0.789474946674
62 102 -0.654545073354
63 64 -0.778409120608
63 103 0.295105971633
64 65 0.62658769065
64 104 0.615024543286
65 66 0.40799899656
65 105 -0.0594021504356
66 67 0.217130873947
66 106 -0.496680831695
67 68 -0.61982589904
67 107 -0.0617311203332
68 69 -0.243782826434
68 108 0.391993020891
69 70 -0.904778142587
69 109 -0.687286142647
70 71 0.489667746065
70 110 -0.408548931152
71 72 -0.849934721327
71 111 0.722704948966
72 73 -0.596736481887
72 112 -0.167074887654
73 74 0.150140333977
73 113 -0.57043492823
74 75 0.655606478918
74 114 -0.977048974788
75 76 0.985962715275
75 115 -0.351677393638
76 77 0.861979730692
76 116 -0.732443384514
77 78 -0.282177716422
77 117 0.23794021748
78 79 0.0593146411401
78 118 -0.426032494506
79 80 -0.688445348769
79 119 0.148566708702
80 120 0.125561099379
81 82 -0.706488218366
81 121 -0.815322810462
82 83 -0.46014421647
82 122 0.791772436392
83 84 -0.686417210708
83 123 -0.962847595645
84 85 0.575858467651
84 124 0.22406235409
85 86 0.0317140339371
85 125 -0.0457180259004
86 87 -0.069997036873
86 126 0.89509788279
87 88 -0.0942930000969
87 127 0.256618075043
88 89 0.344939689307
88 128 0.373616453314
89 90 -0.0117674682073
89 129 -0.735677716114
90 91 0.00940121619179
90 130 -0.00388875034399
91 92 -0.107765561931
91 131 0.843736610968
92 93 0.590602334811
92 132 -0.0241981216408
93 94 -0.920542586634
93 133 -0.859333116769
94 95 0.887785255568
94 134 0.227868004769
95 96 -0.413247443028
95 135 0.857898923786
96 97 -0.604334430704
96 136 -0.141338554767
97 98 0.356753944503
97 137 0.00636138108577
98 99 0.838475008512
98 138 0.530010296596
99 100 -0.687700871118
99 139 0.759444287003
100 101 -0.0639008902671
100 140 0.259706043167
101 102 -0.632521176248
101 141 0.712318475975
102 103 -0.747138219421
102 142 0.556601780135
103 104 0.0552430169127
103 143 -0.293515188034
104 105 0.239363984108
104 144 -0.0977950757585
105 106 0.365396085807
105 145 -0.973163378887
106 107 -0.407740153008
106 146 0.0658451180633
107 108 -0.320918262407
107 147 0.408994396496
108 109 -0.794363265091
108 148 -0.60833153265
109 110 -0.612270280681
109 149 -0.00977527487764
110 111 -0.203083606902
110 150 -0.245520864939
111 112 0.0385951709409
111 151 -0.362128262165
112 113 -0.0982146869986
112 152 -0.302546460905
113 114 0.736477142882
113 153 -0.969961156493
114 115 -0.465919380143
114 154 0.999751575149
115 116 -0.929276161017
115 155 0.634703458568
116 117 0.02602458732
116 156 0.367998428234
117 118 0.00358623612634
117 157 -0.0952475044443
118 119 0.248359446528
118 158 -0.470326689648
119 120 0.347006029371
119 159 -0.188359188002
120 160 -0.94730424226
121 122 -0.627479577245
121 161 -0.308878545914
122 123 -0.143817620257
122 162 0.929680094297
123 124 -0.859955712562
123 163 -0.0273097781259
124 125 -0.892181455852
124 164 -0.159612639998
125 126 -0.694656711814
125 165 0.243612463481
126 127 -0.557134531353
126 166 -0.465855960631
127 128 -0.419806296625
127 167 -0.981302844067
128 129 -0.101506492827
128 168 0.829577373484
129 130 -0.587091882221
129 169 -0.847622381935
130 131 0.685799680386
130 170 -0.864386131318
131 132 -0.442018219086
131 171 0.217662348388
132 133 0.051338888702
132 172 -0.943018301017
133 134 -0.0519874200239
133 173 -0.301665174086
134 135 0.94697479465
134 174 -0.310277312567
135 136 0.0142388470964
135 175 -0.0906155448952
136 137 -0.326508002598
136 176 0.983890023815
137 138 -0.538183099032
137 177 -0.650206982036
138 139 0.199480688944
138 178 0.665936287674
139 140 0.263989900926
139 179 -0.578743643162
140 141 -0.683936330072
140 180 -0.970435826516
141 142 -0.271269040286
141 181 0.784547858552
142 143 -0.921176975631
142 182 -0.516883165318
143 144 -0.60360154136
143 183 -0.558811836305
144 145 -0.184100021905
144 184 0.749495239809
145 146 0.964956237004
145 185 -0.655845336342
146 147 0.924156425694
146 186 -0.63100879102
147 148 -0.547809595135
147 187 0.689976274717
148 149 -0.092094699187
148 188 0.242298379387
149 150 0.270249922183
149 189 0.760439954437
150 151 0.327205263342
150 190 -0.82733342637
151 152 0.926064677569
151 191 0.876523537005
152 153 -0.233439379744
152 192 -0.639387878304
153 154 -0.78851156974
153 193 -0.247885848905
154 155 -0.760633445615
154 194 -0.0198210078247
155 156 0.00661356719932
155 195 -0.894432287763
156 157 -0.656340480786
156 196 -0.977480213016
157 158 0.464541469513
157 197 0.849020299968
158 159 0.305385828669
158 198 0.683796015653
159 160 -0.990245911036
159 199 -0.349337340462
160 200 -0.363085760373
161 162 -0.206465051539
161 201 0.0776334680067
162 163 0.326882995637
162 202 0.243391440418
163 164 0.212658923307
163 203 0.137702874173
164 165 0.358137673131
164 204 0.837203555955
165 166 0.0880202376279
165 205 0.308274693941
166 167 -0.837052070245
166 206 -0.142762342672
167 168 0.153511869974
167 207 -0.377111571735
168 169 0.288722169514
168 208 -0.989520324697
169 170 0.0158433998906
169 209 -0.476900896334
170 171 0.146544543099
170 210 0.885525150866
171 172 0.364907419534
171 211 -0.543588533299
172 173 0.288464039758
172 212 -0.298686995136
173 174 0.874504124257
173 213 -0.0208700777097
174 175 0.795701435335
174 214 -0.130810053183
175 176 0.175743012592
175 215 -0.471724711579
176 177 -0.239527007765
176 216 0.98540174733
177 178 -0.630034068898
177 217 0.68852001015
178 179 0.79208698315
178 218 0.945440705706
179 180 -0.30976817044
179 219 -0.680162422821
180 181 -0.468975965055
180 220 -0.969112736114
181 182 -0.944576519755
181 221 -0.829219721754
182 183 0.758132802717
182 222 0.947037721673
183 184 -0.912356980546
183 223 0.42632794632
184 185 0.405863464229
184 224 -0.630129955253
185 186 0.812520791923
185 225 0.614219803332
186 187 0.0197967562862
186 226 -0.312423793126
187 188 0.0524593297833
187 227 0.00123914584618
188 189 0.500248496138
188 228 -0.780529957429
189 190 0.805073112844
189 229 -0.38567846303
190 191 0.099779840944
190 230 -0.969156355313
191 192 -0.479962056087
191 231 -0.597216292573
192 193 -0.863739885212
192 232 0.102513297872
193 194 -0.195812187814
193 233 -0.445559834043
194 195 0.580052301205
194 234 -0.755572179812
195 196 0.780610054448
195 235 -0.190971240039
196 197 0.775366260959
196 236 -0.929537458693
197 198 -0.0414571694328
197 237 -0.823539698
198 199 0.277895640737
198 238 0.131262937953
199 200 0.677889895946
199 239 -0.874352039565
200 240 0.617128300949
201 202 -0.161610971193
201 241 0.370439000794
202 203 -0.770508054093
202 242 0.898978517414
203 204 -0.365275181356
203 243 0.977232308825
204 205 -0.999195950217
204 244 0.953518298062
205 206 -0.710908919751
205 245 0.50305563427
206 207 -0.781962471962
206 246 0.267573521224
207 208 0.0345351970023
207 247 0.832811706108
208 209 -0.0311431089712
208 248 0.718635612195
209 210 -0.285876782234
209 249 -0.783869342606
210 211 0.0357200963446
210 250 -0.611068380944
211 212 -0.972464974885
211 251 -0.166552075259
212 213 -0.541589945416
212 252 -0.132233247577
213 214 0.0792982201867
213 253 0.790520731462
214 215 -0.528370725705
214 254 0.881655926403
215 216 -0.389423401305
215 255 -0.256690846552
216 217 0.0376085014668
216 256 -0.655440597046
217 218 0.96517957861
217 257 0.827479249683
218 219 0.99704101418
218 258 -0.720701332632
219 220 -0.111303685108
219 259 -0.832450092309
220 221 0.348997688325
220 260 0.102937671626
221 222 0.962820931508
221 261 0.219003851547
222 223 0.210844015454
222 262 0.952476529121
223 224 0.307680398393
223 263 -0.112460414551
224 225 0.131464293259
224 264 0.8176160646
225 226 0.600279368774
225 265 -0.46212788443
226 227 0.539450689914
226 266 0.605732972865
227 228 -0.492628386225
227 267 -0.627688660527
228 229 0.249247214311
228 268 -0.225278955711
229 230 0.506760146251
229 269 -0.435143938882
230 231 0.966077967079
230 270 0.196854444776
231 232 0.177817406612
231 271 0.685036419683
232 233 0.191733891233
232 272 -0.709000421557
233 234 -0.80787400248
233 273 -0.762539189775
234 235 0.324818361382
234 274 -0.0238391089574
235 236 0.858546364281
235 275 -0.195843652399
236 237 -0.485083432385
236 276 0.303368063481
237 238 0.139307113368
237 277 -0.51009828977
238 239 -0.385715781458
238 278 0.753554079876
239 240 -0.789160507121
239 279 0.403574693024
240 280 0.475177019833
241 242 -0.591095500537
241 281 0.756234872782
242 243 -0.10017573304
242 282 0.156779228774
243 244 0.159490438492
243 283 -0.239717654753
244 245 -0.246839370508
244 284 0.947567076717
245 246 -0.5559017204
245 285 0.0387036487321
246 247 0.605926474747
246 286 0.39360099224
247 248 -0.147050422997
247 287 -0.505207926795
248 249 0.660799140075
248 288 0.298308394225
249 250 0.575103679305
249 289 -0.786832246422
250 251 0.695878784887
250 290 -0.496721715288
251 252 0.876963783713
251 291 -0.313943780339
252 253 -0.235065085458
252 292 -0.0604219198273
253 254 -0.106729908353
253 293 0.754068778541
254 255 0.368436101966
254 294 -0.870176829322
255 256 -0.511104001257
255 295 0.169094532233
256 257 -0.850851857497
256 296 -0.259388612452
257 258 -0.305261159254
257 297 0.560449159383
258 259 -0.858915910513
258 298 -0.85306669128
259 260 -0.66936301904
259 299 -0.605607307067
260 261 -0.356703708794
260 300 0.56040467424
261 262 -0.164735306372
261 301 -0.661571630613
262 263 -0.91309691657
262 302 0.897145536752
263 264 0.43787897618
263 303 -0.780048055109
264 265 -0.698620015503
264 304 0.691035351061
265 266 -0.561692388485
265 305 -0.142398614172
266 267 -0.150880179396
266 306 -0.591755000011
267 268 -0.0563618745248
267 307 0.963648835651
268 269 0.340180737496
268 308 -0.592879244676
269 270 -0.262846260469
269 309 -0.414546875814
270 271 -0.231771544008
270 310 -0.706504138545
271 272 -0.32655782051
271 311 0.172858842929
272 273 -0.538116583356
272 312 -0.427245736925
273 274 -0.364110492305
273 313 0.901585668155
274 275 -0.611420035828
274 314 0.757260053165
275 276 -0.846335430451
275 315 -0.50939771176
276 277 -0.428434133288
276 316 -0.98058480685
277 278 -0.920844177049
277 317 0.576280413287
278 279 0.977643769435
278 318 0.55495886242
279 280 0.0283165355124
279 319 -0.00366635001098
280 320 -0.873278977252
281 282 -0.945224813604
281 321 0.340935020357
282 283 -0.183726394477
282 322 -0.525946039514
283 284 0.101896438236
283 323 0.490668861813
284 285 0.209432201948
284 324 0.657691615961
285 286 0.570592056443
285 325 -0.955339144016
286 287 0.532422762152
286 326 -0.315091760313
287 288 -0.257412477442
287 327 0.863722233273
288 289 0.347396847797
288 328 0.156999159578
289 290 0.971417647426
289 329 -0.645677671123
290 291 0.401452072965
290 330 0.0805218807938
291 292 0.559488590965
291 331 -0.650527374345
292 293 0.95896670836
292 332 -0.271243859264
293 294 -0.492836501257
293 333 -0.452380591684
294 295 0.740849713646
294 334 0.402760589267
295 296 0.391692267865
295 335 -0.856105559672
296 297 -0.753162280371
296 336 0.269037432584
297 298 0.0929091814029
297 337 0.632884795112
298 299 -0.9705124182
298 338 0.943640145956
299 300 0.382054683113
299 339 0.147605738331
300 301 -0.70842913757
300 340 -0.510238722476
301 302 0.299802306179
301 341 -0.926049863281
302 303 -0.377407835088
302 342 0.597945680723
303 304 0.877438346738
303 343 0.695253418479
304 305 0.640404932631
304 344 -0.00131779740433
305 306 0.698742201461
305 345 -0.0992407150566
306 307 -0.865821079342
306 346 -0.602703471159
307 308 -0.734187524676
307 347 -0.433075135144
308 309 0.0558375950615
308 348 -0.655674890088
309 310 -0.172618527602
309 349 -0.570568608663
310 311 0.393756652874
310 350 0.811616833413
311 312 -0.675510001042
311 351 -0.610812529524
312 313 0.661502733809
312 352 -0.693158117675
313 314 -0.585186870361
313 353 0.494560642118
314 315 -0.637025204885
314 354 0.27810571859
315 316 -0.299478988586
315 355 0.50145658471
316 317 0.15090366893
316 356 -0.384415443331
317 318 -0.45446352667
317 357 0.554140985885
318 319 0.147287715141
318 358 -0.717441334718
319 320 -0.252780562147
319 359 0.207027233343
320 360 -0.328569784489
321 322 -0.165390395266
321 361 0.117379656892
322 323 0.806759041125
322 362 0.147358973345
323 324 0.338465786906
323 363 -0.470160884674
324 325 0.149423009416
324 364 0.256152396615
325 326 -0.351275080548
325 365 0.7458447528
326 327 0.691702966055
326 366 -0.142462450001
327 328 0.873736762618
327 367 0.688659897131
328 329 -0.451760449666
328 368 0.121059981072
329 330 0.144810224869
329 369 -0.910309330822
330 331 0.89767257656
330 370 0.248673404805
331 332 -0.316094327395
331 371 -0.710804558324
332 333 0.548820266672
332 372 0.1055351931
333 334 -0.343277219825
333 373 0.0951285409619
334 335 0.209853745949
334 374 0.464749798359
335 336 0.942166639251
335 375 0.506141311739
336 337 -0.172160308541
336 376 0.981831265051
337 338 -0.0325460976222
337 377 0.179902596599
338 339 -0.810466167086
338 378 0.683473652372
339 340 0.746646268073
339 379 -0.510731868562
340 341 -0.415372475921
340 380 -0.608136107002
341 342 -0.376772173079
341 381 -0.353041606022
342 343 0.621258206894
342 382 0.719997183161
343 344 0.318071319332
343 383 -0.242337662677
344 345 -0.924832297029
344 384 -0.704994989206
345 346 0.870840228014
345 385 -0.294641345497
346 347 -0.455198299741
346 386 0.197577835818
347 348 0.601282348567
347 387 0.329553797022
348 349 -0.962637988007
348 388 -0.0260995071521
349 350 -0.36202798706
349 389 -0.75616037222
350 351 -0.363782495311
350 390 0.532984289312
351 352 0.522670431984
351 391 -0.699803077296
352 353 0.104277615107
352 392 0.136279435384
353 354 -0.483622671985
353 393 -0.925519488778
354 355 0.481653756396
354 394 0.125345773186
355 356 -0.630503695301
355 395 -0.138052692548
356 357 -0.696971876296
356 396 0.942566623465
357 358 -0.0235821138236
357 397 -0.36412821785
358 359 -0.370141955215
358 398 -0.266281362818
359 360 0.702937533754
359 399 -0.446153887062
360 400 0.747338738714
361 362 -0.71922612281
361 401 -0.60379702183
362 363 -0.994259345938
362 402 0.234289827241
363 364 -0.867330331143
363 403 -0.259831604172
364 365 -0.428847436609
364 404 0.173666681312
365 366 0.689419215204
365 405 0.0768811851891
366 367 0.648019740825
366 406 0.252992317249
367 368 0.840413028611
367 407 -0.544199420097
368 369 0.343459569635
368 408 -0.295140739567
369 370 0.574232579312
369 409 -0.620788104363
370 371 0.675955924095
370 410 -0.984134247611
371 372 0.433541628293
371 411 0.398615247394
372 373 0.778262178215
372 412 -0.290094297701
373 374 -0.559742651946
373 413 0.342858342163
374 375 -0.493121915
374 414 0.200977910549
375 376 0.612326325907
375 415 0.503280808163
376 377 0.859911247307
376 416 -0.70152793538
377 378 0.574526895049
377 417 -0.799530713794
378 379 0.370345993815
378 418 -0.0248856650342
379 380 0.259215913438
379 419 -0.931137469386
380 381 -0.824122632459
380 420 0.739952360543
381 382 0.214883787029
381 421 0.301662513351
382 383 -0.082898378195
382 422 0.861288784331
383 384 -0.166866541971
383 423 -0.0356921556851
384 385 0.845277389377
384 424 -0.911690407936
385 386 0.238784331394
385 425 0.961398072712
386 387 0.746166994549
386 426 -0.743538122309
387 388 -0.442483182613
387 427 -0.37070478645
388 389 -0.631644446878
388 428 0.276686660007
389 390 0.926036479191
389 429 0.00796601879757
390 391 -0.425003795918
390 430 0.914450684749
391 392 -0.468185917904
391 431 0.378989726355
392 393 -0.313159813783
392 432 -0.298765621386
393 394 -0.967895581666
393 433 -0.694588137638
394 395 0.257683137194
394 434 -0.762069206756
395 396 0.746490839632
395 435 0.0675221827456
396 397 -0.670055464202
396 436 0.454470882287
397 398 -0.371949099898
397 437 -0.915950479828
398 399 -0.416209557945
398 438 -0.108094370502
399 400 0.689522725687
399 439 -0.166761702856
400 440 0.431663938145
401 402 0.601489137351
401 441 0.936523151439
402 403 -0.346710196456
402 442 0.0541162045152
403 404 0.259435014043
403 443 -0.57965198017
404 405 0.500043527405
404 444 0.716627672858
405 406 0.733216548333
405 445 0.899611982707
406 407 -0.71315390266
406 446 -0.84322620029
407 408 -0.825035580893
407 447 -0.545380527431
408 409 0.711656734508
408 448 -0.609925027983
409 410 0.0558079568163
409 449 0.480155086318
410 411 0.978680112333
410 450 -0.844570859335
411 412 0.376994635898
411 451 -0.493207931027
412 413 -0.508962639627
412 452 0.822038479314
413 414 -0.714413434394
413 453 -0.811799451001
414 415 0.629238362523
414 454 -0.891772679352
415 416 -0.839878045458
415 455 -0.0366074339576
416 417 -0.210235474926
416 456 -0.0768405780752
417 418 0.0740142336811
417 457 -0.268033306661
418 419 -0.306610237283
418 458 -0.292704425866
419 420 0.0323969221541
419 459 0.726452963428
420 421 -0.823622708857
420 460 0.367420671643
421 422 0.692109198473
421 461 0.855161885195
422 423 -0.484214031146
422 462 0.868890985059
423 424 0.870567540014
423 463 0.727185909836
424 425 -0.255002467189
424 464 0.238079269451
425 426 0.286925044482
425 465 -0.909003567919
426 427 0.91637748343
426 466 0.366341687708
427 428 -0.160103491196
427 467 0.205573524485
428 429 0.0731496386809
428 468 0.549890759995
429 430 0.846201365177
429 469 0.492320281547
430 431 0.40463150959
430 470 0.250031186387
431 432 -0.969821384734
431 471 -0.935611192263
432 433 0.918224035038
432 472 0.106687898919
433 434 -0.0758316140045
433 473 0.511802195076
434 435 -0.383926025891
434 474 0.173924414459
435 436 -0.793690560502
435 475 -0.950955025891
436 437 0.781448382987
436 476 0.717430231454
437 438 0.0687996738091
437 477 0.647103111994
438 439 0.221265033735
438 478 -0.57417081897
439 440 0.00196802478788
439 479 0.459246757136
440 480 -0.360699776276
441 442 -0.373151643682
441 481 0.384645231339
442 443 0.771884198622
442 482 -0.285460479995
443 444 0.505511107478
443 483 -0.866927037292
444 445 0.510164376935
444 484 0.396114496895
445 446 0.652813995259
445 485 0.708230887673
446 447 -0.963334714174
446 486 -0.866550004721
447 448 -0.371246767772
447 487 -0.650468247287
448 449 0.494641620664
448 488 -0.420794507626
449 450 -0.700137030165
449 489 0.102174348374
450 451 -0.35574097277
450 490 0.892304790914
451 452 0.384720243247
451 491 -0.545404918168
452 453 -0.912931472484
452 492 0.901506856122
453 454 0.740383492411
453 493 -0.526262592886
454 455 -0.738978657321
454 494 0.684891619913
455 456 -0.108654087197
455 495 0.34494530105
456 457 0.121897510244
456 496 0.560727046579
457 458 0.208613687338
457 497 0.917605031274
458 459 -0.492322235306
458 498 0.822035947397
459 460 0.96825308777
459 499 -0.980254049282
460 461 -0.759198246285
460 500 -0.978601993712
461 462 0.320915455222
461 501 0.156347836817
462 463 0.238239266503
462 502 0.97088982989
463 464 -0.0441523015669
463 503 0.109036996556
464 465 -0.606103922172
464 504 0.962159514481
465 466 -0.0728858180966
465 505 -0.330497312573
466 467 0.483928471357
466 506 0.965761571842
467 468 0.438677534442
467 507 0.714600666902
468 469 -0.214080194732
468 508 0.978904261673
469 470 -0.0845894246392
469 509 0.509244450616
470 471 0.8614694663
470 510 -0.461915225496
471 472 -0.424948119952
471 511 -0.326753638975
472 473 0.305462401802
472 512 -0.0185197671112
473 474 0.45762986389
473 513 -0.295221115034
474 475 -0.209072567385
474 514 0.327892162866
475 476 0.411619602322
475 515 0.958254981916
476 477 -0.631485865683
476 516 -0.526382932612
477 478 -0.832209295001
477 517 -0.782882588783
478 479 -0.500480491427
478 518 -0.775699033558
479 480 -0.482556584987
479 519 0.843273837312
480 520 0.730728211565
481 482 0.752778304592
481 521 0.789213327008
482 483 0.81707030184
482 522 0.246720231584
483 484 -0.479369802843
483 523 0.609509127487
484 485 0.728958860109
484 524 -0.354638006327
485 486 -0.802513196359
485 525 0.302608664682
486 487 -0.0828323725831
486 526 -0.773316154465
487 488 0.214188323945
487 527 -0.172827169998
488 489 0.547598574488
488 528 -0.144525341328
489 490 -0.566765583342
489 529 0.518392098634
490 491 -0.982121795258
490 530 0.645460010844
491 492 -0.150701768137
491 531 -0.256155756665
492 493 0.112813831342
492 532 -0.247273566626
493 494 -0.227991977955
493 533 0.143084185451
494 495 0.236691738656
494 534 0.0625756209621
495 496 -0.102525482351
495 535 0.408626796768
496 497 -0.0256121818532
496 536 -0.16001289598
497 498 -0.214354110006
497 537 -0.214054004117
498 499 0.45128509099
498 538 -0.948148414431
499 500 -0.494317035846
499 539 -0.552300659345
500 501 0.11453646015
500 540 0.814218110441
501 502 -0.202568912742
501 541 0.933224985284
502 503 -0.934712268075
502 542 0.450333317665
503 504 0.750807724559
503 543 0.898528867545
504 505 -0.688049533913
504 544 0.0793583903225
505 506 0.0643630970433
505 545 -0.430507582774
506 507 -0.167798454764
506 546 0.0631669317918
507 508 0.362222940917
507 547 -0.526035871057
508 509 0.0304293923241
508 548 -0.0423531976291
509 510 0.256046157214
509 549 -0.392483131696
510 511 0.847231492682
510 550 0.356165868248
511 512 -0.27556778894
511 551 0.614381151027
512 513 0.293299963344
512 552 0.210501571014
513 514 -0.0417214424742
513 553 0.628147506751
514 515 0.703909289609
514 554 -0.619555821376
515 516 0.570330525905
515 555 0.529452393691
516 517 -0.963274726995
516 556 0.86281093453
517 518 0.0585118537354
517 557 0.320283619247
518 519 -0.38482282165
518 558 -0.00510344283071
519 520 0.404138928458
519 559 0.237860846195
520 560 -0.161335403666
521 522 -0.82991157726
521 561 -0.921890433534
522 523 -0.968357514307
522 562 0.858874467488
523 524 -0.613131434753
523 563 0.27892176176
524 525 0.341577581575
524 564 -0.0982521271733
525 526 0.407033976305
525 565 0.220481625293
526 527 -0.944433302303
526 566 0.509722962781
527 528 0.632703023654
527 567 -0.629739203462
528 529 0.615396818224
528 568 -0.292930274664
529 530 0.445830387112
529 569 -0.646901931446
530 531 0.722423276734
530 570 -0.120338371583
531 532 -0.28938417676
531 571 -0.884690385517
532 533 0.990104644678
532 572 -0.883274707705
533 534 0.0516039399029
533 573 -0.847952241116
534 535 -0.503418542006
534 574 -0.409842849501
535 536 0.363290675205
535 575 0.394297057506
536 537 -0.476000590561
536 576 0.821612278174
537 538 0.581273987179
537 577 0.290156798171
538 539 -0.0769574935058
538 578 -0.437397454926
539 540 -0.904924811544
539 579 -0.979655087476
540 541 0.720913334674
540 580 -0.323097231763
541 542 -0.691841656335
541 581 0.790173617297
542 543 0.131108470761
542 582 -0.0151519052034
543 544 0.278369511736
543 583 0.49704064018
544 545 0.236022648693
544 584 -0.538020102661
545 546 -0.75547753954
545 585 0.336577977502
546 547 0.358425900391
546 586 0.02575028518
547 548 0.851441070673
547 587 0.562390801352
548 549 0.498884941504
548 588 0.145376586585
549 550 0.0433186268265
549 589 0.424624391295
550 551 0.542725014403
550 590 0.14327067287
551 552 -0.928038064683
551 591 -0.283209510749
552 553 -0.70965341416
552 592 -0.330638934231
553 554 0.676805812758
553 593 -0.360166599164
554 555 0.806545401741
554 594 -0.233648299138
555 556 0.350895031356
555 595 0.591005420597
556 557 0.774242353315
556 596 0.190932337939
557 558 0.389491984673
557 597 -0.373556609706
558 559 -0.0203844305798
558 598 0.991154423693
559 560 -0.453982325376
559 599 0.391696912719
560 600 0.210198268311
561 562 -0.660339160871
561 601 0.756285006859
562 563 0.381793835034
562 602 0.994645700903
563 564 0.0493406182475
563 603 0.849615940799
564 565 -0.235794495937
564 604 -0.178377300156
565 566 0.599230523472
565 605 -0.930857560257
566 567 -0.210299039079
566 606 0.493876991215
567 568 0.403753059513
567 607 -0.519288750302
568 569 -0.572613524741
568 608 0.534569016844
569 570 0.723933115334
569 609 -0.960449800967
570 571 -0.488509612388
570 610 0.605379039267
571 572 0.263293253732
571 611 0.414633205363
572 573 0.0334127195352
572 612 -0.937805849089
573 574 0.748251871196
573 613 0.902271236837
574 575 0.745372329839
574 614 -0.156668130301
575 576 0.237201485123
575 615 -0.698038533441
576 577 -0.955456976934
576 616 0.642243796438
577 578 -0.212231984289
577 617 0.377910096461
578 579 -0.942067627644
578 618 0.769363788619
579 580 -0.0196093755115
579 619 -0.909035708659
580 581 -0.945682341348
580 620 0.60171871026
581 582 -0.37797386423
581 621 0.0969781793322
582 583 -0.481563748699
582 622 -0.346338630267
583 584 -0.296750187279
583 623 0.836056638172
584 585 -0.0673820215813
584 624 -0.0179829417341
585 586 0.362719509783
585 625 0.734278599998
586 587 -0.401775310678
586 626 -0.78923065454
587 588 -0.385237039144
587 627 -0.390068716716
588 589 -0.2750693654
588 628 -0.0215104290797
589 590 -0.389372937103
589 629 -0.974954326227
590 591 0.667809354998
590 630 0.396563598584
591 592 0.276556266534
591 631 -0.713991780963
592 593 -0.0791320130821
592 632 -0.744356676787
593 594 -0.991469963186
593 633 -0.906138313548
594 595 0.886248661457
594 634 0.23476462605
595 596 -0.919964428655
595 635 -0.470636736566
596 597 -0.781264688986
596 636 -0.652914706315
597 598 -0.924444448388
597 637 -0.170874240615
598 599 0.962217126127
598 638 -0.126874456638
599 600 -0.485570503093
599 639 0.632905340655
600 640 -0.227698976259
601 602 -0.803306332334
601 641 -0.15778474999
602 603 -0.655318983309
602 642 -0.725728500742
603 604 -0.473406459026
603 643 -0.868077818632
604 605 -0.197040833061
604 644 -0.365232108083
605 606 0.54047746911
605 645 0.463457201479
606 607 -0.0951903465071
606 646 -0.0998265059985
607 608 0.148438177682
607 647 -0.302024805558
608 609 -0.382716104739
608 648 0.466490135453
609 610 0.720473994846
609 649 0.117807622322
610 611 -0.0442759911356
610 650 -0.731322782689
611 612 0.227177389006
611 651 0.296625512326
612 613 0.142351478372
612 652 -0.63906298201
613 614 0.625014608349
613 653 -0.432396330106
614 615 -0.871139488841
614 654 0.793970139015
615 616 0.521604912612
615 655 0.562091644388
616 617 -0.623063200667
616 656 0.371513798345
617 618 -0.191996781891
617 657 -0.727773691504
618 619 0.542010715909
618 658 -0.340529841511
619 620 -0.443343738306
619 659 0.279949138218
620 621 0.611969864579
620 660 0.736976232606
621 622 0.364132516866
621 661 -0.527060697348
622 623 -0.501075586597
622 662 -0.56146417935
623 624 0.673504099708
623 663 0.10411176245
624 625 0.533724752653
624 664 0.268561505548
625 626 -0.735237012875
625 665 0.597240616556
626 627 -0.430135708556
626 666 0.537705696576
627 628 0.762336636858
627 667 -0.747843039206
628 629 -0.621723250122
628 668 -0.212833171406
629 630 -0.463474341728
629 669 0.59349095118
630 631 -0.706782596446
630 670 0.224922257256
631 632 0.715477229023
631 671 0.291128816547
632 633 -0.273853352791
632 672 -0.543716731414
633 634 0.475614755208
633 673 -0.454735437855
634 635 0.580191042292
634 674 0.0295508567465
635 636 0.390795071943
635 675 0.733976659215
636 637 0.153920741865
636 676 -0.496686053
637 638 -0.547911658249
637 677 -0.997770339495
638 639 0.944041243581
638 678 -0.571204191648
639 640 -0.977055089954
639 679 -0.666924712777
640 680 0.0677237686068
641 642 0.915779060301
641 681 0.066330569946
642 643 0.865190926074
642 682 0.39363632298
643 644 0.470131926577
643 683 0.544356059086
644 645 0.243838735841
644 684 -0.139505458357
645 646 -0.480603213403
645 685 -0.485861402356
646 647 -0.0438549865643
646 686 -0.0519921468756
647 648 -0.886071201034
647 687 -0.542372658079
648 649 0.488946306155
648 688 -0.557206598184
649 650 -0.193559055788
649 689 0.517493862045
650 651 0.85569798565
650 690 0.791939934013
651 652 -0.660118571565
651 691 -0.701106402122
652 653 0.261918400679
652 692 0.961847351501
653 654 0.0556935922359
653 693 -0.321166551965
654 655 -0.593238334352
654 694 0.652455070985
655 656 0.808205971828
655 695 -0.532462614792
656 657 -0.289581221321
656 696 0.94842525579
657 658 -0.0987134626557
657 697 -0.331161214605
658 659 0.593117175073
658 698 -0.350723355594
659 660 -0.410615916878
659 699 -0.460690597682
660 661 0.339293199751
660 700 0.61555772463
661 662 -0.664526629899
661 701 0.0169640268592
662 663 0.59932167505
662 702 0.00479001179652
663 664 0.73525441923
663 703 0.699743762881
664 665 -0.0648998938693
664 704 0.333885086388
665 666 0.65353747681
665 705 0.293099871502
666 667 0.281565408904
666 706 0.602661406406
667 668 0.266921668471
667 707 -0.444574535053
668 669 -0.940076494952
668 708 -0.0749418793156
669 670 0.859986177927
669 709 0.250662309807
670 671 -0.441359328767
670 710 0.831757446135
671 672 -0.76941314904
671 711 -0.583805180002
672 673 0.695005204541
672 712 -0.317051839957
673 674 -0.0370283756267
673 713 -0.615937467938
674 675 0.0622893887866
674 714 -0.344812202468
675 676 0.349213743634
675 715 -0.647447744033
676 677 -0.399656333528
676 716 -0.658025302114
677 678 0.371433144451
677 717 0.904125078109
678 679 0.0822417722179
678 718 -0.0931293710605
679 680 0.115657977524
679 719 0.424561999205
680 720 0.509615702201
681 682 0.383754227901
681 721 -0.368968737988
682 683 -0.867999654556
682 722 0.510926105205
683 684 0.815631705007
683 723 0.863944138394
684 685 0.947604155855
684 724 0.355601782869
685 686 0.26460663486
685 725 -0.309405076818
686 687 0.606326684228
686 726 -0.195214960285
687 688 0.32820511071
687 727 -0.00549981327894
688 689 -0.571775726359
688 728 -0.602104153146
689 690 0.433858003385
689 729 0.974652349617
690 691 -0.0169096999661
690 730 0.713404993036
691 692 0.0283500870518
691 731 0.750665452709
692 693 0.749805102425
692 732 -0.0963275011583
693 694 0.109334621575
693 733 0.948806937826
694 695 0.763541246166
694 734 -0.0264985103633
695 696 -0.646642213855
695 735 -0.217801753786
696 697 -0.754455741101
696 736 -0.624860214766
697 698 -0.564062139878
697 737 0.851549603273
698 699 -0.384235112365
698 738 0.856218157001
699 700 0.181093044487
699 739 -0.238931845581
700 701 0.794996564606
700 740 -0.09234009902
701 702 0.583727751169
701 741 0.384828924334
702 703 -0.833620222606
702 742 0.553968384055
703 704 0.616822713212
703 743 -0.738614351205
704 705 -0.0932451469556
704 744 0.0514231826828
705 706 -0.590155708439
705 745 -0.477158571188
706 707 0.0342410639409
706 746 -0.535799956307
707 708 0.654400650279
707 747 -0.270953104888
708 709 -0.451051774393
708 748 0.0534317207172
709 710 -0.734385030839
709 749 0.515140718495
710 711 -0.60353541958
710 750 -0.428567009257
711 712 0.490996661496
711 751 -0.193186743332
712 713 -0.546421358667
712 752 -0.183637194295
713 714 0.694225832164
713 753 0.00675521927311
714 715 -0.741270585545
714 754 -0.232356176279
715 716 0.872616919891
715 755 0.806757400222
716 717 -0.620816561854
716 756 -0.0731576912191
717 718 -0.21769647893
717 757 -0.399403141257
718 719 0.935217795025
718 758 0.672352446271
719 720 -0.0150386921738
719 759 0.75561900296
720 760 -0.856146070382
721 722 0.373001855363
721 761 0.669251343795
722 723 0.507752376922
722 762 0.846049071093
723 724 -0.972096854049
723 763 -0.531275827757
724 725 -0.602860223146
724 764 -0.146597981304
725 726 0.593177356015
725 765 -0.107707535993
726 727 0.809372320687
726 766 -0.925877904092
727 728 0.0380319681474
727 767 -0.650559699782
728 729 -0.714963324468
728 768 -0.245834801585
729 730 -0.443829902774
729 769 -0.992412655181
730 731 -0.162843948472
730 770 0.366929800333
731 732 -0.632093116906
731 771 -0.0743217625835
732 733 0.416921740103
732 772 0.554937500006
733 734 -0.376594164562
733 773 0.337593211846
734 735 0.196929386209
734 774 0.0545349129708
735 736 -0.35887069201
735 775 0.630953858011
736 737 0.778884950929
736 776 0.166812629216
737 738 0.379278798159
737 777 0.197641781247
738 739 0.953832323892
738 778 0.0471106094338
739 740 0.405046067923
739 779 -0.00775209750028
740 741 0.11565060743
740 780 0.0122622576565
741 742 -0.762053325654
741 781 0.801484430143
742 743 0.0672981521675
742 782 0.478775574693
743 744 0.0720051496436
743 783 0.801566229414
744 745 0.317136083117
744 784 -0.637609236092
745 746 -0.163006364922
745 785 0.0835981455655
746 747 0.255923853964
746 786 -0.391989019955
747 748 0.466732188938
747 787 -0.615164219173
748 749 -0.941455757194
748 788 0.110173533044
749 750 0.0538106920947
749 789 0.507738143242
750 751 -0.904690590061
750 790 -0.104841711899
751 752 -0.031059878103
751 791 0.774910156145
752 753 0.366128095244
752 792 -0.868756002077
753 754 0.0543203514445
753 793 -0.423840823828
754 755 -0.570047038417
754 794 -0.934269488236
755 756 -0.82664246772
755 795 -0.613999924851
756 757 0.0197479452569
756 796 0.0231597793295
757 758 0.107503625221
757 797 0.70395251613
758 759 -0.571706150439
758 798 -0.120921795689
759 760 0.951739875126
759 799 -0.0714458649115
760 800 0.560913871149
761 762 -0.963423445312
761 801 0.50028862989
762 763 0.423049517257
762 802 -0.751458076056
763 764 0.233556714003
763 803 0.898032641375
764 765 -0.313307520451
764 804 0.595277607917
765 766 0.565498829568
765 805 0.980943567248
766 767 0.547748685441
766 806 -0.748717237725
767 768 0.141431703093
767 807 0.993506850416
768 769 -0.946744230617
768 808 -0.778159261932
769 770 0.86780521663
769 809 0.715794209076
770 771 -0.204018721184
770 810 0.0114840349016
771 772 -0.14213533194
771 811 -0.00542162816097
772 773 -0.0103138316349
772 812 0.0570669803551
773 774 -0.348065585382
773 813 0.54895453203
774 775 0.249642588371
774 814 0.710083442695
775 776 0.227051799337
775 815 0.520003504699
776 777 -0.381507230682
776 816 -0.998471229044
777 778 0.493314944246
777 817 0.0839421235429
778 779 0.903870335136
778 818 0.775992987853
779 780 0.266418531613
779 819 -0.293211305997
780 781 0.383967809048
780 820 0.36581373526
781 782 -0.0405248659017
781 821 0.893353358479
782 783 0.0307873862862
782 822 -0.20010815203
783 784 0.541663661108
783 823 -0.15857360195
784 785 0.576099102345
784 824 0.205730675077
785 786 -0.0451240888156
785 825 -0.0650802159093
786 787 -0.940942510116
786 826 0.806662353634
787 788 -0.0371082049185
787 827 0.607189252862
788 789 -0.414004232743
788 828 0.154981362027
789 790 0.71722340614
789 829 0.895083102204
790 791 0.115175630342
790 830 0.147122165154
791 792 -0.725112900752
791 831 0.928745594772
792 793 -0.638541572794
792 832 0.388613877847
793 794 0.0239984613278
793 833 -0.996072709235
794 795 -0.450226340349
794 834 -0.638847894666
795 796 -0.449613938779
795 835 0.476823741209
796 797 0.994277598734
796 836 -0.74080836546
797 798 0.589934849386
797 837 0.369513409957
798 799 -0.663046056707
798 838 0.0581744209105
799 800 0.535973958966
799 839 -0.0104557323329
800 840 -0.938514363301
801 802 0.977722177813
801 841 0.49633130876
802 803 -0.96023973232
802 842 -0.947578026245
803 804 0.900352238494
803 843 0.11330637639
804 805 0.759996577127
804 844 0.807683911653
805 806 -0.399503320932
805 845 -0.713988343484
806 807 0.237027133824
806 846 -0.97927147733
807 808 0.633670217583
807 847 0.188745247662
808 809 0.349128047527
808 848 0.599553073795
809 810 0.457701755039
809 849 0.0333775658431
810 811 -0.620896594332
810 850 0.929977848222
811 812 -0.676978459028
811 851 -0.31511871773
812 813 -0.698431203256
812 852 -0.261200148776
813 814 -0.348380066774
813 853 0.779654682895
814 815 -0.43572110319
814 854 0.767511016361
815 816 -0.144669800606
815 855 -0.801118874169
816 817 -0.544804523355
816 856 -0.709192731658
817 818 0.401066145239
817 857 0.8611196385
818 819 0.0360651231888
818 858 -0.254502395805
819 820 -0.425912107689
819 859 -0.733585772498
820 821 0.0406272717266
820 860 0.656936296171
821 822 0.106867412497
821 861 -0.830396356679
822 823 0.972493564873
822 862 -0.943514759674
823 824 0.95576078672
823 863 -0.498453686654
824 825 0.960665770275
824 864 -0.555233612938
825 826 0.679681420395
825 865 0.740204730615
826 827 -0.159260862394
826 866 -0.147738439151
827 828 -0.206023576655
827 867 -0.676851920288
828 829 0.465539706523
828 868 -0.119324346407
829 830 0.309075069246
829 869 0.708516419685
830 831 0.810754759919
830 870 -0.305172134399
831 832 -0.914740636407
831 871 -0.80111948549
832 833 0.504513209608
832 872 0.23550855922
833 834 -0.445409919314
833 873 -0.302474032923
834 835 0.751060630076
834 874 -0.837526875137
835 836 0.718746656602
835 875 0.156644774903
836 837 0.512339776775
836 876 0.58751349445
837 838 -0.135785817401
837 877 0.380868039709
838 839 0.586969348334
838 878 -0.928241702068
839 840 0.330197556672
839 879 -0.550250040065
840 880 -0.294515124998
841 842 -0.439112015871
841 881 0.578558656903
842 843 -0.943387023958
842 882 -0.507577864794
843 844 0.831212699533
843 883 0.283132417893
844 845 0.325439624751
844 884 -0.45958347594
845 846 0.802616872699
845 885 0.0831187577747
846 847 0.0772545651527
846 886 -0.993964086761
847 848 0.951978136662
847 887 0.803125169339
848 849 -0.838940945743
848 888 -0.536595379028
849 850 0.413912490498
849 889 0.561059113753
850 851 -0.411568623511
850 890 -0.793080887767
851 852 -0.476239191793
851 891 0.689053886459
852 853 -0.715557493854
852 892 0.453787506689
853 854 0.503415441839
853 893 0.52526419089
854 855 0.135380660238
854 894 -0.769793918066
855 856 -0.7699299759
855 895 -0.253185736526
856 857 -0.59313235126
856 896 0.792645113608
857 858 0.72523338901
857 897 -0.665116284987
858 859 0.420709156639
858 898 -0.0887131507159
859 860 0.874160769598
859 899 0.609671692032
860 861 0.0115587735797
860 900 0.64971712477
861 862 -0.595073928651
861 901 0.708475945833
862 863 0.86552781593
862 902 0.86170993552
863 864 -0.332779542304
863 903 0.908401014859
864 865 -0.0674670516669
864 904 0.791283605199
865 866 0.633507928754
865 905 0.755602837269
866 867 0.482503470664
866 906 0.896916808612
867 868 0.297964445297
867 907 0.506651611789
868 869 0.326313645764
868 908 -0.52218009026
869 870 0.485176115393
869 909 0.454202376807
870 871 -0.104943240817
870 910 0.702475325003
871 872 -0.553523138119
871 911 0.613170164521
872 873 0.758397121073
872 912 -0.662399619845
873 874 -0.432098227422
873 913 -0.828095544845
874 875 -0.632208801836
874 914 0.408061391073
875 876 -0.600708858697
875 915 -0.169820224757
876 877 0.169765197541
876 916 -0.0745236394613
877 878 -0.567949297497
877 917 -0.432113124308
878 879 -0.617282244929
878 918 0.954911128786
879 880 -0.780916565567
879 919 0.958017875148
880 920 0.31932791085
881 882 -0.793547986845
881 921 -0.104212947648
882 883 0.720055897366
882 922 0.0776621286833
883 884 -0.219984571718
883 923 -0.0280186658062
884 885 -0.495266596991
884 924 0.709795885395
885 886 0.94948074171
885 925 0.273208800004
886 887 0.90238757098
886 926 0.810804067406
887 888 0.191215867205
887 927 -0.935147349371
888 889 -0.584748676392
888 928 0.834667126163
889 890 -0.250248112926
889 929 0.54064505066
890 891 -0.711369199542
890 930 -0.971815411615
891 892 0.600664491553
891 931 -0.146721683464
892 893 -0.0459740111955
892 932 -0.102242326586
893 894 -0.0610419428801
893 933 -0.578470995063
894 895 -0.545997669571
894 934 0.191964771226
895 896 -0.612304464981
895 935 0.641492997246
896 897 0.746188756539
896 936 0.400578875267
897 898 -0.473721952152
897 937 -0.856779441116
898 899 0.210425790246
898 938 0.98081239378
899 900 0.876057086313
899 939 -0.629238950704
900 901 -0.436309823714
900 940 -0.643010334045
901 902 0.411854733529
901 941 0.789879040306
902 903 -0.218162576997
902 942 -0.571070257733
903 904 0.617430696371
903 943 0.800680009021
904 905 0.202866819398
904 944 0.451917691698
905 906 0.142017523874
905 945 0.928072266678
906 907 -0.854968943909
906 946 -0.654597823735
907 908 -0.439614729254
907 947 -0.0972762775352
908 909 0.997198177173
908 948 -0.51424295676
909 910 0.717581512534
909 949 0.846006081507
910 911 0.153658606464
910 950 0.307985869755
911 912 -0.088254385261
911 951 0.306502284523
912 913 0.407095464403
912 952 0.83452031816
913 914 0.0435624184681
913 953 0.576958266747
914 915 0.838451782041
914 954 -0.497083095536
915 916 -0.724281599472
915 955 0.834792373717
916 917 0.786853274701
916 956 0.656360438146
917 918 0.555641221801
917 957 0.859960272693
918 919 0.921594612041
918 958 0.113183318204
919 920 0.629989319412
919 959 -0.429232935101
920 960 -0.972911306322
921 922 0.817191006186
921 961 -0.412771703253
922 923 0.105643957372
922 962 0.684061784719
923 924 0.20862096584
923 963 0.0990958430171
924 925 0.0554292926175
924 964 0.604322168009
925 926 0.987826049221
925 965 0.0921416082859
926 927 0.591933883885
926 966 0.83054863983
927 928 -0.812845808365
927 967 -0.869256569916
928 929 0.422629036273
928 968 0.107769222103
929 930 0.50124863835
929 969 0.226422423089
930 931 0.431891398925
930 970 0.128996640482
931 932 0.214030921578
931 971 -0.709068779468
932 933 0.771995942331
932 972 0.0552375446231
933 934 -0.917049840847
933 973 -0.35634240006
934 935 -0.521107526191
934 974 -0.737168678925
935 936 0.199272016847
935 975 0.377690518037
936 937 -0.0590046476956
936 976 0.654272004665
937 938 0.957345610317
937 977 -0.527231802679
938 939 0.547832499913
938 978 -0.331447190012
939 940 0.866311525646
939 979 0.871506415384
940 941 0.939741140689
940 980 0.483879050912
941 942 -0.341707996411
941 981 0.0560027932753
942 943 0.238426595866
942 982 -0.64405532906
943 944 -0.97682082118
943 983 -0.240471133932
944 945 -0.172659671597
944 984 0.368619243663
945 946 0.213088696501
945 985 0.207895482159
946 947 -0.355285021735
946 986 -0.50315150734
947 948 0.800897824772
947 987 0.743971262382
948 949 0.881656828763
948 988 -0.565560499218
949 950 0.80415200305
949 989 -0.20849947687
950 951 -0.443281339211
950 990 -0.0250573967483
951 952 -0.65135772496
951 991 -0.666556134147
952 953 -0.698520681794
952 992 -0.512472045208
953 954 0.885196871216
953 993 -0.00542041576667
954 955 -0.957397737077
954 994 0.92100894551
955 956 0.529061880821
955 995 0.0204276676122
956 957 -0.899418127943
956 996 0.925967506176
957 958 -0.619900992767
957 997 -0.407873421164
958 959 0.292181442992
958 998 -0.455813971413
959 960 0.171656768856
959 999 -0.239857589442
960 1000 -0.409372067796
961 962 -0.424449322827
961 1001 -0.739942855763
962 963 -0.75165336976
962 1002 -0.441632641978
963 964 0.852362853413
963 1003 0.837466871267
964 965 0.144977034383
964 1004 0.466285050575
965 966 0.052851867811
965 1005 -0.729144193856
966 967 -0.708883537683
966 1006 -0.684539860259
967 968 -0.096533702617
967 1007 -0.249130333664
968 969 -0.390964024159
968 1008 0.669708095264
969 970 -0.196268152064
969 1009 0.394616038529
970 971 0.58915670237
970 1010 0.0141598465683
971 972 0.0192265884351
971 1011 -0.406105828426
972 973 -0.181818336166
972 1012 -0.462215955575
973 974 -0.925774671012
973 1013 0.387710822748
974 975 -0.676304571752
974 1014 0.689745036471
975 976 -0.0177800773914
975 1015 -0.823652637516
976 977 -0.00834720582958
976 1016 -0.27302263343
977 978 0.321196711857
977 1017 -0.820738602145
978 979 -0.822003558355
978 1018 -0.630188819443
979 980 -0.432910972793
979 1019 -0.450731503152
980 981 -0.480416613391
980 1020 0.162470684582
981 982 0.300796264968
981 1021 0.188581707173
982 983 0.606416388656
982 1022 -0.492132288245
983 984 -0.52895608678
983 1023 -0.408129896225
984 985 0.892110059695
984 1024 -0.599627868521
985 986 -0.361404525851
985 1025 0.362408368234
986 987 -0.00901003727761
986 1026 0.648919221595
987 988 0.414375219568
987 1027 0.181801198981
988 989 -0.00487123078987
988 1028 0.642353929785
989 990 -0.831957440403
989 1029 0.659147436916
990 991 0.241904775161
990 1030 -0.73321193971
991 992 0.0416966811076
991 1031 0.48058727056
992 993 0.0933691441816
992 1032 -0.311761326048
993 994 0.187507716711
993 1033 -0.418280124379
994 995 0.364441280948
994 1034 -0.378674607872
995 996 -0.0928499136583
995 1035 -0.804315843309
996 997 -0.985320216493
996 1036 0.146264409368
997 998 -0.987579465619
997 1037 -0.136875509439
998 999 0.904182171426
998 1038 0.339549612654
999 1000 -0.64732391846
999 1039 -0.162329713895
1000 1040 0.692483461176
1001 1002 -0.961266084259
1001 1041 0.35767106588
1002 1003 0.171518542917
1002 1042 0.939191496639
1003 1004 -0.210248774153
1003 1043 0.926525056881
1004 1005 0.0380232549281
1004 1044 0.541767821004
1005 1006 -0.288589658032
1005 1045 -0.947562865407
1006 1007 -0.624736654195
1006 1046 0.2449918046
1007 1008 0.950700068541
1007 1047 -0.664033413601
1008 1009 -0.129388084741
1008 1048 0.846912430238
1009 1010 -0.99377428435
1009 1049 0.549793293449
1010 1011 0.583642079008
1010 1050 0.391528428544
1011 1012 0.719301907138
1011 1051 0.343196761813
1012 1013 -0.85597592966
1012 1052 -0.163727732549
1013 1014 0.340700063872
1013 1053 -0.13905643451
1014 1015 0.204367307785
1014 1054 0.927134174377
1015 1016 -0.529844726628
1015 1055 -0.0767958382168
1016 1017 -0.448793794478
1016 1056 0.849481627077
1017 1018 -0.578458115826
1017 1057 0.00564876703681
1018 1019 0.0537037517837
1018 1058 -0.165795163786
1019 1020 0.102863147347
1019 1059 -0.629421521263
1020 1021 0.910524507076
1020 1060 -0.838492184376
1021 1022 -0.537074128932
1021 1061 -0.146357301104
1022 1023 -0.418387689935
1022 1062 0.83183158002
1023 1024 0.475990992808
1023 1063 0.448169689728
1024 1025 0.614730527755
1024 1064 0.9390760242
1025 1026 -0.896068622989
1025 1065 -0.730907157976
1026 1027 0.707944829884
1026 1066 0.191659884117
1027 1028 0.634764540794
1027 1067 0.8152892922
1028 1029 0.433176093589
1028 1068 0.411160824241
1029 1030 0.0778631066153
1029 1069 0.0841523094782
1030 1031 -0.934182566815
1030 1070 -0.773177997738
1031 1032 -0.0750510695699
1031 1071 0.739228170242
1032 1033 0.381278161565
1032 1072 -0.88486476315
1033 1034 -0.70168098216
1033 1073 -0.736256618543
1034 1035 -0.0552531155695
1034 1074 0.198511747758
1035 1036 -0.362649287399
1035 1075 -0.758734409285
1036 1037 0.144861633854
1036 1076 0.668759329581
1037 1038 -0.579409856495
1037 1077 0.282849565107
1038 1039 0.333615990278
1038 1078 -0.97779333326
1039 1040 -0.405624411607
1039 1079 -0.966751786934
1040 1080 0.195531370754
1041 1042 -0.576743768
1041 1081 -0.468906681256
1042 1043 0.122060438511
1042 1082 -0.962705421254
1043 1044 -0.652088666639
1043 1083 -0.747340961121
1044 1045 0.137715981409
1044 1084 -0.068580242816
1045 1046 -0.679209640961
1045 1085 0.491274385415
1046 1047 0.811618992017
1046 1086 0.979910356718
1047 1048 0.945575183865
1047 1087 0.534949737726
1048 1049 0.412103608672
1048 1088 -0.0439373840694
1049 1050 0.792833204914
1049 1089 -0.521368585125
1050 1051 0.555696953718
1050 1090 -0.187034262046
1051 1052 0.266948025245
1051 1091 -0.750497399862
1052 1053 -0.948493035187
1052 1092 -0.417692118895
1053 1054 0.535577955316
1053 1093 0.0720169894791
1054 1055 -0.308641573408
1054 1094 0.19125019627
1055 1056 -0.602816993892
1055 1095 -0.949047528442
1056 1057 -0.226021531487
1056 1096 -0.0142382531374
1057 1058 -0.79009266334
1057 1097 -0.222253194611
1058 1059 0.601319316258
1058 1098 0.866404676373
1059 1060 -0.115797778746
1059 1099 -0.629364708125
1060 1061 -0.832931585877
1060 1100 0.23826966284
1061 1062 -0.50377707188
1061 1101 0.691229924462
1062 1063 0.805833666949
1062 1102 0.070761783461
1063 1064 -0.0764011796019
1063 1103 -0.269451077586
1064 1065 -0.970862536473
1064 1104 -0.569580826811
1065 1066 -0.739515664854
1065 1105 0.310402574449
1066 1067 -0.519652532338
1066 1106 -0.627014623455
1067 1068 -0.994984880664
1067 1107 -0.205544467532
1068 1069 -0.119118880049
1068 1108 0.50835005091
1069 1070 0.650350661133
1069 1109 -0.936031631248
1070 1071 -0.0450778473207
1070 1110 -0.951946530738
1071 1072 0.320823869341
1071 1111 -0.501819823096
1072 1073 -0.678471715353
1072 1112 0.432476612959
1073 1074 0.464721551739
1073 1113 0.4689388707
1074 1075 -0.252262855869
1074 1114 0.748975593242
1075 1076 0.564676126725
1075 1115 0.0897674133524
1076 1077 -0.230567864149
1076 1116 -0.817918261908
1077 1078 0.419178431356
1077 1117 -0.762444571203
1078 1079 0.705939699699
1078 1118 0.55665243736
1079 1080 -0.225263386002
1079 1119 0.84182600761
1080 1120 -0.547496822826
1081 1082 -0.0168536814393
1081 1121 -0.893274909766
1082 1083 0.601265345361
1082 1122 -0.534051452318
1083 1084 -0.729841683907
1083 1123 0.0113243313538
1084 1085 -0.314622184093
1084 1124 -0.863581303167
1085 1086 -0.939200620142
1085 1125 -0.266913805513
1086 1087 0.422244917532
1086 1126 0.463600818285
1087 1088 0.648475679249
1087 1127 0.265231633556
1088 1089 -0.747579792501
1088 1128 0.952087100935
1089 1090 -0.758465631382
1089 1129 -0.559432024413
1090 1091 0.295541266375
1090 1130 -0.640411404614
1091 1092 -0.0588242410022
1091 1131 0.973145559174
1092 1093 0.00701901969679
1092 1132 0.931866130039
1093 1094 -0.920280146729
1093 1133 -0.730413764079
1094 1095 0.197970577947
1094 1134 0.231408574408
1095 1096 0.458795396512
1095 1135 0.449833494438
1096 1097 -0.491123795371
1096 1136 0.769933037676
1097 1098 0.0759754402794
1097 1137 -0.32159163023
1098 1099 -0.644270504097
1098 1138 0.720133541752
1099 1100 0.894751835908
1099 1139 -0.0123506850178
1100 1101 -0.551013042328
1100 1140 0.530367913467
1101 1102 0.973354889936
1101 1141 -0.866858393735
1102 1103 0.725677961157
1102 1142 -0.29493486239
1103 1104 0.169383226009
1103 1143 0.0674155092686
1104 1105 -0.765246159374
1104 1144 0.534847035483
1105 1106 -0.649334816457
1105 1145 -0.317706353497
1106 1107 0.486781024804
1106 1146 -0.525571884713
1107 1108 0.122819367437
1107 1147 0.46784627257
1108 1109 0.83990715403
1108 1148 -0.117296509368
1109 1110 0.75592083745
1109 1149 -0.930731997325
1110 1111 0.252417858274
1110 1150 -0.804834764048
1111 1112 -0.530195558396
1111 1151 -0.251906566266
1112 1113 0.941237396868
1112 1152 0.859100753025
1113 1114 -0.641299966727
1113 1153 -0.172879240448
1114 1115 0.452345176615
1114 1154 0.908681409248
1115 1116 -0.54544523717
1115 1155 -0.551594321488
1116 1117 0.163374538738
1116 1156 -0.950308279273
1117 1118 -0.835711995936
1117 1157 0.812670139161
1118 1119 0.36984799381
1118 1158 0.481563626039
1119 1120 0.656400517415
1119 1159 0.148149510393
1120 1160 -0.244372905071
1121 1122 0.148235210984
1121 1161 -0.706542850188
1122 1123 0.614210391238
1122 1162 -0.224278711872
1123 1124 -0.956950389452
1123 1163 0.895940422435
1124 1125 -0.244151641344
1124 1164 -0.840747844603
1125 1126 0.724692505676
1125 1165 0.385355435015
1126 1127 0.818586409089
1126 1166 -0.198252535258
1127 1128 0.337465540413
1127 1167 -0.0462353329576
1128 1129 -0.680332699312
1128 1168 -0.594795749561
1129 1130 -0.39580653742
1129 1169 0.766057017128
1130 1131 -0.356360073224
1130 1170 -0.65479075976
1131 1132 0.896598348145
1131 1171 0.290171280521
1132 1133 -0.781234171613
1132 1172 0.346082108433
1133 1134 -0.61316720197
1133 1173 -0.328672397671
1134 1135 -0.881645585629
1134 1174 0.500634369149
1135 1136 -0.339216507277
1135 1175 0.686988252127
1136 1137 -0.233473086389
1136 1176 -0.404850569372
1137 1138 0.111800422253
1137 1177 0.0735366438849
1138 1139 0.914789852653
1138 1178 0.9189412137
1139 1140 0.927835534848
1139 1179 0.289883345024
1140 1141 0.136305085898
1140 1180 0.332376180447
1141 1142 0.427856064534
1141 1181 -0.339768895602
1142 1143 0.99576855645
1142 1182 -0.13262052119
1143 1144 0.101159118016
1143 1183 0.230954142229
1144 1145 -0.837566828115
1144 1184 0.996827117182
1145 1146 -0.911376688334
1145 1185 -0.532531279767
1146 1147 0.0789817818531
1146 1186 0.498561574254
1147 1148 -0.82505447563
1147 1187 -0.200490024638
1148 1149 0.0559309683094
1148 1188 -0.867928831967
1149 1150 0.386389116757
1149 1189 0.174968958701
1150 1151 -0.498076924568
1150 1190 -0.147014108288
1151 1152 0.513232112592
1151 1191 0.87587532862
1152 1153 0.802133986846
1152 1192 -0.744513372193
1153 1154 0.188288655783
1153 1193 -0.749436107628
1154 1155 -0.297868954304
1154 1194 0.874348177444
1155 1156 -0.479203604968
1155 1195 -0.382254495367
1156 1157 -0.276408478186
1156 1196 0.970633604171
1157 1158 -0.221522490518
1157 1197 0.066806994532
1158 1159 -0.686855150803
1158 1198 0.437550105697
1159 1160 -0.362706270439
1159 1199 -0.537471410229
1160 1200 0.0225457872685
1161 1162 0.178611073807
1161 1201 0.399516720042
1162 1163 0.727083709119
1162 1202 0.494243285474
1163 1164 0.654230942341
1163 1203 -0.969962038516
1164 1165 0.965634227461
1164 1204 -0.636774297338
1165 1166 0.381884284132
1165 1205 -0.622726398089
1166 1167 -0.50029863955
1166 1206 -0.653139658426
1167 1168 -0.973727286154
1167 1207 -0.293987828916
1168 1169 -0.137636489679
1168 1208 -0.19159618845
1169 1170 0.0863328604762
1169 1209 -0.426576700787
1170 1171 -0.182725549973
1170 1210 -0.517162504069
1171 1172 -0.696550257936
1171 1211 0.27825369744
1172 1173 -0.0001352578016
1172 1212 0.554196458552
1173 1174 -0.895374107125
1173 1213 0.210233561001
1174 1175 0.896418996375
1174 1214 0.0693581143592
1175 1176 -0.143115048098
1175 1215 0.729372289527
1176 1177 0.43518992439
1176 1216 -0.618260113655
1177 1178 -0.218779002526
1177 1217 0.392540166202
1178 1179 -0.924274824559
1178 1218 -0.884832988784
1179 1180 -0.0313684539352
1179 1219 0.935390491922
1180 1181 -0.784372198411
1180 1220 -0.831433897127
1181 1182 0.250870756623
1181 1221 -0.483740701436
1182 1183 -0.410375976403
1182 1222 -0.916851532102
1183 1184 -0.208703455465
1183 1223 0.543436964831
1184 1185 -0.220775968241
1184 1224 0.810405531866
1185 1186 0.928448649699
1185 1225 0.0182788050327
1186 1187 -0.543501790769
1186 1226 -0.650997624855
1187 1188 -0.4407576411
1187 1227 -0.15297989379
1188 1189 -0.218453852659
1188 1228 -0.0655228673335
1189 1190 0.283498361667
1189 1229 -0.251839624523
1190 1191 -0.768346506588
1190 1230 -0.458896012405
1191 1192 0.723811998638
1191 1231 -0.476778414634
1192 1193 -0.708142163857
1192 1232 -0.85547048637
1193 1194 0.570737899738
1193 1233 0.23998440664
1194 1195 -0.0417988515485
1194 1234 0.284645277297
1195 1196 -0.224589736437
1195 1235 -0.404902135246
1196 1197 0.73755773911
1196 1236 -0.695006516478
1197 1198 0.926483129827
1197 1237 0.518108024433
1198 1199 -0.806363178614
1198 1238 0.413898896077
1199 1200 0.912039167262
1199 1239 0.129220198137
1200 1240 -0.755575243526
1201 1202 -0.795331142344
1201 1241 -0.171888024361
1202 1203 0.112480467981
1202 1242 -0.727089548679
1203 1204 -0.64760748885
1203 1243 -0.335872851266
1204 1205 0.623717395441
1204 1244 0.749923289912
1205 1206 -0.116191438503
1205 1245 0.163154814689
1206 1207 -0.761085899333
1206 1246 0.625221176066
1207 1208 -0.0158563970129
1207 1247 0.46018242218
1208 1209 -0.706497038471
1208 1248 0.458637838722
1209 1210 -0.723290620414
1209 1249 -0.419711073791
1210 1211 -0.186156011741
1210 1250 0.950444684875
1211 1212 0.131324225088
1211 1251 -0.0626683246775
1212 1213 -0.712786004252
1212 1252 -0.833594727128
1213 1214 0.0241220550478
1213 1253 0.234922024034
1214 1215 -0.61488795809
1214 1254 0.50585182996
1215 1216 0.314130849246
1215 1255 0.162071314836
1216 1217 -0.763614741306
1216 1256 0.673995564427
1217 1218 0.356964907996
1217 1257 0.374606298749
1218 1219 -0.988405214165
1218 1258 -0.374637687689
1219 1220 -0.713620436582
1219 1259 0.264659749333
1220 1221 0.250242136611
1220 1260 -0.180537477732
1221 1222 0.302015218617
1221 1261 -0.257705631075
1222 1223 0.979413907573
1222 1262 -0.0702247381764
1223 1224 -0.497593633301
1223 1263 0.311521535807
1224 1225 -0.622844793001
1224 1264 -0.118255600355
1225 1226 -0.697850963057
1225 1265 0.0460170634689
1226 1227 -0.920528626848
1226 1266 -0.7048623246
1227 1228 -0.00404273465342
1227 1267 0.320030447052
1228 1229 0.790275421607
1228 1268 -0.778885119489
1229 1230 -0.4490759467
1229 1269 0.0188171628775
1230 1231 -0.957840654329
1230 1270 0.970091107221
1231 1232 -0.175442144043
1231 1271 0.223088198901
1232 1233 0.0850804662896
1232 1272 0.764972345805
1233 1234 0.230443383017
1233 1273 0.402416183837
1234 1235 0.47329440951
1234 1274 0.618675938011
1235 1236 0.359111789066
1235 1275 -0.92985276139
1236 1237 0.597652178112
1236 1276 0.621993838843
1237 1238 -0.348919404802
1237 1277 -0.828301397759
1238 1239 -0.994736407749
1238 1278 0.552411574921
1239 1240 -0.564789392882
1239 1279 -0.501035897803
1240 1280 -0.85930424063
1241 1242 0.388800315455
1241 1281 -0.171641460946
1242 1243 -0.880164620976
1242 1282 -0.757313088519
1243 1244 -0.738006310378
1243 1283 0.618981384253
1244 1245 0.376826504772
1244 1284 0.138988825491
1245 1246 0.979503415327
1245 1285 -0.592187549534
1246 1247 -0.706415253166
1246 1286 -0.471405034546
1247 1248 -0.0627433145078
1247 1287 -0.0851901678211
1248 1249 -0.622509866246
1248 1288 0.287791288623
1249 1250 0.227742179483
1249 1289 -0.351722940205
1250 1251 -0.359361348356
1250 1290 0.96498188995
1251 1252 -0.143925061063
1251 1291 0.198539511316
1252 1253 -0.201562789295
1252 1292 0.59392450396
1253 1254 -0.135288810471
1253 1293 0.695400936475
1254 1255 -0.985362061344
1254 1294 -0.343487792698
1255 1256 -0.59854502393
1255 1295 0.0590932209568
1256 1257 0.488271842739
1256 1296 0.181041095294
1257 1258 0.122982517599
1257 1297 -0.283840171974
1258 1259 -0.888603174576
1258 1298 -0.412275029059
1259 1260 0.323776735674
1259 1299 -0.132320345695
1260 1261 -0.825494952256
1260 1300 -0.257872109968
1261 1262 -0.410358240926
1261 1301 0.823526347396
1262 1263 0.469170028101
1262 1302 0.281615248092
1263 1264 0.92079429644
1263 1303 -0.992890479071
1264 1265 0.689623638012
1264 1304 0.190539561347
1265 1266 0.887018767822
1265 1305 0.731372028013
1266 1267 0.702877813894
1266 1306 -0.79072817651
1267 1268 -0.00752772205944
1267 1307 0.24093640121
1268 1269 0.462275206398
1268 1308 0.0909423370974
1269 1270 0.771646234299
1269 1309 0.130579340731
1270 1271 0.223147216243
1270 1310 -0.24329232233
1271 1272 0.0936689116316
1271 1311 -0.221450109182
1272 1273 0.0635838001338
1272 1312 0.563430570792
1273 1274 0.974366164133
1273 1313 0.124788911914
1274 1275 -0.207481265435
1274 1314 -0.10410804297
1275 1276 -0.343779370137
1275 1315 0.490583745716
1276 1277 0.856414438254
1276 1316 -0.551231467912
1277 1278 0.0720480333768
1277 1317 -0.327749114125
1278 1279 -0.0168856304369
1278 1318 -0.591226267404
1279 1280 0.919192405062
1279 1319 -0.522371733407
1280 1320 0.300579538406
1281 1282 -0.900093082108
1281 1321 0.071792811831
1282 1283 -0.91089624291
1282 1322 -0.785011741788
1283 1284 -0.310526694633
1283 1323 0.880214964667
1284 1285 -0.678057126369
1284 1324 -0.0662399544734
1285 1286 -0.504534196475
1285 1325 -0.475653832454
1286 1287 0.638178357267
1286 1326 -0.378825496412
1287 1288 -0.724674518109
1287 1327 -0.978222532393
1288 1289 0.508611901153
1288 1328 -0.578535215833
1289 1290 -0.085279636618
1289 1329 -0.111765785967
1290 1291 0.272612251712
1290 1330 -0.249817963212
1291 1292 0.699939777032
1291 1331 0.502242080744
1292 1293 -0.61664852218
1292 1332 0.535554384295
1293 1294 -0.0918818878817
1293 1333 -0.969192960416
1294 1295 0.835212695289
1294 1334 0.176734665788
1295 1296 0.788864836855
1295 1335 -0.39001204833
1296 1297 -0.51421685007
1296 1336 0.246494290375
1297 1298 0.226224670734
1297 1337 0.871472533216
1298 1299 -0.287967027938
1298 1338 0.907354036948
1299 1300 -0.881285549322
1299 1339 -0.0145547976679
1300 1301 0.344288819314
1300 1340 -0.620825199617
1301 1302 0.884997748452
1301 1341 0.22710005312
1302 1303 0.446186799332
1302 1342 -0.897778192348
1303 1304 0.446722088789
1303 1343 -0.782009932141
1304 1305 -0.0756838066173
1304 1344 0.0252994935142
1305 1306 -0.215868262139
1305 1345 -0.432264968053
1306 1307 -0.552709908945
1306 1346 -0.934485600508
1307 1308 0.164879723778
1307 1347 -0.143335203922
1308 1309 0.213070861033
1308 1348 -0.940434111741
1309 1310 0.326297782929
1309 1349 -0.117241538093
1310 1311 -0.946943297779
1310 1350 -0.22032250325
1311 1312 -0.797158446237
1311 1351 0.424489608795
1312 1313 -0.623092426177
1312 1352 0.726222520333
1313 1314 0.728832523397
1313 1353 -0.162582649886
1314 1315 0.634554052226
1314 1354 0.435114406182
1315 1316 0.885615970151
1315 1355 0.605465100315
1316 1317 -0.00206505100008
1316 1356 0.654888182822
1317 1318 -0.956629190948
1317 1357 0.542304666508
1318 1319 0.458493228891
1318 1358 -0.368691736434
1319 1320 -0.786571823289
1319 1359 -0.632076120495
1320 1360 0.627739125619
1321 1322 0.32758929044
1321 1361 0.0297782241166
1322 1323 -0.548581322784
1322 1362 0.425977960765
1323 1324 0.164028359894
1323 1363 0.757663968824
1324 1325 -0.30965589769
1324 1364 -0.549920084372
1325 1326 0.500344826596
1325 1365 -0.0860493451286
1326 1327 0.964834898586
1326 1366 -0.466722595697
1327 1328 0.516556520954
1327 1367 -0.360094323845
1328 1329 0.201908496215
1328 1368 0.497856750492
1329 1330 0.656270721463
1329 1369 -0.147303691528
1330 1331 0.714968998167
1330 1370 0.239173478737
1331 1332 0.158721080594
1331 1371 0.849408363072
1332 1333 -0.419404005876
1332 1372 -0.566217024776
1333 1334 0.746136296894
1333 1373 0.312403095488
1334 1335 0.710380567808
1334 1374 0.209344104698
1335 1336 0.741891218322
1335 1375 0.817490545717
1336 1337 0.276710641482
1336 1376 -0.344861111775
1337 1338 0.193777049892
1337 1377 0.959180348719
1338 1339 -0.0460981550264
1338 1378 -0.443523115157
1339 1340 -0.0697321129638
1339 1379 0.61349362155
1340 1341 0.791458217057
1340 1380 0.89969277776
1341 1342 -0.571064438339
1341 1381 0.878837741812
1342 1343 0.840090810819
1342 1382 0.853682435804
1343 1344 0.0875749833277
1343 1383 0.253832033361
1344 1345 0.147771053785
1344 1384 -0.119361584829
1345 1346 0.523459725385
1345 1385 -0.519031350394
1346 1347 0.352713270903
1346 1386 -0.536593717071
1347 1348 -0.990047270577
1347 1387 -0.610967172281
1348 1349 -0.706505240478
1348 1388 -0.432033549068
1349 1350 0.944278174243
1349 1389 0.485044904703
1350 1351 -0.0948827472271
1350 1390 0.862006387529
1351 1352 -0.823729672149
1351 1391 0.732154858747
1352 1353 -0.625150458549
1352 1392 -0.890471747867
1353 1354 0.308938702455
1353 1393 0.850522375718
1354 1355 0.881698418749
1354 1394 0.959195742836
1355 1356 -0.518347580857
1355 1395 -0.534169063232
1356 1357 0.334667569996
1356 1396 0.187872286768
1357 1358 -0.230181740292
1357 1397 0.142642300117
1358 1359 0.767635179995
1358 1398 -0.639532949536
1359 1360 0.532449613836
1359 1399 0.417528511863
1360 1400 0.236363683681
1361 1362 0.889189511982
1361 1401 0.173110081004
1362 1363 0.119433964108
1362 1402 -0.974888039682
1363 1364 0.689468890784
1363 1403 0.810784637417
1364 1365 0.185023737532
1364 1404 -0.375460324596
1365 1366 -0.886141123178
1365 1405 0.0170324812205
1366 1367 0.0673066899424
1366 1406 -0.371065977628
1367 1368 0.968766900387
1367 1407 -0.559531547682
1368 1369 0.276437421241
1368 1408 0.194254605893
1369 1370 -0.308602357649
1369 1409 0.349943209618
1370 1371 -0.495933839738
1370 1410 0.585711355954
1371 1372 -0.870520033117
1371 1411 0.982693017464
1372 1373 -0.966568821846
1372 1412 -0.202681880155
1373 1374 0.646006081297
1373 1413 0.903551386068
1374 1375 0.645156305048
1374 1414 0.758967046859
1375 1376 -0.340310874636
1375 1415 0.366148732673
1376 1377 -0.865021313865
1376 1416 0.761077195129
1377 1378 -0.117986759182
1377 1417 0.479223925015
1378 1379 0.00601039010191
1378 1418 0.286715849298
1379 1380 -0.486678020094
1379 1419 -0.217139274031
1380 1381 0.923145084869
1380 1420 0.460165115481
1381 1382 0.500907093447
1381 1421 0.502179614646
1382 1383 0.103990054308
1382 1422 0.927831777369
1383 1384 -0.514105748458
1383 1423 0.827687750493
1384 1385 -0.612882084552
1384 1424 -0.772068477082
1385 1386 -0.491535290685
1385 1425 -0.83182729164
1386 1387 -0.172816564396
1386 1426 -0.721397657353
1387 1388 -0.359586691427
1387 1427 -0.70604374829
1388 1389 -0.990255904093
1388 1428 0.338315595594
1389 1390 -0.290194978298
1389 1429 0.307062065327
1390 1391 -0.442991656324
1390 1430 0.229563782167
1391 1392 0.726896880665
1391 1431 0.416901583031
1392 1393 -0.157017979144
1392 1432 0.110208860017
1393 1394 0.328301631288
1393 1433 -0.393838648114
1394 1395 -0.642173327268
1394 1434 -0.544161176374
1395 1396 -0.619326410566
1395 1435 0.764995069717
1396 1397 0.303951641541
1396 1436 -0.522967974402
1397 1398 0.511485711592
1397 1437 0.881694839802
1398 1399 0.877101308572
1398 1438 0.941500296106
1399 1400 -0.124116150446
1399 1439 0.587609014233
1400 1440 -0.822464587842
1401 1402 0.806803830576
1401 1441 -0.725050591708
1402 1403 -0.856051440621
1402 1442 0.934552660001
1403 1404 -0.0802394683664
1403 1443 0.0926936320407
1404 1405 0.832611106937
1404 1444 0.819271049903
1405 1406 -0.576079670713
1405 1445 0.59720848952
1406 1407 0.821545662348
1406 1446 -0.266886712298
1407 1408 -0.322583949037
1407 1447 0.0477922713323
1408 1409 -0.409035428689
1408 1448 0.463212942483
1409 1410 -0.557035888533
1409 1449 -0.0655083521469
1410 1411 -0.134122982532
1410 1450 -0.284977665339
1411 1412 -0.894010914664
1411 1451 -0.601008907723
1412 1413 -0.237837017413
1412 1452 0.318689872391
1413 1414 -0.898175232966
1413 1453 -0.529856271818
1414 1415 -0.358027250951
1414 1454 -0.754090456896
1415 1416 0.798441899132
1415 1455 -0.848606236483
1416 1417 -0.0800865378515
1416 1456 0.527745436133
1417 1418 -0.924792242701
1417 1457 0.529453278001
1418 1419 -0.777508654865
1418 1458 0.516123316266
1419 1420 -0.519655585557
1419 1459 0.372886830345
1420 1421 -0.187423144623
1420 1460 0.487498392702
1421 1422 -0.576557330303
1421 1461 0.660313052325
1422 1423 -0.438088926019
1422 1462 0.204293254273
1423 1424 0.244625057383
1423 1463 -0.53661061721
1424 1425 -0.69754414526
1424 1464 -0.895018072294
1425 1426 0.728288189528
1425 1465 -0.104202168759
1426 1427 -0.245565424777
1426 1466 -0.151125067521
1427 1428 0.197327763213
1427 1467 0.222998953319
1428 1429 0.740515897845
1428 1468 0.0939366185425
1429 1430 0.0852328237434
1429 1469 0.768112424757
1430 1431 0.330336709164
1430 1470 -0.628078060407
1431 1432 -0.0271508523846
1431 1471 0.398293130826
1432 1433 0.941484019043
1432 1472 -0.816492333118
1433 1434 0.239891387723
1433 1473 -0.297363359284
1434 1435 0.431972894558
1434 1474 0.494765469308
1435 1436 -0.524288625518
1435 1475 0.516361246826
1436 1437 -0.948919830248
1436 1476 0.472514514893
1437 1438 0.224644677369
1437 1477 -0.36920764244
1438 1439 -0.391029511895
1438 1478 0.724972799409
1439 1440 0.0350253842852
1439 1479 -0.172803677742
1440 1480 -0.857287050111
1441 1442 -0.721447305498
1441 1481 0.614782577419
1442 1443 0.13620092384
1442 1482 -0.593413530678
1443 1444 0.597207182304
1443 1483 -0.428562296532
1444 1445 -0.485763412436
1444 1484 -0.778217398512
1445 1446 -0.405337236985
1445 1485 -0.944787976091
1446 1447 -0.132815345454
1446 1486 0.0245853845567
1447 1448 0.509782914121
1447 1487 -0.0722844321994
1448 1449 0.89061688
1448 1488 -0.148877219477
1449 1450 -0.370468625352
1449 1489 0.253711204326
1450 1451 -0.33944612695
1450 1490 0.394737751226
1451 1452 -0.154494676711
1451 1491 -0.78498224763
1452 1453 -0.858163199059
1452 1492 -0.694792025915
1453 1454 -0.873313113087
1453 1493 -0.156684227935
1454 1455 0.442606688373
1454 1494 -0.119305826338
1455 1456 0.75717572641
1455 1495 -0.618321273463
1456 1457 -0.492222758115
1456 1496 0.182774364535
1457 1458 0.0365631606536
1457 1497 -0.989366934078
1458 1459 0.703891542575
1458 1498 0.688499719139
1459 1460 0.979766906674
1459 1499 -0.645140926263
1460 1461 -0.42402624145
1460 1500 -0.371165555219
1461 1462 -0.519809691678
1461 1501 0.2632414905
1462 1463 -0.207074619895
1462 1502 0.25604646351
1463 1464 0.5402643752
1463 1503 -0.788985840005
1464 1465 0.117352822127
1464 1504 0.695442028072
1465 1466 0.12357252122
1465 1505 0.473421915387
1466 1467 -0.05407009628
1466 1506 -0.154316373923
1467 1468 0.000186519193859
1467 1507 -0.358302196798
1468 1469 0.0863280950384
1468 1508 0.231451857226
1469 1470 -0.449891897869
1469 1509 -0.783865029655
1470 1471 0.0115266979729
1470 1510 0.57300152572
1471 1472 -0.210025879796
1471 1511 0.594991968587
1472 1473 -0.452163813541
1472 1512 -0.789785861836
1473 1474 -0.355266649731
1473 1513 0.220410117493
1474 1475 0.206359108465
1474 1514 0.754599528443
1475 1476 -0.477900537191
1475 1515 -0.933836313185
1476 1477 -0.346416349338
1476 1516 -0.24648622616
1477 1478 -0.779846984306
1477 1517 -0.852162224177
1478 1479 0.684358237734
1478 1518 -0.150774579811
1479 1480 -0.765116127545
1479 1519 0.767822131873
1480 1520 0.454330869854
1481 1482 -0.204646326029
1481 1521 -0.669291605766
1482 1483 -0.495348510859
1482 1522 0.48765170815
1483 1484 -0.0194929547601
1483 1523 0.198220615292
1484 1485 -0.614074535962
1484 1524 -0.000831658642228
1485 1486 0.186864898929
1485 1525 0.687680857862
1486 1487 0.877772954739
1486 1526 -0.938101987458
1487 1488 -0.750354913777
1487 1527 -0.374997243016
1488 1489 0.564363633663
1488 1528 -0.887717920676
1489 1490 0.75472094939
1489 1529 -0.104621999709
1490 1491 -0.462699752188
1490 1530 0.616556027411
1491 1492 0.247340821995
1491 1531 -0.904014871902
1492 1493 -0.966848234198
1492 1532 -0.772407287105
1493 1494 0.727658291003
1493 1533 -0.83675203457
1494 1495 -0.746528581716
1494 1534 0.17964729622
1495 1496 0.699537820036
1495 1535 0.334237577398
1496 1497 -0.142409679302
1496 1536 -0.235798714902
1497 1498 -0.445599790435
1497 1537 0.0696644650396
1498 1499 0.781013664824
1498 1538 -0.236315206488
1499 1500 0.642893480453
1499 1539 -0.538022881437
1500 1501 0.211792722436
1500 1540 0.189694266816
1501 1502 0.421479139799
1501 1541 0.484766859414
1502 1503 -0.398735422953
1502 1542 0.638716769312
1503 1504 0.110450637063
1503 1543 -0.810087860395
1504 1505 -0.281761322152
1504 1544 -0.849378254728
1505 1506 0.592977734262
1505 1545 -0.104983722019
1506 1507 -0.794486872252
1506 1546 0.545160533263
1507 1508 0.306516104049
1507 1547 -0.619433034642
1508 1509 -0.395636999168
1508 1548 -0.266536036678
1509 1510 -0.617455896518
1509 1549 -0.22590753479
1510 1511 -0.806841931143
1510 1550 0.212070596338
1511 1512 0.57283416456
1511 1551 -0.688942832253
1512 1513 -0.219120726525
1512 1552 -0.421977833624
1513 1514 -0.679353536023
1513 1553 -0.0265221284845
1514 1515 -0.496019075779
1514 1554 -0.321025211406
1515 1516 0.466895400138
1515 1555 0.45240361959
1516 1517 0.225232108299
1516 1556 0.314330084727
1517 1518 -0.360618452255
1517 1557 0.321678277912
1518 1519 -0.272631184294
1518 1558 -0.43512505353
1519 1520 -0.448813571179
1519 1559 0.23252144666
1520 1560 0.572538644697
1521 1522 0.855017160792
1521 1561 -0.304468280509
1522 1523 -0.609141037781
1522 1562 0.162717854547
1523 1524 -0.968933448898
1523 1563 0.186962816393
1524 1525 0.457171335949
1524 1564 -0.583611123182
1525 1526 -0.237967751876
1525 1565 0.499716621452
1526 1527 0.433757327263
1526 1566 0.782037908585
1527 1528 0.00903833940199
1527 1567 0.347698016034
1528 1529 0.67054320498
1528 1568 -0.615499966356
1529 1530 0.568914837584
1529 1569 -0.0860685988769
1530 1531 -0.4094224112
1530 1570 0.0882427671707
1531 1532 -0.430752237986
1531 1571 -0.877926637761
1532 1533 0.30357855202
1532 1572 -0.19468629565
1533 1534 -0.0537760942282
1533 1573 -0.748913780383
1534 1535 -0.92786337086
1534 1574 -0.599635767178
1535 1536 -0.3113216091
1535 1575 -0.697248860014
1536 1537 -0.746573232306
1536 1576 -0.511466673582
1537 1538 0.535925756563
1537 1577 -0.893814809095
1538 1539 -0.112389603267
1538 1578 -0.796837048108
1539 1540 -0.884048373254
1539 1579 -0.722366963909
1540 1541 0.757321952632
1540 1580 -0.490798488679
1541 1542 -0.219470590801
1541 1581 0.519650793432
1542 1543 -0.860428042992
1542 1582 -0.9162448594
1543 1544 0.16196814535
1543 1583 -0.49403977456
1544 1545 -0.14855117603
1544 1584 0.204015676944
1545 1546 -0.631744887648
1545 1585 0.657465703057
1546 1547 -0.72558799302
1546 1586 -0.151415251348
1547 1548 -0.988238037111
1547 1587 0.469884037368
1548 1549 0.149879454556
1548 1588 0.618433167435
1549 1550 0.708119589869
1549 1589 -0.458310172328
1550 1551 -0.947880134623
1550 1590 -0.98590655238
1551 1552 -0.364364899299
1551 1591 -0.312033646428
1552 1553 0.0266006989358
1552 1592 -0.303486636499
1553 1554 0.891268569973
1553 1593 -0.232171516043
1554 1555 -0.0107063037862
1554 1594 -0.369945822063
1555 1556 -0.822081778078
1555 1595 -0.346597484141
1556 1557 -0.594202198754
1556 1596 0.652063075691
1557 1558 0.390304129455
1557 1597 -0.584563919874
1558 1559 0.986473568931
1558 1598 -0.488497946096
1559 1560 0.969159557921
1559 1599 -0.621163955912
1560 1600 0.822870280648
1561 1562 0.501624206272
1562 1563 0.940039978177
1563 1564 -0.132647302021
1564 1565 -0.503932883246
1565 1566 0.0222829565943
1566 1567 -0.945425552965
1567 1568 0.540299912624
1568 1569 -0.20980626222
1569 1570 0.312458663434
1570 1571 -0.0241570163896
1571 1572 0.40703866221
1572 1573 -0.357947371665
1573 1574 0.545771204334
1574 1575 0.576602379336
1575 1576 0.270741922977
1576 1577 -0.841316834083
1577 1578 0.098106887701
1578 1579 -0.548386155138
1579 1580 0.870306231085
1580 1581 0.532376730406
1581 1582 0.805871804243
1582 1583 -0.901207230733
1583 1584 0.298933615909
1584 1585 -0.149193068849
1585 1586 -0.938004080343
1586 1587 -0.456087775094
1587 1588 -0.112992316192
1588 1589 -0.596806731184
1589 1590 0.252717606417
1590 1591 -0.88094278572
1591 1592 -0.271659402693
1592 1593 0.8564560365
1593 1594 -0.622074813508
1594 1595 0.0908781786836
1595 1596 0.896730580378
1596 1597 -0.239586789509
1597 1598 -0.834408122823
1598 1599 0.841351195518
1599 1600 0.930375983586
