1 2 0.785720302872
1 41 -0.336040389398
2 3 -0.496771713659
2 42 -0.917248997398
3 4 -0.467603909612
3 43 -0.7153445732
4 5 0.355925175988
4 44 0.0129868837219
5 6 0.734826576262
5 45 0.849153190859
6 7 -0.844635287699
6 46 0.339910867167
7 8 0.445140592797
7 47 -0.32705180993
8 9 0.618043662793
8 48 0.829795391064
9 10 0.0433898595797
9 49 -0.441196924031
10 11 -0.43094949688
10 50 0.334435541745
11 12 0.226192027951
11 51 -0.51510842822
12 13 0.583839775312
12 52 -0.434770667825
13 14 0.433155057783
13 53 0.705750426424
14 15 0.429399235303
14 54 -0.351638147768
15 16 -0.742386134205
15 55 0.0498593866031
16 17 -0.174607045326
16 56 0.00530884411112
17 18 -0.38806027594
17 57 -0.360562408844
18 19 -0.690800196161
18 58 -0.897055417531
19 20 0.187167971154
19 59 0.797104055961
20 21 0.499794003127
20 60 0.434776844336
21 22 0.493735072518
21 61 0.461921588021
22 23 0.140352754098
22 62 0.227618595108
23 24 0.584276520163
23 63 -0.107462956075
24 25 0.177508038622
24 64 -0.782842528361
25 26 -0.838325311342
25 65 0.261553424531
26 27 -0.607011772862
26 66 0.763320692017
27 28 0.0125392605263
27 67 -0.7385744408
28 29 0.298549120588
28 68 0.306019197777
29 30 0.332864416472
29 69 0.658093737249
30 31 -0.261783282298
30 70 0.0475444518014
31 32 0.678335849729
31 71 -0.138399272827
32 33 -0.951548846044
32 72 -0.6032669336
33 34 0.712111960299
33 73 0.639844435281
34 35 -0.824984423196
34 74 0.297293658624
35 36 0.644600458381
35 75 -0.612253067581
36 37 -0.443185301022
36 76 0.933790795388
37 38 -0.851341018383
37 77 -0.852030736615
38 39 0.97176037389
38 78 0.696951257256
39 40 -0.729210548522
39 79 -0.775545230281
40 80 0.313452266252
41 42 0.642458246116
41 81 -0.91660674855
42 43 0.917445200632
42 82 -0.867559038373
43 44 0.902998621659
43 83 -0.50477609482
44 45 0.658771506265
44 84 0.366596118597
45 46 0.148304503432
45 85 0.388165129585
46 47 -0.879412789169
46 86 -0.7774920466
47 48 -0.954915092786
47 87 0.410229922046
48 49 0.249942104491
48 88 -0.829078607493
49 50 -0.954479026035
49 89 0.171831575561
50 51 0.91413329012
50 90 0.323038342304
51 52 -0.803353790958
51 91 0.524148001336
52 53 0.242543751078
52 92 -0.545596389803
53 54 -0.420307872272
53 93 -0.654886736739
54 55 0.647819959771
54 94 -0.572053619957
55 56 0.173272764333
55 95 -0.605147775719
56 57 0.519664089528
56 96 -0.336250198638
57 58 0.263626196316
57 97 -0.823698378267
58 59 -0.00494732092551
58 98 -0.417008303243
59 60 0.465306016896
59 99 0.20475707146
60 61 -0.91628712981
60 100 -0.365033013474
61 62 -0.828885438877
61 101 0.0293365911832
62 63 0.696957298952
62 102 0.189394828314
63 64 0.531433458955
63 103 0.00139098437521
64 65 0.492666855384
64 104 0.346405014602
65 66 0.0342552092628
65 105 0.147833503335
66 67 0.0625346438418
66 106 -0.85258222816
67 68 0.378066821203
67 107 0.524211734008
68 69 0.194539829156
68 108 0.782601075799
69 70 0.871765605464
69 109 -0.378239516108
70 71 -0.621176524579
70 110 0.647584266221
71 72 0.806890716253
71 111 0.86083874908
72 73 -0.757617374546
72 112 0.317635434594
73 74 0.772208790709
73 113 -0.770281071033
74 75 0.408976506175
74 114 0.911197074861
75 76 0.463648575574
75 115 0.404341626858
76 77 0.611568533899
76 116 -0.502647134453
77 78 0.33375315805
77 117 0.799118109744
78 79 0.317885943057
78 118 0.629740118316
79 80 -0.567552343312
79 119 0.584713301151
80 120 0.501985698314
81 82 -0.784686640128
81 121 0.190104128412
82 83 0.0258803721713
82 122 -0.31740681756
83 84 -0.287627670316
83 123 -0.902121823868
84 85 0.820202432909
84 124 -0.760120758619
85 86 -0.215606430073
85 125 0.352881306879
86 87 -0.0493140061193
86 126 -0.838084207631
87 88 0.0964987176061
87 127 0.656536054909
88 89 0.00259319380921
88 128 0.334946973298
89 90 -0.596220824463
89 129 -0.11693645456
90 91 0.246679422852
90 130 0.952529419847
91 92 -0.718646959804
91 131 -0.846549297427
92 93 -0.564688589087
92 132 0.937305672005
93 94 0.183010285125
93 133 0.944405211238
94 95 0.170819427706
94 134 -0.941000153229
95 96 0.0388215217775
95 135 0.537848174864
96 97 0.342951602721
96 136 0.215780317587
97 98 0.643760463435
97 137 0.952381638573
98 99 -0.46272122238
98 138 0.198682565005
99 100 -0.357337382574
99 139 -0.788786144991
100 101 -0.466030419889
100 140 -0.206944057265
101 102 0.624827384524
101 141 0.712349922966
102 103 0.376205125836
102 142 0.705769835869
103 104 0.201682492427
103 143 0.469061669458
104 105 -0.308892147937
104 144 0.180814992793
105 106 0.652974474312
105 145 0.910061118532
106 107 0.714570409818
106 146 -0.755652723703
107 108 -0.0417927394653
107 147 0.874110955103
108 109 -0.635186208732
108 148 0.766079626835
109 110 -0.986470728962
109 149 -0.275191710189
110 111 0.405868985682
110 150 -0.666011985744
111 112 -0.141805800687
111 151 0.396553548156
112 113 -0.740632728337
112 152 -0.843095419336
113 114 -0.204076184411
113 153 0.283175879666
114 115 0.759967212135
114 154 0.74784841986
115 116 -0.825579427249
115 155 0.71595693059
116 117 0.641304993465
116 156 0.2106824785
117 118 0.866272969422
117 157 0.0327375671773
118 119 0.865106307591
118 158 -0.35221813611
119 120 0.749135942582
119 159 -0.695940578041
120 160 0.489521058237
121 122 0.0596347243856
121 161 -0.162385142887
122 123 0.320019637291
122 162 0.688854674238
123 124 -0.523738657579
123 163 0.765649511125
124 125 0.679466265951
124 164 0.89653971141
125 126 0.996424121329
125 165 0.880764429704
126 127 -0.936093980057
126 166 0.279234616454
127 128 -0.76956679813
127 167 0.986414505939
128 129 -0.786873655481
128 168 0.164430366268
129 130 0.921557377585
129 169 -0.595165801358
130 131 -0.376933783761
130 170 0.592673094432
131 132 0.86423596704
131 171 -0.409875609394
132 133 -0.407259593467
132 172 -0.548308681964
133 134 -0.142589421786
133 173 -0.837210291811
134 135 0.756949126894
134 174 0.272403365138
135 136 -0.858763186215
135 175 -0.311631778856
136 137 -0.447160786094
136 176 -0.556931681248
137 138 -0.895233591171
137 177 0.664562167576
138 139 -0.44442501294
138 178 -0.303542640379
139 140 0.119733188961
139 179 0.38716460853
140 141 -0.930452955784
140 180 -0.0344332895322
141 142 0.50554631454
141 181 -0.671813078897
142 143 0.880472436231
142 182 0.688917246003
143 144 0.266595625133
143 183 0.808821180105
144 145 -0.0565047133636
144 184 0.436767738209
145 146 0.384770703477
145 185 -0.404787399511
146 147 -0.0620163735932
146 186 -0.36507090748
147 148 -0.446493725189
147 187 0.723237202951
148 149 -0.0705912813453
148 188 -0.339239716688
149 150 -0.859919753904
149 189 0.516972770325
150 151 0.483684002315
150 190 0.420645075992
151 152 -0.10866844342
151 191 0.541663058037
152 153 0.92278273452
152 192 0.3039207063
153 154 0.732191047674
153 193 0.12168078575
154 155 0.954248169789
154 194 0.56661486882
155 156 -0.862439208081
155 195 0.45438392583
156 157 -0.00691147437526
156 196 0.325194939098
157 158 0.587952276795
157 197 -0.253380176297
158 159 -0.0696312570259
158 198 -0.643255534022
159 160 0.729262342407
159 199 0.134420597709
160 200 0.0943845784008
161 162 -0.329184301453
161 201 0.245038864392
162 163 0.207733113414
162 202 0.174427381951
163 164 0.928866032214
163 203 0.312055648229
164 165 0.147241863826
164 204 -0.991709945245
165 166 -0.71752587331
165 205 0.876336638961
166 167 0.790348545083
166 206 -0.0335347869655
167 168 -0.334958872096
167 207 -0.732107589093
168 169 0.511269039845
168 208 -0.22876567153
169 170 -0.172508331981
169 209 0.687483503679
170 171 0.239332952443
170 210 0.246782040582
171 172 0.645111929368
171 211 -0.553915424755
172 173 -0.439917320448
172 212 -0.945640548623
173 174 -0.649707159799
173 213 0.48232091795
174 175 -0.514858039053
174 214 -0.287734035459
175 176 -0.348904702265
175 215 0.288394569333
176 177 0.756103020037
176 216 -0.262348671733
177 178 0.530857079297
177 217 0.721277732835
178 179 -0.301903179985
178 218 0.0960737083321
179 180 0.250746737754
179 219 -0.393022179419
180 181 -0.542205164971
180 220 0.880239095172
181 182 -0.49710484454
181 221 -0.413013506313
182 183 -0.401085571839
182 222 -0.796815567319
183 184 -0.70462403189
183 223 -0.494435718159
184 185 -0.718448741284
184 224 -0.909229320026
185 186 0.313577946166
185 225 -0.761533742531
186 187 0.657866187729
186 226 0.394786890461
187 188 -0.357790810919
187 227 0.0479832046181
188 189 -0.897327134729
188 228 -0.509415580899
189 190 -0.262661624428
189 229 0.249247646519
190 191 -0.628736267429
190 230 -0.22505261566
191 192 0.197461421175
191 231 -0.757631456126
192 193 0.757076757796
192 232 0.549628476582
193 194 0.956995897357
193 233 -0.258890623896
194 195 0.0274450454513
194 234 -0.873280250438
195 196 -0.837597587945
195 235 0.677823134377
196 197 0.561861616551
196 236 0.116066650599
197 198 0.250943431346
197 237 0.7587546931
198 199 0.267696593348
198 238 0.592025385948
199 200 0.138780460663
199 239 0.413796336632
200 240 0.781928283703
201 202 -0.123717147782
201 241 0.471764212697
202 203 -0.765933928931
202 242 0.420900670886
203 204 -0.406277786338
203 243 -0.881328054604
204 205 -0.932975431758
204 244 -0.175067971616
205 206 -0.922684845063
205 245 -0.949630666511
206 207 0.675321037082
206 246 0.417974759954
207 208 -0.91525112748
207 247 -0.358291202825
208 209 0.651244438812
208 248 -0.660455568234
209 210 -0.945568856553
209 249 0.34217664972
210 211 -0.214465585165
210 250 0.954879092003
211 212 0.318592865813
211 251 0.314002576058
212 213 0.135283180319
212 252 -0.67334182722
213 214 -0.851892437304
213 253 -0.185198867849
214 215 -0.00896824623665
214 254 0.581539534014
215 216 0.474525027719
215 255 -0.218555868229
216 217 0.60970970276
216 256 -0.77317109243
217 218 0.223831769942
217 257 -0.839498818953
218 219 0.875324547439
218 258 -0.811033688402
219 220 0.970015448252
219 259 -0.0369935135626
220 221 -0.908867995866
220 260 0.965348326994
221 222 -0.48351776394
221 261 -0.634306308209
222 223 -0.0454038758827
222 262 0.666420987424
223 224 -0.844637991112
223 263 0.213782654758
224 225 -0.222082436914
224 264 0.589500451015
225 226 -0.987682162125
225 265 0.795614659084
226 227 -0.0107995661369
226 266 -0.53844955723
227 228 -0.472275737083
227 267 -0.834113911145
228 229 0.147298423386
228 268 -0.712621380177
229 230 0.866850118088
229 269 0.90149851852
230 231 0.156119179391
230 270 0.752820321191
231 232 -0.215991243338
231 271 -0.168981062401
232 233 -0.86874253838
232 272 -0.263110562863
233 234 0.486311755424
233 273 0.281176897145
234 235 0.952623299385
234 274 -0.757341266202
235 236 -0.296987981546
235 275 0.570440403168
236 237 0.186363432596
236 276 0.673767863616
237 238 0.562693099518
237 277 -0.24518709428
238 239 -0.293885979601
238 278 0.229120887435
239 240 0.907356684345
239 279 0.598465366093
240 280 0.605505551291
241 242 0.0360728239985
241 281 0.157717200452
242 243 -0.59095348431
242 282 -0.0192644134857
243 244 0.728872969865
243 283 -0.689718205158
244 245 -0.0834455058717
244 284 -0.0446963660282
245 246 -0.644402435705
245 285 -0.389904156144
246 247 0.866059859156
246 286 0.948711646321
247 248 -0.580222890642
247 287 0.14864030317
248 249 -0.472199310195
248 288 0.609916386293
249 250 -0.0687716591084
249 289 -0.314381320792
250 251 -0.367785363707
250 290 -0.466124634071
251 252 0.706002761903
251 291 -0.813321345177
252 253 -0.185061365319
252 292 0.475771198003
253 254 -0.115063650498
253 293 0.821216858983
254 255 -0.0253480092168
254 294 0.32181871365
255 256 0.79842283139
255 295 0.619338481276
256 257 -0.459224591848
256 296 -0.882488002847
257 258 -0.0808326926229
257 297 0.57127570443
258 259 -0.373818744404
258 298 0.381748556624
259 260 -0.413297416662
259 299 0.632914159873
260 261 -0.108671749079
260 300 0.277276878268
261 262 0.859520926338
261 301 -0.923027234451
262 263 0.0951569423746
262 302 0.754898231836
263 264 0.796274546527
263 303 0.202315386269
264 265 -0.590597703339
264 304 -0.938591110484
265 266 0.35906283978
265 305 -0.100367632736
266 267 -0.346826469474
266 306 -0.686815276312
267 268 -0.397437848164
267 307 0.0491871897797
268 269 0.530021585789
268 308 -0.0930589401737
269 270 0.248597014033
269 309 0.20797132664
270 271 0.287773615328
270 310 -0.571555196224
271 272 0.218615510383
271 311 -0.237591289099
272 273 0.669815328058
272 312 0.628535257277
273 274 0.252908791441
273 313 0.18725332125
274 275 -0.552880436689
274 314 0.910427502445
275 276 -0.218723296979
275 315 -0.833582988151
276 277 -0.482049060417
276 316 -0.128556458651
277 278 0.285748809501
277 317 0.771518857552
278 279 0.17146742848
278 318 0.216417626059
279 280 0.550170652194
279 319 -0.633512329582
280 320 -0.923742105266
281 282 0.290710191791
281 321 0.980448542747
282 283 -0.926782939128
282 322 -0.369192848822
283 284 -0.460903819967
283 323 0.0964093014219
284 285 0.362841708941
284 324 0.509782869115
285 286 0.969494588903
285 325 0.88692289566
286 287 0.176313782253
286 326 0.892150671512
287 288 0.916774106383
287 327 -0.566404436492
288 289 0.369083239946
288 328 0.563995258318
289 290 -4.14627416756e-05
289 329 -0.135765295465
290 291 0.237479816317
290 330 -0.85032563572
291 292 0.0650166934554
291 331 0.420107065454
292 293 0.726158276588
292 332 -0.543665326188
293 294 -0.889419934907
293 333 -0.936100960299
294 295 -0.985671927998
294 334 -0.460630150308
295 296 -0.789695444817
295 335 -0.883765773977
296 297 0.480359681776
296 336 -0.653764984943
297 298 0.907025576385
297 337 -0.195645334706
298 299 -0.432723354859
298 338 0.731954362354
299 300 0.360423951679
299 339 0.617492031714
300 301 0.822847694429
300 340 0.296489036029
301 302 0.659545016305
301 341 -0.809319875731
302 303 -0.494754141958
302 342 -0.492678916252
303 304 0.831494724672
303 343 -0.932661831385
304 305 0.300053508945
304 344 -0.249960056853
305 306 0.0688910822039
305 345 -0.962592352733
306 307 -0.961155743213
306 346 0.00937019891811
307 308 0.464007030063
307 347 -0.427742235336
308 309 -0.914056706363
308 348 -0.618197087545
309 310 0.594765450955
309 349 0.685676452946
310 311 0.668313520758
310 350 -0.392351593553
311 312 -0.730356827523
311 351 0.422928843256
312 313 -0.842754224844
312 352 0.548656922569
313 314 -0.26325791238
313 353 -0.791810266862
314 315 0.610446998388
314 354 0.956994500293
315 316 -0.546367835261
315 355 -0.821769204175
316 317 -0.437458019446
316 356 0.768048073925
317 318 0.472105500266
317 357 -0.748105672166
318 319 0.120892079751
318 358 0.998460357859
319 320 -0.24287108292
319 359 0.227533150949
320 360 -0.728694870756
321 322 0.639716393844
321 361 -0.173598130368
322 323 0.726060814199
322 362 0.116933236448
323 324 -0.495445119911
323 363 0.689356171269
324 325 0.641569439456
324 364 -0.307381693014
325 326 0.527911135827
325 365 0.246180164774
326 327 0.410690363277
326 366 -0.0706518570803
327 328 -0.341754335244
327 367 -0.467766342259
328 329 -0.642710709068
328 368 0.906816275602
329 330 0.115144195828
329 369 -0.783793338297
330 331 -0.205716517117
330 370 0.211257212683
331 332 -0.441523640504
331 371 0.127172158787
332 333 0.0290112922448
332 372 -0.839329709023
333 334 0.810424455515
333 373 -0.0583755836145
334 335 0.370428397421
334 374 0.991340881635
335 336 -0.203145909445
335 375 -0.965805354411
336 337 -0.00687821691404
336 376 -0.0848664636227
337 338 -0.417958707253
337 377 0.374496580013
338 339 -0.452134687987
338 378 -0.66471764548
339 340 -0.351035698166
339 379 -0.305636439927
340 341 -0.404737646095
340 380 0.951704863707
341 342 0.760049514928
341 381 0.530611019806
342 343 -0.81214403354
342 382 -0.37202951785
343 344 -0.280121497391
343 383 0.0982855012033
344 345 -0.896391281853
344 384 0.363223847653
345 346 -0.0345048524333
345 385 0.524726302262
346 347 -0.254483558935
346 386 -0.568429785313
347 348 -0.102659409827
347 387 -0.706051464789
348 349 -0.0251336294356
348 388 0.428982833632
349 350 0.837161609008
349 389 0.152256748245
350 351 0.453923299894
350 390 -0.0395580799623
351 352 0.605696442505
351 391 0.376078861796
352 353 0.473599133864
352 392 -0.437778885498
353 354 -0.0527426767846
353 393 0.582555091993
354 355 0.420557415887
354 394 0.410963513969
355 356 -0.970359088195
355 395 0.678093147624
356 357 -0.143099316817
356 396 -0.0886773132706
357 358 0.0240086374056
357 397 -0.827271238466
358 359 -0.960229584617
358 398 -0.976205532194
359 360 0.597769787159
359 399 0.451820351672
360 400 -0.871147306898
361 362 0.752535310413
361 401 0.647518865141
362 363 0.093415652553
362 402 -0.264350682132
363 364 0.004429765093
363 403 -0.0306212135241
364 365 0.229900229918
364 404 -0.214265307236
365 366 0.937767160079
365 405 0.146032537705
366 367 0.830051122444
366 406 0.159190188792
367 368 -0.457874459084
367 407 0.374187173977
368 369 -0.646093976034
368 408 0.393887376652
369 370 -0.289938370467
369 409 0.859731022057
370 371 0.151136800314
370 410 0.783288269195
371 372 -0.764468052649
371 411 -0.178355950243
372 373 -0.746775046127
372 412 -0.235190998794
373 374 -0.719235095086
373 413 0.552870948667
374 375 0.0994022535773
374 414 -0.547204260419
375 376 0.275427925358
375 415 0.30603950371
376 377 -0.00395874302209
376 416 -0.838176099245
377 378 0.884230598101
377 417 0.0914791260926
378 379 -0.781945239433
378 418 0.385234844613
379 380 -0.736973628786
379 419 -0.986833318365
380 381 0.21162199226
380 420 0.431192086959
381 382 0.166943216383
381 421 0.417060187536
382 383 -0.997541476221
382 422 -0.0914999708383
383 384 0.575453735138
383 423 0.996303975309
384 385 -0.142576381492
384 424 -0.600256469066
385 386 -0.420631005694
385 425 0.226317969686
386 387 0.51686869798
386 426 0.988621877185
387 388 -0.84511654976
387 427 -0.618872433805
388 389 0.938001300187
388 428 0.184654828871
389 390 -0.315774580606
389 429 0.248159609746
390 391 -0.381253339223
390 430 0.904888760723
391 392 -0.555505297786
391 431 0.890348389481
392 393 -0.539263881358
392 432 0.938753369236
393 394 0.108777822176
393 433 -0.847372239864
394 395 0.340127860449
394 434 -0.253664182539
395 396 0.745653743051
395 435 -0.307976276118
396 397 -0.511986871918
396 436 -0.0221697198937
397 398 0.611221190426
397 437 0.231119155209
398 399 -0.87797835942
398 438 -0.0687314507572
399 400 0.00527427449001
399 439 -0.943029844432
400 440 -0.945256440392
401 402 -0.891050984355
401 441 0.437274473128
402 403 0.656313370198
402 442 -0.447299081135
403 404 0.810517261828
403 443 0.830536771485
404 405 0.45069130717
404 444 0.126945279614
405 406 -0.573560908329
405 445 -0.733092476114
406 407 -0.521600869985
406 446 -0.220998073764
407 408 0.786450978033
407 447 0.168503002029
408 409 -0.382922424044
408 448 0.01831785097
409 410 0.00776261936444
409 449 0.282953227875
410 411 0.795618172664
410 450 -0.895856978798
411 412 0.241395233024
411 451 0.151555999948
412 413 0.309728628365
412 452 -0.396376007012
413 414 -0.373288758158
413 453 0.273890634205
414 415 0.328181946631
414 454 0.820329183769
415 416 0.591972398038
415 455 0.1821021049
416 417 -0.463141549472
416 456 0.642367849938
417 418 0.280667514216
417 457 -0.748307614381
418 419 -0.892223927771
418 458 0.0413042662714
419 420 -0.975844963998
419 459 0.806485385488
420 421 0.638046406928
420 460 0.192339277424
421 422 -0.0812254680363
421 461 -0.398530698965
422 423 0.286314723676
422 462 -0.0125152195545
423 424 -0.969488069807
423 463 -0.429341215168
424 425 -0.487151168853
424 464 0.576840319859
425 426 -0.11990446565
425 465 -0.563431637944
426 427 0.254079468287
426 466 0.0490856510097
427 428 0.664188799857
427 467 -0.370184195988
428 429 -0.517249703373
428 468 -0.630534550824
429 430 0.939763810334
429 469 -0.471721604088
430 431 0.259575945807
430 470 -0.755145437773
431 432 -0.697940998004
431 471 0.430681154963
432 433 0.888908218709
432 472 0.0141565433541
433 434 -0.757864739553
433 473 0.38982607792
434 435 0.660064020513
434 474 -0.428145017747
435 436 0.870563171354
435 475 0.664921925393
436 437 0.926639858501
436 476 -0.396861796577
437 438 0.52621013853
437 477 -0.669847278509
438 439 0.729829547044
438 478 -0.152112675424
439 440 0.533765790961
439 479 0.246901547493
440 480 0.0496957656647
441 442 0.604341124849
441 481 0.472813287623
442 443 -0.748683316667
442 482 0.125562158985
443 444 -0.51674459239
443 483 -0.962466215538
444 445 0.18955707159
444 484 -0.224526765372
445 446 0.527518848928
445 485 0.0546366091504
446 447 -0.155768198207
446 486 -0.671878981249
447 448 -0.19864632705
447 487 -0.148497603268
448 449 0.828988394611
448 488 0.555505759969
449 450 -0.0587370371235
449 489 0.935829256363
450 451 0.438669108886
450 490 0.85256625747
451 452 -0.678000333379
451 491 -0.629162728547
452 453 -0.830072430252
452 492 -0.130613937102
453 454 0.155379944916
453 493 -0.633238134669
454 455 0.555268226518
454 494 -0.737326729112
455 456 -0.149224587263
455 495 -0.28447275489
456 457 -0.187282107998
456 496 0.806232012366
457 458 -0.984061017088
457 497 0.177538186895
458 459 -0.990866347894
458 498 0.0894916027053
459 460 0.741815295641
459 499 0.351819897673
460 461 -0.0171486868563
460 500 0.780499414757
461 462 0.456774698146
461 501 -0.534005327655
462 463 0.226705607197
462 502 0.304469681042
463 464 0.611172072133
463 503 -0.51666186872
464 465 -0.980454172604
464 504 -0.958520004971
465 466 -0.568057316084
465 505 -0.21376741772
466 467 -0.182649603823
466 506 0.62530268886
467 468 0.865295053679
467 507 0.043082916685
468 469 0.267648010358
468 508 0.506352625852
469 470 0.171905013202
469 509 -0.385092898846
470 471 0.570116879302
470 510 -0.00693866039555
471 472 0.58737345502
471 511 0.95850920933
472 473 -0.227595804103
472 512 -0.635185981261
473 474 -0.272959540618
473 513 0.852053741445
474 475 0.82880592008
474 514 0.751330338144
475 476 -0.691275744658
475 515 0.029460469854
476 477 0.618088858169
476 516 0.174719776685
477 478 -0.497893378328
477 517 0.953425653502
478 479 0.882563942158
478 518 -0.25737527652
479 480 -0.982116170986
479 519 -0.352480523424
480 520 0.908682175661
481 482 0.418263501562
481 521 0.0818737086051
482 483 -0.465321989252
482 522 0.550069856613
483 484 0.34057939235
483 523 -0.458873183227
484 485 0.268920671905
484 524 0.735584952872
485 486 0.634789202439
485 525 0.587702111631
486 487 -0.950000406076
486 526 -0.894777297853
487 488 0.105972930702
487 527 -0.389061837807
488 489 0.498063665771
488 528 -0.778320614328
489 490 -0.767209142655
489 529 -0.298851833349
490 491 -0.405312789623
490 530 -0.77614869463
491 492 -0.155685098691
491 531 -0.908574798923
492 493 0.0120122262395
492 532 0.757412073452
493 494 0.715338854036
493 533 -0.150351900462
494 495 -0.301744901868
494 534 -0.270398920447
495 496 -0.421272963573
495 535 -0.937277036496
496 497 -0.687859438166
496 536 0.679438490757
497 498 0.990806161514
497 537 0.0412136399916
498 499 -0.346758653721
498 538 0.236518517344
499 500 -0.811559805488
499 539 -0.598948710638
500 501 -0.632480667559
500 540 -0.109157894749
501 502 0.142010099554
501 541 0.817361047337
502 503 0.430182041317
502 542 -0.446774134771
503 504 0.038828440416
503 543 -0.913801802992
504 505 -0.620005754895
504 544 0.323363185902
505 506 0.973632057757
505 545 -0.832999006049
506 507 -0.118386311524
506 546 0.646306291688
507 508 0.885794296935
507 547 -0.971702398598
508 509 -0.914580083158
508 548 0.174929323918
509 510 -0.733583224394
509 549 0.936066258957
510 511 -0.83424254279
510 550 -0.203884367692
511 512 0.505253035453
511 551 0.681132948062
512 513 0.966929931725
512 552 0.894338328963
513 514 -0.694272098789
513 553 -0.570485420159
514 515 0.281536393572
514 554 0.603750766179
515 516 0.0336900070413
515 555 -0.658903194733
516 517 -0.62974676919
516 556 0.931099824165
517 518 0.146963862728
517 557 -0.106058347802
518 519 -0.73720502525
518 558 0.380754723672
519 520 -0.39472180861
519 559 0.0508263370881
520 560 0.106644254921
521 522 -0.750351651239
521 561 0.915294590939
522 523 -0.641187308921
522 562 0.566513342675
523 524 -0.971387096919
523 563 -0.805739217259
524 525 0.303387551687
524 564 -0.742811960476
525 526 0.340354007515
525 565 0.553516361701
526 527 0.356733040236
526 566 -0.492248885968
527 528 -0.484612892144
527 567 0.81983742477
528 529 0.826456938382
528 568 0.806154250685
529 530 0.360416262087
529 569 0.570859884742
530 531 0.705900920606
530 570 0.0669459361148
531 532 0.865733837278
531 571 -0.890059648362
532 533 -0.36079503187
532 572 -0.359879808288
533 534 0.498841744746
533 573 0.854343262612
534 535 0.869000946959
534 574 -0.22955965175
535 536 -0.787252985688
535 575 0.05363580836
536 537 0.682268577665
536 576 0.120595694338
537 538 -0.477254428146
537 577 -0.293319833493
538 539 0.683721074724
538 578 0.674934576751
539 540 0.557377322063
539 579 -0.988700748322
540 541 -0.149068087083
540 580 -0.0574558037259
541 542 0.835144725029
541 581 -0.754627834753
542 543 -0.830450254463
542 582 -0.582478510239
543 544 -0.00476039486159
543 583 -0.261947028643
544 545 0.977638055695
544 584 -0.444638827873
545 546 -0.948655172954
545 585 0.000810248333441
546 547 -0.27424390917
546 586 -0.70486846137
547 548 -0.189404985222
547 587 -0.892524177764
548 549 -0.134670649647
548 588 -0.00435344066368
549 550 0.875100216954
549 589 0.299657186285
550 551 0.378890192361
550 590 0.321020035898
551 552 0.798385105536
551 591 -0.618898447832
552 553 -0.611318439285
552 592 -0.668377802585
553 554 0.338811819349
553 593 -0.032370855743
554 555 0.71298850298
554 594 -0.747097510798
555 556 -0.516848707117
555 595 0.831410055824
556 557 0.125025969369
556 596 0.968049001776
557 558 -0.866076048819
557 597 -0.109519180835
558 559 0.47934268606
558 598 -0.277460612464
559 560 -0.0839449233589
559 599 0.838502844201
560 600 0.784025866463
561 562 -0.19348740253
561 601 -0.566097679353
562 563 0.215992641669
562 602 -0.916502247693
563 564 -0.162324589162
563 603 -0.758903545965
564 565 -0.822523440811
564 604 0.354932756245
565 566 0.376289684217
565 605 -0.142470475116
566 567 -0.695890046218
566 606 -0.604833932923
567 568 0.0230099764623
567 607 -0.760826649153
568 569 0.968230229604
568 608 -0.773970039109
569 570 -0.204594981664
569 609 0.481537777071
570 571 0.6036587688
570 610 -0.104961988075
571 572 0.599853370485
571 611 0.953791598689
572 573 -0.872133719825
572 612 -0.187764526263
573 574 -0.366090315888
573 613 0.635365263765
574 575 0.0260212655586
574 614 -0.270995024399
575 576 -0.594142988447
575 615 -0.446028597096
576 577 -0.424744471021
576 616 -0.441015556561
577 578 0.66836998838
577 617 0.33803404705
578 579 -0.507907162391
578 618 -0.390289829028
579 580 0.327382550983
579 619 -0.965167256982
580 581 -0.380968657265
580 620 -0.512810082992
581 582 -0.239547802554
581 621 -0.624426301355
582 583 -0.652272924338
582 622 -0.870125001782
583 584 -0.53099700956
583 623 0.678661371816
584 585 0.29812773517
584 624 0.0221287428999
585 586 0.651875381176
585 625 0.986871678597
586 587 -0.0434595274776
586 626 -0.451618654288
587 588 0.572684248929
587 627 0.42305954963
588 589 -0.587589684697
588 628 0.942955843502
589 590 -0.0322716378219
589 629 0.127300039383
590 591 -0.303685867722
590 630 0.160899843004
591 592 -0.221390285132
591 631 -0.770235762355
592 593 -0.0510724330022
592 632 0.375184970633
593 594 0.365498828034
593 633 0.208129947228
594 595 0.272187586881
594 634 0.671797352995
595 596 0.757518739227
595 635 0.250021643793
596 597 0.81519829888
596 636 0.0980228179438
597 598 0.000579460350167
597 637 0.696657380467
598 599 0.552896997191
598 638 0.335048371939
599 600 0.351999092554
599 639 -0.846301344731
600 640 -0.176705193674
601 602 0.434551692907
601 641 0.988414876844
602 603 0.122550264383
602 642 0.336275469654
603 604 -0.585822004904
603 643 0.490110931574
604 605 -0.288811807625
604 644 -0.370547307108
605 606 0.660289975875
605 645 0.831780127684
606 607 0.636566599456
606 646 0.783522981193
607 608 0.141171980128
607 647 -0.500071211703
608 609 -0.234394677564
608 648 -0.450076524441
609 610 -0.254647833791
609 649 -0.804801319228
610 611 0.817079298021
610 650 0.814318632845
611 612 0.487346611333
611 651 -0.475683301103
612 613 -0.632214496855
612 652 0.163063248938
613 614 0.225278118123
613 653 -0.491303640372
614 615 0.963674199864
614 654 -0.615584608316
615 616 -0.848996566311
615 655 0.134410748541
616 617 -0.333457502179
616 656 -0.228382697044
617 618 -0.0895112493857
617 657 0.418551078816
618 619 -0.693465104299
618 658 0.974105643866
619 620 0.35893432515
619 659 -0.47830383482
620 621 -0.434951846004
620 660 0.0671508880235
621 622 0.862147612066
621 661 -0.0676032506655
622 623 0.933818613723
622 662 -0.632824609339
623 624 -0.850119122695
623 663 0.219717977529
624 625 0.864900282641
624 664 -0.191105761314
625 626 -0.417171095293
625 665 0.407871828299
626 627 0.815230562785
626 666 0.948205733525
627 628 0.0227618726918
627 667 0.0235042192274
628 629 0.786858441782
628 668 0.497330921768
629 630 0.89283324791
629 669 -0.498398175824
630 631 -0.478139163219
630 670 -0.681264340491
631 632 -0.720348034354
631 671 -0.191650592272
632 633 0.802208142323
632 672 0.482886690813
633 634 0.666892967644
633 673 -0.55818412033
634 635 -0.140643076204
634 674 0.508993678011
635 636 0.537550548227
635 675 0.351038088113
636 637 -0.205881569782
636 676 0.79009947046
637 638 -0.411665249823
637 677 -0.545931488374
638 639 -0.714918701716
638 678 -0.0614583719192
639 640 0.92627975595
639 679 0.18267963785
640 680 -0.785031776048
641 642 -0.488771888798
641 681 0.342618863879
642 643 0.876785213333
642 682 0.572011717624
643 644 -0.0886240088755
643 683 -0.772980730824
644 645 0.780107279847
644 684 0.727830755192
645 646 0.554883588205
645 685 -0.828300684989
646 647 -0.09136145887
646 686 0.481684834213
647 648 -0.98920991311
647 687 0.144205626504
648 649 0.697419863392
648 688 0.798283492389
649 650 -0.966056066359
649 689 -0.716632861697
650 651 -0.120351744209
650 690 0.697557116844
651 652 0.507594560812
651 691 -0.0956361653571
652 653 -0.095685140089
652 692 -0.572989239036
653 654 0.40021687716
653 693 -0.741175926174
654 655 -0.702919646535
654 694 -0.311546979553
655 656 0.049003568666
655 695 0.778413952858
656 657 0.325069760234
656 696 -0.381363556246
657 658 -0.524502673534
657 697 0.891691848758
658 659 -0.770235935736
658 698 -0.898272028759
659 660 0.616123698751
659 699 0.162596532446
660 661 0.602255206829
660 700 0.350567532778
661 662 0.913023635271
661 701 -0.463844450722
662 663 -0.981728228819
662 702 0.623922932245
663 664 0.167712795138
663 703 -0.640728685906
664 665 -0.529657565175
664 704 -0.40042511912
665 666 -0.262244542519
665 705 -0.502987530157
666 667 -0.305106728525
666 706 0.563979596638
667 668 0.880786299937
667 707 -0.752808230597
668 669 0.395355268245
668 708 0.143715462221
669 670 0.613114455081
669 709 0.177382184242
670 671 0.639222308527
670 710 -0.216920586085
671 672 0.502315510821
671 711 -0.289900003554
672 673 0.515890249572
672 712 -0.617751860979
673 674 -0.654057362354
673 713 -0.499794271571
674 675 -0.480705565594
674 714 -0.102906750349
675 676 0.18284931063
675 715 -0.587639406383
676 677 -0.996904997161
676 716 -0.482502754414
677 678 0.0746980046486
677 717 0.544767589567
678 679 -0.567383424194
678 718 -0.98899642274
679 680 -0.764564710782
679 719 0.402974952681
680 720 -0.587656955421
681 682 0.198011826278
681 721 0.434664291111
682 683 0.500860943042
682 722 -0.00589804833089
683 684 -0.569352670056
683 723 0.860486508335
684 685 0.611324643419
684 724 -0.285353476675
685 686 0.89935896155
685 725 -0.0457485979791
686 687 0.150062967648
686 726 -0.0229696977838
687 688 -0.283601210227
687 727 0.366565537763
688 689 0.010385727979
688 728 -0.55743509549
689 690 0.974146831799
689 729 -0.615923334233
690 691 0.615361335644
690 730 0.191108443292
691 692 -0.337925288446
691 731 0.745702022915
692 693 -0.966376774949
692 732 0.98317899142
693 694 -0.182956490164
693 733 -0.807396847852
694 695 -0.867048195866
694 734 0.48403317444
695 696 -0.284991851969
695 735 0.251167408977
696 697 0.609629768556
696 736 -0.815603093197
697 698 -0.343814158364
697 737 0.88605871902
698 699 0.925710493278
698 738 -0.853976594312
699 700 -0.394842062336
699 739 0.386338452219
700 701 0.130919395737
700 740 0.868257210523
701 702 -0.186082800122
701 741 0.32010293691
702 703 -0.0393800663908
702 742 -0.948173032716
703 704 -0.1965934011
703 743 -0.391658505929
704 705 0.842769937414
704 744 0.454072517224
705 706 0.703102171185
705 745 -0.458280884954
706 707 0.374596983609
706 746 0.153964349698
707 708 0.502573183076
707 747 -0.200134962861
708 709 0.336262775163
708 748 -0.672565051424
709 710 -0.140434066751
709 749 -0.456288827831
710 711 -0.288422929738
710 750 0.380622610351
711 712 -0.905609159311
711 751 0.15626601248
712 713 -0.325932566479
712 752 -0.401220406582
713 714 0.73175141964
713 753 -0.388980255381
714 715 -0.585404570981
714 754 -0.129426800047
715 716 -0.266892652667
715 755 -0.237336457662
716 717 0.332260744679
716 756 -0.465232707799
717 718 -0.192592570788
717 757 -0.580007201158
718 719 0.342560292338
718 758 0.303666699737
719 720 0.0467494944721
719 759 0.40870836654
720 760 -0.456915826066
721 722 0.87469906929
721 761 -0.296380462921
722 723 -0.914534996694
722 762 0.633734992891
723 724 -0.984210504118
723 763 0.283743678846
724 725 0.281562511055
724 764 0.19766509472
725 726 0.77098047344
725 765 -0.830089272326
726 727 0.288799100698
726 766 0.89661755613
727 728 0.227989271924
727 767 -0.652566001945
728 729 -0.903496483467
728 768 0.761928040002
729 730 -0.983995159166
729 769 0.136891372496
730 731 -0.348656867979
730 770 -0.510413205082
731 732 0.612789405489
731 771 -0.432447647593
732 733 0.952592076075
732 772 -0.758546200787
733 734 -0.69672192194
733 773 -0.39211702909
734 735 -0.854402196457
734 774 0.616342968875
735 736 -0.0170190779862
735 775 -0.366686836221
736 737 0.827497059202
736 776 -0.375196426453
737 738 0.289457629281
737 777 -0.812941005435
738 739 -0.469392265825
738 778 -0.899047407577
739 740 -0.8154965936
739 779 -0.893725200851
740 741 -0.0975690078087
740 780 0.751811740976
741 742 -0.243917752922
741 781 0.997660188444
742 743 0.625812574784
742 782 0.728061225803
743 744 0.583027592019
743 783 0.0807798073212
744 745 -0.213186669911
744 784 -0.0912372828547
745 746 -0.679666061204
745 785 0.465512545827
746 747 -0.590533571291
746 786 0.124791058169
747 748 0.545701637589
747 787 -0.666510361031
748 749 0.0533269580162
748 788 0.416734373224
749 750 -0.612626735776
749 789 0.620485405597
750 751 0.8098299604
750 790 -0.529468629785
751 752 0.500170187432
751 791 0.679025762602
752 753 -0.68043711098
752 792 -0.102652799499
753 754 -0.16485179107
753 793 -0.437863970695
754 755 -0.231045978164
754 794 0.447463986923
755 756 -0.424822825964
755 795 0.812015801472
756 757 0.0938655179518
756 796 -0.000722278473363
757 758 -0.875324234604
757 797 0.605053084138
758 759 -0.732652511799
758 798 -0.242340390059
759 760 0.635652154914
759 799 -0.729646635609
760 800 -0.457086915916
761 762 -0.492731805057
761 801 -0.195054981926
762 763 -0.972752511616
762 802 0.10008237143
763 764 0.289325055284
763 803 0.360502560754
764 765 -0.528915288307
764 804 0.179392525114
765 766 0.876464152276
765 805 -0.370286150322
766 767 0.604886009809
766 806 -0.179142081302
767 768 -0.39728017695
767 807 0.431738680593
768 769 0.896828477641
768 808 0.509353124405
769 770 -0.0354054215576
769 809 -0.404179277447
770 771 0.476860413089
770 810 0.51356589432
771 772 -0.447638291656
771 811 -0.1093873592
772 773 0.753279462331
772 812 0.977015809441
773 774 0.465689213654
773 813 -0.729759928576
774 775 0.908869545332
774 814 0.0414281105169
775 776 0.881846415234
775 815 -0.0500934422933
776 777 0.459647752621
776 816 0.00710648957551
777 778 -0.270787108691
777 817 -0.938735763465
778 779 0.846345208547
778 818 0.0385487813047
779 780 -0.161802266465
779 819 0.28112507037
780 781 -0.241593261027
780 820 0.343278552829
781 782 -0.503108415365
781 821 -0.0160831820373
782 783 0.396249593663
782 822 -0.289579789354
783 784 0.890214125937
783 823 0.708903437395
784 785 0.389743605256
784 824 -0.280586412694
785 786 0.00931775101947
785 825 0.512070175395
786 787 -0.922709063118
786 826 -0.88415454951
787 788 -0.608852835958
787 827 0.982577046875
788 789 0.793010067085
788 828 -0.77364460542
789 790 -0.798552002012
789 829 -0.0741010393266
790 791 -0.597902156765
790 830 -0.920854514661
791 792 0.498887612107
791 831 0.424685225029
792 793 0.0891922691262
792 832 -0.735830446496
793 794 0.165322112125
793 833 0.163437426551
794 795 -0.832526461093
794 834 0.854842608171
795 796 0.539858192553
795 835 0.307200415792
796 797 0.794755618403
796 836 0.0947801682721
797 798 -0.248120955772
797 837 0.562601274892
798 799 0.843745245133
798 838 0.576174373959
799 800 -0.0745877333736
799 839 -0.581957702668
800 840 -0.992298779388
801 802 0.49302143437
801 841 0.448141134823
802 803 0.13359354265
802 842 -0.774163330426
803 804 0.156306928853
803 843 0.569056429343
804 805 0.994013264932
804 844 -0.895050726008
805 806 -0.157876036382
805 845 0.370676976584
806 807 -0.497180086144
806 846 -0.994752496144
807 808 -0.138629600677
807 847 -0.730554564325
808 809 0.647968124507
808 848 -0.377996496501
809 810 0.86121632312
809 849 0.403614926173
810 811 -0.959923296299
810 850 0.50581078908
811 812 -0.769770901171
811 851 -0.250939117478
812 813 -0.498187871357
812 852 0.677291823787
813 814 0.900731584211
813 853 -0.232136982887
814 815 0.691801254918
814 854 0.283109097196
815 816 -0.469631757427
815 855 0.653688748395
816 817 -0.913705545471
816 856 -0.417471459764
817 818 0.486395775721
817 857 -0.874208590623
818 819 0.845167322552
818 858 0.303271566018
819 820 0.402802167117
819 859 0.966655287154
820 821 -0.844761231756
820 860 0.269533647728
821 822 0.133779827341
821 861 -0.21878926769
822 823 0.285555446137
822 862 0.00149891482168
823 824 0.311803492972
823 863 -0.0684530958313
824 825 0.379438648647
824 864 -0.879658016787
825 826 -0.282926464693
825 865 0.698797413843
826 827 -0.424455214095
826 866 -0.795137500892
827 828 0.756567356163
827 867 -0.109207407006
828 829 -0.807627236003
828 868 0.183488308675
829 830 0.404018216974
829 869 0.280251889197
830 831 -0.0342426503994
830 870 -0.662710143624
831 832 -0.176352424168
831 871 -0.707293719411
832 833 -0.79944659058
832 872 0.72684539949
833 834 0.465319634768
833 873 0.135646213362
834 835 0.965079802631
834 874 -0.993682527018
835 836 0.729597498268
835 875 -0.435362170746
836 837 -0.118736532777
836 876 0.760757873495
837 838 0.472276798507
837 877 0.861782388441
838 839 -0.329415547589
838 878 0.381955933875
839 840 -0.908192270194
839 879 0.0286484746849
840 880 0.370154530099
841 842 -0.187784407883
841 881 0.97875969656
842 843 -0.874447520337
842 882 0.149448449934
843 844 0.643694364499
843 883 0.293658670682
844 845 -0.524959132227
844 884 -0.33802646615
845 846 -0.818371506082
845 885 -0.583969910428
846 847 -0.417443906126
846 886 0.958407342662
847 848 -0.652088650318
847 887 0.451352135526
848 849 -0.74201877236
848 888 -0.798357104589
849 850 -0.171570198796
849 889 -0.952643263461
850 851 -0.588328928432
850 890 -0.416427616547
851 852 -0.0128482085644
851 891 0.355791298482
852 853 0.0442294473656
852 892 0.0501785302384
853 854 -0.46514066125
853 893 -0.532393261411
854 855 -0.408743191699
854 894 0.593081633569
855 856 -0.826732909765
855 895 -0.616835961082
856 857 0.279656227331
856 896 0.937150417464
857 858 0.952573657963
857 897 -0.31205554622
858 859 0.157132674747
858 898 -0.185369221332
859 860 -0.595928064714
859 899 -0.335358549806
860 861 0.300917501741
860 900 0.404560546672
861 862 -0.764938631539
861 901 -0.8109865822
862 863 0.891974163207
862 902 0.0615098527753
863 864 -0.390735261442
863 903 -0.212752096197
864 865 -0.284837467957
864 904 0.736457154974
865 866 0.229333941303
865 905 0.760984235358
866 867 -0.206944679054
866 906 0.110067186649
867 868 -0.422599655669
867 907 -0.627384600316
868 869 -0.938282292846
868 908 0.574044196548
869 870 0.00896725652224
869 909 -0.0324813740977
870 871 -0.870508222501
870 910 0.839700427584
871 872 0.79476557566
871 911 -0.614547601436
872 873 -0.903783281389
872 912 -0.642627745596
873 874 -0.0416817282485
873 913 0.0918244970133
874 875 0.404083535822
874 914 -0.858514231519
875 876 0.649373558617
875 915 -0.453233873276
876 877 -0.934680096442
876 916 -0.0541688217855
877 878 -0.741804109623
877 917 -0.170786909325
878 879 -0.269311712151
878 918 -0.798019484051
879 880 -0.886414634286
879 919 -0.737510773204
880 920 0.793823232982
881 882 -0.0990014385097
881 921 -0.252383131799
882 883 -0.0290294684186
882 922 -0.39715580573
883 884 -0.64072073832
883 923 0.45254600721
884 885 0.601868380476
884 924 -0.112641118708
885 886 0.16602222855
885 925 -0.229496776308
886 887 -0.152230126458
886 926 0.0801677032136
887 888 0.248904679312
887 927 0.110811276953
888 889 0.343944770666
888 928 -0.716249144769
889 890 0.381467831408
889 929 0.345896194225
890 891 0.568962187755
890 930 0.239241169765
891 892 -0.865083358943
891 931 -0.679132327669
892 893 -0.823088761783
892 932 -0.0917546696231
893 894 -0.330435726656
893 933 -0.419369590665
894 895 0.92885104723
894 934 0.779343975038
895 896 0.833785128328
895 935 -0.637545921743
896 897 0.636669707263
896 936 0.994209698649
897 898 -0.537439772901
897 937 -0.354930798863
898 899 -0.473899903061
898 938 0.58857151052
899 900 -0.338853491331
899 939 -0.808892080312
900 901 0.954657920597
900 940 0.72187421957
901 902 0.0540957576577
901 941 -0.988780743879
902 903 0.753577710556
902 942 -0.1060271333
903 904 -0.26607806339
903 943 0.85199622923
904 905 -0.710798371153
904 944 0.492960611316
905 906 0.122488032382
905 945 -0.877555957002
906 907 -0.486654590501
906 946 -0.866869221153
907 908 -0.361341453786
907 947 0.0264008044584
908 909 0.101814843295
908 948 0.453328767166
909 910 -0.464218908675
909 949 -0.659903897676
910 911 0.282613340738
910 950 -0.625980543026
911 912 0.665319684481
911 951 -0.57854663929
912 913 0.956023151723
912 952 -0.850059072654
913 914 0.113832320631
913 953 0.25244085073
914 915 -0.958190264997
914 954 0.570807883379
915 916 -0.572276479519
915 955 0.939099781126
916 917 0.170749627487
916 956 0.310219810007
917 918 -0.781040093965
917 957 0.891769527373
918 919 -0.772880671217
918 958 -0.571406987551
919 920 -0.00398479991436
919 959 -0.609907664983
920 960 -0.448289217694
921 922 0.419257212338
921 961 -0.835082893377
922 923 -0.920408883907
922 962 0.267788272948
923 924 -0.430575824474
923 963 0.682953103084
924 925 -0.874552973891
924 964 -0.363486432468
925 926 -0.7872009776
925 965 -0.9798300477
926 927 -0.87266063483
926 966 -0.715578010811
927 928 -0.888432204746
927 967 -0.223037463864
928 929 0.846072677127
928 968 -0.510178660979
929 930 -0.32490919549
929 969 0.944644886145
930 931 0.816333516782
930 970 0.834323846319
931 932 -0.241353283122
931 971 -0.0614523451664
932 933 0.982595977659
932 972 -0.734233822669
933 934 -0.768387599574
933 973 -0.611847462197
934 935 -0.34566976533
934 974 -0.0165312971217
935 936 -0.173150852716
935 975 0.726203397175
936 937 -0.152241515556
936 976 0.225479486928
937 938 0.613914048665
937 977 -0.235431777786
938 939 -0.539496458566
938 978 -0.861049022182
939 940 -0.640887155068
939 979 -0.668560031557
940 941 -0.770896956142
940 980 0.952025109207
941 942 -0.998848158055
941 981 0.575552145743
942 943 -0.320723514019
942 982 -0.455534911467
943 944 0.832845615191
943 983 0.182535617994
944 945 0.216689934612
944 984 -0.86034988393
945 946 0.148716176145
945 985 0.284256715949
946 947 0.618603762256
946 986 -0.67382918199
947 948 -0.907709370966
947 987 -0.793839277412
948 949 -0.287351715173
948 988 0.28426640825
949 950 0.0522475562862
949 989 -0.853066719922
950 951 0.74285655476
950 990 -0.435372195702
951 952 0.195415241825
951 991 0.872085560931
952 953 -0.138311772295
952 992 0.0264913413088
953 954 0.727170084605
953 993 0.996552149048
954 955 0.273708535778
954 994 0.644621849022
955 956 -0.384779773171
955 995 0.782050401909
956 957 -0.541592115251
956 996 -0.353928803865
957 958 -0.785937932756
957 997 0.121675220557
958 959 0.0911555815984
958 998 -0.996799231251
959 960 -0.0785535955256
959 999 0.0968324712853
960 1000 0.698605205278
961 962 -0.203254162377
961 1001 0.541761932616
962 963 -0.751328633599
962 1002 -0.976788311169
963 964 0.140334292114
963 1003 -0.829464756266
964 965 0.661038593141
964 1004 0.476894503758
965 966 0.792280040769
965 1005 0.33605076438
966 967 0.971189815001
966 1006 0.0714546410784
967 968 -0.10853334839
967 1007 0.168695221989
968 969 0.496130837924
968 1008 0.222085916864
969 970 0.842355391924
969 1009 0.00506311294945
970 971 -0.693226650896
970 1010 -0.355850876475
971 972 0.916899969793
971 1011 0.782683230671
972 973 0.714598245026
972 1012 0.76412048256
973 974 0.738730475755
973 1013 0.275969052793
974 975 -0.922090915518
974 1014 0.400336953903
975 976 0.74360453492
975 1015 -0.251214789495
976 977 -0.387578639325
976 1016 -0.495846327805
977 978 0.719917130873
977 1017 0.440330469158
978 979 0.131605175108
978 1018 -0.63127397457
979 980 -0.951859455867
979 1019 0.762275984304
980 981 0.0455559981395
980 1020 0.655252256006
981 982 0.02599701271
981 1021 0.727212229002
982 983 -0.949065052328
982 1022 -0.557614003005
983 984 0.700848472132
983 1023 0.944301541288
984 985 0.566528230966
984 1024 0.836743790671
985 986 0.898252927817
985 1025 -0.548849330724
986 987 0.681681075661
986 1026 -0.296810061338
987 988 0.34179169043
987 1027 -0.68595743974
988 989 -0.444738733671
988 1028 -0.30027496196
989 990 0.773062231459
989 1029 -0.563339851527
990 991 0.0155974835925
990 1030 0.993881968293
991 992 -0.0862687267735
991 1031 0.680883818202
992 993 -0.268077816094
992 1032 -0.76228537966
993 994 -0.497741432859
993 1033 0.625073545731
994 995 0.399269207054
994 1034 -0.354946129321
995 996 -0.0144879899236
995 1035 0.455370612771
996 997 -0.695050363468
996 1036 -0.0920104002872
997 998 0.467463880689
997 1037 -0.888794659131
998 999 0.0539493829111
998 1038 -0.278668151447
999 1000 -0.263820192867
999 1039 -0.913022749323
1000 1040 -0.13732187247
1001 1002 0.529501967001
1001 1041 -0.432281232885
1002 1003 -0.446666822643
1002 1042 -0.396908919812
1003 1004 0.821904392708
1003 1043 -0.0750881775917
1004 1005 -0.44233018989
1004 1044 0.457200306012
1005 1006 -0.352136530722
1005 1045 0.772133672003
1006 1007 -0.557681425134
1006 1046 0.283874786246
1007 1008 0.392174557886
1007 1047 0.435771113604
1008 1009 -0.31023252962
1008 1048 0.262460998543
1009 1010 0.693159856471
1009 1049 0.704038569361
1010 1011 0.360657315996
1010 1050 0.490876637764
1011 1012 0.259318661296
1011 1051 0.61608256491
1012 1013 -0.828755259275
1012 1052 0.433048106283
1013 1014 -0.484511083841
1013 1053 0.794099813848
1014 1015 -0.479440666029
1014 1054 -0.184899564965
1015 1016 0.157131064641
1015 1055 0.850291623075
1016 1017 -0.969849450242
1016 1056 -0.579546922377
1017 1018 -0.578274576399
1017 1057 -0.209909871175
1018 1019 -0.454332592662
1018 1058 0.789063631905
1019 1020 -0.585602894831
1019 1059 -0.244912052054
1020 1021 0.0264502807395
1020 1060 0.884670991284
1021 1022 -0.307698743002
1021 1061 0.823327552273
1022 1023 0.942753091731
1022 1062 -0.517416727844
1023 1024 0.791638797124
1023 1063 -0.814013864832
1024 1025 -0.641762983372
1024 1064 -0.251479896317
1025 1026 0.0181144146319
1025 1065 -0.882469490861
1026 1027 0.523906343044
1026 1066 0.202836574574
1027 1028 -0.203014009523
1027 1067 -0.492207598172
1028 1029 -0.230240790429
1028 1068 0.528596857372
1029 1030 -0.701225134997
1029 1069 0.87725390701
1030 1031 0.626316813966
1030 1070 -0.00809863544292
1031 1032 0.132917278268
1031 1071 -0.295666459438
1032 1033 -0.143551442586
1032 1072 -0.641311408064
1033 1034 -0.382285985419
1033 1073 -0.466205993596
1034 1035 -0.23149617022
1034 1074 0.613099587796
1035 1036 -0.000581018536964
1035 1075 -0.0506655846356
1036 1037 -0.554800956196
1036 1076 -0.825835080942
1037 1038 -0.665568617994
1037 1077 0.905409206814
1038 1039 0.574818999678
1038 1078 0.0212717362301
1039 1040 -0.992709124119
1039 1079 0.313915901404
1040 1080 -0.255669308488
1041 1042 -0.620915619259
1041 1081 -0.0574980705294
1042 1043 -0.639364736993
1042 1082 -0.866044073837
1043 1044 0.885807402512
1043 1083 -0.919015435791
1044 1045 -0.360613119914
1044 1084 -0.694917233943
1045 1046 0.934444609103
1045 1085 -0.836917733342
1046 1047 0.453696952371
1046 1086 0.00822686309296
1047 1048 0.183982565865
1047 1087 -0.458555311555
1048 1049 -0.964134520397
1048 1088 0.52891494525
1049 1050 -0.26159291059
1049 1089 0.985998010628
1050 1051 -0.344250457677
1050 1090 -0.467250341454
1051 1052 -0.965070325815
1051 1091 -0.184776116846
1052 1053 -0.977917739439
1052 1092 -0.267233698352
1053 1054 0.410227442677
1053 1093 -0.270488119686
1054 1055 -0.295260571799
1054 1094 -0.808108944344
1055 1056 0.354995722681
1055 1095 0.019702316246
1056 1057 -0.0677115065255
1056 1096 -0.596876101613
1057 1058 -0.578175302881
1057 1097 0.651548280537
1058 1059 0.423797005283
1058 1098 -0.796678077132
1059 1060 0.815237420374
1059 1099 0.87648157246
1060 1061 0.725311113614
1060 1100 0.986092382746
1061 1062 0.825307671359
1061 1101 0.182779811218
1062 1063 -0.0411685115875
1062 1102 -0.803716127494
1063 1064 0.429555956472
1063 1103 -0.471751487445
1064 1065 0.578861814652
1064 1104 0.946237083627
1065 1066 0.487715619028
1065 1105 0.439095012489
1066 1067 -0.311694209294
1066 1106 -0.930387132979
1067 1068 -0.438926330707
1067 1107 0.921548147655
1068 1069 0.960882525663
1068 1108 -0.116828074979
1069 1070 -0.205513415309
1069 1109 -0.629079545578
1070 1071 0.126214618061
1070 1110 0.515210494449
1071 1072 -0.560645880956
1071 1111 -0.853006882048
1072 1073 0.0501039111785
1072 1112 0.853192075935
1073 1074 0.793455500366
1073 1113 -0.647490369722
1074 1075 -0.567877853887
1074 1114 -0.427135261707
1075 1076 0.6591275056
1075 1115 -0.212756011542
1076 1077 0.446996438177
1076 1116 0.196909765536
1077 1078 0.716046203666
1077 1117 0.639189992535
1078 1079 -0.753800655237
1078 1118 -0.156142567606
1079 1080 0.6894949129
1079 1119 -0.241222973919
1080 1120 -0.000160417933119
1081 1082 -0.330387910995
1081 1121 0.469470087427
1082 1083 0.558467907052
1082 1122 -0.198503051543
1083 1084 -0.785090060801
1083 1123 0.511439175414
1084 1085 0.969756785712
1084 1124 -0.4767399052
1085 1086 -0.479039395478
1085 1125 0.0593431011489
1086 1087 -0.342344854311
1086 1126 0.444397303873
1087 1088 -0.18338200879
1087 1127 0.551275922387
1088 1089 -0.656054812566
1088 1128 0.224813012303
1089 1090 -0.221349211992
1089 1129 0.521347435147
1090 1091 0.624294309213
1090 1130 -0.999931316001
1091 1092 0.853432848102
1091 1131 0.172502899415
1092 1093 0.747576680199
1092 1132 0.769237080797
1093 1094 0.963989295688
1093 1133 -0.476431381642
1094 1095 -0.789731927221
1094 1134 0.441359144747
1095 1096 0.203928997519
1095 1135 -0.969273319565
1096 1097 0.869050121151
1096 1136 -0.622549955706
1097 1098 -0.541340971841
1097 1137 -0.444833965882
1098 1099 0.806800072514
1098 1138 0.812997310059
1099 1100 0.857659851768
1099 1139 0.602553977578
1100 1101 0.227275120344
1100 1140 -0.518763556626
1101 1102 -0.187192797894
1101 1141 -0.0467624739097
1102 1103 -0.361732632004
1102 1142 0.602805396645
1103 1104 -0.84197453284
1103 1143 -0.774502582915
1104 1105 0.206091010798
1104 1144 0.841367182103
1105 1106 0.352784726235
1105 1145 -0.271734449953
1106 1107 0.264011806721
1106 1146 -0.680803763023
1107 1108 -0.360428537921
1107 1147 -0.837442746739
1108 1109 0.813538703746
1108 1148 -0.831490636407
1109 1110 -0.121305715231
1109 1149 0.409991119752
1110 1111 0.61151189715
1110 1150 -0.734685503232
1111 1112 -0.0159992873596
1111 1151 0.947077830823
1112 1113 0.61734296348
1112 1152 0.207530059263
1113 1114 0.117420609273
1113 1153 0.787416662495
1114 1115 -0.578685384042
1114 1154 -0.561614033495
1115 1116 -0.981875164423
1115 1155 0.710357950094
1116 1117 -0.079982203143
1116 1156 -0.333206023208
1117 1118 0.456188195702
1117 1157 0.335507290145
1118 1119 -0.635284882103
1118 1158 0.529442111333
1119 1120 -0.0664141010262
1119 1159 -0.764868020213
1120 1160 -0.743919627932
1121 1122 -0.62178576893
1121 1161 -0.337791851758
1122 1123 -0.508370297386
1122 1162 0.047544375712
1123 1124 -0.916444831543
1123 1163 -0.0968736903111
1124 1125 0.217254418678
1124 1164 0.835169822729
1125 1126 0.841296408059
1125 1165 -0.533887252089
1126 1127 -0.739596037234
1126 1166 0.440986334869
1127 1128 -0.0688446102608
1127 1167 -0.192136442579
1128 1129 -0.764786420248
1128 1168 0.14079217874
1129 1130 -0.0883320796424
1129 1169 -0.770513866453
1130 1131 0.741982878963
1130 1170 -0.19816500794
1131 1132 -0.892853931925
1131 1171 0.261065856652
1132 1133 0.947345220341
1132 1172 -0.0851994570111
1133 1134 -0.13392307889
1133 1173 0.021818575412
1134 1135 -0.00459721684478
1134 1174 0.307619903166
1135 1136 -0.886639613653
1135 1175 0.181082646789
1136 1137 0.795806748252
1136 1176 0.916835937712
1137 1138 0.506392608318
1137 1177 0.345961485656
1138 1139 0.875612220433
1138 1178 0.06598300252
1139 1140 0.272549204043
1139 1179 0.780720992385
1140 1141 0.967366712959
1140 1180 -0.27257985082
1141 1142 -0.41379403605
1141 1181 0.502649436281
1142 1143 0.0934041248656
1142 1182 0.766178840169
1143 1144 0.259423590748
1143 1183 -0.0977649945047
1144 1145 0.246110923778
1144 1184 -0.570680270608
1145 1146 0.701124191912
1145 1185 -0.385260432258
1146 1147 0.855719009322
1146 1186 0.581504732662
1147 1148 -0.198637623567
1147 1187 0.365664991598
1148 1149 -0.653604870756
1148 1188 -0.764225893639
1149 1150 -0.551087928824
1149 1189 -0.801634744187
1150 1151 -0.297754652154
1150 1190 0.848973163776
1151 1152 -0.346871022254
1151 1191 -0.728485567563
1152 1153 0.572450643347
1152 1192 0.908827871285
1153 1154 -0.0747966743535
1153 1193 -0.172334835247
1154 1155 -0.0385864674499
1154 1194 0.0889762074305
1155 1156 0.484166818686
1155 1195 0.496920230676
1156 1157 0.21893459423
1156 1196 -0.688554690335
1157 1158 0.493365337056
1157 1197 -0.980546896604
1158 1159 0.597215477182
1158 1198 0.34715175679
1159 1160 -0.400156358617
1159 1199 0.116980655686
1160 1200 0.659101552654
1161 1162 0.688456841645
1161 1201 0.230048068645
1162 1163 -0.490028612214
1162 1202 0.703816923609
1163 1164 0.632171663921
1163 1203 -0.161604521698
1164 1165 0.28598071582
1164 1204 -0.146440939446
1165 1166 0.870701602309
1165 1205 0.80225597366
1166 1167 -0.104507156176
1166 1206 0.0331330440046
1167 1168 0.709060084185
1167 1207 0.990193306124
1168 1169 0.467311847296
1168 1208 0.59316478044
1169 1170 0.120633749249
1169 1209 0.414185519408
1170 1171 -0.00170637208743
1170 1210 0.87347637191
1171 1172 -0.280750591127
1171 1211 0.0224168763883
1172 1173 -0.43663003227
1172 1212 0.0171389679646
1173 1174 0.824917067937
1173 1213 0.0933334661954
1174 1175 0.190380862474
1174 1214 -0.174274602802
1175 1176 0.263197590409
1175 1215 0.206392368324
1176 1177 0.646705106832
1176 1216 0.107943393439
1177 1178 -0.633126355643
1177 1217 0.846710168093
1178 1179 -0.24868266994
1178 1218 0.681492391146
1179 1180 0.925715771887
1179 1219 0.801524340328
1180 1181 -0.930384868988
1180 1220 0.0887756753981
1181 1182 0.293176654199
1181 1221 0.24839248998
1182 1183 0.642053672531
1182 1222 0.351931849341
1183 1184 0.179516730767
1183 1223 -0.442794373196
1184 1185 -0.976077427465
1184 1224 0.880143918511
1185 1186 -0.395440878825
1185 1225 0.210160969755
1186 1187 0.723648805803
1186 1226 -0.548700820309
1187 1188 -0.317542649418
1187 1227 0.491360539633
1188 1189 -0.0606758788743
1188 1228 -0.812620470383
1189 1190 -0.0650951532977
1189 1229 0.591622264205
1190 1191 -0.683447625848
1190 1230 -0.314686574781
1191 1192 -0.381185741653
1191 1231 -0.428436782057
1192 1193 0.642691507999
1192 1232 -0.643431907552
1193 1194 0.582682236498
1193 1233 0.562044308296
1194 1195 0.199002099799
1194 1234 0.63970084664
1195 1196 0.283585479029
1195 1235 0.26142740565
1196 1197 -0.961055892131
1196 1236 0.861050596725
1197 1198 0.656290330715
1197 1237 -0.136674474833
1198 1199 -0.140488702179
1198 1238 -0.258118505071
1199 1200 0.440076581153
1199 1239 0.231132550458
1200 1240 -0.0945348528422
1201 1202 0.770528159475
1201 1241 0.953106040815
1202 1203 -0.0329928438193
1202 1242 0.246299902272
1203 1204 -0.620081755089
1203 1243 0.686821170949
1204 1205 -0.205568040075
1204 1244 -0.902186809266
1205 1206 -0.323587765992
1205 1245 -0.549529005617
1206 1207 0.253610873516
1206 1246 0.719187380306
1207 1208 -0.159647494521
1207 1247 0.268387570748
1208 1209 -0.727481950215
1208 1248 -0.0463166295564
1209 1210 0.223885556852
1209 1249 -0.402271846604
1210 1211 0.0771849113275
1210 1250 -0.0587905467041
1211 1212 -0.482516287494
1211 1251 -0.721897897957
1212 1213 -0.133172860855
1212 1252 0.329073998234
1213 1214 0.496698358559
1213 1253 -0.762885896032
1214 1215 -0.746889686525
1214 1254 -0.569813815495
1215 1216 -0.392051000365
1215 1255 0.103507568621
1216 1217 0.0691956202574
1216 1256 -0.18644033313
1217 1218 0.220007609045
1217 1257 0.142220453094
1218 1219 0.867727800013
1218 1258 0.61489325151
1219 1220 -0.192485654628
1219 1259 0.607596473256
1220 1221 0.117764194079
1220 1260 -0.432655940015
1221 1222 -0.239748416855
1221 1261 0.643334256538
1222 1223 0.769499024576
1222 1262 0.98015741673
1223 1224 -0.0150500780813
1223 1263 0.289892125337
1224 1225 -0.874980157389
1224 1264 0.460889368055
1225 1226 -0.886150240034
1225 1265 -0.0773976874769
1226 1227 0.0297001605921
1226 1266 -0.686708156996
1227 1228 -0.869993012351
1227 1267 0.722092810941
1228 1229 0.523585507063
1228 1268 -0.112296683578
1229 1230 0.712368738354
1229 1269 0.188118759883
1230 1231 0.62526655973
1230 1270 -0.361868426488
1231 1232 0.528823688454
1231 1271 -0.215660609684
1232 1233 0.650841490797
1232 1272 -0.194829783624
1233 1234 -0.753822954964
1233 1273 -0.937855446501
1234 1235 -0.261215086793
1234 1274 0.314300077879
1235 1236 -0.890361819314
1235 1275 -0.0157053966262
1236 1237 0.611934934377
1236 1276 -0.353102656733
1237 1238 -0.305696573025
1237 1277 -0.287038332786
1238 1239 -0.69071621953
1238 1278 -0.135017592092
1239 1240 0.517577732032
1239 1279 0.8269391307
1240 1280 0.135490928531
1241 1242 0.673817185814
1241 1281 -0.638350747828
1242 1243 0.946145009759
1242 1282 -0.290504940916
1243 1244 -0.785507362716
1243 1283 -0.42396282313
1244 1245 -0.837506794638
1244 1284 -0.0986390235596
1245 1246 -0.633287692079
1245 1285 -0.890045017428
1246 1247 -0.369445979254
1246 1286 0.392231194524
1247 1248 0.822590830401
1247 1287 -0.691058951294
1248 1249 -0.177926531653
1248 1288 -0.201822883344
1249 1250 0.776515905482
1249 1289 0.585793012213
1250 1251 0.39772366631
1250 1290 -0.18332433549
1251 1252 -0.271486758309
1251 1291 -0.804502533029
1252 1253 0.873058653666
1252 1292 -0.102635482103
1253 1254 0.734927271772
1253 1293 0.942958243188
1254 1255 -0.575888680849
1254 1294 0.561309662009
1255 1256 0.00756373599313
1255 1295 -0.446936090626
1256 1257 -0.26757569557
1256 1296 0.424736386148
1257 1258 -0.54998706307
1257 1297 -0.589086023365
1258 1259 0.885405831274
1258 1298 -0.82781111961
1259 1260 -0.319542492226
1259 1299 -0.89938151376
1260 1261 -0.446290361565
1260 1300 -0.0999889920668
1261 1262 0.0383275870056
1261 1301 -0.307726086457
1262 1263 -0.539276110584
1262 1302 -0.156334079449
1263 1264 0.784511054788
1263 1303 0.0736557563553
1264 1265 0.825944640835
1264 1304 0.839097879295
1265 1266 -0.543545066091
1265 1305 0.260620657644
1266 1267 0.564606418237
1266 1306 -0.633487292875
1267 1268 -0.326652509356
1267 1307 0.428746368621
1268 1269 -0.13909901617
1268 1308 0.547479136392
1269 1270 -0.458346940374
1269 1309 -0.0740400237265
1270 1271 0.421421691014
1270 1310 -0.411490400741
1271 1272 -0.70794508498
1271 1311 0.25435696841
1272 1273 -0.142755590024
1272 1312 0.242478001062
1273 1274 -0.824818421144
1273 1313 -0.902344188287
1274 1275 -0.130813303433
1274 1314 0.197743651979
1275 1276 -0.147173023166
1275 1315 -0.299445384449
1276 1277 -0.393138846958
1276 1316 0.164828531616
1277 1278 0.244675902169
1277 1317 0.515470831966
1278 1279 0.945864930935
1278 1318 -0.0888674491196
1279 1280 0.954455244429
1279 1319 -0.935536158165
1280 1320 0.00562127772342
1281 1282 0.236821016909
1281 1321 -0.0477822534533
1282 1283 -0.550708731559
1282 1322 0.957427611253
1283 1284 -0.566062423194
1283 1323 -0.0714655532988
1284 1285 0.844638699924
1284 1324 -0.533261093927
1285 1286 0.912159898819
1285 1325 -0.706376212649
1286 1287 -0.766826635592
1286 1326 -0.122868843131
1287 1288 -0.417616047667
1287 1327 0.294520045484
1288 1289 0.661329834322
1288 1328 -0.624570382924
1289 1290 -0.201362779766
1289 1329 -0.449424913298
1290 1291 0.176256213036
1290 1330 0.474488163802
1291 1292 -0.227140497207
1291 1331 0.856608527306
1292 1293 0.760571114988
1292 1332 0.624788489626
1293 1294 0.776435417617
1293 1333 -0.584549999854
1294 1295 0.69615220523
1294 1334 0.955271855043
1295 1296 0.894835547946
1295 1335 -0.812416810985
1296 1297 0.52128923919
1296 1336 0.106558394559
1297 1298 0.347709138422
1297 1337 -0.184542826933
1298 1299 -0.968144721975
1298 1338 0.355950177821
1299 1300 -0.0458665423264
1299 1339 0.613152035582
1300 1301 0.019531587737
1300 1340 -0.774530202583
1301 1302 -0.780008915509
1301 1341 -0.716689183737
1302 1303 -0.148079167342
1302 1342 -0.341301849649
1303 1304 0.462481964413
1303 1343 -0.237856433141
1304 1305 0.261493091668
1304 1344 0.280703748053
1305 1306 -0.0645846228158
1305 1345 0.59778806651
1306 1307 0.442787583852
1306 1346 -0.647969400025
1307 1308 -0.0632765007631
1307 1347 -0.589221846515
1308 1309 0.00248355838603
1308 1348 -0.249834814088
1309 1310 -0.318238915852
1309 1349 -0.997018179572
1310 1311 0.387565162963
1310 1350 0.628254019689
1311 1312 0.991109731565
1311 1351 0.0870304856451
1312 1313 0.262569129335
1312 1352 -0.331459874416
1313 1314 0.437232347013
1313 1353 -0.493892079722
1314 1315 0.60835186553
1314 1354 -0.71083202465
1315 1316 0.785280123649
1315 1355 0.177299268259
1316 1317 0.569716000661
1316 1356 0.680325808247
1317 1318 -0.813926278177
1317 1357 0.0347261924612
1318 1319 0.617610339782
1318 1358 0.450591712742
1319 1320 0.0547567631668
1319 1359 -0.36343462721
1320 1360 -0.465624295942
1321 1322 -0.191686690655
1321 1361 0.483767375098
1322 1323 0.174148842002
1322 1362 0.963362777475
1323 1324 -0.360819226089
1323 1363 0.818188351308
1324 1325 0.737718474288
1324 1364 0.612454013005
1325 1326 0.915546583589
1325 1365 -0.32174486441
1326 1327 0.434354781837
1326 1366 0.779844551409
1327 1328 -0.643259136729
1327 1367 -0.439793523237
1328 1329 0.523033701327
1328 1368 0.471589685286
1329 1330 0.641766649148
1329 1369 -0.462764092538
1330 1331 -0.730620829045
1330 1370 0.380053447488
1331 1332 0.10006636604
1331 1371 -0.56557535037
1332 1333 -0.61804375525
1332 1372 0.321632852405
1333 1334 0.876062430567
1333 1373 -0.371240012483
1334 1335 0.229156202181
1334 1374 0.170138119169
1335 1336 0.977114499474
1335 1375 -0.945372190408
1336 1337 -0.482713050902
1336 1376 -0.933030333138
1337 1338 0.10056415733
1337 1377 -0.71699875309
1338 1339 -0.59090603395
1338 1378 0.373996438537
1339 1340 -0.778690953203
1339 1379 -0.718047772428
1340 1341 0.960360642643
1340 1380 -0.204309814617
1341 1342 -0.0810456303567
1341 1381 0.68122993256
1342 1343 0.815451291684
1342 1382 0.725530652881
1343 1344 0.0397347373287
1343 1383 -0.222146953167
1344 1345 -0.972868970492
1344 1384 0.88638861048
1345 1346 0.327864330558
1345 1385 0.568516187133
1346 1347 -0.123731794952
1346 1386 0.287891560994
1347 1348 -0.544513963595
1347 1387 -0.918605805885
1348 1349 0.439334809229
1348 1388 0.214805871305
1349 1350 -0.564253615322
1349 1389 0.231016354332
1350 1351 -0.216400568745
1350 1390 0.962071598872
1351 1352 0.671408522429
1351 1391 0.986268448511
1352 1353 0.755501997589
1352 1392 -0.672932272594
1353 1354 -0.531110506208
1353 1393 0.851604754324
1354 1355 -0.743652607242
1354 1394 -0.264858849795
1355 1356 0.913058952065
1355 1395 0.810040446885
1356 1357 0.350248757136
1356 1396 0.516063279688
1357 1358 0.356051750575
1357 1397 0.457228876273
1358 1359 -0.111647539526
1358 1398 0.783054095613
1359 1360 0.899574711197
1359 1399 0.149361970137
1360 1400 0.584803191777
1361 1362 0.651866578338
1361 1401 0.366459660975
1362 1363 0.937332160631
1362 1402 0.410207871443
1363 1364 0.571254755529
1363 1403 0.411501369113
1364 1365 -0.651691949036
1364 1404 -0.375245072311
1365 1366 -0.881375922853
1365 1405 0.638462678411
1366 1367 0.114307802099
1366 1406 0.26676546384
1367 1368 0.87240590839
1367 1407 -0.370215030744
1368 1369 -0.155134138919
1368 1408 -0.725907269298
1369 1370 -0.479295606409
1369 1409 -0.463933168405
1370 1371 -0.370953352553
1370 1410 -0.451545788027
1371 1372 0.478400723006
1371 1411 0.470745901556
1372 1373 0.693941266503
1372 1412 0.305317481669
1373 1374 -0.892805591927
1373 1413 -0.892402852476
1374 1375 0.0835974353991
1374 1414 0.658824726932
1375 1376 -0.494590195206
1375 1415 -0.57116714126
1376 1377 0.0660083419357
1376 1416 -0.822599602249
1377 1378 -0.298539336445
1377 1417 0.121999119777
1378 1379 -0.290363370947
1378 1418 0.204561559551
1379 1380 0.731308466295
1379 1419 0.482909297046
1380 1381 -0.207692005129
1380 1420 0.452543649409
1381 1382 -0.0283743709755
1381 1421 -0.813082029333
1382 1383 -0.337700193759
1382 1422 0.29019757583
1383 1384 0.174501774203
1383 1423 -0.910259896829
1384 1385 -0.657423869581
1384 1424 0.18503035921
1385 1386 -0.299522806389
1385 1425 0.0257667874361
1386 1387 -0.38761688076
1386 1426 -0.226843599389
1387 1388 0.72338054733
1387 1427 0.0218204431524
1388 1389 0.499190226492
1388 1428 -0.276947931941
1389 1390 -0.264311425433
1389 1429 -0.215033924687
1390 1391 0.266302162959
1390 1430 -0.410347828877
1391 1392 0.690560158752
1391 1431 0.146013315625
1392 1393 0.599138338422
1392 1432 -0.551032027794
1393 1394 0.385502899092
1393 1433 0.717003320225
1394 1395 0.0260743366507
1394 1434 0.301682526752
1395 1396 0.930359686717
1395 1435 0.524683102234
1396 1397 0.033274832097
1396 1436 0.937296941605
1397 1398 -0.562091822697
1397 1437 -0.850815861352
1398 1399 -0.389556581818
1398 1438 -0.569930160486
1399 1400 0.840259512794
1399 1439 -0.831291714257
1400 1440 0.236837428823
1401 1402 -0.721456789018
1401 1441 0.405650114797
1402 1403 -0.961228382038
1402 1442 0.225660778904
1403 1404 -0.720193099319
1403 1443 0.223642670324
1404 1405 -0.143205499571
1404 1444 0.718547380426
1405 1406 0.60680503198
1405 1445 -0.0733511485365
1406 1407 0.0644814362395
1406 1446 -0.308481656582
1407 1408 -0.807882578547
1407 1447 -0.00133999770919
1408 1409 0.408963443391
1408 1448 0.750096537924
1409 1410 0.212660759456
1409 1449 -0.450698817014
1410 1411 -0.0705743422763
1410 1450 -0.603323734036
1411 1412 0.595618828142
1411 1451 0.362221444606
1412 1413 0.665816241069
1412 1452 -0.0825166306923
1413 1414 0.949163544091
1413 1453 -0.0978118527673
1414 1415 0.684888111835
1414 1454 -0.483831835353
1415 1416 -0.754807310428
1415 1455 -0.364073160965
1416 1417 -0.924686994074
1416 1456 0.188321798524
1417 1418 0.469537205721
1417 1457 0.382616586289
1418 1419 -0.461285387579
1418 1458 -0.61758729766
1419 1420 -0.347579311439
1419 1459 0.220240623573
1420 1421 -0.34245491535
1420 1460 -0.372412507943
1421 1422 0.160718654498
1421 1461 0.506817380325
1422 1423 0.588658742352
1422 1462 0.695424746715
1423 1424 -0.249438586816
1423 1463 0.553685110111
1424 1425 0.560730391047
1424 1464 0.412136541162
1425 1426 0.531514845971
1425 1465 0.148696894395
1426 1427 -0.53686599005
1426 1466 0.647196616768
1427 1428 0.412936679448
1427 1467 0.819058458219
1428 1429 -0.204016642208
1428 1468 0.838736667942
1429 1430 0.48246974183
1429 1469 -0.575476763982
1430 1431 -0.313943088648
1430 1470 0.912740374411
1431 1432 0.422621281681
1431 1471 -0.0258444697916
1432 1433 -0.328794816951
1432 1472 0.0538977604539
1433 1434 0.449302492062
1433 1473 0.698166470494
1434 1435 -0.646402221308
1434 1474 0.511379291738
1435 1436 -0.325316055563
1435 1475 0.397930222002
1436 1437 -0.164200973201
1436 1476 -0.132823647804
1437 1438 -0.0714897635834
1437 1477 -0.808629247604
1438 1439 0.79101370568
1438 1478 0.799644767273
1439 1440 -0.97997668056
1439 1479 0.990978552496
1440 1480 -0.678496173689
1441 1442 -0.882325419672
1441 1481 -0.614669050498
1442 1443 -0.50088166192
1442 1482 -0.741128585492
1443 1444 0.702990053965
1443 1483 0.847536930287
1444 1445 0.268311871581
1444 1484 0.649588229847
1445 1446 0.54470925473
1445 1485 0.497638431941
1446 1447 0.691537107061
1446 1486 0.148507989371
1447 1448 -0.847961573768
1447 1487 -0.498043174769
1448 1449 -0.648271806342
1448 1488 -0.764876590306
1449 1450 0.716656244084
1449 1489 -0.432709653
1450 1451 0.855944339681
1450 1490 0.844156612481
1451 1452 0.957953934903
1451 1491 -0.647242376393
1452 1453 -0.0512314956968
1452 1492 0.520173313184
1453 1454 0.837186558495
1453 1493 -0.927039288604
1454 1455 -0.714827220521
1454 1494 0.88965070235
1455 1456 -0.338438179041
1455 1495 -0.875440253171
1456 1457 -0.849348326656
1456 1496 -0.110217744568
1457 1458 -0.787811689368
1457 1497 0.109991818104
1458 1459 -0.545736839653
1458 1498 0.426678209702
1459 1460 -0.759527617502
1459 1499 0.336269580484
1460 1461 0.0934223721135
1460 1500 -0.412008322642
1461 1462 0.597835256211
1461 1501 0.454465936567
1462 1463 0.896125597843
1462 1502 0.963623953154
1463 1464 0.288753208418
1463 1503 0.553538277419
1464 1465 -0.557681481903
1464 1504 0.160977873103
1465 1466 0.338010261632
1465 1505 0.0559305018594
1466 1467 -0.0643986568886
1466 1506 0.515764511242
1467 1468 0.789500534481
1467 1507 -0.476531527137
1468 1469 -0.948513140549
1468 1508 -0.321653931817
1469 1470 0.273109302853
1469 1509 0.0326076442836
1470 1471 0.847456834731
1470 1510 0.544655752967
1471 1472 0.187832221193
1471 1511 0.680182869503
1472 1473 0.475814131933
1472 1512 0.776325893835
1473 1474 -0.202454145971
1473 1513 -0.11403905551
1474 1475 0.0997565611115
1474 1514 -0.0298603266921
1475 1476 0.61995283559
1475 1515 0.176888185806
1476 1477 0.0895302634579
1476 1516 0.385799533919
1477 1478 0.415435069361
1477 1517 -0.508708690069
1478 1479 0.199723103034
1478 1518 0.982578753931
1479 1480 0.741368312056
1479 1519 0.447466840174
1480 1520 0.0935936224068
1481 1482 0.84958752991
1481 1521 -0.189795085272
1482 1483 -0.267477730194
1482 1522 -0.599812989772
1483 1484 0.324421174183
1483 1523 -0.482041052462
1484 1485 -0.0058958193972
1484 1524 0.164921480484
1485 1486 -0.0986156897739
1485 1525 -0.433257121022
1486 1487 -0.478101952125
1486 1526 0.59422329272
1487 1488 0.910343891069
1487 1527 0.683055528809
1488 1489 -0.578791540107
1488 1528 -0.113044029641
1489 1490 0.893768731698
1489 1529 -0.21699111651
1490 1491 0.279629481796
1490 1530 -0.279921295931
1491 1492 -0.169219184039
1491 1531 -0.00813013098936
1492 1493 0.215745529685
1492 1532 0.734349520669
1493 1494 0.515734515781
1493 1533 -0.726099095107
1494 1495 0.35544161146
1494 1534 0.668072515705
1495 1496 0.313421626184
1495 1535 -0.995016468273
1496 1497 0.212548521563
1496 1536 -0.513406882938
1497 1498 0.321750333962
1497 1537 0.68520832651
1498 1499 0.551592846266
1498 1538 -0.909277812958
1499 1500 0.442266822453
1499 1539 0.854230154138
1500 1501 0.262801160921
1500 1540 0.0611313111296
1501 1502 0.548337749017
1501 1541 -0.730094293611
1502 1503 -0.357851673679
1502 1542 0.429269954816
1503 1504 -0.258578958777
1503 1543 0.137433405239
1504 1505 -0.323705706634
1504 1544 0.881991440534
1505 1506 0.777654693555
1505 1545 0.421132731719
1506 1507 0.742512168467
1506 1546 -0.260145561386
1507 1508 -0.419958392807
1507 1547 -0.872819275488
1508 1509 -0.386326183943
1508 1548 0.773514459149
1509 1510 -0.417437797199
1509 1549 0.794763852826
1510 1511 0.723890171799
1510 1550 0.935846462174
1511 1512 -0.27357022215
1511 1551 -0.961553212512
1512 1513 -0.476288874525
1512 1552 0.909608848778
1513 1514 -0.0244211788239
1513 1553 0.985691127588
1514 1515 -0.832844434282
1514 1554 0.870798393236
1515 1516 -0.647158080196
1515 1555 -0.449711900349
1516 1517 0.598337619052
1516 1556 0.62488747641
1517 1518 0.242157993137
1517 1557 0.194429890081
1518 1519 0.291657983928
1518 1558 -0.49801455923
1519 1520 0.923005535826
1519 1559 -0.547479964753
1520 1560 0.93059219266
1521 1522 -0.703416934798
1521 1561 0.364574261349
1522 1523 0.532962827351
1522 1562 0.868362330166
1523 1524 -0.446400650885
1523 1563 0.270955983718
1524 1525 -0.0921755322955
1524 1564 -0.483456653699
1525 1526 -0.715020994787
1525 1565 0.820167615408
1526 1527 0.669021335209
1526 1566 -0.0942299368844
1527 1528 -0.702538606641
1527 1567 -0.50760305702
1528 1529 -0.0790503195808
1528 1568 0.51386577027
1529 1530 0.429475739359
1529 1569 -0.64793105025
1530 1531 -0.0364672855129
1530 1570 0.0370294886465
1531 1532 -0.593329203144
1531 1571 -0.233910606317
1532 1533 -0.123837372949
1532 1572 0.679482566831
1533 1534 -0.3856652533
1533 1573 -0.102584046334
1534 1535 0.584223091186
1534 1574 0.120858428601
1535 1536 0.338730016794
1535 1575 0.913239719037
1536 1537 0.837020306011
1536 1576 -0.154952400869
1537 1538 -0.264870018235
1537 1577 0.61512335406
1538 1539 0.235632650457
1538 1578 0.99742671731
1539 1540 -0.705385979785
1539 1579 -0.515586060426
1540 1541 0.748568640062
1540 1580 0.547117699047
1541 1542 -0.412090011834
1541 1581 0.79268735647
1542 1543 -0.617080300376
1542 1582 0.557566782073
1543 1544 0.0407598745605
1543 1583 -0.768790592333
1544 1545 0.701239858096
1544 1584 -0.917794723152
1545 1546 0.495717517895
1545 1585 0.644688692387
1546 1547 -0.064391913476
1546 1586 0.993720154088
1547 1548 -0.889674368296
1547 1587 0.197244244659
1548 1549 -0.667249594738
1548 1588 0.613116625881
1549 1550 0.0784040623387
1549 1589 -0.0187138762948
1550 1551 0.00946365261337
1550 1590 -0.551092122242
1551 1552 -0.895997771186
1551 1591 -0.0175750178823
1552 1553 -0.267786402684
1552 1592 0.330442626381
1553 1554 -0.169427701519
1553 1593 -0.830311649485
1554 1555 -0.231592818915
1554 1594 -0.505433368762
1555 1556 0.630385682107
1555 1595 -0.805868824495
1556 1557 0.955233418451
1556 1596 0.994156987582
1557 1558 -0.537756325493
1557 1597 0.107154441573
1558 1559 -0.576422710594
1558 1598 -0.215573051129
1559 1560 -0.827191289277
1559 1599 -0.0495283058844
1560 1600 -0.787069734221
1561 1562 -0.673022498471
1562 1563 -0.947195203882
1563 1564 0.448812217715
1564 1565 0.236673256518
1565 1566 -0.841788504755
1566 1567 0.359228317752
1567 1568 -0.890480765348
1568 1569 -0.671536137759
1569 1570 -0.648497309018
1570 1571 -0.871652334572
1571 1572 0.884697415467
1572 1573 0.272096441225
1573 1574 0.662812172214
1574 1575 -0.977151833606
1575 1576 0.806286058732
1576 1577 -0.76092179646
1577 1578 -0.999580685262
1578 1579 0.844675104777
1579 1580 -0.428603537495
1580 1581 -0.426041240857
1581 1582 0.493590384691
1582 1583 0.0481095001174
1583 1584 0.77782418875
1584 1585 0.599963408238
1585 1586 -0.761131650538
1586 1587 0.561756991921
1587 1588 -0.797278542181
1588 1589 0.0610164852167
1589 1590 -0.586015868149
1590 1591 0.914337999804
1591 1592 -0.795879339196
1592 1593 0.482454866591
1593 1594 -0.507854608842
1594 1595 0.209774786909
1595 1596 0.600241980167
1596 1597 0.688608109413
1597 1598 0.813551335057
1598 1599 0.149754364608
1599 1600 -0.564669126613
