1 2 -0.847383421252
1 41 0.55983758448
2 3 -0.668997199068
2 42 -0.170196454853
3 4 -0.978840186123
3 43 0.661280651988
4 5 0.69381312092
4 44 -0.157492582801
5 6 -0.524326452594
5 45 0.329181511098
6 7 0.614110638144
6 46 -0.0310620959227
7 8 0.920289383242
7 47 0.787902526943
8 9 -0.137863357087
8 48 0.0243765363836
9 10 0.417097659499
9 49 -0.873978704452
10 11 -0.520133835286
10 50 0.465783854391
11 12 -0.532180505472
11 51 -0.86952303261
12 13 0.618710640848
12 52 -0.789412565415
13 14 0.963842668998
13 53 0.696222169585
14 15 0.533660354708
14 54 0.51269286931
15 16 -0.987730781612
15 55 0.300336013242
16 17 0.356331520197
16 56 0.535158951501
17 18 0.429877808768
17 57 0.209137363882
18 19 -0.417320978442
18 58 0.38900829854
19 20 0.782142206029
19 59 0.548625786385
20 21 -0.507992266389
20 60 0.0728133104148
21 22 -0.378485178186
21 61 0.20645075697
22 23 -0.359612901043
22 62 -0.913925236467
23 24 -0.611770882802
23 63 -0.730229682795
24 25 0.798261260753
24 64 -0.390970899624
25 26 -0.899050097433
25 65 0.108685453407
26 27 0.197904563647
26 66 0.462440895059
27 28 0.379754262354
27 67 0.862848734054
28 29 0.288895993446
28 68 0.405777317906
29 30 -0.824353257828
29 69 -0.0663623581342
30 31 0.0141067592138
30 70 -0.824373320008
31 32 -0.430279511761
31 71 0.115038695498
32 33 -0.365787048617
32 72 -0.703424864441
33 34 0.255952268702
33 73 0.19868767647
34 35 0.372186951711
34 74 0.6108839342
35 36 -0.308262117247
35 75 0.778678222655
36 37 0.941510565725
36 76 0.65416649866
37 38 -0.599796503747
37 77 0.558512519907
38 39 0.269805946672
38 78 -0.0835091470003
39 40 -0.110918940008
39 79 0.570364305827
40 80 -0.0234222210763
41 42 -0.123181537118
41 81 0.446930355662
42 43 -0.103758684995
42 82 0.549800751628
43 44 0.85322587554
43 83 -0.0827930404641
44 45 0.78467491451
44 84 0.670937122295
45 46 -0.251600205077
45 85 0.550965106453
46 47 -0.296596646519
46 86 -0.247505171795
47 48 -0.591492042893
47 87 -0.492374090585
48 49 -0.500076833442
48 88 -0.240215166615
49 50 -0.884582485543
49 89 0.864999074444
50 51 -0.838139234984
50 90 0.0649492718665
51 52 -0.455752555601
51 91 0.264304284803
52 53 0.902491217654
52 92 -0.0704698771737
53 54 0.372256196508
53 93 -0.252751697399
54 55 -0.13379419884
54 94 0.833200597035
55 56 0.507979840056
55 95 0.778582397944
56 57 -0.239789190235
56 96 0.915423695236
57 58 -0.585501544144
57 97 -0.479573932336
58 59 0.710948603773
58 98 -0.543934333666
59 60 0.277013835677
59 99 0.0398730543293
60 61 -0.507899962788
60 100 0.318922261117
61 62 -0.188935967217
61 101 0.783195739495
62 63 0.323265047301
62 102 -0.249260742463
63 64 -0.704392893029
63 103 0.882542712208
64 65 0.147561057418
64 104 0.918094177684
65 66 0.00834938531696
65 105 -0.251647070252
66 67 0.487419824655
66 106 0.348996311535
67 68 0.864056664106
67 107 -0.426141225809
68 69 0.311583402539
68 108 -0.596371503568
69 70 0.130445672891
69 109 -0.618474334575
70 71 -0.923674503878
70 110 0.892061170608
71 72 0.047109808609
71 111 0.0489862818679
72 73 0.513879255309
72 112 0.45512054303
73 74 -0.594895172019
73 113 -0.0910053854716
74 75 0.512511361975
74 114 0.635882515505
75 76 -0.711369490547
75 115 0.647829845061
76 77 -0.088202743736
76 116 -0.481850037153
77 78 -0.260122936884
77 117 -0.603912010891
78 79 -0.414798878158
78 118 0.510847716494
79 80 -0.754268336919
79 119 0.240167385313
80 120 0.371466672458
81 82 0.955979023993
81 121 0.0769917408209
82 83 0.592781401565
82 122 0.0447802560032
83 84 0.542884689127
83 123 0.732398068169
84 85 -0.801304971681
84 124 0.292508218898
85 86 -0.608451341355
85 125 -0.0467454132139
86 87 0.962390715191
86 126 -0.775574429737
87 88 0.921755698272
87 127 0.139995294251
88 89 -0.793262054617
88 128 0.317643123549
89 90 0.612491756682
89 129 -0.492637906373
90 91 0.316222212393
90 130 -0.580553909294
91 92 0.821782651928
91 131 -0.996584243915
92 93 -0.336700283481
92 132 0.557089789474
93 94 -0.815844896994
93 133 -0.410632379562
94 95 -0.698249422256
94 134 -0.116956894577
95 96 0.426302865529
95 135 0.193689673698
96 97 -0.0344114702587
96 136 -0.464360189566
97 98 0.479493043889
97 137 -0.956613335029
98 99 -0.745668124655
98 138 0.920062697746
99 100 0.955209890795
99 139 -0.482825676496
100 101 0.772674101144
100 140 0.600246327863
101 102 -0.423190026193
101 141 -0.74381535989
102 103 0.0873807950087
102 142 -0.602745930673
103 104 -0.302583493057
103 143 -0.0887775201036
104 105 -0.553186467948
104 144 -0.69975282112
105 106 -0.305357577911
105 145 0.0773424773568
106 107 0.10692428769
106 146 -0.132690506714
107 108 -0.710002292322
107 147 0.983459633771
108 109 0.744063712202
108 148 -0.163605273244
109 110 0.535316590758
109 149 -0.84782423869
110 111 -0.164085369601
110 150 -0.563004846459
111 112 -0.312014253501
111 151 -0.127914915721
112 113 0.643680317417
112 152 -0.141224338597
113 114 -0.995100603106
113 153 0.566606722256
114 115 -0.881802062994
114 154 -0.838273474542
115 116 0.0886279207798
115 155 -0.557531281369
116 117 -0.679474218176
116 156 -0.908331164738
117 118 -0.255244349542
117 157 -0.487401106559
118 119 -0.0683478197805
118 158 -0.510704027194
119 120 -0.239035024267
119 159 0.715068342072
120 160 0.92851639254
121 122 0.00224092731988
121 161 -0.85589773328
122 123 -0.0787394076734
122 162 0.556427203088
123 124 0.219229596669
123 163 0.745254366288
124 125 -0.379010867009
124 164 0.508106393966
125 126 -0.792882839273
125 165 -0.576019651734
126 127 0.778047791138
126 166 0.715217746853
127 128 -0.262953414621
127 167 -0.0669114170498
128 129 -0.214788859065
128 168 -0.676948801051
129 130 -0.316583816387
129 169 0.651839399602
130 131 -0.344739756902
130 170 0.101018153462
131 132 0.634968939124
131 171 0.528929586741
132 133 -0.487054752326
132 172 -0.707126743134
133 134 0.48199294902
133 173 -0.156757270729
134 135 -0.261425689504
134 174 0.0923720509613
135 136 -0.313831409672
135 175 -0.512332132721
136 137 0.985696470667
136 176 -0.440958303862
137 138 0.91133341134
137 177 -0.910137029964
138 139 -0.145119254658
138 178 0.069982050364
139 140 0.411033020786
139 179 -0.827512038719
140 141 0.572835505428
140 180 -0.573572114216
141 142 -0.969876400499
141 181 -0.659353010587
142 143 -0.961294769762
142 182 -0.806284964069
143 144 0.505887985813
143 183 0.574348626854
144 145 0.898526144039
144 184 0.751819074912
145 146 -0.87832162481
145 185 -0.354269150363
146 147 0.603708383234
146 186 -0.734446222669
147 148 0.0203765606555
147 187 0.353923801206
148 149 0.869666466088
148 188 -0.968718871473
149 150 0.149739737269
149 189 0.620005997844
150 151 0.577713219322
150 190 0.0519212075678
151 152 0.747415655153
151 191 0.839958849624
152 153 -0.962193224104
152 192 0.799138621898
153 154 -0.0893354967591
153 193 -0.444830493667
154 155 -0.733793125927
154 194 -0.603987887293
155 156 0.752085099579
155 195 0.106142367829
156 157 -0.531221231149
156 196 -0.0232757674322
157 158 -0.499070319727
157 197 0.131681133638
158 159 -0.215797354672
158 198 0.591915827767
159 160 -0.207432260703
159 199 -0.622283549103
160 200 -0.35533874913
161 162 -0.463122039796
161 201 -0.00023499834888
162 163 0.774577903705
162 202 0.349837539734
163 164 -0.952193947715
163 203 -0.456809559481
164 165 0.0852633148955
164 204 -0.0848022506966
165 166 0.870349372689
165 205 -0.367905778984
166 167 -0.551223188125
166 206 -0.301282531664
167 168 -0.455580102644
167 207 0.167154559979
168 169 -0.00521273742756
168 208 -0.583250320494
169 170 0.238470929317
169 209 -0.470164767581
170 171 0.179969917027
170 210 -0.691564887749
171 172 0.381965090509
171 211 -0.744245673544
172 173 -0.483756634159
172 212 0.345061739582
173 174 0.605772067243
173 213 -0.5684070472
174 175 -0.613475476294
174 214 -0.705754216809
175 176 -0.870250812573
175 215 0.638607258679
176 177 -0.118505221432
176 216 0.395476079252
177 178 -0.676671869553
177 217 0.279903198458
178 179 -0.0861199731216
178 218 0.655904690879
179 180 0.243241990792
179 219 -0.609345250872
180 181 -0.932760423206
180 220 -0.592505241691
181 182 -0.810985883931
181 221 0.821434732006
182 183 0.281836569221
182 222 -0.745118122438
183 184 0.391447296153
183 223 0.7838916774
184 185 -0.912605863552
184 224 0.160060734056
185 186 -0.167078211978
185 225 -0.716854523422
186 187 -0.435022405866
186 226 0.563589079823
187 188 0.732932783565
187 227 -0.320201876297
188 189 -0.769764274225
188 228 -0.731543507134
189 190 0.228197875157
189 229 -0.991101990156
190 191 0.323094546536
190 230 -0.783485153986
191 192 0.794882882216
191 231 -0.529869805979
192 193 -0.788858607994
192 232 -0.551692726949
193 194 -0.212662571997
193 233 -0.184086620146
194 195 0.436354393815
194 234 0.0757555603282
195 196 -0.806756007185
195 235 0.733285820774
196 197 -0.00296331393917
196 236 -0.654729373236
197 198 0.340798717162
197 237 -0.50127558451
198 199 -0.882752271972
198 238 -0.355523964316
199 200 -0.311053974713
199 239 0.0499421847508
200 240 -0.612058371595
201 202 0.358459992242
201 241 0.607478072209
202 203 0.600958097997
202 242 0.878222707464
203 204 -0.445560834611
203 243 -0.758735143388
204 205 0.790733569074
204 244 -0.8854928804
205 206 0.78595400818
205 245 0.0486061749712
206 207 0.139119773451
206 246 0.60478540748
207 208 0.45054364478
207 247 0.0308965114764
208 209 -0.415741444067
208 248 -0.751659134277
209 210 -0.10196160812
209 249 0.711119174634
210 211 -0.178450695096
210 250 0.999466028335
211 212 -0.893488854678
211 251 0.473508437113
212 213 -0.798664039569
212 252 -0.0973818545284
213 214 0.647492260182
213 253 0.720223166682
214 215 0.966716669904
214 254 -0.395747645166
215 216 0.120607762393
215 255 -0.424207545268
216 217 0.596278579145
216 256 -0.366701246906
217 218 -0.771240172906
217 257 0.995350792476
218 219 -0.142139692051
218 258 0.514124200956
219 220 -0.981172615887
219 259 0.818416860491
220 221 0.140413097327
220 260 -0.750311966663
221 222 0.359822507801
221 261 0.162049622462
222 223 -0.404917799548
222 262 0.183864687582
223 224 0.0653153842593
223 263 -0.668010624064
224 225 0.29108274137
224 264 0.433722684854
225 226 0.0492469797396
225 265 -0.381154578649
226 227 0.778161262127
226 266 0.32427901895
227 228 0.184484882825
227 267 -0.40191652292
228 229 0.454854873169
228 268 -0.785928822258
229 230 -0.850110757651
229 269 -0.908019423091
230 231 -0.108879584255
230 270 -0.183674339573
231 232 0.269503181809
231 271 0.535491273076
232 233 -0.938451394694
232 272 -0.209143534311
233 234 -0.681022821721
233 273 -0.267307302694
234 235 0.413862573743
234 274 0.198343815631
235 236 -0.455077765186
235 275 0.143170403549
236 237 -0.0912152826368
236 276 -0.117858932698
237 238 0.0998085245432
237 277 -0.940430467451
238 239 0.454781598419
238 278 0.225332732985
239 240 -0.839685920594
239 279 0.727521848562
240 280 0.13334773287
241 242 -0.238117733703
241 281 -0.868127306188
242 243 -0.918688381127
242 282 0.75134344974
243 244 0.821426908576
243 283 -0.939121466669
244 245 0.114635251736
244 284 -0.344177801407
245 246 -0.92193369705
245 285 0.585963364668
246 247 0.900890810676
246 286 0.983617407166
247 248 0.641332669077
247 287 -0.773578929878
248 249 0.56146098233
248 288 -0.441369543449
249 250 -0.998617294736
249 289 0.984787732909
250 251 -0.355130113738
250 290 0.570712121015
251 252 0.28281848307
251 291 -0.260203852103
252 253 -0.528881357072
252 292 0.0913563315375
253 254 0.444394327249
253 293 -0.591971729303
254 255 -0.000596218802936
254 294 0.832536703798
255 256 -0.750700366314
255 295 -0.423277005085
256 257 -0.929464988618
256 296 0.15610349748
257 258 -0.134003495648
257 297 -0.862094267956
258 259 0.0455132940251
258 298 -0.840623019946
259 260 -0.441297955522
259 299 0.980597979841
260 261 -0.799647415689
260 300 0.995695977414
261 262 0.889503916892
261 301 0.236261919388
262 263 -0.453940539962
262 302 -0.0545087201489
263 264 0.224449143187
263 303 -0.0951775821142
264 265 0.232532401018
264 304 0.125007353582
265 266 -0.868809695519
265 305 -0.743816784766
266 267 -0.900271431594
266 306 0.660949780846
267 268 -0.569304116393
267 307 -0.9311468279
268 269 -0.136737345427
268 308 0.0270959063164
269 270 -0.741738439285
269 309 0.0524831479676
270 271 -0.41141851396
270 310 -0.643468949745
271 272 -0.344770228769
271 311 -0.0458142568256
272 273 0.388615853726
272 312 0.857771853288
273 274 0.353042596225
273 313 0.118851672629
274 275 0.119380978988
274 314 -0.628616901472
275 276 0.357806366989
275 315 0.487989965302
276 277 0.618991864675
276 316 0.842606706698
277 278 0.944817160662
277 317 -0.794995937355
278 279 -0.121061490883
278 318 -0.68856716305
279 280 0.302432604079
279 319 -0.374513639713
280 320 -0.170356829437
281 282 -0.423708801384
281 321 0.819187055439
282 283 -0.446873855098
282 322 -0.0484710011515
283 284 0.345122059044
283 323 -0.857320625486
284 285 -0.929453327373
284 324 0.507037037406
285 286 -0.896086209735
285 325 0.653887056728
286 287 -0.437536586236
286 326 -0.615272851318
287 288 0.207305947716
287 327 0.979204594611
288 289 0.911353311811
288 328 -0.189136178206
289 290 0.131867067971
289 329 -0.635959846419
290 291 -0.596772153326
290 330 -0.0776120730928
291 292 -0.308983866474
291 331 -0.934713270962
292 293 -0.723439116446
292 332 0.547932533871
293 294 -0.554217118044
293 333 -0.87141120583
294 295 -0.394696272531
294 334 -0.266807959413
295 296 0.515566994412
295 335 -0.568418752819
296 297 0.183973284163
296 336 0.459129565868
297 298 -0.669958265643
297 337 0.0845186282527
298 299 0.0186609742551
298 338 0.71119751536
299 300 0.359629778413
299 339 0.341733178084
300 301 -0.291299722955
300 340 -0.872812055583
301 302 0.41222291625
301 341 -0.682941320076
302 303 -0.175003947162
302 342 0.554571144447
303 304 0.659203219801
303 343 -0.51407860272
304 305 0.215004468442
304 344 0.239322043705
305 306 -0.344301456137
305 345 0.323660829055
306 307 0.936907584668
306 346 -0.0792590233588
307 308 -0.5285998912
307 347 -0.501327137864
308 309 0.0279241086887
308 348 -0.410544826775
309 310 0.918532634308
309 349 -0.262418263663
310 311 0.747254718462
310 350 0.484797767591
311 312 0.712533535178
311 351 0.406474917877
312 313 0.0964103077641
312 352 -0.825315194644
313 314 0.984225265033
313 353 0.497466298711
314 315 0.720440864873
314 354 0.545667420454
315 316 0.433159133306
315 355 0.66316143423
316 317 0.914573027702
316 356 -0.0259150200664
317 318 0.11782608177
317 357 0.994077003163
318 319 -0.904810532291
318 358 -0.197857621364
319 320 0.21619074981
319 359 0.967434724306
320 360 0.79112715625
321 322 -0.57322929284
321 361 -0.0957520763646
322 323 0.593521913864
322 362 0.43448446455
323 324 -0.27843901243
323 363 -0.163800914645
324 325 0.123481312138
324 364 0.788290673912
325 326 -0.982401778599
325 365 0.348222654693
326 327 -0.024549694665
326 366 0.115127801868
327 328 -0.701841900265
327 367 -0.00992786720845
328 329 -0.689611016636
328 368 0.410425937987
329 330 0.600385611521
329 369 -0.847609623945
330 331 0.0363391081716
330 370 0.192036579852
331 332 0.986868536484
331 371 0.673284304167
332 333 0.847825131611
332 372 -0.361281564504
333 334 -0.897397306615
333 373 0.478139264367
334 335 0.12631025232
334 374 -0.863875249777
335 336 -0.895794627594
335 375 -0.239904509568
336 337 -0.4780311227
336 376 0.641448113308
337 338 0.740590236965
337 377 -0.48590606093
338 339 0.0622339233962
338 378 -0.214417979809
339 340 0.346848542535
339 379 0.9847286656
340 341 0.0230083061476
340 380 0.39486529904
341 342 -0.424819467812
341 381 0.234858362941
342 343 -0.193184304794
342 382 -0.433889720535
343 344 0.354222754796
343 383 -0.979853699268
344 345 -0.815410817325
344 384 -0.652060747803
345 346 0.600485816525
345 385 -0.0275604953748
346 347 -0.219265956045
346 386 -0.295381829531
347 348 0.4944208885
347 387 0.0325083759818
348 349 0.763678705072
348 388 -0.0950459661536
349 350 0.577100237924
349 389 -0.459515956707
350 351 0.127239104119
350 390 -0.453988385546
351 352 0.452425773189
351 391 -0.84041907563
352 353 0.768347595484
352 392 -0.803008688999
353 354 0.656799236984
353 393 -0.705810537094
354 355 0.512015176139
354 394 0.863527546589
355 356 0.541024283758
355 395 -0.622639720141
356 357 0.701979600994
356 396 0.240406304969
357 358 -0.356311326703
357 397 -0.425749131707
358 359 0.376596226017
358 398 -0.46427185063
359 360 0.205612050752
359 399 -0.187479300955
360 400 0.216714399945
361 362 0.862412039378
361 401 -0.950201544899
362 363 -0.705704856117
362 402 0.317496517908
363 364 -0.637191421885
363 403 0.0420282065644
364 365 0.196522455144
364 404 -0.325931441139
365 366 -0.668572150508
365 405 -0.314249523748
366 367 0.313409360787
366 406 -0.784817735371
367 368 0.260290568883
367 407 -0.324941159576
368 369 0.467116296517
368 408 0.762639292047
369 370 -0.17999984126
369 409 0.146264526536
370 371 0.43530594966
370 410 0.591820754416
371 372 0.948381525876
371 411 0.636074948619
372 373 -0.291042867553
372 412 0.196170479945
373 374 -0.0169667187025
373 413 0.523022437102
374 375 -0.95324573294
374 414 0.265517169611
375 376 -0.328380251733
375 415 0.394079230795
376 377 0.547867307978
376 416 0.723302773809
377 378 -0.201241384143
377 417 0.137935588841
378 379 -0.948716865186
378 418 0.402589691625
379 380 -0.550553195398
379 419 0.975278025517
380 381 -0.0794848600253
380 420 -0.73726455701
381 382 0.671878907374
381 421 -0.435778948103
382 383 0.971942617544
382 422 -0.654383007176
383 384 -0.233874765596
383 423 -0.307799742399
384 385 -0.427734437531
384 424 0.855826514824
385 386 -0.906574853285
385 425 0.213973654937
386 387 0.213122809998
386 426 -0.660555025143
387 388 0.546270962059
387 427 -0.427538545113
388 389 -0.649120834757
388 428 0.115420915563
389 390 0.945308846113
389 429 -0.234524490342
390 391 0.268487435016
390 430 -0.178280538119
391 392 -0.894400815681
391 431 0.378892564493
392 393 -0.59212435385
392 432 -0.559761543959
393 394 0.0407650810841
393 433 -0.511220835364
394 395 -0.209094838421
394 434 -0.15622054854
395 396 0.114210975311
395 435 -0.0125496429962
396 397 -0.796579677026
396 436 -0.854272740962
397 398 0.476691867308
397 437 -0.0685541009034
398 399 0.804117340349
398 438 0.239010657557
399 400 0.36289050158
399 439 0.512523945867
400 440 0.207382426191
401 402 0.201097834928
401 441 0.900259000827
402 403 -0.86149585998
402 442 -0.285858743294
403 404 0.0699835218558
403 443 -0.365912236128
404 405 0.970439310759
404 444 -0.768571898781
405 406 0.905502789591
405 445 -0.0275330537383
406 407 0.29271203871
406 446 0.842758161357
407 408 0.929234638505
407 447 -0.0291791846158
408 409 -0.73697504814
408 448 0.579771918155
409 410 -0.505611303436
409 449 0.770465634875
410 411 0.400331430669
410 450 0.61440104102
411 412 -0.0822941745103
411 451 0.690329592902
412 413 0.477636677441
412 452 -0.883452633447
413 414 -0.434507656386
413 453 -0.309466253831
414 415 -0.258237379131
414 454 -0.840997547447
415 416 0.112001602073
415 455 -0.0545787446011
416 417 0.512021614834
416 456 0.346233246789
417 418 0.301381021911
417 457 0.446547083887
418 419 -0.21479964471
418 458 -0.35331389203
419 420 -0.356673503365
419 459 -0.811471180056
420 421 0.0296746970912
420 460 -0.861819523642
421 422 -0.0926489513393
421 461 -0.435839294767
422 423 0.280667318824
422 462 0.247416279645
423 424 -0.811273284599
423 463 0.64174388256
424 425 -0.0659644784789
424 464 0.227314314035
425 426 0.810641238384
425 465 -0.896946902003
426 427 -0.730761065218
426 466 0.981682188655
427 428 -0.57410569289
427 467 0.155947953166
428 429 -0.774700004673
428 468 0.33885830631
429 430 -0.609736664986
429 469 -0.617330077456
430 431 -0.995881745797
430 470 0.245023226622
431 432 0.145444730048
431 471 -0.657985639022
432 433 0.772112576857
432 472 -0.180674329875
433 434 -0.522251423543
433 473 -0.341572635249
434 435 -0.0578127111228
434 474 -0.300571040723
435 436 -0.733513833953
435 475 -0.133380038062
436 437 0.210176469962
436 476 0.363320844283
437 438 -0.466859427588
437 477 0.145725935471
438 439 -0.0895206577926
438 478 0.509414761013
439 440 0.373308128274
439 479 -0.577847071293
440 480 -0.510774378382
441 442 -0.539394241958
441 481 0.0969798384721
442 443 0.625659100327
442 482 -0.144590333945
443 444 0.474176119105
443 483 -0.679595178762
444 445 -0.894796514842
444 484 0.465243818904
445 446 0.314852770324
445 485 0.481470192523
446 447 0.830402135659
446 486 0.8875479986
447 448 -0.0426026273645
447 487 0.805327408853
448 449 0.719518174923
448 488 -0.390963409608
449 450 0.393788077153
449 489 -0.676343722207
450 451 0.771923398935
450 490 -0.347761429859
451 452 -0.603285008365
451 491 0.344949316419
452 453 0.349556390427
452 492 0.628496489188
453 454 0.789407192516
453 493 0.994766801229
454 455 -0.42672452294
454 494 0.386912853805
455 456 0.952148895626
455 495 0.688243551549
456 457 0.108238314809
456 496 0.714902436774
457 458 -0.350491669591
457 497 -0.258724035712
458 459 -0.260459343161
458 498 -0.164595693518
459 460 0.844497184458
459 499 -0.805445521113
460 461 0.460839352877
460 500 0.878091841756
461 462 -0.421406435757
461 501 0.149735976531
462 463 -0.300821016196
462 502 0.487315443365
463 464 0.653737351772
463 503 -0.499227572787
464 465 0.936839178989
464 504 -0.799132907603
465 466 -0.304593833785
465 505 -0.96628582774
466 467 0.00207426146559
466 506 0.029539183455
467 468 -0.457725483596
467 507 0.507602056106
468 469 -0.653291632209
468 508 0.780818449617
469 470 -0.771516068757
469 509 -0.837156080277
470 471 0.331761121083
470 510 0.924723749608
471 472 -0.991209953711
471 511 -0.529272168222
472 473 0.686866300735
472 512 0.113402831714
473 474 0.138595961589
473 513 -0.170862724066
474 475 0.022425848755
474 514 0.252446282582
475 476 0.553401446651
475 515 -0.110908084026
476 477 0.303273787379
476 516 -0.0321628617174
477 478 0.654163895615
477 517 0.338322239165
478 479 -0.400647630908
478 518 0.787924829292
479 480 -0.958143941
479 519 -0.366227978786
480 520 -0.590635233955
481 482 0.818256749773
481 521 -0.733661108481
482 483 0.199708875087
482 522 0.456322566294
483 484 -0.61498356208
483 523 -0.290977963909
484 485 -0.258250201421
484 524 -0.277069842743
485 486 -0.780144046926
485 525 0.677591516222
486 487 0.844679195064
486 526 0.921555654965
487 488 -0.968179177511
487 527 0.737770317953
488 489 -0.0910356367776
488 528 0.239283918084
489 490 -0.694800996542
489 529 -0.876133604973
490 491 0.654618609795
490 530 0.0399563712067
491 492 -0.525561309682
491 531 -0.215045067287
492 493 0.585042418258
492 532 -0.122797236084
493 494 -0.796488115043
493 533 0.558504183986
494 495 0.519213284949
494 534 0.010792282182
495 496 -0.743695842416
495 535 -0.503210681954
496 497 -0.548076005099
496 536 0.330019458602
497 498 0.747205649689
497 537 0.812168051966
498 499 -0.328476206972
498 538 -0.416627601833
499 500 -0.0494155758526
499 539 0.668102649737
500 501 -0.91615044289
500 540 0.141026249404
501 502 0.838051864025
501 541 0.952281708508
502 503 0.507519993726
502 542 -0.0472761343929
503 504 0.423140967183
503 543 0.804171629719
504 505 -0.614996475471
504 544 -0.437236223643
505 506 0.154593702379
505 545 -0.791426564918
506 507 -0.397211095166
506 546 -0.910656273794
507 508 -0.236104368184
507 547 -0.438583859587
508 509 -0.843190124419
508 548 -0.380322170389
509 510 0.853281756083
509 549 0.446475700944
510 511 0.652120021096
510 550 -0.842453080945
511 512 0.245818975852
511 551 -0.275201450668
512 513 -0.0442621497391
512 552 0.574008278517
513 514 -0.20360003026
513 553 -0.269219500465
514 515 0.174836548472
514 554 -0.647137687724
515 516 -0.21577380846
515 555 -0.047372415053
516 517 0.185350770796
516 556 0.326175860037
517 518 -0.51981913445
517 557 0.335621940288
518 519 -0.265023814308
518 558 -0.989462607139
519 520 -0.130588185653
519 559 0.662650650965
520 560 -0.443998727536
521 522 0.0468251613475
521 561 0.500819718204
522 523 0.642455216613
522 562 0.521030239961
523 524 -0.243247733137
523 563 -0.587428286999
524 525 0.753064312979
524 564 -0.345412706969
525 526 0.827839877445
525 565 -0.689158695301
526 527 -0.902614925767
526 566 0.832036381405
527 528 -0.741853198424
527 567 -0.241663163547
528 529 -0.508973713364
528 568 0.742711839263
529 530 0.142997028225
529 569 -0.625465979735
530 531 -0.481144267555
530 570 -0.653852591197
531 532 0.743360197708
531 571 -0.150097823476
532 533 0.645540870595
532 572 0.0941533677793
533 534 0.112297155682
533 573 -0.990902422666
534 535 -0.558471695004
534 574 0.678992081759
535 536 -0.161272075148
535 575 -0.856953198249
536 537 0.584216904502
536 576 0.549467847832
537 538 -0.165200659474
537 577 0.993099537315
538 539 -0.0790017457284
538 578 -0.906747765736
539 540 -0.446788309813
539 579 0.440471759494
540 541 0.661722025659
540 580 0.281122862899
541 542 0.13156846464
541 581 -0.951655732242
542 543 -0.353873791135
542 582 -0.773497342644
543 544 0.160171441007
543 583 -0.262470528787
544 545 0.838198191061
544 584 0.436041068992
545 546 0.881873342024
545 585 -0.185230381032
546 547 -0.870952538076
546 586 -0.882096642931
547 548 0.506834917397
547 587 -0.62243121341
548 549 -0.568370545894
548 588 0.139333615304
549 550 -0.708889371498
549 589 0.204189607072
550 551 -0.366724914066
550 590 -0.91248362106
551 552 0.300864155498
551 591 -0.693707870314
552 553 -0.578123463188
552 592 -0.456743639992
553 554 0.972896300747
553 593 -0.155150486727
554 555 0.450411229496
554 594 -0.858804028441
555 556 0.129888553232
555 595 0.529819755567
556 557 0.407050763674
556 596 -0.712090449686
557 558 0.859762853704
557 597 -0.605725942535
558 559 0.957096271878
558 598 -0.00783517118726
559 560 -0.82330923402
559 599 0.68726906376
560 600 -0.404949598475
561 562 0.338026481768
561 601 -0.06449428051
562 563 -0.985713449442
562 602 -0.159486332655
563 564 0.837418410285
563 603 0.656187139094
564 565 0.777977193768
564 604 0.287975958463
565 566 0.0924768577895
565 605 -0.432989753625
566 567 -0.457574384216
566 606 -0.358668529068
567 568 -0.023087659138
567 607 -0.0468826061687
568 569 0.398388509822
568 608 0.713366091739
569 570 0.0859653521912
569 609 0.638944956246
570 571 0.528898013164
570 610 0.273265657038
571 572 0.787432088004
571 611 0.199118753376
572 573 -0.626549822502
572 612 -0.42852632199
573 574 0.233100290622
573 613 -0.440143625011
574 575 -0.5846139675
574 614 0.513831099711
575 576 0.51628392625
575 615 0.536347653917
576 577 -0.74076604782
576 616 -0.372278919553
577 578 -0.649648509796
577 617 0.646582912221
578 579 -0.548478751319
578 618 -0.123737980316
579 580 0.283807771777
579 619 0.38219695308
580 581 -0.701818156533
580 620 -0.863679764161
581 582 -0.447245844075
581 621 0.311420610149
582 583 0.73980774167
582 622 0.967691474766
583 584 0.364602877143
583 623 -0.209043410464
584 585 -0.738892078931
584 624 -0.858071677933
585 586 0.242714465494
585 625 -0.342600008205
586 587 0.406173809543
586 626 0.559437955644
587 588 0.449710753752
587 627 -0.220384532551
588 589 -0.189444201761
588 628 -0.0954128152546
589 590 -0.0720438124767
589 629 -0.855780862913
590 591 -0.863723878458
590 630 -0.0698024902667
591 592 0.296930210565
591 631 -0.776621075971
592 593 0.822832420486
592 632 0.207665126766
593 594 0.837010129403
593 633 0.985911514841
594 595 -0.585568512983
594 634 -0.206635433582
595 596 0.706536242579
595 635 -0.421916215045
596 597 -0.0479273483914
596 636 -0.33776964803
597 598 0.303547554462
597 637 -0.000840386727113
598 599 0.80718533806
598 638 -0.781935454515
599 600 -0.88103519229
599 639 -0.372166050777
600 640 -0.157082471545
601 602 -0.590301819404
601 641 -0.0184682218179
602 603 -0.0737275639237
602 642 -0.889000993775
603 604 -0.786246511487
603 643 -0.261028168679
604 605 -0.341900912226
604 644 -0.880934691175
605 606 0.48129346172
605 645 -0.943459214285
606 607 -0.0827715181041
606 646 0.910560790015
607 608 -0.921182883664
607 647 -0.365785745211
608 609 -0.100169900163
608 648 0.0379967258655
609 610 0.758370041537
609 649 -0.767299326793
610 611 -0.858537262184
610 650 0.174907450844
611 612 -0.412507717548
611 651 -0.479286070388
612 613 0.185471916822
612 652 0.104949606874
613 614 -0.298873866829
613 653 0.938557774658
614 615 -0.69355204529
614 654 0.869706267499
615 616 -0.415150652884
615 655 0.810710837296
616 617 0.865509282867
616 656 0.549142818266
617 618 0.817847218401
617 657 0.129326482635
618 619 0.7695468895
618 658 -0.143737972391
619 620 -0.698565959921
619 659 0.405950942867
620 621 -0.0850398609373
620 660 -0.903477703021
621 622 0.849619196626
621 661 -0.707837768077
622 623 -0.439083863243
622 662 -0.359789098119
623 624 0.142898986685
623 663 0.322780176113
624 625 -0.660084675527
624 664 0.831190654707
625 626 -0.328147643263
625 665 -0.976921547795
626 627 0.902463885497
626 666 0.96128424416
627 628 -0.829791508149
627 667 0.255444132947
628 629 -0.104297306731
628 668 0.223849342894
629 630 0.975519180083
629 669 -0.526685695311
630 631 -0.582183553091
630 670 -0.878492445575
631 632 0.791461831504
631 671 -0.487619816472
632 633 -0.238479417035
632 672 0.258405390834
633 634 0.24229308167
633 673 0.953755044792
634 635 0.653580989542
634 674 -0.495901314575
635 636 -0.472678057318
635 675 -0.367969107118
636 637 -0.0329301347058
636 676 -0.213181055936
637 638 0.326696583948
637 677 -0.724555295867
638 639 -0.60018898161
638 678 -0.0325627815676
639 640 -0.191929206584
639 679 0.863399809352
640 680 -0.196566076932
641 642 -0.25523062123
641 681 -0.0451976902968
642 643 0.0828842641904
642 682 0.215541502888
643 644 -0.534657808736
643 683 -0.0978427940989
644 645 -0.509781294719
644 684 0.936826402434
645 646 0.0250940068828
645 685 0.585629710713
646 647 0.210177805311
646 686 -0.294613566696
647 648 -0.286410619265
647 687 0.912358653728
648 649 -0.61149110994
648 688 -0.371951236808
649 650 -0.335525147444
649 689 -0.165248565182
650 651 -0.91090676089
650 690 -0.217487898934
651 652 -0.993251882907
651 691 0.144196083864
652 653 0.604336544191
652 692 0.429786965117
653 654 0.485355826874
653 693 -0.890956519272
654 655 0.546741564044
654 694 0.00247952206905
655 656 0.104968144752
655 695 -0.552772723222
656 657 -0.690629917677
656 696 -0.0334413921007
657 658 0.383844065874
657 697 -0.879804440063
658 659 0.11178562238
658 698 0.787185510845
659 660 0.679371777333
659 699 -0.71732186048
660 661 0.67363731406
660 700 0.0326129489385
661 662 0.657100482932
661 701 0.758942671341
662 663 0.291572469611
662 702 0.55765281948
663 664 -0.414221549153
663 703 0.324606470977
664 665 -0.157864652225
664 704 0.739477329661
665 666 0.733299235672
665 705 -0.46055210674
666 667 -0.697615476598
666 706 -0.969791117646
667 668 0.218471017263
667 707 -0.800103752383
668 669 -0.476063138719
668 708 -0.356087685128
669 670 0.146641740397
669 709 -0.279230369978
670 671 0.254447077659
670 710 0.843028621108
671 672 -0.99089816618
671 711 0.601953744177
672 673 0.498544839201
672 712 0.424102887515
673 674 0.999558895061
673 713 0.63000246734
674 675 0.654930063172
674 714 0.161181474388
675 676 0.730215443107
675 715 0.801122965629
676 677 -0.854237470023
676 716 0.579904963403
677 678 -0.534304981118
677 717 -0.304758965175
678 679 0.790832102171
678 718 -0.815941749331
679 680 0.89810680123
679 719 -0.918630140917
680 720 0.145965109553
681 682 -0.268219228439
681 721 0.675835988619
682 683 0.656906389992
682 722 0.883618536383
683 684 -0.447365627578
683 723 0.00361378223685
684 685 -0.189464719532
684 724 -0.679933077109
685 686 0.469473815585
685 725 -0.783632337133
686 687 -0.251684704894
686 726 0.809856977646
687 688 0.833970749957
687 727 0.168697268393
688 689 0.45902431904
688 728 0.918015556335
689 690 -0.233165046886
689 729 -0.162342085092
690 691 0.142322475877
690 730 0.300389309311
691 692 0.677139135773
691 731 -0.550563055326
692 693 -0.573879700675
692 732 -0.205227338603
693 694 0.361951594234
693 733 -0.974008683598
694 695 -0.131657409321
694 734 0.145951496458
695 696 0.242988044822
695 735 0.345138817366
696 697 0.621636256872
696 736 0.719046362638
697 698 0.685272121098
697 737 0.366326377139
698 699 0.611647731606
698 738 0.424592575343
699 700 0.921366467392
699 739 0.903573442198
700 701 -0.366470428045
700 740 0.541807111384
701 702 -0.820424161745
701 741 0.809630853018
702 703 0.690687593482
702 742 0.535751624201
703 704 0.0157178725441
703 743 0.186218215776
704 705 0.693234822525
704 744 0.932935526948
705 706 -0.503281472312
705 745 -0.280124217708
706 707 0.368778504382
706 746 -0.415825863424
707 708 -0.0798816109376
707 747 -0.0744829090374
708 709 -0.483333356037
708 748 -0.710187762495
709 710 -0.0248217575391
709 749 0.981635779008
710 711 0.650474053778
710 750 -0.892905847315
711 712 -0.358328891973
711 751 -0.181678226484
712 713 0.0115323910918
712 752 0.24803638381
713 714 0.429981899163
713 753 -0.55779719741
714 715 0.398234206008
714 754 -0.407315043834
715 716 -0.31634044031
715 755 0.666875907009
716 717 0.0439323593659
716 756 0.749332766914
717 718 0.679205438684
717 757 -0.231338904293
718 719 0.0769774812912
718 758 0.516220426556
719 720 -0.608106934044
719 759 -0.103565213223
720 760 -0.527901871128
721 722 0.537295013039
721 761 -0.372010645575
722 723 -0.743704291995
722 762 -0.53913865118
723 724 0.845206306156
723 763 -0.23497772214
724 725 -0.403973501598
724 764 0.799151557723
725 726 0.665880217468
725 765 -0.524318539766
726 727 0.644695136472
726 766 -0.724924559528
727 728 0.866735409875
727 767 0.727424806689
728 729 -0.695794263158
728 768 -0.898712944534
729 730 -0.0800250372931
729 769 0.513100590949
730 731 -0.684294488383
730 770 -0.910326721571
731 732 -0.0415138176554
731 771 0.967792142918
732 733 0.556148361666
732 772 -0.0837637448369
733 734 0.772387712715
733 773 0.193365033125
734 735 0.322228653912
734 774 0.115765324592
735 736 0.435097335732
735 775 0.942687230683
736 737 0.0399723334925
736 776 -0.797106828535
737 738 0.156844706415
737 777 0.162463660197
738 739 0.238914192701
738 778 0.19176399281
739 740 -0.362256423443
739 779 0.910705562041
740 741 -0.570937262356
740 780 0.0276508556566
741 742 0.190739955349
741 781 0.692329953764
742 743 0.360830449785
742 782 0.243995441831
743 744 -0.421997141105
743 783 0.491632710752
744 745 0.0845319227767
744 784 -0.453239173983
745 746 -0.631763607042
745 785 -0.375348025722
746 747 0.845127804327
746 786 -0.024694297608
747 748 0.431758013842
747 787 -0.606705866766
748 749 0.248476673786
748 788 0.868034611921
749 750 0.530641564751
749 789 -0.523248789307
750 751 -0.404622565525
750 790 -0.924365511761
751 752 -0.711297852379
751 791 -0.593349460324
752 753 -0.526543297765
752 792 -0.0359180349713
753 754 -0.632676431232
753 793 -0.893900157465
754 755 0.942119780225
754 794 0.301920802128
755 756 0.0886649346342
755 795 0.915810134947
756 757 -0.91364142287
756 796 -0.807174468912
757 758 -0.325147256349
757 797 0.48323679893
758 759 -0.219178996036
758 798 -0.109355512632
759 760 -0.455183884125
759 799 0.906725839803
760 800 0.80045978763
761 762 0.145250665288
761 801 -0.447901903339
762 763 0.318316794141
762 802 -0.735052022367
763 764 0.300256657257
763 803 0.191242226041
764 765 -0.670046568983
764 804 0.555720133135
765 766 0.615575262434
765 805 -0.00574233627511
766 767 -0.502636267686
766 806 -0.256109597862
767 768 -0.248554597767
767 807 -0.766066297889
768 769 -0.865094651761
768 808 -0.129056462356
769 770 -0.388968421509
769 809 -0.313151344146
770 771 0.1520475285
770 810 0.637568512106
771 772 -0.213225294163
771 811 0.876893664824
772 773 -0.549939482074
772 812 0.874189533941
773 774 0.261642620264
773 813 -0.967102493537
774 775 0.391634351702
774 814 -0.824637905712
775 776 0.827287321845
775 815 -0.173447237243
776 777 -0.561298605998
776 816 -0.951111854887
777 778 -0.68013066098
777 817 0.694602235254
778 779 -0.618944978561
778 818 -0.729723205796
779 780 0.876887839912
779 819 -0.766896670648
780 781 0.0123234408704
780 820 -0.791978949209
781 782 0.347355762989
781 821 0.357396899504
782 783 -0.971145144745
782 822 -0.0205066037634
783 784 -0.701375941794
783 823 -0.0384143214691
784 785 0.0288450060959
784 824 0.786508169591
785 786 -0.437771625353
785 825 0.949913270568
786 787 -0.123543060328
786 826 -0.158846855498
787 788 0.119438522496
787 827 0.984672917911
788 789 0.816825821195
788 828 0.930028247039
789 790 0.407775794335
789 829 -0.0709199768259
790 791 -0.158865797712
790 830 0.871349471536
791 792 -0.202122266845
791 831 -0.417412418128
792 793 0.765581854854
792 832 0.828521216893
793 794 -0.565914469059
793 833 0.0563466178112
794 795 -0.839067484703
794 834 0.612696612758
795 796 0.140043102421
795 835 0.808293394031
796 797 -0.747805031667
796 836 0.740334880751
797 798 -0.722547284206
797 837 -0.360022586414
798 799 0.867489113278
798 838 0.074068012146
799 800 0.224340845363
799 839 -0.346888375949
800 840 -0.737847566331
801 802 -0.0943141349072
801 841 -0.294043268111
802 803 -0.551842726107
802 842 0.149725175178
803 804 0.503907122284
803 843 -0.87666933966
804 805 -0.730270737206
804 844 0.922787426876
805 806 -0.678348469725
805 845 0.468081355134
806 807 -0.56651601942
806 846 0.126963505427
807 808 0.2142750938
807 847 -0.353981121604
808 809 0.585342554634
808 848 -0.550245459921
809 810 -0.219510529931
809 849 -0.697563069622
810 811 0.593223262071
810 850 -0.28068021693
811 812 0.653181429686
811 851 -0.0107748378508
812 813 -0.101848811056
812 852 -0.382546144958
813 814 -0.832428259856
813 853 0.0523058175123
814 815 -0.16566070589
814 854 0.506964391997
815 816 -0.136348699165
815 855 -0.953094739067
816 817 -0.668534601627
816 856 -0.877750302062
817 818 0.0582495818054
817 857 0.215832350422
818 819 -0.888642011758
818 858 -0.812365364241
819 820 0.4880659385
819 859 0.924901837193
820 821 0.601858868978
820 860 0.397250193215
821 822 0.749647244145
821 861 0.525936672388
822 823 0.417085310724
822 862 -0.394545597727
823 824 0.0634370993759
823 863 -0.983617612671
824 825 0.895956731364
824 864 -0.204596081751
825 826 0.752551119975
825 865 -0.435199157416
826 827 -0.386048226641
826 866 0.127956648376
827 828 -0.968638306522
827 867 0.433259034833
828 829 -0.779830621746
828 868 0.433057975421
829 830 -0.523336794129
829 869 0.116631355729
830 831 -0.614605916004
830 870 0.4612486992
831 832 0.0107393302496
831 871 -0.465705989271
832 833 -0.956390121085
832 872 -0.491198564833
833 834 -0.125586575219
833 873 0.50958410151
834 835 -0.0654335618307
834 874 0.669568576668
835 836 0.108980520111
835 875 -0.301723118429
836 837 0.0136090366179
836 876 0.501161419517
837 838 0.101634564349
837 877 -0.307262740115
838 839 0.380041323644
838 878 0.345925970476
839 840 0.199426402751
839 879 0.348881203964
840 880 -0.624714193679
841 842 0.31479892556
841 881 -0.259297834024
842 843 -0.660952552868
842 882 0.564460302648
843 844 0.489647347364
843 883 0.892551854345
844 845 0.0604107721831
844 884 -0.913660128805
845 846 0.615825904278
845 885 0.397802299972
846 847 -0.552722480108
846 886 0.149848992894
847 848 -0.980514994177
847 887 0.962358704249
848 849 -0.0457358572096
848 888 0.0308043673269
849 850 0.260746866289
849 889 -0.199507953976
850 851 0.153902234251
850 890 0.437395759378
851 852 0.270728326578
851 891 -0.868833786178
852 853 0.0225165412658
852 892 -0.398163282728
853 854 -0.236530783468
853 893 0.636590952116
854 855 -0.12329602398
854 894 0.941328557321
855 856 -0.165002006006
855 895 -0.645702685033
856 857 0.400011414422
856 896 0.401932213726
857 858 -0.65983613405
857 897 0.256256336958
858 859 0.229963142802
858 898 0.216959701147
859 860 0.647214020683
859 899 -0.73458985717
860 861 -0.602012800374
860 900 -0.138294659752
861 862 -0.182451512
861 901 -0.235060682986
862 863 -0.506188487555
862 902 -0.174406016511
863 864 0.594535130102
863 903 0.108959902047
864 865 -0.0257395334808
864 904 0.595748551001
865 866 0.678374212836
865 905 -0.92373895978
866 867 -0.630363152104
866 906 0.954327345356
867 868 -0.300680848398
867 907 -0.0295383049803
868 869 -0.85076794881
868 908 0.63057091737
869 870 -0.532543306451
869 909 0.623746903385
870 871 -0.00869329360113
870 910 0.0393100508643
871 872 -0.125764101359
871 911 -0.94177515281
872 873 -0.476825743053
872 912 -0.345273741115
873 874 -0.397985539497
873 913 0.241106371547
874 875 0.401169022018
874 914 0.932442807184
875 876 0.698377799544
875 915 -0.325306547517
876 877 -0.845603668726
876 916 0.492318083632
877 878 0.195857733569
877 917 0.203019057314
878 879 0.794499382771
878 918 -0.317081325396
879 880 0.713239206336
879 919 0.775056531954
880 920 -0.513201621155
881 882 -0.0818140442171
881 921 0.438648245018
882 883 0.713951252224
882 922 -0.932651590994
883 884 0.207119103391
883 923 -0.42484011576
884 885 0.86190935548
884 924 -0.283548911082
885 886 0.929692678054
885 925 -0.487711097588
886 887 0.872049242812
886 926 0.697351951067
887 888 0.938552190898
887 927 0.0736128915582
888 889 0.675404796154
888 928 -0.671933586033
889 890 0.83230515142
889 929 0.642831750556
890 891 0.746376781424
890 930 -0.0167454271447
891 892 0.032865212049
891 931 0.519867158515
892 893 -0.459232480549
892 932 0.323063576797
893 894 -0.432055858962
893 933 -0.200668633368
894 895 0.0679696289405
894 934 -0.378094137759
895 896 -0.759663439793
895 935 0.631691544763
896 897 -0.113368929353
896 936 0.761931198689
897 898 -0.523291023972
897 937 0.524745514783
898 899 -0.925429050614
898 938 0.676664847788
899 900 -0.184177598867
899 939 0.128011009219
900 901 -0.381361840653
900 940 0.874694555079
901 902 0.93740060082
901 941 -0.472093974219
902 903 0.0885659456928
902 942 -0.977951871187
903 904 -0.842242365047
903 943 0.697739140306
904 905 -0.206059134955
904 944 -0.520659100672
905 906 0.137207677675
905 945 0.727020842768
906 907 0.613113845841
906 946 0.706712417741
907 908 -0.4357487374
907 947 -0.0798281034513
908 909 0.688163660948
908 948 -0.0414272644933
909 910 -0.411161497197
909 949 -0.802824899979
910 911 0.666163831667
910 950 -0.377890529749
911 912 0.0066850810092
911 951 0.201888894529
912 913 -0.392705666826
912 952 -0.437541544947
913 914 -0.278152565486
913 953 -0.557769663068
914 915 0.818360001118
914 954 0.332956523179
915 916 0.577188393049
915 955 0.0613399942825
916 917 -0.844956294566
916 956 0.820694936676
917 918 -0.717403070208
917 957 -0.7331509949
918 919 0.094354333469
918 958 -0.572805394871
919 920 -0.157530588595
919 959 0.516736553824
920 960 0.880573745734
921 922 -0.174016341772
921 961 0.812846538329
922 923 0.0652896098873
922 962 0.593902714887
923 924 0.344738436859
923 963 0.424097573563
924 925 0.4628425578
924 964 0.0474160295995
925 926 -0.528475346004
925 965 -0.705539816377
926 927 -0.801473073835
926 966 -0.586190403259
927 928 0.236371404439
927 967 0.337733603522
928 929 -0.970562787838
928 968 0.0133100646513
929 930 -0.539640192221
929 969 -0.515372055618
930 931 0.751000229414
930 970 -0.364542240209
931 932 -0.539266816544
931 971 -0.897026596881
932 933 0.590466617122
932 972 -0.182336526723
933 934 -0.760002521782
933 973 0.0057418598537
934 935 0.784168513972
934 974 -0.155560935565
935 936 -0.956373680594
935 975 -0.741884702169
936 937 -0.707424565827
936 976 -0.611989148729
937 938 -0.944762068363
937 977 -0.751156571237
938 939 -0.116942799941
938 978 0.076878260478
939 940 -0.257206499461
939 979 -0.228403545097
940 941 0.335642323789
940 980 0.888678815933
941 942 -0.246509417166
941 981 -0.712104409103
942 943 0.50313920824
942 982 0.417304029029
943 944 0.420436562968
943 983 0.829452234369
944 945 -0.441258084143
944 984 -0.0397624465158
945 946 -0.566210229102
945 985 -0.67810371044
946 947 0.891791829406
946 986 0.365457327258
947 948 -0.0087995809262
947 987 0.839968771716
948 949 0.974058470417
948 988 -0.0730133765291
949 950 0.725772729663
949 989 -0.661318815535
950 951 -0.349938443338
950 990 0.475905398348
951 952 0.796825772855
951 991 0.431202698664
952 953 -0.0534636102131
952 992 -0.518090179136
953 954 0.551868374426
953 993 -0.41466010969
954 955 0.53085491449
954 994 -0.879894221456
955 956 -0.352819569675
955 995 -0.0475612853215
956 957 0.0243071855578
956 996 0.918772770251
957 958 0.56855022454
957 997 -0.165269890756
958 959 -0.334387386939
958 998 0.643700691465
959 960 0.946996603201
959 999 0.0675595778344
960 1000 -0.372272750524
961 962 -0.639096761595
961 1001 0.482237745827
962 963 0.950279362314
962 1002 -0.451482813611
963 964 0.312900573077
963 1003 -0.706139368613
964 965 -0.81483639371
964 1004 -0.787881563959
965 966 0.0788124199013
965 1005 -0.201102355229
966 967 -0.174501515472
966 1006 0.292255153318
967 968 0.853077418088
967 1007 -0.0649826439414
968 969 -0.289508166439
968 1008 -0.415669248286
969 970 0.564541182995
969 1009 0.119773910722
970 971 -0.561495717509
970 1010 -0.411753437178
971 972 -0.941197617023
971 1011 -0.679368517703
972 973 -0.678119668485
972 1012 -0.0484092242195
973 974 0.910043143637
973 1013 -0.468206253342
974 975 0.0923714410454
974 1014 0.282748351029
975 976 0.328729215896
975 1015 0.134370045002
976 977 0.222812929565
976 1016 0.056149725297
977 978 -0.57773010246
977 1017 -0.198103896078
978 979 -0.852953714276
978 1018 0.716966984971
979 980 -0.807178187162
979 1019 -0.985793991856
980 981 0.533455878416
980 1020 0.583245327325
981 982 -0.321779144257
981 1021 0.168383069079
982 983 -0.550427824209
982 1022 -0.502817921821
983 984 0.36386067724
983 1023 0.00697574986497
984 985 -0.523284735505
984 1024 0.529253941842
985 986 0.588243351699
985 1025 0.306600174048
986 987 0.803700372696
986 1026 0.476961036343
987 988 0.746543253023
987 1027 0.860776029381
988 989 0.0823471460643
988 1028 -0.323632543626
989 990 0.416642011306
989 1029 0.737373425376
990 991 -0.719164260189
990 1030 -0.78582689668
991 992 -0.842572944439
991 1031 -0.270546724042
992 993 0.460429145589
992 1032 -0.942403020125
993 994 0.0377731104835
993 1033 -0.497739217584
994 995 0.589777144095
994 1034 0.470522760806
995 996 0.812195468356
995 1035 -0.405236315131
996 997 0.270164736851
996 1036 0.203260388575
997 998 -0.701711374133
997 1037 -0.847185409158
998 999 0.927441330495
998 1038 -0.344145508674
999 1000 0.463233188431
999 1039 -0.0222765035632
1000 1040 -0.873329041494
1001 1002 -0.155251912714
1001 1041 -0.14709285463
1002 1003 -0.661797873269
1002 1042 0.753401860363
1003 1004 0.946951136539
1003 1043 0.910766903642
1004 1005 -0.701550098618
1004 1044 -0.677599981566
1005 1006 -0.286675902571
1005 1045 -0.0793907981363
1006 1007 -0.22686727433
1006 1046 -0.49677526332
1007 1008 0.165756352909
1007 1047 -0.546920686992
1008 1009 0.544474194913
1008 1048 0.366934142761
1009 1010 -0.979578588605
1009 1049 0.259766105307
1010 1011 0.459534845347
1010 1050 0.770280826624
1011 1012 -0.524466003744
1011 1051 0.610803374801
1012 1013 -0.196798515534
1012 1052 -0.128577401686
1013 1014 0.581663262477
1013 1053 -0.672087771793
1014 1015 0.712016326612
1014 1054 -0.581122628318
1015 1016 -0.141942062265
1015 1055 0.615164075869
1016 1017 -0.755627680437
1016 1056 0.813699931866
1017 1018 0.741365752161
1017 1057 -0.986394541599
1018 1019 -0.839866093524
1018 1058 -0.577996815894
1019 1020 -0.387700880445
1019 1059 -0.153047132288
1020 1021 -0.379599372046
1020 1060 0.697426472649
1021 1022 -0.612319673147
1021 1061 -0.148283032113
1022 1023 -0.651027440685
1022 1062 -0.176342458448
1023 1024 0.580806863389
1023 1063 -0.283053756588
1024 1025 0.334422987421
1024 1064 0.865324743536
1025 1026 0.948292547547
1025 1065 -0.68242986238
1026 1027 -0.0516096740953
1026 1066 -0.958070104856
1027 1028 0.935617921968
1027 1067 -0.210813531743
1028 1029 0.637178054114
1028 1068 0.127575161042
1029 1030 0.454074189103
1029 1069 0.899592821461
1030 1031 -0.179690201128
1030 1070 -0.212214027936
1031 1032 0.518473428713
1031 1071 0.436423995318
1032 1033 0.925738345
1032 1072 -0.623065701153
1033 1034 0.296778433812
1033 1073 -0.651559511924
1034 1035 0.886593385331
1034 1074 0.510159660364
1035 1036 -0.827351934294
1035 1075 0.807738802995
1036 1037 -0.666544625581
1036 1076 0.264167631265
1037 1038 -0.16217710769
1037 1077 0.684275401551
1038 1039 0.523408451146
1038 1078 0.0752420042706
1039 1040 -0.234704203072
1039 1079 -0.593237451523
1040 1080 0.104302772885
1041 1042 0.268759737268
1041 1081 0.0458124020567
1042 1043 0.818364927522
1042 1082 -0.604934221066
1043 1044 -0.150748934409
1043 1083 0.187274658818
1044 1045 -0.894488413751
1044 1084 -0.905973669934
1045 1046 -0.450915544142
1045 1085 -0.99147924467
1046 1047 -0.310681925743
1046 1086 -0.59197282694
1047 1048 -0.51520351499
1047 1087 0.0442243894452
1048 1049 -0.83212570464
1048 1088 0.0962067254527
1049 1050 -0.210174175303
1049 1089 0.570427530623
1050 1051 -0.0576356219932
1050 1090 0.391835466749
1051 1052 -0.0817709201144
1051 1091 0.0711167549129
1052 1053 -0.520248007947
1052 1092 0.539194738253
1053 1054 0.771805879448
1053 1093 0.025266370471
1054 1055 0.747601078997
1054 1094 0.147463375316
1055 1056 -0.523747450559
1055 1095 -0.586761012945
1056 1057 0.243682493605
1056 1096 0.21590413822
1057 1058 0.111876968532
1057 1097 -0.927988496951
1058 1059 -0.0696736920678
1058 1098 -0.00470173532114
1059 1060 0.157603504855
1059 1099 0.910710463827
1060 1061 -0.330446895968
1060 1100 0.653957079351
1061 1062 0.21743911131
1061 1101 -0.22933433487
1062 1063 0.919709080317
1062 1102 -0.218748159344
1063 1064 -0.128799414378
1063 1103 -0.287778037823
1064 1065 0.493607608749
1064 1104 -0.0933783941777
1065 1066 -0.703131813094
1065 1105 -0.889228809457
1066 1067 0.0306512645335
1066 1106 0.0789775261276
1067 1068 0.561663089014
1067 1107 0.780048724459
1068 1069 0.00120048106996
1068 1108 -0.15038039198
1069 1070 -0.458849871609
1069 1109 -0.254064547925
1070 1071 -0.395279269746
1070 1110 -0.492361534255
1071 1072 -0.892995444659
1071 1111 -0.943568651496
1072 1073 0.788783753499
1072 1112 0.358688007007
1073 1074 -0.874523455926
1073 1113 0.253694119445
1074 1075 0.233882338045
1074 1114 0.556835386603
1075 1076 -0.763991939063
1075 1115 -0.538140018154
1076 1077 0.507853665083
1076 1116 0.220755701399
1077 1078 -0.589770911309
1077 1117 0.990050251756
1078 1079 0.385182191881
1078 1118 -0.267228236537
1079 1080 -0.817613293004
1079 1119 -0.35100420528
1080 1120 0.956974138916
1081 1082 -0.170228043121
1081 1121 -0.997146238874
1082 1083 -0.116940514595
1082 1122 0.438464283385
1083 1084 -0.920742852266
1083 1123 0.977268669124
1084 1085 0.896856592117
1084 1124 -0.817416420021
1085 1086 -0.0564986222972
1085 1125 -0.448230966984
1086 1087 0.723733439045
1086 1126 0.394503424687
1087 1088 -0.54159009718
1087 1127 -0.93949442914
1088 1089 0.595689238221
1088 1128 0.81936867495
1089 1090 0.493694068967
1089 1129 0.844656017084
1090 1091 -0.722372491209
1090 1130 0.0148585704064
1091 1092 -0.373797883826
1091 1131 -0.402343343948
1092 1093 -0.59554477892
1092 1132 -0.922706950117
1093 1094 -0.748383670098
1093 1133 0.565393272236
1094 1095 -0.267111141929
1094 1134 -0.329509725908
1095 1096 0.0273656407715
1095 1135 -0.786693474004
1096 1097 -0.253776625564
1096 1136 0.212414221975
1097 1098 -0.240762810145
1097 1137 -0.403672457231
1098 1099 0.0664463353395
1098 1138 0.87208433282
1099 1100 -0.821069512081
1099 1139 -0.305730859329
1100 1101 0.419666603392
1100 1140 0.0191581851156
1101 1102 0.510343953146
1101 1141 0.0307527834542
1102 1103 0.851942666525
1102 1142 -0.637498679017
1103 1104 -0.347884657598
1103 1143 0.886752405249
1104 1105 -0.634710294493
1104 1144 -0.529386379465
1105 1106 -0.351427083825
1105 1145 -0.904545428054
1106 1107 0.47276175102
1106 1146 0.73772423963
1107 1108 -0.765956233064
1107 1147 0.452378217552
1108 1109 0.506649467003
1108 1148 -0.855678411923
1109 1110 0.27078698314
1109 1149 -0.765008166463
1110 1111 0.760818738733
1110 1150 -0.180565452215
1111 1112 -0.00832385210351
1111 1151 -0.104944651892
1112 1113 0.768050595635
1112 1152 -0.130163742754
1113 1114 -0.011240600086
1113 1153 0.301961875472
1114 1115 0.20477094198
1114 1154 -0.0346084151502
1115 1116 -0.0406163440713
1115 1155 0.559715387842
1116 1117 0.378551985671
1116 1156 0.768320143245
1117 1118 -0.958260080178
1117 1157 0.187084424055
1118 1119 -0.293225826221
1118 1158 -0.587523268434
1119 1120 -0.290568941207
1119 1159 0.139965411421
1120 1160 -0.0450077466426
1121 1122 -0.815475308306
1121 1161 0.41878878745
1122 1123 0.690690317528
1122 1162 -0.663449389266
1123 1124 0.637489985247
1123 1163 0.273004684859
1124 1125 0.0167033517768
1124 1164 -0.762740359253
1125 1126 -0.10043278214
1125 1165 0.857750228023
1126 1127 -0.177941795188
1126 1166 0.40086285642
1127 1128 -0.263184081037
1127 1167 0.499890288273
1128 1129 -0.99963016194
1128 1168 0.615100197372
1129 1130 0.398571942529
1129 1169 0.825957173686
1130 1131 -0.130317713454
1130 1170 -0.136791480057
1131 1132 0.10697098464
1131 1171 0.491578026477
1132 1133 0.400227262517
1132 1172 0.485002279551
1133 1134 0.775173422836
1133 1173 -0.709877662815
1134 1135 0.963561594359
1134 1174 0.894159688098
1135 1136 0.37815657567
1135 1175 0.870024191565
1136 1137 -0.856983421061
1136 1176 -0.397585388967
1137 1138 -0.671717760866
1137 1177 -0.0413316221904
1138 1139 -0.93005388823
1138 1178 0.352444390696
1139 1140 0.740210996513
1139 1179 0.651377486082
1140 1141 -0.659325179647
1140 1180 0.201734449786
1141 1142 -0.349812337739
1141 1181 0.449557847033
1142 1143 -0.521248888379
1142 1182 0.0138687175023
1143 1144 0.0128605423527
1143 1183 0.0149938436664
1144 1145 0.773728024602
1144 1184 0.271186194875
1145 1146 0.227917644571
1145 1185 -0.828266095189
1146 1147 0.257383835966
1146 1186 -0.825660594012
1147 1148 0.154051895581
1147 1187 -0.602510336402
1148 1149 0.264798297741
1148 1188 -0.854008133988
1149 1150 0.976517769137
1149 1189 0.319996239313
1150 1151 -0.382114028103
1150 1190 0.573876832715
1151 1152 -0.725481395177
1151 1191 -0.470347256941
1152 1153 -0.352223221155
1152 1192 0.220946950297
1153 1154 -0.843864179938
1153 1193 0.554911448863
1154 1155 0.959613403407
1154 1194 -0.0115273179018
1155 1156 0.955081458802
1155 1195 -0.626340449114
1156 1157 0.393422940258
1156 1196 0.285296069182
1157 1158 0.398249778053
1157 1197 0.0645450934769
1158 1159 0.00290432910981
1158 1198 -0.888423910945
1159 1160 0.341040608505
1159 1199 0.421561928993
1160 1200 0.525027257897
1161 1162 0.0486911935304
1161 1201 0.392320927034
1162 1163 0.32993792581
1162 1202 0.615670918592
1163 1164 0.522169488443
1163 1203 -0.623940142835
1164 1165 -0.570424297583
1164 1204 0.526144145562
1165 1166 -0.641989186331
1165 1205 0.274967156014
1166 1167 0.0394586349575
1166 1206 0.0525244223171
1167 1168 -0.445859634409
1167 1207 0.725407876976
1168 1169 -0.913504144679
1168 1208 0.364241160821
1169 1170 -0.430690362678
1169 1209 -0.322568620153
1170 1171 -0.623910675035
1170 1210 0.245562088773
1171 1172 -0.638619667564
1171 1211 -0.130701100153
1172 1173 -0.522481288074
1172 1212 -0.653188159462
1173 1174 -0.765168159376
1173 1213 -0.49722306975
1174 1175 0.091206690347
1174 1214 -0.307262524391
1175 1176 0.622848166254
1175 1215 0.76241721432
1176 1177 0.266755115295
1176 1216 0.197425995704
1177 1178 -0.316358026979
1177 1217 -0.476269838022
1178 1179 -0.140434703493
1178 1218 0.624477608883
1179 1180 -0.776102644727
1179 1219 0.351594980036
1180 1181 0.249017858971
1180 1220 0.371108961371
1181 1182 0.107967506452
1181 1221 -0.0967328570089
1182 1183 -0.69785133923
1182 1222 -0.773366512431
1183 1184 -0.242922405197
1183 1223 -0.344624077928
1184 1185 -0.786233350711
1184 1224 -0.000337914324184
1185 1186 -0.0915212463296
1185 1225 0.0301377255554
1186 1187 -0.816775929375
1186 1226 0.742042711351
1187 1188 0.263055437451
1187 1227 0.37613299693
1188 1189 -0.565729431235
1188 1228 -0.933775709071
1189 1190 0.359476009984
1189 1229 0.167427558642
1190 1191 0.691879761934
1190 1230 0.401945304763
1191 1192 -0.300901366509
1191 1231 0.57439510921
1192 1193 -0.608988266194
1192 1232 -0.158066805601
1193 1194 -0.903379474836
1193 1233 0.912714962177
1194 1195 -0.797991051351
1194 1234 -0.908754733649
1195 1196 -0.535048550073
1195 1235 0.992283288975
1196 1197 0.0550676248833
1196 1236 -0.0892404653829
1197 1198 -0.481668317636
1197 1237 -0.367105765118
1198 1199 0.720643672804
1198 1238 -0.511970397048
1199 1200 0.538306506595
1199 1239 0.144546538185
1200 1240 -0.355244343217
1201 1202 0.910936646006
1201 1241 0.365827708751
1202 1203 0.0994282416015
1202 1242 -0.670566682442
1203 1204 -0.384690819814
1203 1243 -0.507212711429
1204 1205 0.876269642057
1204 1244 -0.0605746105536
1205 1206 0.288829792525
1205 1245 -0.437413632887
1206 1207 -0.265288783072
1206 1246 -0.0235632828554
1207 1208 0.405004769466
1207 1247 0.306638218296
1208 1209 0.196014207301
1208 1248 0.90403258448
1209 1210 -0.881598309372
1209 1249 0.73387221881
1210 1211 0.344144619027
1210 1250 0.272647629934
1211 1212 0.288173904581
1211 1251 0.920187761098
1212 1213 0.161062558812
1212 1252 0.839260868501
1213 1214 0.0298968869308
1213 1253 0.900220694783
1214 1215 0.947756993041
1214 1254 -0.967318067939
1215 1216 -0.854098155909
1215 1255 -0.151931321344
1216 1217 0.0520470785889
1216 1256 -0.893809250532
1217 1218 0.223371161005
1217 1257 -0.511303475525
1218 1219 0.335023664655
1218 1258 0.625214843251
1219 1220 -0.82121263446
1219 1259 0.891379219567
1220 1221 -0.867348241845
1220 1260 -0.500856562816
1221 1222 -0.67778997299
1221 1261 0.97378704784
1222 1223 0.340016970568
1222 1262 -0.315214619015
1223 1224 -0.53811731292
1223 1263 0.898281441939
1224 1225 0.532464517683
1224 1264 0.609566626237
1225 1226 -0.827296565242
1225 1265 0.383789736602
1226 1227 0.761886105803
1226 1266 -0.198842246547
1227 1228 0.307448652366
1227 1267 -0.987824534948
1228 1229 0.0389598359618
1228 1268 0.887095203449
1229 1230 0.00977962916514
1229 1269 -0.61108489639
1230 1231 0.928502901248
1230 1270 -0.754275110088
1231 1232 -0.481299948784
1231 1271 0.611345030735
1232 1233 0.0834768875283
1232 1272 -0.753055187488
1233 1234 0.878524871426
1233 1273 0.601786994465
1234 1235 -0.262204272343
1234 1274 -0.0874054813734
1235 1236 0.125575318645
1235 1275 0.723434249175
1236 1237 0.425533396985
1236 1276 0.656105521854
1237 1238 0.107740605578
1237 1277 0.790693058065
1238 1239 0.267513482514
1238 1278 0.0117960733502
1239 1240 0.0243060324468
1239 1279 0.223415962049
1240 1280 0.886521485547
1241 1242 -0.893742618654
1241 1281 -0.382294630272
1242 1243 -0.928942390339
1242 1282 -0.436932364303
1243 1244 0.19209824025
1243 1283 -0.816190295672
1244 1245 -0.988716092162
1244 1284 0.998416602795
1245 1246 -0.0582240065419
1245 1285 0.939223283263
1246 1247 0.971032483391
1246 1286 0.568929734625
1247 1248 0.784966281806
1247 1287 -0.8523779385
1248 1249 0.26375818448
1248 1288 -0.860121871832
1249 1250 -0.691564824212
1249 1289 0.102639024315
1250 1251 0.485512638217
1250 1290 -0.0835533871886
1251 1252 -0.461192626229
1251 1291 -0.214271914648
1252 1253 -0.492033405576
1252 1292 0.0800083923934
1253 1254 0.721198358603
1253 1293 -0.350748049194
1254 1255 -0.902149493098
1254 1294 -0.0267861928864
1255 1256 0.805880263222
1255 1295 0.682727466805
1256 1257 -0.356743120905
1256 1296 0.969032058361
1257 1258 0.944021346987
1257 1297 -0.501022275997
1258 1259 0.72705630244
1258 1298 0.560803558995
1259 1260 -0.480060612378
1259 1299 0.212256334696
1260 1261 0.12189860541
1260 1300 0.704953279679
1261 1262 -0.652137341563
1261 1301 -0.230773012702
1262 1263 0.39753794432
1262 1302 -0.54550633991
1263 1264 0.465108723946
1263 1303 -0.0379638209201
1264 1265 0.678803865342
1264 1304 0.822042013022
1265 1266 0.981102571944
1265 1305 -0.221439585197
1266 1267 -0.863445904483
1266 1306 -0.785264574363
1267 1268 0.84966955546
1267 1307 -0.297309629103
1268 1269 -0.57395681463
1268 1308 -0.774183415477
1269 1270 -0.788942801849
1269 1309 -0.491112387822
1270 1271 -0.104520641908
1270 1310 0.622171521939
1271 1272 0.680362828615
1271 1311 -0.506311672874
1272 1273 0.60277178135
1272 1312 -0.0832734128261
1273 1274 -0.374339549152
1273 1313 0.291314145488
1274 1275 0.112582652912
1274 1314 -0.860720816617
1275 1276 -0.268955593955
1275 1315 -0.420004063824
1276 1277 0.45692736872
1276 1316 -0.79970518767
1277 1278 -0.160531584493
1277 1317 -0.310335000207
1278 1279 -0.305162451579
1278 1318 0.887655149607
1279 1280 0.405060083414
1279 1319 0.691124773065
1280 1320 -0.398861000275
1281 1282 0.185189374647
1281 1321 -0.529759185485
1282 1283 0.615741692907
1282 1322 -0.91046747831
1283 1284 0.79121997043
1283 1323 -0.0754481157385
1284 1285 -0.904453574628
1284 1324 -0.221104191939
1285 1286 -0.315079749198
1285 1325 0.424690364904
1286 1287 0.655400585303
1286 1326 -0.751256297152
1287 1288 -0.64246920099
1287 1327 0.818540444919
1288 1289 0.340795966296
1288 1328 -0.490159166703
1289 1290 0.0183907768665
1289 1329 0.627870157891
1290 1291 0.705198980997
1290 1330 0.142424399126
1291 1292 0.138604591965
1291 1331 -0.71620488983
1292 1293 -0.471243560457
1292 1332 0.483295562392
1293 1294 -0.925480035835
1293 1333 0.191415724462
1294 1295 0.1739822182
1294 1334 -0.986904352738
1295 1296 0.18758402229
1295 1335 0.308836503449
1296 1297 0.886381544181
1296 1336 0.640460293106
1297 1298 0.977100887247
1297 1337 -0.677255715757
1298 1299 -0.735489133746
1298 1338 0.0744459330325
1299 1300 -0.0588273572601
1299 1339 0.0238894051723
1300 1301 -0.534997851223
1300 1340 0.794044705164
1301 1302 0.171131725472
1301 1341 0.866567132483
1302 1303 -0.400379604526
1302 1342 0.785678332322
1303 1304 0.195045117069
1303 1343 0.677263395043
1304 1305 -0.0353826276926
1304 1344 0.334507581879
1305 1306 0.0336157503214
1305 1345 -0.249486054087
1306 1307 -0.771313707682
1306 1346 0.827406352302
1307 1308 0.604110857886
1307 1347 -0.691430377754
1308 1309 0.0531046823157
1308 1348 -0.958269924425
1309 1310 -0.943464498201
1309 1349 0.247038300143
1310 1311 0.948370836995
1310 1350 -0.603754559692
1311 1312 0.705614847143
1311 1351 -0.838482913324
1312 1313 0.063969348356
1312 1352 0.357817300029
1313 1314 0.98367474922
1313 1353 0.434100486945
1314 1315 0.100786172699
1314 1354 0.917064671755
1315 1316 0.75003284548
1315 1355 -0.586645807918
1316 1317 -0.487394981045
1316 1356 0.227609012234
1317 1318 -0.19924829088
1317 1357 0.99865889014
1318 1319 0.697911526044
1318 1358 0.470713498748
1319 1320 -0.49624366372
1319 1359 0.718070035286
1320 1360 -0.854937147417
1321 1322 0.929941999072
1321 1361 0.890096447586
1322 1323 -0.983566989921
1322 1362 -0.276766704576
1323 1324 -0.110375270091
1323 1363 -0.790577392854
1324 1325 0.0781134013633
1324 1364 0.783466875108
1325 1326 0.680438311363
1325 1365 -0.278617784566
1326 1327 0.00854796616931
1326 1366 -0.266198119196
1327 1328 0.81407475364
1327 1367 -0.843465488203
1328 1329 0.663887987069
1328 1368 -0.937075820179
1329 1330 -0.224021067179
1329 1369 -0.714670655747
1330 1331 0.763620008235
1330 1370 -0.179690493625
1331 1332 0.223165943431
1331 1371 0.948914493639
1332 1333 -0.0658072187933
1332 1372 -0.24208730197
1333 1334 0.149524147571
1333 1373 -0.516924515727
1334 1335 -0.625010233202
1334 1374 -0.827590754671
1335 1336 -0.46797694792
1335 1375 -0.469535223267
1336 1337 -0.872476414045
1336 1376 -0.853033954717
1337 1338 0.899807385225
1337 1377 -0.87453034761
1338 1339 0.546592297936
1338 1378 0.548807684537
1339 1340 -0.572026484009
1339 1379 -0.282447639024
1340 1341 0.950324558021
1340 1380 -0.822124253629
1341 1342 -0.397134096934
1341 1381 -0.770800833359
1342 1343 0.159305000091
1342 1382 -0.754766639085
1343 1344 -0.260102067723
1343 1383 -0.435772399668
1344 1345 -0.853303219028
1344 1384 0.323190557892
1345 1346 0.959600022566
1345 1385 0.700972714435
1346 1347 -0.187266580633
1346 1386 -0.0725213707937
1347 1348 0.204277091126
1347 1387 -0.883993882712
1348 1349 -0.298677069561
1348 1388 -0.109370694625
1349 1350 -0.638637557031
1349 1389 0.842186690662
1350 1351 0.487428797504
1350 1390 -0.577244818925
1351 1352 -0.235052988492
1351 1391 -0.801031772349
1352 1353 0.796617011828
1352 1392 -0.725130237952
1353 1354 0.321049626732
1353 1393 -0.939638303472
1354 1355 0.503394272559
1354 1394 0.406798855949
1355 1356 -0.469234801693
1355 1395 -0.263139526565
1356 1357 0.134668022798
1356 1396 0.835155394381
1357 1358 -0.46703063701
1357 1397 -0.6572417021
1358 1359 -0.763309953034
1358 1398 -0.0752888547049
1359 1360 -0.604056613101
1359 1399 -0.965191919923
1360 1400 -0.597525960944
1361 1362 0.696801761675
1361 1401 -0.0553520074232
1362 1363 -0.872755428603
1362 1402 -0.701027393352
1363 1364 0.36980807412
1363 1403 0.633787988685
1364 1365 0.646224223321
1364 1404 0.218773282089
1365 1366 0.979828268106
1365 1405 0.251738480955
1366 1367 -0.822186058545
1366 1406 -0.209445947527
1367 1368 0.54846310511
1367 1407 -0.969135169126
1368 1369 -0.351728352457
1368 1408 0.35287177396
1369 1370 -0.233837908004
1369 1409 -0.903900010767
1370 1371 0.400277238509
1370 1410 -0.606389938517
1371 1372 -0.453159483154
1371 1411 -0.0388368827925
1372 1373 0.312281151616
1372 1412 0.0628390814481
1373 1374 0.207121321012
1373 1413 0.963188607607
1374 1375 -0.500395336959
1374 1414 -0.634246335082
1375 1376 -0.866576678216
1375 1415 0.803860855692
1376 1377 -0.574665289904
1376 1416 0.65551378051
1377 1378 -0.985150255507
1377 1417 -0.805031476798
1378 1379 0.854122705106
1378 1418 -0.168185505907
1379 1380 -0.435241687445
1379 1419 0.231443876837
1380 1381 0.448112508417
1380 1420 -0.204999629064
1381 1382 0.413441899272
1381 1421 0.901910019789
1382 1383 -0.158677238671
1382 1422 -0.799851406523
1383 1384 -0.0455193715975
1383 1423 -0.0795916362295
1384 1385 0.0292562924167
1384 1424 -0.573730549063
1385 1386 0.93740177232
1385 1425 -0.227178091173
1386 1387 0.638059284198
1386 1426 -0.513197941968
1387 1388 0.11374761934
1387 1427 0.294895382781
1388 1389 -0.844947767319
1388 1428 0.773933438632
1389 1390 -0.781120934117
1389 1429 -0.359868300486
1390 1391 -0.204795392603
1390 1430 0.502137375345
1391 1392 -0.353661055696
1391 1431 -0.433680470912
1392 1393 -0.616489043248
1392 1432 -0.752515732082
1393 1394 -0.927320670608
1393 1433 0.257069110856
1394 1395 0.0304433475445
1394 1434 0.76870680467
1395 1396 -0.329901910063
1395 1435 -0.667010399485
1396 1397 0.966688681152
1396 1436 0.791642665
1397 1398 0.785733349988
1397 1437 -0.749063826641
1398 1399 0.302153062954
1398 1438 -0.809233590743
1399 1400 0.593355551225
1399 1439 -0.53851585472
1400 1440 0.809717968788
1401 1402 0.682953429797
1401 1441 -0.737778715304
1402 1403 -0.953619263801
1402 1442 0.0494396735373
1403 1404 0.259100342925
1403 1443 -0.515954785072
1404 1405 -0.202795418048
1404 1444 0.668957438325
1405 1406 0.00197054118784
1405 1445 0.429815035013
1406 1407 -0.851624650535
1406 1446 -0.53196057107
1407 1408 -0.729528893263
1407 1447 -0.780478852613
1408 1409 -0.68873039972
1408 1448 0.292544018511
1409 1410 -0.397060373628
1409 1449 0.260005424436
1410 1411 -0.83386600344
1410 1450 0.863004783091
1411 1412 -0.764723470407
1411 1451 0.0361205031643
1412 1413 -0.597701298262
1412 1452 -0.167575515008
1413 1414 -0.71122609672
1413 1453 -0.370395253138
1414 1415 -0.751432595335
1414 1454 -0.74108194964
1415 1416 -0.422022679061
1415 1455 0.985003149151
1416 1417 -0.592151457145
1416 1456 -0.549392507751
1417 1418 0.414352737846
1417 1457 -0.534699768333
1418 1419 -0.98206949146
1418 1458 0.454476465693
1419 1420 -0.155343202641
1419 1459 0.183227736271
1420 1421 -0.724203788782
1420 1460 -0.554959898866
1421 1422 -0.096081724215
1421 1461 0.996015288388
1422 1423 -0.867525685912
1422 1462 0.128322440225
1423 1424 0.661780695389
1423 1463 0.788952630347
1424 1425 -0.494199254979
1424 1464 0.415487551316
1425 1426 -0.367336830873
1425 1465 -0.96772137342
1426 1427 0.0652793758692
1426 1466 0.156536445709
1427 1428 -0.225271074168
1427 1467 0.436452568038
1428 1429 -0.232106137338
1428 1468 0.174373552658
1429 1430 0.718303710336
1429 1469 0.242936824477
1430 1431 0.540305295898
1430 1470 -0.885293204605
1431 1432 0.522578316607
1431 1471 0.664535207318
1432 1433 0.92581190385
1432 1472 -0.137449726469
1433 1434 -0.0695519342425
1433 1473 -0.019174626192
1434 1435 -0.818197486572
1434 1474 0.554915669995
1435 1436 -0.420540854115
1435 1475 -0.653364604844
1436 1437 0.211643121977
1436 1476 0.438851590739
1437 1438 0.67887350842
1437 1477 0.250509808065
1438 1439 0.39160661267
1438 1478 0.632864614687
1439 1440 0.677067328472
1439 1479 -0.286518896168
1440 1480 -0.925462696323
1441 1442 -0.382532685404
1441 1481 -0.0740072116912
1442 1443 0.393391804379
1442 1482 -0.145893013973
1443 1444 0.570841443171
1443 1483 -0.708641133233
1444 1445 0.738116772611
1444 1484 0.743809814692
1445 1446 -0.152340132267
1445 1485 0.424653445687
1446 1447 0.597525422503
1446 1486 0.372434952488
1447 1448 -0.412008844363
1447 1487 -0.223463158713
1448 1449 0.394449610556
1448 1488 0.467555329928
1449 1450 -0.885713711863
1449 1489 0.979392452906
1450 1451 -0.25832451022
1450 1490 -0.908602964794
1451 1452 0.943153836707
1451 1491 0.084752519527
1452 1453 0.912987015832
1452 1492 0.602270428137
1453 1454 0.69586710182
1453 1493 -0.681650222766
1454 1455 -0.257215711059
1454 1494 -0.742525157267
1455 1456 -0.986344766507
1455 1495 0.598246742959
1456 1457 -0.479203653259
1456 1496 0.466431667745
1457 1458 -0.44874297372
1457 1497 0.34664489045
1458 1459 -0.443672882702
1458 1498 0.31121412661
1459 1460 0.0733232539769
1459 1499 0.331989019005
1460 1461 -0.277240159963
1460 1500 -0.964165873873
1461 1462 -0.356111617234
1461 1501 0.761168212158
1462 1463 -0.776517405502
1462 1502 -0.571263936311
1463 1464 0.718009345492
1463 1503 0.388612519234
1464 1465 -0.548201935951
1464 1504 -0.314627657651
1465 1466 -0.846273869812
1465 1505 0.912647631137
1466 1467 -0.169881738963
1466 1506 -0.758934384711
1467 1468 -0.0511677815984
1467 1507 -0.887155977926
1468 1469 -0.774756604842
1468 1508 0.936680440459
1469 1470 -0.171942230259
1469 1509 0.463039040837
1470 1471 -0.48909669738
1470 1510 0.926147382871
1471 1472 -0.332144456883
1471 1511 -0.321631807471
1472 1473 0.43630290894
1472 1512 -0.667181712867
1473 1474 -0.61663581136
1473 1513 -0.389853562324
1474 1475 0.426540051982
1474 1514 -0.24338317537
1475 1476 0.0652968810549
1475 1515 0.389134915889
1476 1477 0.697394562503
1476 1516 -0.707408658674
1477 1478 0.915925150521
1477 1517 -0.364449495379
1478 1479 0.898397882133
1478 1518 0.00410043809799
1479 1480 -0.294296168694
1479 1519 0.739447113225
1480 1520 0.555235292362
1481 1482 0.483694401367
1481 1521 -0.0283495425822
1482 1483 -0.730859082711
1482 1522 -0.337285578075
1483 1484 0.654552657959
1483 1523 0.161410741224
1484 1485 0.435272870827
1484 1524 -0.804425312044
1485 1486 -0.450395233331
1485 1525 0.854416628691
1486 1487 0.397093276693
1486 1526 -0.841284246138
1487 1488 0.821747728542
1487 1527 -0.127204374454
1488 1489 0.750670384302
1488 1528 -0.173667767896
1489 1490 0.0723781778669
1489 1529 -0.399856293606
1490 1491 0.236907024956
1490 1530 0.866522450734
1491 1492 -0.572997095421
1491 1531 -0.378485519948
1492 1493 0.0242172090656
1492 1532 0.320926503068
1493 1494 -0.742462408131
1493 1533 -0.65595628448
1494 1495 0.546843751124
1494 1534 -0.19443441271
1495 1496 0.0516023404421
1495 1535 -0.915957450601
1496 1497 0.055160386388
1496 1536 0.721055073663
1497 1498 -0.941000616986
1497 1537 0.0805262164627
1498 1499 -0.902030685436
1498 1538 -0.289252087557
1499 1500 0.951047119778
1499 1539 0.0670406175447
1500 1501 0.389133559881
1500 1540 -0.0926675775167
1501 1502 -0.997106313296
1501 1541 0.359149131376
1502 1503 -0.854804954874
1502 1542 -0.777446771419
1503 1504 0.0558403265124
1503 1543 -0.650671152642
1504 1505 -0.246091715197
1504 1544 0.521883838703
1505 1506 0.168700099749
1505 1545 -0.10783024723
1506 1507 -0.152378704819
1506 1546 -0.775914653643
1507 1508 -0.921997386096
1507 1547 -0.898483328469
1508 1509 -0.63643700109
1508 1548 -0.0675387048786
1509 1510 -0.198372848198
1509 1549 -0.686865150913
1510 1511 0.137543775709
1510 1550 0.156672613194
1511 1512 0.929368993164
1511 1551 -0.675175284939
1512 1513 0.855998632014
1512 1552 -0.748939729007
1513 1514 0.779708716151
1513 1553 -0.270089073021
1514 1515 -0.0189303838215
1514 1554 -0.69601521878
1515 1516 0.031434418171
1515 1555 -0.858667704179
1516 1517 -0.374419341042
1516 1556 -0.949953440795
1517 1518 0.711319228837
1517 1557 -0.825016697029
1518 1519 -0.942551785467
1518 1558 -0.583935958248
1519 1520 0.517733486504
1519 1559 -0.883340318029
1520 1560 0.636026875065
1521 1522 -0.726247762405
1521 1561 -0.312926940591
1522 1523 0.180691708613
1522 1562 0.881322786793
1523 1524 -0.421254376843
1523 1563 0.0264867996875
1524 1525 -0.402841143731
1524 1564 -0.0281558880251
1525 1526 0.0839256758675
1525 1565 -0.516701012825
1526 1527 -0.672035444826
1526 1566 -0.956831711858
1527 1528 -0.752301845213
1527 1567 -0.455302505699
1528 1529 -0.715034053018
1528 1568 -0.479378139218
1529 1530 0.667574486902
1529 1569 -0.72506963746
1530 1531 0.538017997562
1530 1570 0.974494226061
1531 1532 0.252814879289
1531 1571 0.714046875625
1532 1533 -0.715257151135
1532 1572 -0.173613253973
1533 1534 0.539395100941
1533 1573 -0.745139937017
1534 1535 -0.766349752029
1534 1574 0.302699670768
1535 1536 0.326379854883
1535 1575 0.404915601047
1536 1537 -0.847916444916
1536 1576 -0.896891776393
1537 1538 -0.199322168493
1537 1577 -0.677283449512
1538 1539 0.266315340132
1538 1578 -0.747897125672
1539 1540 0.0929070038778
1539 1579 0.228093676772
1540 1541 -0.30806655012
1540 1580 0.735295762493
1541 1542 0.770385597576
1541 1581 -0.440136095674
1542 1543 -0.103147065965
1542 1582 -0.668680933334
1543 1544 0.862605456669
1543 1583 0.708378368581
1544 1545 -0.614699478258
1544 1584 -0.841572694647
1545 1546 -0.684326701449
1545 1585 0.876054907567
1546 1547 -0.365176816195
1546 1586 -0.199309398326
1547 1548 -0.321116856162
1547 1587 0.85725744753
1548 1549 -0.823481180358
1548 1588 -0.685698140876
1549 1550 0.959383319113
1549 1589 0.744696729008
1550 1551 -0.488982739674
1550 1590 -0.0984991382872
1551 1552 -0.0537555687844
1551 1591 0.183865328676
1552 1553 0.350609455509
1552 1592 -0.946713390687
1553 1554 0.941735627554
1553 1593 -0.666401096427
1554 1555 -0.987521428098
1554 1594 -0.328483783427
1555 1556 0.18065899057
1555 1595 0.425813808212
1556 1557 0.247993190472
1556 1596 0.838651185066
1557 1558 0.564681019344
1557 1597 -0.345656049137
1558 1559 0.610522906932
1558 1598 -0.703250910745
1559 1560 0.888588997018
1559 1599 -0.583254546162
1560 1600 0.394386600464
1561 1562 -0.351147660655
1562 1563 0.985115438345
1563 1564 0.257702806129
1564 1565 0.0101067344027
1565 1566 -0.125606663137
1566 1567 -0.80497094618
1567 1568 -0.987246343797
1568 1569 -0.220629197115
1569 1570 -0.356072056075
1570 1571 0.870233854966
1571 1572 -0.0931246168803
1572 1573 0.789632738964
1573 1574 -0.817750831205
1574 1575 0.57636809592
1575 1576 0.399232418546
1576 1577 0.692525608361
1577 1578 0.823471347488
1578 1579 -0.365730970375
1579 1580 0.0948652633341
1580 1581 0.932730892506
1581 1582 0.695487540124
1582 1583 -0.371205702142
1583 1584 0.0522294779602
1584 1585 -0.633204768984
1585 1586 -0.921293118667
1586 1587 -0.619316130434
1587 1588 -0.342355926904
1588 1589 -0.728459388028
1589 1590 0.475847604224
1590 1591 -0.457668428977
1591 1592 0.315772444513
1592 1593 0.728557398531
1593 1594 0.0635619836486
1594 1595 -0.323823522967
1595 1596 -0.646360448233
1596 1597 -0.990466458993
1597 1598 -0.0788434695841
1598 1599 0.244600797989
1599 1600 0.333168337257
