1 2 0.934059678027
1 41 0.0944644983514
2 3 -0.902931727161
2 42 -0.780363763764
3 4 -0.267327721497
3 43 0.680932129444
4 5 -0.192379476586
4 44 0.134737928993
5 6 -0.129447383619
5 45 -0.855665159865
6 7 -0.351156823116
6 46 -0.976157343911
7 8 0.770915816511
7 47 -0.0749266954103
8 9 0.766121133562
8 48 0.876008094058
9 10 0.271135263652
9 49 -0.966992890628
10 11 0.521788290054
10 50 0.0371498339783
11 12 -0.132212298865
11 51 -0.922803648056
12 13 0.213653768565
12 52 0.175883833614
13 14 -0.199509403929
13 53 -0.657801781535
14 15 0.866142701205
14 54 0.875838849778
15 16 0.735684509307
15 55 -0.382128879132
16 17 -0.538071333767
16 56 -0.657168647595
17 18 0.473707555914
17 57 -0.0724790978985
18 19 -0.548041899739
18 58 -0.100607318303
19 20 -0.612741831556
19 59 0.00300351223314
20 21 -0.405109399639
20 60 0.602089740543
21 22 0.971841607696
21 61 0.774608394541
22 23 0.934483237136
22 62 0.247341722427
23 24 -0.571714270022
23 63 0.221015444837
24 25 -0.00613364076114
24 64 0.915179033862
25 26 -0.202638634621
25 65 0.431779035973
26 27 0.198239355775
26 66 0.74800978722
27 28 -0.23778664356
27 67 0.825655676535
28 29 0.0491750238369
28 68 0.589815815415
29 30 0.218182501504
29 69 0.930320211007
30 31 0.482179084283
30 70 0.0586111272652
31 32 -0.188077096086
31 71 0.185433197074
32 33 0.195021393538
32 72 0.24876043717
33 34 -0.236332565124
33 73 -0.372151835251
34 35 0.240934033002
34 74 -0.347205968858
35 36 0.564919725389
35 75 0.276230938516
36 37 0.841644462892
36 76 -0.577860153435
37 38 0.0491934603654
37 77 0.413565740651
38 39 0.464781137742
38 78 -0.446557293867
39 40 0.621310231787
39 79 0.536850059034
40 80 -0.896421680822
41 42 0.94536871993
41 81 0.429631987349
42 43 0.368046430247
42 82 0.0293073941673
43 44 -0.343355726238
43 83 -0.354850047493
44 45 0.272268029528
44 84 -0.734315987068
45 46 0.06445704583
45 85 0.877657817311
46 47 -0.864383680833
46 86 0.923349172176
47 48 -0.613162051318
47 87 0.672113796682
48 49 -0.772925614855
48 88 -0.558142285962
49 50 -0.453137231881
49 89 0.113775262975
50 51 -0.526291834235
50 90 0.484985590381
51 52 -0.897768217266
51 91 -0.908975107001
52 53 -0.157420712922
52 92 0.303349814994
53 54 -0.910562351765
53 93 -0.154620279637
54 55 0.462445745374
54 94 0.215923275114
55 56 0.338586124559
55 95 0.541903035163
56 57 -0.645964292926
56 96 0.579937011543
57 58 -0.931214420262
57 97 -0.0435218431329
58 59 -0.329708951508
58 98 -0.669967675875
59 60 -0.281765797179
59 99 0.206366533884
60 61 -0.239592322897
60 100 0.641269341406
61 62 0.678274305037
61 101 -0.310124784969
62 63 0.0169550309628
62 102 0.567715653944
63 64 0.510165615747
63 103 -0.796621288849
64 65 0.137917873345
64 104 -0.431828137651
65 66 -0.573322995156
65 105 0.733203661659
66 67 0.352632270251
66 106 0.891202002991
67 68 -0.379945006391
67 107 0.472425290959
68 69 0.452786520017
68 108 -0.648504857794
69 70 -0.456221166205
69 109 0.247275411533
70 71 -0.61696077438
70 110 -0.727538873557
71 72 0.304499584663
71 111 -0.0393406929918
72 73 0.243838654898
72 112 -0.182795408745
73 74 -0.782200021246
73 113 0.45208527487
74 75 -0.591016656079
74 114 -0.995644272386
75 76 0.851873878705
75 115 -0.244052826403
76 77 -0.977079361238
76 116 -0.417924744564
77 78 -0.52271799227
77 117 -0.87077687547
78 79 0.105689786907
78 118 -0.223760002053
79 80 -0.906346476399
79 119 -0.12170464003
80 120 0.450523427823
81 82 0.395457649195
81 121 -0.567821008839
82 83 0.143282743229
82 122 0.687413987981
83 84 0.870581714467
83 123 0.839974695396
84 85 -0.834584776374
84 124 -0.686935574536
85 86 -0.390368584614
85 125 -0.872925241916
86 87 -0.0501458553058
86 126 -0.756724728673
87 88 0.795247174945
87 127 0.343912815928
88 89 0.98133562614
88 128 0.839300428759
89 90 0.343704941033
89 129 -0.756172817793
90 91 -0.766914771381
90 130 0.426063798654
91 92 -0.907538047894
91 131 -0.3859818601
92 93 -0.857929076616
92 132 -0.269977377643
93 94 0.539913188568
93 133 -0.935550263091
94 95 0.75089611845
94 134 0.571988916703
95 96 0.387767985691
95 135 0.940528254953
96 97 0.985653915531
96 136 0.0233766129846
97 98 -0.499569226875
97 137 -0.145177671485
98 99 0.313037306551
98 138 -0.880670469375
99 100 0.552344222577
99 139 0.950309005135
100 101 0.899553281085
100 140 -0.365717232079
101 102 0.772148156424
101 141 0.376276071131
102 103 0.409535411231
102 142 -0.572892597844
103 104 0.290188076465
103 143 0.606469489863
104 105 0.873992546415
104 144 -0.989414352963
105 106 -0.593822436818
105 145 -0.231489621316
106 107 -0.616399643149
106 146 0.0882007437246
107 108 -0.900489272443
107 147 -0.761485053814
108 109 0.929224886361
108 148 0.726710512193
109 110 -0.154452512175
109 149 -0.526239149717
110 111 -0.603588610861
110 150 -0.477766955851
111 112 -0.99551790006
111 151 -0.17923737318
112 113 0.850797557756
112 152 -0.240769293068
113 114 0.42288147886
113 153 -0.520992125275
114 115 -0.927239000524
114 154 0.686358434605
115 116 -0.249904609196
115 155 -0.32411168811
116 117 0.706205252653
116 156 -0.0461027058959
117 118 0.705255188796
117 157 -0.654647440984
118 119 0.204143165328
118 158 -0.844919622274
119 120 0.556337093291
119 159 -0.181003213161
120 160 -0.0400716779858
121 122 0.952548909552
121 161 -0.987539489591
122 123 -0.0245247217007
122 162 0.620288844252
123 124 0.937348250754
123 163 0.615097906429
124 125 0.97244944666
124 164 -0.790969516033
125 126 0.696452654668
125 165 0.895187130538
126 127 -0.784231548609
126 166 0.0352002467779
127 128 0.610777037055
127 167 -0.961962238998
128 129 0.256386853464
128 168 -0.0520718309087
129 130 0.0780421563714
129 169 0.418955917661
130 131 0.530506037942
130 170 0.0746302622177
131 132 0.595064138162
131 171 0.887675080732
132 133 -0.95805217688
132 172 0.148199505205
133 134 0.220654905817
133 173 -0.309003552196
134 135 0.449324328979
134 174 0.0987337452942
135 136 0.0185998415968
135 175 0.87228229047
136 137 -0.431584403421
136 176 0.183606683889
137 138 -0.334896131702
137 177 0.42896470837
138 139 -0.501612158155
138 178 0.541616866067
139 140 0.207858448344
139 179 -0.356029099744
140 141 0.0885290683858
140 180 -0.0200766225982
141 142 -0.357595338634
141 181 -0.439324163559
142 143 0.0642930870259
142 182 -0.761685725598
143 144 0.506238373581
143 183 -0.293900421985
144 145 0.33486390113
144 184 -0.222633312527
145 146 -0.308564091635
145 185 0.0503376931776
146 147 0.56413302665
146 186 0.179440575536
147 148 0.232607457566
147 187 -0.922683150271
148 149 -0.523582390514
148 188 0.152631503036
149 150 0.119955613326
149 189 0.990699419149
150 151 -0.741904321259
150 190 0.81330291716
151 152 0.427834981146
151 191 0.109026037353
152 153 -0.0882278786867
152 192 0.993034189284
153 154 0.48496480776
153 193 -0.957359328937
154 155 0.983754806353
154 194 -0.636547491223
155 156 0.735644785556
155 195 -0.468162721137
156 157 0.304910133349
156 196 -0.83543206323
157 158 0.427122723963
157 197 -0.910880738758
158 159 0.594105686664
158 198 0.718439079399
159 160 -0.876911642434
159 199 0.320616666126
160 200 0.902135281743
161 162 -0.494035275233
161 201 -0.130416935191
162 163 0.0204872585899
162 202 0.853441386481
163 164 -0.826168764714
163 203 -0.818178896758
164 165 -0.154688157069
164 204 0.750124694268
165 166 -0.0178584988154
165 205 0.817018968884
166 167 0.303002778243
166 206 0.668234684651
167 168 0.241246975445
167 207 0.61404106927
168 169 0.579704907749
168 208 -0.0244601072831
169 170 -0.907728467769
169 209 -0.0735896002293
170 171 0.0664215350999
170 210 0.518425585099
171 172 -0.178086998352
171 211 0.550599937168
172 173 0.885169807246
172 212 0.863683101093
173 174 0.944161062889
173 213 0.480040208354
174 175 0.447366988983
174 214 -0.287404959425
175 176 -0.907714518507
175 215 -0.085558766676
176 177 -0.669442963797
176 216 0.129985773414
177 178 -0.77782049404
177 217 0.0900857631272
178 179 0.764579053068
178 218 0.587994582137
179 180 -0.457383890322
179 219 -0.0804195378687
180 181 -0.744880476325
180 220 -0.998252105542
181 182 -0.860143518643
181 221 0.542543318688
182 183 -0.331056630906
182 222 -0.00788813720804
183 184 0.647779293896
183 223 0.122709595461
184 185 -0.735630700873
184 224 -0.446846256189
185 186 0.272827244492
185 225 0.866413685139
186 187 -0.506812589087
186 226 -0.274344561105
187 188 -0.344367173347
187 227 -0.872573463149
188 189 0.961487745943
188 228 -0.919335872868
189 190 0.458506461139
189 229 -0.708365629508
190 191 0.500864224246
190 230 -0.929716907674
191 192 0.533954902526
191 231 0.0522201311598
192 193 0.577930774616
192 232 0.862385914188
193 194 -0.770105295435
193 233 0.115802578845
194 195 -0.362717825497
194 234 0.0997907833965
195 196 0.760149248859
195 235 -0.355850188694
196 197 0.3564526011
196 236 -0.406955593308
197 198 -0.43981356045
197 237 0.250314259216
198 199 0.373423076634
198 238 -0.607782066148
199 200 0.575386045235
199 239 -0.384249480489
200 240 0.622322086411
201 202 0.558765843588
201 241 -0.604629850799
202 203 0.333855543079
202 242 -0.702546321132
203 204 0.11416415053
203 243 0.712367541856
204 205 0.168551305418
204 244 -0.964932657256
205 206 0.817280825138
205 245 0.469038359992
206 207 0.142890645791
206 246 -0.332194893624
207 208 -0.42828644882
207 247 -0.689256713813
208 209 0.951339598117
208 248 0.536524386153
209 210 -0.259833120302
209 249 -0.855624696758
210 211 0.132386355455
210 250 -0.850740470242
211 212 0.774673588872
211 251 -0.486990256412
212 213 0.426895562742
212 252 0.0616036043801
213 214 0.77302861562
213 253 0.559785630669
214 215 0.712898027898
214 254 0.607041764439
215 216 0.0746051769666
215 255 0.181634420894
216 217 -0.366827947185
216 256 0.528294512448
217 218 -0.248281728396
217 257 -0.0904245077904
218 219 0.469285053398
218 258 -0.700714468892
219 220 0.41502855877
219 259 0.485398985444
220 221 -0.799071017395
220 260 0.512731252096
221 222 0.330802921182
221 261 0.688584575582
222 223 -0.261892533883
222 262 -0.405626429471
223 224 0.00362816891699
223 263 0.65652890218
224 225 0.987740596955
224 264 -0.957253106697
225 226 -0.686236078649
225 265 0.682527667531
226 227 -0.272382036762
226 266 -0.394315924691
227 228 0.611822101643
227 267 0.917664767649
228 229 -0.284322525542
228 268 -0.391006274321
229 230 -0.366305082049
229 269 0.9067164491
230 231 -0.327005386688
230 270 -0.269172836093
231 232 0.409479643127
231 271 0.378609559452
232 233 0.488777191431
232 272 -0.936908962667
233 234 0.199187667567
233 273 -0.223191040427
234 235 -0.58506936013
234 274 -0.875434239027
235 236 0.594059548095
235 275 0.457586603177
236 237 0.332706298871
236 276 -0.264934136813
237 238 0.877375252407
237 277 0.77087004252
238 239 -0.520864799744
238 278 -0.963804457489
239 240 0.283193757677
239 279 -0.617414539454
240 280 0.977620622113
241 242 0.725986471198
241 281 0.966801354351
242 243 -0.270893649348
242 282 0.731549831888
243 244 0.768395727951
243 283 0.273697345733
244 245 0.777405162073
244 284 -0.231704673569
245 246 0.662654664301
245 285 -0.675991532192
246 247 0.401614460579
246 286 -0.624614563112
247 248 0.780915677292
247 287 0.564679694523
248 249 0.27410214779
248 288 -0.775842372651
249 250 0.162336375678
249 289 -0.845488860306
250 251 -0.852373834859
250 290 0.912034843606
251 252 0.254982951364
251 291 0.907576005438
252 253 0.55869028264
252 292 -0.533088543013
253 254 0.281069921569
253 293 -0.872196405187
254 255 0.0940268665937
254 294 -0.877037997109
255 256 -0.547204595558
255 295 0.620040484931
256 257 0.943365310082
256 296 0.967522358329
257 258 0.299193948023
257 297 0.010019938315
258 259 0.677687209243
258 298 -0.883640524865
259 260 -0.441522896894
259 299 -0.881428670251
260 261 -0.898192766162
260 300 -0.632145394495
261 262 -0.942029586794
261 301 -0.646214270643
262 263 0.275952090278
262 302 -0.979935265878
263 264 -0.993802749189
263 303 0.722582359187
264 265 0.452538320259
264 304 0.998588233544
265 266 -0.260039580142
265 305 -0.217790335907
266 267 0.302143026299
266 306 0.691841906382
267 268 0.497493294657
267 307 -0.45790635651
268 269 -0.515818614603
268 308 0.329266682871
269 270 0.827774102283
269 309 0.885595011671
270 271 0.718426714134
270 310 -0.570476423562
271 272 0.675085251373
271 311 0.747885284792
272 273 0.923046291577
272 312 0.148013442919
273 274 -0.651549648468
273 313 0.344690320024
274 275 -0.167326122861
274 314 0.900314547653
275 276 0.723626687723
275 315 -0.311895326498
276 277 -0.482993139705
276 316 0.273226293719
277 278 0.169956045509
277 317 0.674011067018
278 279 0.0627611463692
278 318 0.934795501764
279 280 0.00809463557047
279 319 0.322537525405
280 320 0.660163111226
281 282 -0.672315517191
281 321 0.194667887866
282 283 -0.299429578289
282 322 -0.621948481088
283 284 0.911609187968
283 323 -0.696228797535
284 285 -0.664539584492
284 324 -0.325640338688
285 286 0.691078200832
285 325 -0.168715351685
286 287 -0.334416793441
286 326 -0.758137478566
287 288 -0.283563907172
287 327 0.155341078695
288 289 0.44078955107
288 328 -0.765064686221
289 290 0.369315145333
289 329 0.00633763120732
290 291 -0.0134502166515
290 330 0.328540118325
291 292 0.151555672667
291 331 0.445459117786
292 293 -0.420703937368
292 332 -0.316011588731
293 294 -0.149321422755
293 333 -0.880278927436
294 295 -0.189832656554
294 334 -0.0594321560408
295 296 0.791071619383
295 335 0.895918842673
296 297 -0.872788301758
296 336 -0.59898760507
297 298 0.0962608287878
297 337 0.420471728065
298 299 -0.352787345153
298 338 0.184199915143
299 300 0.832481686829
299 339 0.168265083697
300 301 -0.417057927139
300 340 -0.60794649061
301 302 0.590189450919
301 341 -0.597083323679
302 303 0.739599628319
302 342 0.279273045922
303 304 0.53293059019
303 343 -0.565479209039
304 305 -0.33408337761
304 344 -0.928275958251
305 306 0.93454978356
305 345 0.141415676457
306 307 0.278053693758
306 346 -0.266231635702
307 308 0.259219433905
307 347 0.338581221896
308 309 0.691592875404
308 348 -0.67956905313
309 310 0.678419504543
309 349 -0.0818439920913
310 311 -0.00459649891282
310 350 0.541285653886
311 312 0.346189527651
311 351 -0.287685465616
312 313 -0.497238007542
312 352 0.445928718305
313 314 -0.897733109889
313 353 0.350551294425
314 315 -0.0525347090148
314 354 -0.180149618268
315 316 0.966143952895
315 355 -0.481141673665
316 317 0.369338065729
316 356 0.141911188389
317 318 -0.767425112221
317 357 0.845962792934
318 319 -0.75866114658
318 358 0.204768618284
319 320 -0.297710522239
319 359 -0.175083636606
320 360 -0.342243815666
321 322 -0.982027804665
321 361 -0.226857434713
322 323 -0.0547573816685
322 362 -0.214437650356
323 324 -0.556838140039
323 363 -0.335009666025
324 325 0.188296263749
324 364 -0.924509639928
325 326 -0.426625927216
325 365 0.123724539405
326 327 0.361378068559
326 366 0.0793033069408
327 328 -0.544165010742
327 367 -0.337371530453
328 329 -0.707376784585
328 368 0.724942244622
329 330 0.728285679693
329 369 -0.0436117846899
330 331 -0.270741293836
330 370 -0.284969360464
331 332 -0.763459901887
331 371 -0.185813587993
332 333 -0.103415070209
332 372 0.76611638406
333 334 0.886702731441
333 373 0.217180870878
334 335 -0.649750233482
334 374 0.191167493653
335 336 -0.264827207243
335 375 0.986189588688
336 337 -0.511753455296
336 376 0.92343252424
337 338 -0.252837974226
337 377 0.460305248035
338 339 0.661644563059
338 378 0.676926242599
339 340 -0.709931203692
339 379 -0.100110996391
340 341 0.918024644747
340 380 -0.0255283997705
341 342 -0.904443167164
341 381 0.54982384255
342 343 0.257666507805
342 382 0.00799113970946
343 344 -0.751420219724
343 383 0.87583024843
344 345 -0.59800783146
344 384 -0.699022920423
345 346 -0.784372835792
345 385 0.0992371478267
346 347 0.371802372148
346 386 -0.948575113124
347 348 0.362409950637
347 387 -0.945152059736
348 349 -0.421145656061
348 388 -0.411730833239
349 350 -0.636088437612
349 389 -0.140791501114
350 351 0.189839788085
350 390 -0.380600201833
351 352 -0.938570049262
351 391 0.141158792494
352 353 -0.123552125081
352 392 -0.442485712482
353 354 0.324123515731
353 393 0.964583172827
354 355 0.415615405608
354 394 -0.787881763734
355 356 0.820510472874
355 395 -0.474364573548
356 357 0.82096253561
356 396 -0.160220216191
357 358 0.680985006367
357 397 0.341477650933
358 359 -0.0851448450202
358 398 -0.992642172488
359 360 -0.496170592888
359 399 0.361021194576
360 400 -0.104055564335
361 362 -0.911679884137
361 401 0.913305935428
362 363 0.237859853288
362 402 -0.126467416121
363 364 -0.486390158237
363 403 -0.37558993544
364 365 0.286617042629
364 404 0.220212800637
365 366 0.714986469647
365 405 -0.133662692382
366 367 -0.121051629597
366 406 -0.539467635635
367 368 0.373198568804
367 407 0.522371110047
368 369 0.146745409432
368 408 0.125957276342
369 370 0.705149855467
369 409 -0.284669728058
370 371 0.36998034141
370 410 -0.378435611761
371 372 -0.286022839807
371 411 0.561294128553
372 373 0.595157803474
372 412 0.0292835756957
373 374 -0.637154614926
373 413 -0.482883794446
374 375 -0.931869374357
374 414 -0.425175206153
375 376 -0.231654530753
375 415 -0.487978482004
376 377 0.494508529035
376 416 -0.67242477113
377 378 0.370563210341
377 417 -0.364708991667
378 379 -0.575862425188
378 418 -0.910294002248
379 380 -0.899056966141
379 419 -0.214144376982
380 381 -0.159629829067
380 420 -0.533777489117
381 382 -0.904096795235
381 421 0.14362832335
382 383 -0.411678865915
382 422 0.21874547511
383 384 -0.800137500349
383 423 0.595373284991
384 385 0.761547358695
384 424 -0.815393225335
385 386 -0.902191687878
385 425 0.889149796076
386 387 0.757121807112
386 426 -0.445157331284
387 388 0.148129704101
387 427 0.285625669951
388 389 -0.269415647138
388 428 -0.754578718366
389 390 0.957865322655
389 429 -0.912258679588
390 391 0.505896729613
390 430 -0.537302454189
391 392 -0.439340688527
391 431 0.643750547201
392 393 -0.286864060257
392 432 -0.40384718657
393 394 -0.0522236317816
393 433 -0.547552836851
394 395 -0.352095554339
394 434 0.0116396179506
395 396 -0.930118602569
395 435 0.686576098456
396 397 0.667603190076
396 436 -0.839248503799
397 398 -0.928052623775
397 437 -0.638548603138
398 399 -0.165959364757
398 438 -0.509609846149
399 400 0.434737419081
399 439 0.0655154252466
400 440 -0.61876752142
401 402 -0.12770670624
401 441 0.897954613563
402 403 -0.478155685411
402 442 -0.175055576674
403 404 -0.763108967333
403 443 -0.249319713327
404 405 -0.542412155766
404 444 -0.147964479549
405 406 -0.844462464148
405 445 -0.425443439515
406 407 0.687383730527
406 446 -0.207070546467
407 408 0.759236871765
407 447 0.317798129802
408 409 0.396856024502
408 448 0.690642750956
409 410 -0.0445815578547
409 449 0.204164356924
410 411 -0.797384591623
410 450 -0.338756482732
411 412 -0.725341293791
411 451 0.533445949842
412 413 0.037379421026
412 452 -0.645433625514
413 414 -0.315191238433
413 453 0.287725513499
414 415 -0.701026185797
414 454 0.10282557334
415 416 0.421591230462
415 455 -0.938056151841
416 417 -0.94672336223
416 456 -0.312832308916
417 418 0.277545402677
417 457 -0.0867278878635
418 419 -0.513012640546
418 458 0.0751491963557
419 420 -0.142895963623
419 459 -0.442781933648
420 421 0.0744506315412
420 460 0.400244917803
421 422 0.956370726182
421 461 -0.625555623165
422 423 -0.59361942945
422 462 0.377660341494
423 424 -0.818354106879
423 463 0.124965478109
424 425 0.0891836268122
424 464 0.759676712632
425 426 -0.589592108614
425 465 0.915676338696
426 427 0.978559266971
426 466 -0.593265696552
427 428 -0.462457827114
427 467 0.291179286466
428 429 0.305903890622
428 468 -0.172052377966
429 430 0.379415644728
429 469 -0.438472375146
430 431 -0.866898388274
430 470 0.334279604611
431 432 0.0693066190023
431 471 -0.718688090385
432 433 0.302344427514
432 472 0.597237450599
433 434 0.19288160368
433 473 -0.910463557561
434 435 -0.4545905482
434 474 0.558997529973
435 436 0.0561588972933
435 475 -0.221905836416
436 437 0.960461681384
436 476 0.0250426385234
437 438 -0.803265284842
437 477 0.337450775577
438 439 -0.672619340654
438 478 0.980276921212
439 440 -0.31898961823
439 479 0.889328929269
440 480 0.515604864619
441 442 0.57261197187
441 481 0.732578597163
442 443 -0.161931930895
442 482 0.804843711752
443 444 -0.940452006535
443 483 0.0755633323511
444 445 -0.612970073071
444 484 -0.957340320997
445 446 -0.429378136134
445 485 0.394102875763
446 447 0.824599446383
446 486 -0.456413164817
447 448 0.598852620128
447 487 -0.620886243486
448 449 0.893539061001
448 488 -0.870755403788
449 450 0.382391297015
449 489 -0.389186767113
450 451 -0.763053942083
450 490 0.951997568594
451 452 0.0967350870361
451 491 0.280707967118
452 453 -0.260520685999
452 492 0.37145718034
453 454 -0.432362264657
453 493 0.887900366243
454 455 -0.728602097321
454 494 -0.635764750993
455 456 -0.597855258041
455 495 -0.736514873202
456 457 -0.488768702095
456 496 0.67855292425
457 458 -0.281676181638
457 497 0.346197480277
458 459 0.856884089086
458 498 0.559965961497
459 460 0.0440258152657
459 499 -0.739468707108
460 461 -0.959226872916
460 500 0.133121559215
461 462 -0.069992354892
461 501 0.06208314539
462 463 -0.286941776571
462 502 -0.788752673896
463 464 -0.332194655366
463 503 -0.631891014922
464 465 0.0747476830052
464 504 0.876277548576
465 466 0.218014028175
465 505 0.0802619034716
466 467 -0.693659804297
466 506 -0.234117478273
467 468 -0.579342226348
467 507 0.0703181230046
468 469 0.666100532439
468 508 0.306869624114
469 470 0.64652137975
469 509 -0.716817999961
470 471 -0.746159947823
470 510 -0.502855595319
471 472 -0.228564928851
471 511 0.70090080417
472 473 -0.485352426756
472 512 -0.58224494445
473 474 0.470079247853
473 513 -0.932993163392
474 475 -0.745181930982
474 514 0.321972821018
475 476 0.92812853928
475 515 -0.94506838834
476 477 0.360128341115
476 516 0.187192221565
477 478 0.633104112223
477 517 0.9028271235
478 479 0.617395434099
478 518 -0.873755531323
479 480 -0.793015355153
479 519 0.854898509929
480 520 -0.873573884482
481 482 -0.653669157008
481 521 -0.850102825974
482 483 0.959232524081
482 522 0.247137678814
483 484 0.891656589351
483 523 -0.109749613879
484 485 0.167839747893
484 524 -0.109285910945
485 486 0.910131875346
485 525 0.100294855176
486 487 0.274504226598
486 526 0.474963337416
487 488 0.438196987745
487 527 0.961719263601
488 489 -0.919604314923
488 528 -0.844881662036
489 490 -0.902203854542
489 529 0.398008125105
490 491 0.698244473916
490 530 0.273291543697
491 492 0.863799245308
491 531 0.533904870612
492 493 0.765052613974
492 532 0.214852253066
493 494 -0.442977809002
493 533 0.726876064705
494 495 0.910201444799
494 534 -0.481013568102
495 496 -0.356806023297
495 535 0.788733337563
496 497 0.89275067995
496 536 -0.475431599243
497 498 -0.658169439676
497 537 -0.66873753628
498 499 -0.182164622713
498 538 0.778625266018
499 500 -0.962773980683
499 539 0.917009577843
500 501 0.654404027312
500 540 -0.732950629804
501 502 -0.880966898444
501 541 -0.491550842829
502 503 0.69996629037
502 542 0.959112579872
503 504 -0.88793248649
503 543 0.388023867041
504 505 -0.620225768949
504 544 0.539999218457
505 506 -0.670797251349
505 545 -0.310682682121
506 507 0.888884381659
506 546 0.921806201815
507 508 0.142569960258
507 547 0.720901438348
508 509 0.921342459301
508 548 -0.701216188429
509 510 -0.0795027142688
509 549 0.964344197316
510 511 0.918727015543
510 550 0.74819439302
511 512 0.497809233213
511 551 0.226580966899
512 513 -0.431385699069
512 552 -0.95265492537
513 514 0.18284216477
513 553 -0.743153364069
514 515 -0.0751953347848
514 554 0.874459047751
515 516 0.703849074904
515 555 -0.825244023564
516 517 -0.0560758541199
516 556 0.117423953486
517 518 0.386513602378
517 557 -0.23799294256
518 519 -0.766769661929
518 558 -0.845539123176
519 520 0.811759869316
519 559 -0.124953033136
520 560 0.334493031867
521 522 0.201485442756
521 561 -0.664055632563
522 523 -0.833631754858
522 562 0.465997435192
523 524 0.248306488661
523 563 0.223624697203
524 525 0.684113296084
524 564 -0.601888692072
525 526 -0.492774948466
525 565 0.406259760103
526 527 -0.661452870714
526 566 -0.635849984567
527 528 0.817556519021
527 567 0.568574971847
528 529 0.955992351932
528 568 0.0681802146467
529 530 0.518240123571
529 569 0.757603736689
530 531 -0.855260194615
530 570 -0.123586876367
531 532 0.0733060925627
531 571 -0.453288945075
532 533 0.424014762703
532 572 0.583442215887
533 534 0.0936189750622
533 573 -0.765425706161
534 535 0.0436784651414
534 574 -0.533651469772
535 536 -0.734061086931
535 575 0.949252865528
536 537 0.606451235873
536 576 -0.371028959608
537 538 -0.371350230728
537 577 0.746655389097
538 539 -0.367169291376
538 578 -0.197886622699
539 540 0.248315980862
539 579 0.633268365778
540 541 0.255451499282
540 580 0.264091874534
541 542 0.746180651753
541 581 0.856903902428
542 543 0.781351701244
542 582 -0.554630960478
543 544 0.609300170834
543 583 0.51481034983
544 545 -0.238972123795
544 584 0.390006797887
545 546 0.949021496993
545 585 -0.667768464716
546 547 -0.910322150097
546 586 0.2895907029
547 548 -0.920696669202
547 587 -0.253728276031
548 549 -0.404345414819
548 588 -0.407181957809
549 550 -0.146754663135
549 589 -0.852386728005
550 551 -0.592658670071
550 590 0.521050004795
551 552 -0.961921683792
551 591 -0.263699481817
552 553 -0.545223439639
552 592 -0.663267539458
553 554 -0.978552747974
553 593 0.529539771616
554 555 -0.894053029134
554 594 -0.925257798853
555 556 0.877216015855
555 595 0.00233520689044
556 557 -0.131117151833
556 596 -0.819083344192
557 558 -0.649296377335
557 597 0.662655394827
558 559 -0.157497237772
558 598 0.869767222407
559 560 -0.373805988632
559 599 -0.815060352914
560 600 -0.303091210019
561 562 0.466760335021
561 601 -0.183112279696
562 563 0.357370804958
562 602 0.65204573405
563 564 0.866758336162
563 603 0.469038106017
564 565 -0.118801905677
564 604 0.334909065056
565 566 -0.704545976654
565 605 -0.876741812147
566 567 0.529312956601
566 606 -0.821168688159
567 568 0.7859980602
567 607 -0.0898341862207
568 569 -0.248870161723
568 608 0.218527096013
569 570 0.215167653288
569 609 0.595731077159
570 571 0.788581832661
570 610 0.231844809656
571 572 -0.219280567133
571 611 -0.53547649602
572 573 0.332006158089
572 612 0.666425150409
573 574 -0.301558245646
573 613 -0.38728362238
574 575 -0.951024426701
574 614 0.432423557728
575 576 0.511979196774
575 615 0.644162911979
576 577 -0.149154944749
576 616 -0.999121992889
577 578 -0.565831695806
577 617 -0.0114368312335
578 579 0.864196034519
578 618 -0.897726073997
579 580 0.020090130118
579 619 0.136165118834
580 581 -0.669734877203
580 620 -0.40500157242
581 582 -0.93693290994
581 621 0.413136103768
582 583 0.523251028005
582 622 0.359377539066
583 584 -0.684376276377
583 623 0.27792711362
584 585 -0.179496533343
584 624 -0.228237812181
585 586 0.435040352951
585 625 -0.105662879131
586 587 0.151307891248
586 626 0.975366215128
587 588 -0.133999890362
587 627 -0.878720148644
588 589 -0.322138570298
588 628 -0.410081999068
589 590 -0.603022182578
589 629 0.410834943861
590 591 -0.802428795036
590 630 -0.38918289299
591 592 -0.512875661942
591 631 -0.633903997619
592 593 0.231708325399
592 632 -0.952734657192
593 594 -0.744923778563
593 633 0.889965622557
594 595 -0.371612152046
594 634 -0.33847254827
595 596 0.896731682702
595 635 -0.740638677778
596 597 -0.746112179054
596 636 0.476684187507
597 598 0.56499756802
597 637 -0.593999782171
598 599 0.81089759964
598 638 0.930418845174
599 600 0.431444784358
599 639 0.315662343588
600 640 0.693368016735
601 602 0.0558176468358
601 641 0.875143167902
602 603 -0.305097326578
602 642 -0.882239811684
603 604 0.649641856412
603 643 -0.328301180195
604 605 -0.863330739966
604 644 -0.289326742234
605 606 0.298015468127
605 645 -0.24849535896
606 607 -0.0432989441428
606 646 -0.834352953779
607 608 -0.364541931659
607 647 0.27772895754
608 609 -0.757478928418
608 648 -0.222420662978
609 610 -0.63571097039
609 649 -0.313765616625
610 611 -0.214568710951
610 650 -0.254214734118
611 612 -0.481522889466
611 651 0.297049806464
612 613 0.364839563329
612 652 0.740613933071
613 614 0.982980598284
613 653 -0.162382891614
614 615 -0.26910147331
614 654 -0.0567243510416
615 616 -0.051887557023
615 655 0.870548613381
616 617 0.283959370162
616 656 -0.875467460621
617 618 0.878060279346
617 657 -0.919987139102
618 619 -0.571099320513
618 658 0.766761131911
619 620 -0.793148969309
619 659 0.0995417227422
620 621 -0.619211013194
620 660 0.607604931079
621 622 0.769745399285
621 661 -0.260020724111
622 623 0.632440060143
622 662 -0.874585708287
623 624 -0.252912316583
623 663 -0.377443700015
624 625 -0.223080820913
624 664 -0.717967311451
625 626 -0.410891260025
625 665 -0.66711815602
626 627 0.226498285523
626 666 -0.626031509258
627 628 0.697297538118
627 667 -0.640571993001
628 629 0.590872309168
628 668 0.32126072247
629 630 -0.682866017307
629 669 0.820888018357
630 631 0.604082140412
630 670 -0.510891897486
631 632 -0.208488198758
631 671 -0.00877842233395
632 633 -0.239311787989
632 672 0.766104607956
633 634 0.905258698976
633 673 0.169632695333
634 635 0.526068555358
634 674 0.682249601617
635 636 0.877352023808
635 675 -0.107799227783
636 637 0.776155203419
636 676 0.877574573028
637 638 0.222260116911
637 677 0.4542166659
638 639 -0.678041212824
638 678 0.0185548757069
639 640 0.642553280142
639 679 -0.256316531212
640 680 -0.323901284288
641 642 0.0433922448899
641 681 -0.783613234226
642 643 0.223643632911
642 682 -0.751970763373
643 644 0.814929292856
643 683 -0.629581531653
644 645 0.372072606289
644 684 -0.509856205912
645 646 -0.0983845423354
645 685 -0.852035106448
646 647 0.927498884262
646 686 0.67039848931
647 648 0.170974654586
647 687 -0.91928380867
648 649 -0.407858279009
648 688 0.349656059024
649 650 -0.202091476098
649 689 -0.328602254135
650 651 -0.647851583618
650 690 -0.993908035071
651 652 -0.239593730256
651 691 0.943356007536
652 653 0.751045656455
652 692 0.836093662922
653 654 0.264231102526
653 693 -0.303412692632
654 655 -0.97074184699
654 694 -0.62933541425
655 656 0.208039034687
655 695 0.805732824093
656 657 -0.0154271543824
656 696 -0.691572085557
657 658 0.206269584167
657 697 0.377448886225
658 659 0.236915603949
658 698 -0.220158719137
659 660 0.303478823425
659 699 0.7605290491
660 661 0.416527495998
660 700 0.366679286593
661 662 0.355543225192
661 701 0.0746267135644
662 663 0.153861782881
662 702 -0.909625851208
663 664 0.331348979754
663 703 -0.496879670251
664 665 -0.20612810825
664 704 0.270010996785
665 666 0.76098551999
665 705 0.90686758159
666 667 0.546428071614
666 706 0.902636940315
667 668 -0.205106734246
667 707 -0.592730455364
668 669 -0.892696276818
668 708 -0.812997224736
669 670 0.970175951794
669 709 0.24035790881
670 671 -0.856341298264
670 710 -0.978490423316
671 672 0.433188415189
671 711 0.0428453103977
672 673 -0.00279068838793
672 712 -0.416459319813
673 674 0.451815770639
673 713 0.903549136014
674 675 0.638186242356
674 714 -0.594549408375
675 676 -0.522856173598
675 715 0.572121585106
676 677 -0.283923925282
676 716 0.349989674887
677 678 -0.963793044406
677 717 -0.156960940271
678 679 -0.448920956272
678 718 0.602549585397
679 680 -0.568349321227
679 719 0.115769509209
680 720 0.909182388643
681 682 -0.68355318563
681 721 0.0904053034064
682 683 0.519059058327
682 722 0.588846635153
683 684 -0.184035462212
683 723 0.474903946829
684 685 -0.272045355068
684 724 0.154727397582
685 686 -0.0406243608662
685 725 0.212288426076
686 687 -0.535251395493
686 726 0.686837217143
687 688 -0.460188442746
687 727 0.168901368913
688 689 -0.686854660177
688 728 0.946093035385
689 690 -0.34579687814
689 729 0.28596624391
690 691 0.0772108382937
690 730 0.333941908778
691 692 -0.549593697374
691 731 0.417432422712
692 693 0.501812255649
692 732 -0.978890737663
693 694 0.685838848691
693 733 -0.0205846614899
694 695 0.111597288976
694 734 0.35418581251
695 696 -0.341228935122
695 735 0.920479959148
696 697 0.718001816331
696 736 -0.608806282767
697 698 -0.572751485274
697 737 0.943264301483
698 699 0.246674475897
698 738 -0.543872083591
699 700 -0.16676453495
699 739 -0.410950034086
700 701 -0.277298585303
700 740 -0.0953357003903
701 702 0.564364012897
701 741 0.64828904462
702 703 -0.355886424979
702 742 0.381674637692
703 704 -0.392027099572
703 743 0.180908311934
704 705 -0.583103078685
704 744 0.400436794295
705 706 -0.826856574972
705 745 -0.494394655087
706 707 0.652582877052
706 746 -0.616809332333
707 708 -0.171851363119
707 747 0.129192142353
708 709 0.390666909864
708 748 0.500044991963
709 710 -0.163949094088
709 749 -0.638901775019
710 711 -0.182810940271
710 750 0.654468364949
711 712 0.339071096722
711 751 0.937394937872
712 713 -0.843364820489
712 752 -0.34918806983
713 714 -0.821816664636
713 753 0.8378163616
714 715 -0.0811578907022
714 754 0.612801464551
715 716 -0.290942628746
715 755 -0.0291309770381
716 717 0.772601404102
716 756 0.931635292409
717 718 0.994366554735
717 757 0.175640264795
718 719 -0.631285441608
718 758 -0.173988068098
719 720 0.406350250741
719 759 0.904397275098
720 760 0.155715219239
721 722 0.0488081601369
721 761 0.275220488252
722 723 -0.1827464265
722 762 0.887595011766
723 724 -0.333087236472
723 763 0.772268462708
724 725 -0.181128815446
724 764 0.753563005344
725 726 0.9650237359
725 765 -0.957060221537
726 727 0.495043758263
726 766 -0.783106702234
727 728 -0.87020127933
727 767 -0.874496373947
728 729 -0.91769354071
728 768 -0.794158441129
729 730 0.669172036355
729 769 0.0517012950393
730 731 -0.586203489556
730 770 0.17216720306
731 732 -0.459254550257
731 771 0.754339678601
732 733 0.107284077532
732 772 -0.810797378922
733 734 0.0399996362581
733 773 0.738396708659
734 735 0.289057905185
734 774 0.895102733889
735 736 0.959795977591
735 775 -0.191890363605
736 737 -0.0796932930473
736 776 0.0919534314199
737 738 -0.528735055098
737 777 0.024848560747
738 739 -0.185967034641
738 778 -0.728454909843
739 740 -0.527279013596
739 779 0.674618172324
740 741 -0.0428241723189
740 780 -0.622601038692
741 742 0.434098440404
741 781 -0.16958655589
742 743 0.399166702804
742 782 0.546703846123
743 744 -0.348635226206
743 783 -0.87948552111
744 745 0.229172931585
744 784 0.56669726609
745 746 -0.509126602978
745 785 0.679562789034
746 747 -0.958030611796
746 786 0.439017251637
747 748 -0.591239419881
747 787 -0.215672985243
748 749 0.907641291799
748 788 0.657110392132
749 750 0.0974615695426
749 789 0.960554556428
750 751 0.962953050874
750 790 0.319873837455
751 752 0.55246696625
751 791 -0.582449086028
752 753 -0.309260928564
752 792 0.120154702029
753 754 0.527517039383
753 793 -0.28796203455
754 755 0.299594473748
754 794 -0.333008364836
755 756 -0.851127116885
755 795 0.493771623869
756 757 -0.66860714262
756 796 -0.771857005114
757 758 -0.0360663880602
757 797 0.0298416899597
758 759 -0.47005200408
758 798 0.839089510013
759 760 0.774177530146
759 799 -0.61911825685
760 800 0.826492674579
761 762 -0.197009112819
761 801 0.299610218039
762 763 -0.652440412489
762 802 0.885171699454
763 764 0.721311724272
763 803 -0.6697637592
764 765 0.71976255612
764 804 0.667953785369
765 766 0.0334935277631
765 805 -0.0264657729375
766 767 -0.46619540639
766 806 0.283689836677
767 768 -0.247248757268
767 807 -0.757652386054
768 769 -0.669477902625
768 808 0.979638513731
769 770 0.458942900892
769 809 0.184148784169
770 771 -0.183863578326
770 810 -0.769662472428
771 772 0.0232480124345
771 811 0.775778549385
772 773 0.720532234143
772 812 -0.0663339260847
773 774 -0.569710905285
773 813 -0.16133650567
774 775 -0.275392012912
774 814 0.724093864388
775 776 -0.673997273606
775 815 0.948509953338
776 777 -0.247914349922
776 816 -0.730138771079
777 778 0.107210592004
777 817 0.00580496854468
778 779 -0.416098681457
778 818 0.788192092417
779 780 0.426698789015
779 819 0.851919131804
780 781 0.176383511943
780 820 -0.663287518274
781 782 -0.443805174252
781 821 -0.767187144749
782 783 0.641359109963
782 822 -0.18591646273
783 784 -0.275312707858
783 823 -0.744178419724
784 785 0.868745774273
784 824 0.918041102297
785 786 0.0725718487498
785 825 -0.67754190645
786 787 0.361056552702
786 826 0.693096978729
787 788 0.978492029404
787 827 0.504120851187
788 789 -0.064992377316
788 828 -0.293345676679
789 790 0.465634131149
789 829 -0.310145831227
790 791 0.776023215923
790 830 0.132732458311
791 792 0.404676812764
791 831 -0.0697809057794
792 793 -0.344551649005
792 832 -0.469775461624
793 794 -0.931958677154
793 833 0.820664433897
794 795 0.932070906783
794 834 0.651084810418
795 796 0.169335667623
795 835 0.664773309233
796 797 0.960068605016
796 836 -0.954938636399
797 798 0.865978464881
797 837 0.957263128481
798 799 0.362917725354
798 838 -0.495246201589
799 800 -0.0174934601774
799 839 0.505281167143
800 840 0.321918120718
801 802 -0.206199994197
801 841 0.247832227096
802 803 -0.0690206503649
802 842 0.525987282551
803 804 -0.538508116544
803 843 -0.895130242627
804 805 -0.147457666621
804 844 -0.619740008815
805 806 0.25028238956
805 845 0.706346866244
806 807 0.414293257343
806 846 -0.312759458521
807 808 -0.170564506046
807 847 0.349761438226
808 809 -0.483382439684
808 848 0.373927053697
809 810 0.410822735725
809 849 0.19928495
810 811 0.0648495776408
810 850 0.659164843123
811 812 0.777596413591
811 851 0.988225165574
812 813 -0.973177956658
812 852 -0.291420144501
813 814 0.365120350614
813 853 0.236971810962
814 815 0.501758138045
814 854 0.39619040038
815 816 -0.517881646824
815 855 0.599451358474
816 817 -0.589096469024
816 856 0.0549952922526
817 818 0.620597524762
817 857 0.205937074635
818 819 -0.0474702158017
818 858 0.941234250817
819 820 -0.118134920731
819 859 0.160025760523
820 821 0.186101489434
820 860 0.971085703522
821 822 -0.945217406884
821 861 0.802522702813
822 823 0.726673103371
822 862 0.423817494498
823 824 -0.361130894315
823 863 -0.690085029631
824 825 -0.0718948627502
824 864 0.429422805944
825 826 0.377846362134
825 865 0.00130763439566
826 827 0.350591269525
826 866 0.187126295595
827 828 0.755588218509
827 867 0.378982160174
828 829 0.773048423453
828 868 0.376868318605
829 830 0.793471264446
829 869 -0.763636505647
830 831 -0.424699520755
830 870 0.685565468584
831 832 0.671194208774
831 871 0.547855494637
832 833 -0.244254551253
832 872 0.370913887606
833 834 -0.551121113836
833 873 -0.900797634073
834 835 -0.319508078494
834 874 -0.858360390432
835 836 -0.627902008945
835 875 -0.154842513709
836 837 0.856547534745
836 876 0.921153355955
837 838 -0.405726063302
837 877 -0.790019864144
838 839 -0.97917321909
838 878 0.0921829571219
839 840 0.450863108193
839 879 0.154999549488
840 880 -0.333849550579
841 842 0.53480993418
841 881 -0.642052179918
842 843 0.505640390961
842 882 0.962419838263
843 844 0.717441696979
843 883 -0.321550183552
844 845 0.277726206287
844 884 -0.143690037116
845 846 -0.00393418177465
845 885 0.145162334849
846 847 -0.742032436953
846 886 -0.0102605636608
847 848 -0.0555317167171
847 887 -0.962858210854
848 849 0.356165033142
848 888 -0.242980015013
849 850 -0.72410333721
849 889 0.721553720377
850 851 0.205686837381
850 890 -0.207526692527
851 852 0.528463428914
851 891 0.256368405878
852 853 0.624187909378
852 892 0.613387870616
853 854 0.351846119943
853 893 0.927305176133
854 855 0.687550212109
854 894 0.782071676641
855 856 0.883904151941
855 895 -0.952448169813
856 857 -0.829563914167
856 896 0.752723129247
857 858 -0.0431616459492
857 897 -0.305417757366
858 859 0.222633750342
858 898 0.467232602944
859 860 -0.618781942611
859 899 -0.0850362649127
860 861 -0.85746130469
860 900 -0.187477200013
861 862 0.768906080915
861 901 -0.417185921841
862 863 -0.0272964688452
862 902 0.523606494419
863 864 0.968033912694
863 903 -0.122322823941
864 865 0.542325287648
864 904 0.494221782599
865 866 0.262616631295
865 905 0.17567397445
866 867 0.935299929847
866 906 0.509373994413
867 868 -0.719628629902
867 907 -0.700194205609
868 869 0.789497039019
868 908 -0.551005302328
869 870 0.615851350855
869 909 -0.46935580538
870 871 0.102075527533
870 910 0.83451779013
871 872 -0.673588640669
871 911 0.639238729208
872 873 0.54429068463
872 912 -0.733727116072
873 874 0.310452276894
873 913 -0.0298759543619
874 875 0.176567984094
874 914 -0.509558454921
875 876 -0.369906482974
875 915 0.778239244415
876 877 -0.783173718471
876 916 0.988606107725
877 878 0.977029809509
877 917 -0.511955526916
878 879 -0.287819982866
878 918 0.673911447248
879 880 -0.486296153212
879 919 -0.130425283807
880 920 0.699580903428
881 882 -0.248848462825
881 921 0.00506611865387
882 883 0.946555988258
882 922 -0.919817750718
883 884 -0.213506543267
883 923 -0.459269035523
884 885 0.0116141415565
884 924 0.302103116736
885 886 0.00510903556595
885 925 0.592884067902
886 887 0.527984094177
886 926 0.0422406661616
887 888 0.85702869909
887 927 -0.498127620766
888 889 -0.403973798177
888 928 0.490615560283
889 890 -0.663739340621
889 929 -0.449372193922
890 891 -0.953138294908
890 930 -0.488169358427
891 892 -0.0323255150869
891 931 0.750984378418
892 893 0.850696659646
892 932 0.251278970596
893 894 -0.479909128267
893 933 -0.42672866858
894 895 0.39415033142
894 934 -0.875170838035
895 896 0.452655910626
895 935 -0.873361880126
896 897 0.641511543137
896 936 -0.8114390862
897 898 0.719867262734
897 937 -0.155141935501
898 899 -0.584764371121
898 938 0.840472236621
899 900 0.285577183611
899 939 -0.134041375057
900 901 -0.342826622536
900 940 0.105084832749
901 902 -0.100039963164
901 941 -0.910552700744
902 903 -0.256550233702
902 942 -0.642933831879
903 904 0.472130825496
903 943 -0.579579997537
904 905 -0.245167435305
904 944 -0.913146599609
905 906 0.95268584478
905 945 0.105978435123
906 907 -0.784006006639
906 946 -0.387105119773
907 908 -0.741219498329
907 947 -0.395462651745
908 909 0.558633163284
908 948 0.996535339184
909 910 -0.895559733974
909 949 0.582341571797
910 911 -0.186124994391
910 950 -0.622731045732
911 912 -0.0326309522159
911 951 -0.183409830037
912 913 -0.972019422393
912 952 0.617695139777
913 914 0.0700892855518
913 953 0.980171464823
914 915 -0.796162448583
914 954 0.370810191297
915 916 -0.981237548444
915 955 -0.100739899201
916 917 0.0871807831204
916 956 -0.494530003851
917 918 0.0839298830387
917 957 -0.755636658933
918 919 0.29355789417
918 958 -0.11098599583
919 920 -0.312819139207
919 959 -0.265739324414
920 960 -0.39426605151
921 922 0.373334159833
921 961 -0.492640702677
922 923 -0.968057444937
922 962 0.0865806300471
923 924 -0.753544222541
923 963 -0.0861215164759
924 925 0.879883069071
924 964 0.616499453268
925 926 0.813870228095
925 965 -0.35467797265
926 927 -0.611202190113
926 966 -0.391316939674
927 928 -0.985221806542
927 967 -0.114880689253
928 929 -0.835975569142
928 968 -0.956115919384
929 930 0.0690252132132
929 969 0.355736905652
930 931 0.209221168999
930 970 0.373549934148
931 932 -0.0238153868137
931 971 0.890078784707
932 933 0.436413518803
932 972 -0.802495145545
933 934 0.689631164417
933 973 -0.0565657386198
934 935 -0.62037190439
934 974 0.12670357525
935 936 0.047588722934
935 975 0.711441562194
936 937 -0.841926609689
936 976 -0.0505169795865
937 938 -0.863347375535
937 977 -0.673246670563
938 939 -0.694876128616
938 978 0.449337708007
939 940 0.401442953888
939 979 0.623072195449
940 941 0.248611960676
940 980 0.046613555614
941 942 -0.417045707319
941 981 -0.122557853828
942 943 0.393422720898
942 982 -0.421153115182
943 944 -0.322968978194
943 983 -0.723206247834
944 945 -0.805107438293
944 984 -0.720416058129
945 946 0.0097243103694
945 985 0.943558380533
946 947 0.404465602803
946 986 -0.424592466714
947 948 0.764972369616
947 987 -0.232044773067
948 949 -0.853623837094
948 988 -0.484112386835
949 950 0.069363279138
949 989 0.928759274212
950 951 0.377613713139
950 990 -0.639117236418
951 952 -0.325549483035
951 991 0.11899340988
952 953 -0.279926083752
952 992 0.00400953553131
953 954 0.534216970478
953 993 -0.391779815369
954 955 -0.745524611024
954 994 0.574403102744
955 956 0.472034102098
955 995 -0.743106072448
956 957 0.110861010348
956 996 -0.417987128953
957 958 0.538473918891
957 997 0.964346942948
958 959 0.719386863617
958 998 0.0629911860178
959 960 0.870841199398
959 999 -0.674043350755
960 1000 -0.0643530679236
961 962 0.109481725885
961 1001 0.249861688128
962 963 -0.932244764203
962 1002 0.314969271671
963 964 -0.530565893834
963 1003 0.12630646986
964 965 -0.753566733502
964 1004 0.814924418039
965 966 0.448794011875
965 1005 0.309511896826
966 967 0.514752785221
966 1006 -0.0785990539865
967 968 0.701208930153
967 1007 0.867274609596
968 969 -0.188674222075
968 1008 -0.353562412987
969 970 0.856992165506
969 1009 -0.707241095788
970 971 -0.343257461002
970 1010 -0.596343275388
971 972 0.496350750916
971 1011 0.125854923323
972 973 -0.390602688802
972 1012 -0.778443686389
973 974 -0.987691433995
973 1013 0.791895530577
974 975 0.110034198609
974 1014 0.938748473633
975 976 -0.83847053551
975 1015 -0.576072685434
976 977 -0.929185553045
976 1016 0.98572357045
977 978 0.428681145789
977 1017 -0.497612560021
978 979 0.413361387575
978 1018 -0.852178405088
979 980 0.551871994278
979 1019 0.913759654431
980 981 0.00516249310884
980 1020 0.657036637217
981 982 0.294041914846
981 1021 -0.0972251241478
982 983 -0.705548997878
982 1022 -0.591965151836
983 984 0.822803954643
983 1023 -0.88164749692
984 985 0.580516314587
984 1024 -0.837094970912
985 986 0.162072540424
985 1025 -0.457316084839
986 987 0.976944755954
986 1026 -0.860542183351
987 988 -0.295147221313
987 1027 -0.784723678181
988 989 -0.672153969684
988 1028 0.395914868859
989 990 -0.619356934284
989 1029 -0.978739956937
990 991 0.544205209028
990 1030 0.427845786747
991 992 0.860540960166
991 1031 0.990165574552
992 993 -0.916393629712
992 1032 0.0461999548987
993 994 0.111515397815
993 1033 0.387183622667
994 995 -0.424173187371
994 1034 -0.170575412771
995 996 -0.307907079164
995 1035 0.545855330975
996 997 -0.834290821707
996 1036 -0.766927607868
997 998 0.117491004557
997 1037 0.584428106159
998 999 -0.405899882663
998 1038 0.21871906694
999 1000 0.380703120652
999 1039 0.232918980768
1000 1040 -0.12414459666
1001 1002 0.791002332112
1001 1041 -0.274292823134
1002 1003 0.0698052033289
1002 1042 0.333116792201
1003 1004 -0.594469904521
1003 1043 0.0227745642715
1004 1005 0.354134665418
1004 1044 -0.361149609661
1005 1006 -0.253424335699
1005 1045 0.606991998719
1006 1007 0.530486793061
1006 1046 -0.64797303104
1007 1008 -0.733623795297
1007 1047 -0.861805398359
1008 1009 -0.858524032095
1008 1048 -0.827393188348
1009 1010 -0.902590690158
1009 1049 0.226184855667
1010 1011 0.539770343684
1010 1050 -0.818168040025
1011 1012 -0.468614894613
1011 1051 -0.34160966269
1012 1013 0.195249862186
1012 1052 -0.0962610190429
1013 1014 0.777493752329
1013 1053 -0.23248403995
1014 1015 0.13142807866
1014 1054 0.621055426033
1015 1016 0.568946205841
1015 1055 0.407453445224
1016 1017 -0.801820393884
1016 1056 0.0557437795778
1017 1018 0.0617518074199
1017 1057 0.740779837136
1018 1019 0.182222459054
1018 1058 0.20551664138
1019 1020 -0.921621360692
1019 1059 -0.586853770891
1020 1021 0.760514621697
1020 1060 -0.558344459574
1021 1022 0.374822385918
1021 1061 -0.87828191908
1022 1023 0.576925305127
1022 1062 -0.330941508717
1023 1024 -0.758607329195
1023 1063 -0.191401721877
1024 1025 -0.588960927705
1024 1064 -0.478193906287
1025 1026 0.498998810562
1025 1065 0.0633241544915
1026 1027 0.9691701474
1026 1066 0.396856013505
1027 1028 -0.644154752399
1027 1067 0.864948790886
1028 1029 0.362063310019
1028 1068 -0.804522207791
1029 1030 0.123482066359
1029 1069 0.0689683486366
1030 1031 -0.852068418501
1030 1070 -0.353739092817
1031 1032 0.6314053997
1031 1071 0.653140700171
1032 1033 0.711757846064
1032 1072 0.844850994696
1033 1034 0.328447821959
1033 1073 -0.925199850637
1034 1035 0.118747237089
1034 1074 0.793762349613
1035 1036 0.91114886287
1035 1075 0.254169655006
1036 1037 -0.497527060518
1036 1076 -0.0191644886676
1037 1038 -0.214879969599
1037 1077 -0.239810889388
1038 1039 -0.854855393068
1038 1078 0.652478685198
1039 1040 0.492880994425
1039 1079 -0.0594210376859
1040 1080 0.104438864757
1041 1042 0.275114146037
1041 1081 -0.617107195762
1042 1043 -0.117318591255
1042 1082 -0.455057082553
1043 1044 0.896651767886
1043 1083 -0.256332587274
1044 1045 0.459985977102
1044 1084 -0.0500721616543
1045 1046 0.390107354434
1045 1085 -0.0162534608801
1046 1047 0.369857697496
1046 1086 0.599163088968
1047 1048 0.669405110052
1047 1087 0.688477451902
1048 1049 0.00143217409946
1048 1088 0.910202726982
1049 1050 0.147059835677
1049 1089 0.458707605546
1050 1051 -0.167745490895
1050 1090 0.231555545674
1051 1052 -0.689387186963
1051 1091 0.536018520079
1052 1053 -0.61170108649
1052 1092 0.404368613458
1053 1054 -0.225166827605
1053 1093 0.931030191702
1054 1055 0.262281758584
1054 1094 -0.81827807529
1055 1056 0.522202065842
1055 1095 0.0315595803573
1056 1057 0.011132149316
1056 1096 0.147962525326
1057 1058 -0.836639937865
1057 1097 -0.681603435901
1058 1059 0.689410171243
1058 1098 0.112908017563
1059 1060 0.431622580958
1059 1099 -0.900724359444
1060 1061 0.497977513157
1060 1100 -0.0415949124691
1061 1062 0.853856960129
1061 1101 0.91252848939
1062 1063 -0.92613084103
1062 1102 -0.450582054132
1063 1064 -0.726297220361
1063 1103 0.438158616057
1064 1065 -0.551464618908
1064 1104 -0.294456648544
1065 1066 0.747011722618
1065 1105 -0.826414894321
1066 1067 0.422850810335
1066 1106 -0.607338621914
1067 1068 0.772354695094
1067 1107 -0.842058614455
1068 1069 0.132250202404
1068 1108 0.976718584397
1069 1070 0.359066144785
1069 1109 0.64674906139
1070 1071 0.152043177673
1070 1110 -0.968514487253
1071 1072 0.281871072785
1071 1111 0.865731191949
1072 1073 0.774973553497
1072 1112 0.29559560788
1073 1074 0.981187202695
1073 1113 -0.960124373024
1074 1075 0.204895227807
1074 1114 0.285670053496
1075 1076 0.690190209803
1075 1115 -0.260235260432
1076 1077 0.501018135693
1076 1116 -0.73205030176
1077 1078 -0.388930258535
1077 1117 0.976248350801
1078 1079 0.165735118765
1078 1118 -0.968058001256
1079 1080 0.744998328558
1079 1119 -0.386185168085
1080 1120 0.733107707996
1081 1082 -0.00441177076539
1081 1121 -0.635109190858
1082 1083 0.899337879896
1082 1122 0.456538880386
1083 1084 0.908438178665
1083 1123 -0.885588167489
1084 1085 0.122065127631
1084 1124 0.143649387287
1085 1086 0.143845020579
1085 1125 0.897878862432
1086 1087 0.774924681528
1086 1126 -0.40334600822
1087 1088 0.829764645832
1087 1127 0.580964247919
1088 1089 0.399268765425
1088 1128 -0.640139776282
1089 1090 -0.634631884948
1089 1129 0.566761862887
1090 1091 0.0141814010946
1090 1130 -0.890584414275
1091 1092 0.335377720417
1091 1131 0.486636305218
1092 1093 0.662389900687
1092 1132 -0.666607691745
1093 1094 -0.329091024757
1093 1133 -0.75310647249
1094 1095 -0.282089361836
1094 1134 -0.051042207543
1095 1096 -0.452679068087
1095 1135 -0.316659096575
1096 1097 -0.224491902351
1096 1136 0.0680021433629
1097 1098 0.926701410432
1097 1137 0.845554028447
1098 1099 0.799154048415
1098 1138 0.560066070609
1099 1100 -0.122196108653
1099 1139 0.239329701139
1100 1101 -0.618126582332
1100 1140 -0.799024057849
1101 1102 -0.0464286527234
1101 1141 0.153972480435
1102 1103 0.785412513733
1102 1142 0.306926624363
1103 1104 0.350790106644
1103 1143 -0.209446766562
1104 1105 -0.939888932628
1104 1144 0.692863298508
1105 1106 0.961515757758
1105 1145 0.787706598083
1106 1107 -0.261732882303
1106 1146 0.424537660647
1107 1108 -0.399647270714
1107 1147 0.398205972538
1108 1109 0.489742794499
1108 1148 0.895493998732
1109 1110 0.446424431057
1109 1149 0.987118098039
1110 1111 0.396026967302
1110 1150 -0.768935155432
1111 1112 0.967331265632
1111 1151 -0.355435070997
1112 1113 -0.843543913164
1112 1152 0.145504095239
1113 1114 -0.147522952219
1113 1153 0.548411771235
1114 1115 0.72778628241
1114 1154 -0.473214611801
1115 1116 0.204573457314
1115 1155 0.877459808817
1116 1117 0.401270258697
1116 1156 0.481602424511
1117 1118 -0.47655624741
1117 1157 -0.95443831039
1118 1119 0.356561871959
1118 1158 -0.824915979444
1119 1120 -0.654921523943
1119 1159 0.48386740633
1120 1160 -0.905846296865
1121 1122 0.83676607828
1121 1161 -0.136355857318
1122 1123 -0.987352125469
1122 1162 -0.801344470212
1123 1124 0.0976102365642
1123 1163 0.199594982378
1124 1125 -0.69702150151
1124 1164 -0.276035763438
1125 1126 0.280340185947
1125 1165 0.269782249226
1126 1127 0.824310684815
1126 1166 0.171366761866
1127 1128 0.67275321236
1127 1167 0.635495448707
1128 1129 -0.283794402123
1128 1168 0.362146530267
1129 1130 -0.871666824792
1129 1169 -0.741612932348
1130 1131 -0.584175497561
1130 1170 -0.652903025167
1131 1132 -0.0654076443179
1131 1171 0.912411924094
1132 1133 0.721742782708
1132 1172 -0.411480142979
1133 1134 0.349055549078
1133 1173 -0.477356929388
1134 1135 -0.705292404196
1134 1174 -0.0682083416953
1135 1136 0.435730536986
1135 1175 0.976254615931
1136 1137 -0.172126707985
1136 1176 -0.826944664987
1137 1138 0.87845931338
1137 1177 -0.345350785925
1138 1139 -0.916473517778
1138 1178 0.34737268402
1139 1140 0.933189338543
1139 1179 0.747529305912
1140 1141 -0.2868956451
1140 1180 -0.868606513081
1141 1142 0.525512338513
1141 1181 0.306731749673
1142 1143 -0.99564519087
1142 1182 0.685063357246
1143 1144 0.366525000116
1143 1183 0.97527058623
1144 1145 -0.158755800182
1144 1184 0.837844593378
1145 1146 -0.297194486698
1145 1185 0.634786029986
1146 1147 -0.266703349364
1146 1186 0.376700580934
1147 1148 -0.995264280155
1147 1187 -0.313379718442
1148 1149 -0.451573408217
1148 1188 0.646041854181
1149 1150 0.394180221628
1149 1189 0.895033041846
1150 1151 -0.69792294519
1150 1190 -0.875398993869
1151 1152 -0.789271709167
1151 1191 0.531939807777
1152 1153 0.0127810941466
1152 1192 -0.205411028213
1153 1154 -0.923444145446
1153 1193 0.0966844773032
1154 1155 0.120217575516
1154 1194 -0.822226603614
1155 1156 -0.889572163362
1155 1195 -0.174982189006
1156 1157 0.789079898192
1156 1196 0.6147757417
1157 1158 0.844168093092
1157 1197 -0.247782375043
1158 1159 -0.900821415761
1158 1198 0.656871610301
1159 1160 0.83338656667
1159 1199 -0.159934390087
1160 1200 -0.590981576653
1161 1162 0.660376204197
1161 1201 -0.166447390643
1162 1163 0.26338449025
1162 1202 -0.423926346005
1163 1164 0.923506635492
1163 1203 0.850370262457
1164 1165 -0.128530517512
1164 1204 -0.884549801662
1165 1166 -0.238720216729
1165 1205 0.563808977242
1166 1167 -0.411665885339
1166 1206 -0.938086185281
1167 1168 -0.92038105975
1167 1207 -0.647809639366
1168 1169 -0.845137708307
1168 1208 -0.606663767691
1169 1170 -0.644269227716
1169 1209 -0.82418257845
1170 1171 0.0232233983975
1170 1210 -0.588645720614
1171 1172 -0.678737141466
1171 1211 -0.366311531999
1172 1173 0.636164391369
1172 1212 0.250004609928
1173 1174 -0.659095058713
1173 1213 0.357476350078
1174 1175 0.175282464686
1174 1214 0.59463010068
1175 1176 -0.381694453315
1175 1215 -0.535839365231
1176 1177 -0.766197241183
1176 1216 0.855434894495
1177 1178 -0.335828853867
1177 1217 -0.214734854462
1178 1179 0.0784211418668
1178 1218 0.0137106681143
1179 1180 0.313990483276
1179 1219 0.364409536689
1180 1181 0.282656977923
1180 1220 -0.577977163163
1181 1182 0.370632245145
1181 1221 -0.227302750278
1182 1183 -0.82193980023
1182 1222 0.254421874414
1183 1184 -0.646666233405
1183 1223 -0.786666563654
1184 1185 -0.0183768289972
1184 1224 -0.801187547344
1185 1186 0.941146493287
1185 1225 0.785009846116
1186 1187 0.0159671830125
1186 1226 0.876826926858
1187 1188 0.887706217448
1187 1227 -0.724441234294
1188 1189 0.66139041569
1188 1228 -0.784814167281
1189 1190 -0.803176889591
1189 1229 0.970004222418
1190 1191 -0.334366946383
1190 1230 0.177014574497
1191 1192 -0.338921196528
1191 1231 0.286691270441
1192 1193 -0.430716510214
1192 1232 -0.961820256355
1193 1194 0.451570343437
1193 1233 0.755503518939
1194 1195 0.0739800184805
1194 1234 0.486334312591
1195 1196 0.37933557547
1195 1235 -0.568733259747
1196 1197 -0.0607298601993
1196 1236 -0.94127136792
1197 1198 -0.482772866429
1197 1237 0.510064310242
1198 1199 -0.284944305635
1198 1238 0.594500811229
1199 1200 -0.0360971902867
1199 1239 -0.633807108485
1200 1240 -0.563131284483
1201 1202 0.809335177487
1201 1241 -0.190349565378
1202 1203 -0.184756645417
1202 1242 0.563062247795
1203 1204 0.0218122590361
1203 1243 0.518972280331
1204 1205 0.447465021498
1204 1244 -0.346390461244
1205 1206 0.744767968413
1205 1245 -0.381018044337
1206 1207 0.329341929764
1206 1246 0.898802995133
1207 1208 -0.912836164412
1207 1247 -0.998186659569
1208 1209 -0.860809370023
1208 1248 -0.0581052599182
1209 1210 -0.913589003035
1209 1249 0.295691566722
1210 1211 0.49902623928
1210 1250 -0.82935803822
1211 1212 -0.0899507553422
1211 1251 -0.916647081679
1212 1213 0.0326310193402
1212 1252 -0.119590931247
1213 1214 -0.849046494372
1213 1253 0.983607989238
1214 1215 0.316770568921
1214 1254 0.7012854201
1215 1216 -0.356052270818
1215 1255 -0.854414936706
1216 1217 -0.183735972538
1216 1256 0.372776721399
1217 1218 0.804564899027
1217 1257 -0.716987604075
1218 1219 0.67580958917
1218 1258 -0.133006206261
1219 1220 0.759487863307
1219 1259 -0.730319130422
1220 1221 0.205687926372
1220 1260 -0.398939149895
1221 1222 -0.45531264932
1221 1261 0.344517496174
1222 1223 0.789872290535
1222 1262 -0.703407920232
1223 1224 -0.769118541915
1223 1263 -0.518189562538
1224 1225 -0.79989920702
1224 1264 0.507887379539
1225 1226 -0.682556463153
1225 1265 0.224111223515
1226 1227 -0.0253046127228
1226 1266 -0.550632583367
1227 1228 0.265599636209
1227 1267 -0.506951269071
1228 1229 0.718080216901
1228 1268 0.147067681931
1229 1230 0.266606957262
1229 1269 -0.44946025624
1230 1231 0.494529576512
1230 1270 0.4888015699
1231 1232 0.838657479074
1231 1271 0.821117667552
1232 1233 -0.898075958095
1232 1272 0.646773081741
1233 1234 -0.459973100146
1233 1273 -0.916887465523
1234 1235 -0.679284596973
1234 1274 0.320148587559
1235 1236 0.797984467586
1235 1275 -0.396583784038
1236 1237 -0.208144337887
1236 1276 0.982419841853
1237 1238 0.646523199906
1237 1277 -0.825622889897
1238 1239 -0.943374472427
1238 1278 -0.321208430737
1239 1240 -0.50954803392
1239 1279 -0.498485759978
1240 1280 0.685646101046
1241 1242 -0.337650993818
1241 1281 0.144277540545
1242 1243 -0.291708923641
1242 1282 0.851617194559
1243 1244 0.951810563215
1243 1283 0.473000527927
1244 1245 -0.0462942683377
1244 1284 0.896115610643
1245 1246 -0.347176457724
1245 1285 0.346392945041
1246 1247 0.149000024509
1246 1286 -0.399437468619
1247 1248 0.953194013052
1247 1287 0.99872807927
1248 1249 0.090646913178
1248 1288 0.725994314546
1249 1250 0.954315752145
1249 1289 -0.160193744423
1250 1251 -0.210295303171
1250 1290 0.765238576532
1251 1252 0.441114489394
1251 1291 -0.43566568971
1252 1253 0.7425578546
1252 1292 0.181332739075
1253 1254 -0.532793506863
1253 1293 -0.271108376127
1254 1255 0.719810120068
1254 1294 -0.871140172438
1255 1256 -0.648958253345
1255 1295 0.651056031272
1256 1257 0.695500731189
1256 1296 -0.767227962941
1257 1258 0.0381948694629
1257 1297 -0.472735288419
1258 1259 0.0848825984092
1258 1298 0.794490312004
1259 1260 0.204672173204
1259 1299 -0.774585798747
1260 1261 -0.566494041378
1260 1300 0.240202106917
1261 1262 0.979747703368
1261 1301 -0.770978525127
1262 1263 -0.954966095501
1262 1302 0.983318546567
1263 1264 -0.0220295510377
1263 1303 -0.253158631735
1264 1265 -0.899547883254
1264 1304 -0.994132577409
1265 1266 -0.104817704135
1265 1305 0.691896771665
1266 1267 -0.0724564189049
1266 1306 0.550453660941
1267 1268 0.288681118316
1267 1307 0.498920464033
1268 1269 -0.403959194518
1268 1308 -0.739563021771
1269 1270 -0.195667197663
1269 1309 -0.0645910904316
1270 1271 -0.826343049308
1270 1310 0.833323787657
1271 1272 -0.368639532634
1271 1311 -0.427706751833
1272 1273 -0.841643694909
1272 1312 -0.577478923289
1273 1274 -0.850013049652
1273 1313 0.883082818061
1274 1275 -0.603653222525
1274 1314 -0.767098688321
1275 1276 -0.256691589798
1275 1315 -0.62149631137
1276 1277 0.254877443763
1276 1316 -0.126211789579
1277 1278 -0.578689093601
1277 1317 0.587653584477
1278 1279 -0.926059807611
1278 1318 0.0943859827195
1279 1280 -0.813332599582
1279 1319 -0.654621496755
1280 1320 -0.64739023396
1281 1282 0.690887298188
1281 1321 0.722028623506
1282 1283 0.440904242849
1282 1322 0.103852881463
1283 1284 0.907911947909
1283 1323 0.877787958639
1284 1285 0.735936658257
1284 1324 -0.453807646724
1285 1286 -0.422290151292
1285 1325 -0.836571948933
1286 1287 -0.340475737134
1286 1326 -0.0186561760836
1287 1288 0.111060564014
1287 1327 -0.7040288398
1288 1289 -0.936217210563
1288 1328 -0.723722455939
1289 1290 -0.69682372878
1289 1329 -0.408815459564
1290 1291 0.902974589942
1290 1330 -0.376382137404
1291 1292 -0.53690578441
1291 1331 0.244668677147
1292 1293 0.588880429738
1292 1332 0.927258557145
1293 1294 0.870942717186
1293 1333 0.241573041443
1294 1295 0.854394007706
1294 1334 -0.144024723557
1295 1296 -0.775398909067
1295 1335 -0.68577709705
1296 1297 -0.73142262755
1296 1336 0.302170156861
1297 1298 -0.457756825384
1297 1337 -0.853659478703
1298 1299 -0.341616756646
1298 1338 0.737861403841
1299 1300 0.0767997296051
1299 1339 -0.880852363404
1300 1301 -0.515332584694
1300 1340 0.79004950692
1301 1302 -0.687177241653
1301 1341 0.0425042746001
1302 1303 0.448353037028
1302 1342 -0.345016962293
1303 1304 -0.144538596107
1303 1343 0.536706941467
1304 1305 -0.839342115657
1304 1344 -0.668261242979
1305 1306 -0.169040637114
1305 1345 -0.103003815668
1306 1307 0.331896335907
1306 1346 -0.439088302262
1307 1308 -0.0808774846941
1307 1347 0.181892665951
1308 1309 -0.172279778946
1308 1348 0.628188825409
1309 1310 -0.928995149956
1309 1349 0.260658312056
1310 1311 0.00763360316922
1310 1350 -0.00225815873981
1311 1312 0.430843221238
1311 1351 -0.57707266109
1312 1313 0.201501967183
1312 1352 0.987742008365
1313 1314 0.538490638436
1313 1353 0.786320180484
1314 1315 0.932066287628
1314 1354 0.82861776923
1315 1316 0.165696789825
1315 1355 0.272791990482
1316 1317 0.732343429602
1316 1356 -0.344945196025
1317 1318 0.0774069267853
1317 1357 -0.330674881178
1318 1319 -0.59633379652
1318 1358 0.976198079316
1319 1320 -0.61541281469
1319 1359 0.387657048214
1320 1360 -0.767042198187
1321 1322 0.191376234137
1321 1361 -0.830676777959
1322 1323 -0.63807032795
1322 1362 -0.180817220665
1323 1324 -0.0364656772001
1323 1363 0.31978846176
1324 1325 -0.199456594424
1324 1364 0.14246840777
1325 1326 -0.423801856757
1325 1365 0.394157114876
1326 1327 0.967931431526
1326 1366 -0.138906976481
1327 1328 -0.727651497429
1327 1367 0.823012239579
1328 1329 -0.445405009322
1328 1368 -0.171827336351
1329 1330 -0.511202977217
1329 1369 0.431107618861
1330 1331 -0.589332569552
1330 1370 -0.958855393124
1331 1332 0.707389915127
1331 1371 -0.93860883875
1332 1333 -0.650227223289
1332 1372 -0.49511579259
1333 1334 -0.980785715958
1333 1373 0.848775661743
1334 1335 0.254258629987
1334 1374 -0.43163246488
1335 1336 0.679686843232
1335 1375 -0.521943479892
1336 1337 -0.407147603479
1336 1376 -0.0280885123093
1337 1338 -0.211693875923
1337 1377 -0.885455041734
1338 1339 -0.998019997678
1338 1378 -0.580435874138
1339 1340 0.26497727907
1339 1379 0.751510212486
1340 1341 -0.51748674155
1340 1380 -0.888054374891
1341 1342 0.0268860677715
1341 1381 0.0355242106749
1342 1343 0.803428598914
1342 1382 -0.348605753849
1343 1344 0.764904814158
1343 1383 -0.36799539415
1344 1345 0.964320011461
1344 1384 0.491507376757
1345 1346 -0.726149483333
1345 1385 0.748848569009
1346 1347 -0.448494019302
1346 1386 0.373633563056
1347 1348 0.473873313959
1347 1387 -0.735836355992
1348 1349 -0.596678956174
1348 1388 0.449692995511
1349 1350 -0.857356089088
1349 1389 -0.791121573472
1350 1351 0.830530343093
1350 1390 -0.867611177478
1351 1352 0.781506442309
1351 1391 -0.260211127076
1352 1353 0.379254778242
1352 1392 0.855811216192
1353 1354 0.752584048321
1353 1393 -0.572368196284
1354 1355 -0.644540425853
1354 1394 0.423221017975
1355 1356 0.858838296817
1355 1395 -0.756996398717
1356 1357 -0.397188227738
1356 1396 0.472956332615
1357 1358 0.703122009415
1357 1397 -0.144727472334
1358 1359 -0.469748144221
1358 1398 0.239104956637
1359 1360 0.161273015047
1359 1399 0.639457777696
1360 1400 -0.674623938299
1361 1362 0.194533214638
1361 1401 -0.509092582834
1362 1363 0.525763579687
1362 1402 0.981593637034
1363 1364 -0.640300734164
1363 1403 -0.125953055169
1364 1365 -0.761036164471
1364 1404 0.592368757102
1365 1366 0.00533097232964
1365 1405 0.160126988943
1366 1367 -0.225588232681
1366 1406 -0.0109288332169
1367 1368 0.835482689691
1367 1407 0.169524667533
1368 1369 -0.391467505339
1368 1408 0.981052385958
1369 1370 0.243758835051
1369 1409 0.222672142599
1370 1371 0.398387669925
1370 1410 -0.854879928082
1371 1372 0.0449967506515
1371 1411 -0.114111049565
1372 1373 0.274641495586
1372 1412 -0.637230056021
1373 1374 -0.342975166143
1373 1413 -0.719325657961
1374 1375 -0.414752667528
1374 1414 -0.0140835114193
1375 1376 0.889733664454
1375 1415 -0.407129753448
1376 1377 -0.131821515036
1376 1416 -0.326787198329
1377 1378 -0.0812382210455
1377 1417 0.415205402875
1378 1379 0.555399113396
1378 1418 0.0727733875475
1379 1380 0.305386725273
1379 1419 0.491375396398
1380 1381 -0.545585935941
1380 1420 -0.224134319829
1381 1382 -0.890991675635
1381 1421 0.0276696088487
1382 1383 -0.182472961514
1382 1422 -0.678350872379
1383 1384 0.498757944371
1383 1423 0.359636613595
1384 1385 -0.220660356501
1384 1424 0.735049655376
1385 1386 0.47604864562
1385 1425 0.624071365012
1386 1387 -0.641256658296
1386 1426 0.0537432160561
1387 1388 -0.0540793870324
1387 1427 -0.247133210323
1388 1389 -0.524975619371
1388 1428 -0.286774435943
1389 1390 0.242820779008
1389 1429 -0.440000807943
1390 1391 0.287221061218
1390 1430 0.755017527167
1391 1392 -0.204569613084
1391 1431 -0.580941988263
1392 1393 -0.1792660608
1392 1432 -0.378133638666
1393 1394 -0.509743489316
1393 1433 -0.0911452391146
1394 1395 -0.986910024871
1394 1434 0.229043637466
1395 1396 -0.960085087492
1395 1435 -0.858273532521
1396 1397 -0.718914289215
1396 1436 0.771281111396
1397 1398 0.117672982043
1397 1437 -0.635182197079
1398 1399 -0.461277807765
1398 1438 -0.345867546275
1399 1400 -0.513563295116
1399 1439 -0.255578652709
1400 1440 -0.756017221143
1401 1402 0.46518689718
1401 1441 0.789302584633
1402 1403 -0.852695251759
1402 1442 -0.730494785996
1403 1404 0.732248377681
1403 1443 0.154464140505
1404 1405 -0.352496079835
1404 1444 -0.768742692266
1405 1406 0.252475068794
1405 1445 0.07020854476
1406 1407 -0.556568579226
1406 1446 -0.418509359657
1407 1408 0.444615611221
1407 1447 0.199222492109
1408 1409 -0.291916567659
1408 1448 0.815405406407
1409 1410 0.969304130273
1409 1449 -0.448177357284
1410 1411 0.994530142812
1410 1450 -0.399823582284
1411 1412 0.967631723194
1411 1451 -0.281961879361
1412 1413 -0.703133737433
1412 1452 0.890417063649
1413 1414 -0.489265916803
1413 1453 0.120225973798
1414 1415 0.888333068256
1414 1454 -0.133042854595
1415 1416 -0.636411429245
1415 1455 -0.191864749358
1416 1417 0.504122936163
1416 1456 0.498213151181
1417 1418 -0.422594531869
1417 1457 -0.318116949923
1418 1419 0.0134557549419
1418 1458 0.511206029246
1419 1420 0.0851228019971
1419 1459 -0.225788779746
1420 1421 -0.199987657554
1420 1460 -0.223674651474
1421 1422 -0.637342688499
1421 1461 0.252355648802
1422 1423 -0.637801289084
1422 1462 -0.419322643459
1423 1424 -0.341808437801
1423 1463 0.813336879488
1424 1425 0.322798605194
1424 1464 0.013134517107
1425 1426 0.19848825232
1425 1465 -0.0802923718353
1426 1427 0.950862134399
1426 1466 -0.551260524821
1427 1428 0.124240732828
1427 1467 0.203100822491
1428 1429 0.291012138691
1428 1468 -0.35673773482
1429 1430 0.721496167841
1429 1469 0.140839546089
1430 1431 0.068106292411
1430 1470 -0.545427890028
1431 1432 -0.591386442493
1431 1471 -0.835392622109
1432 1433 0.0100170163506
1432 1472 -0.447134285402
1433 1434 0.958854620037
1433 1473 -0.792353611004
1434 1435 0.340514613521
1434 1474 -0.123268525157
1435 1436 -0.480070590076
1435 1475 -0.986699230943
1436 1437 0.615479744338
1436 1476 0.382600041393
1437 1438 -0.894401868513
1437 1477 0.125138519307
1438 1439 0.497519652946
1438 1478 -0.965858642367
1439 1440 0.855887916897
1439 1479 -0.915760485871
1440 1480 0.813920924167
1441 1442 0.0294679418263
1441 1481 0.20712702072
1442 1443 0.480089460004
1442 1482 0.667562739843
1443 1444 -0.441092791619
1443 1483 -0.754421494468
1444 1445 0.414399697018
1444 1484 0.0298164761697
1445 1446 0.922607594105
1445 1485 0.621326817525
1446 1447 0.620164534217
1446 1486 0.785751590454
1447 1448 0.425892630429
1447 1487 0.956642871626
1448 1449 0.986977701972
1448 1488 -0.416110408989
1449 1450 0.252293551078
1449 1489 -0.207834477572
1450 1451 0.925349091015
1450 1490 0.447433207086
1451 1452 -0.799372919366
1451 1491 0.948740884688
1452 1453 0.781060077865
1452 1492 0.761520328487
1453 1454 0.522895510639
1453 1493 0.0849635250594
1454 1455 0.924100349729
1454 1494 0.877770391719
1455 1456 -0.986522489333
1455 1495 -0.154005738406
1456 1457 -0.653903629933
1456 1496 -0.0997925784864
1457 1458 -0.84288213136
1457 1497 0.898571292242
1458 1459 -0.664019426861
1458 1498 -0.0590756234447
1459 1460 -0.071790246501
1459 1499 -0.0309601717053
1460 1461 0.00804640418941
1460 1500 -0.488265538042
1461 1462 -0.706267371001
1461 1501 -0.151370336893
1462 1463 0.647789619071
1462 1502 0.420327186515
1463 1464 0.484286206178
1463 1503 -0.652269703259
1464 1465 -0.0254340012414
1464 1504 -0.913003936949
1465 1466 0.459244080495
1465 1505 -0.172479503331
1466 1467 0.883800289407
1466 1506 0.975903133846
1467 1468 0.208304245438
1467 1507 -0.100624142777
1468 1469 -0.871227981247
1468 1508 -0.15717707375
1469 1470 -0.612242490781
1469 1509 -0.719093999752
1470 1471 0.925427866469
1470 1510 0.101343382439
1471 1472 0.0429295784034
1471 1511 -0.847114353669
1472 1473 0.208918463846
1472 1512 -0.797851073959
1473 1474 -0.517099323845
1473 1513 0.447088284884
1474 1475 0.185742390046
1474 1514 0.324664408049
1475 1476 0.75108345758
1475 1515 0.115228456245
1476 1477 0.250045914316
1476 1516 0.454246537171
1477 1478 -0.76274750758
1477 1517 0.786055108273
1478 1479 0.824971056978
1478 1518 0.197637089718
1479 1480 0.561401924844
1479 1519 -0.845058501369
1480 1520 -0.210040882046
1481 1482 -0.869864375234
1481 1521 0.0801494592856
1482 1483 -0.82245428522
1482 1522 0.658835899442
1483 1484 -0.536289596363
1483 1523 -0.750014870427
1484 1485 -0.945799198079
1484 1524 0.125567226272
1485 1486 0.926764336937
1485 1525 0.386688981435
1486 1487 -0.259551742034
1486 1526 -0.0358043059037
1487 1488 -0.130384496115
1487 1527 -0.845585055576
1488 1489 -0.690853194965
1488 1528 0.705788845821
1489 1490 0.474500354976
1489 1529 -0.277195505028
1490 1491 -0.175129052655
1490 1530 -0.356916055584
1491 1492 -0.0789953093385
1491 1531 -0.0336370936008
1492 1493 -0.490735075549
1492 1532 0.0507347893185
1493 1494 -0.0320736616849
1493 1533 0.511629974457
1494 1495 0.561848609811
1494 1534 -0.16163489722
1495 1496 0.0926536819752
1495 1535 0.955222885526
1496 1497 0.777906371741
1496 1536 0.89048266656
1497 1498 -0.852840330782
1497 1537 0.538441235173
1498 1499 -0.419370724823
1498 1538 0.680757280923
1499 1500 -0.771642909496
1499 1539 -0.484344485436
1500 1501 0.226644590937
1500 1540 -0.110271809378
1501 1502 0.801929881914
1501 1541 -0.493173548597
1502 1503 0.329565961966
1502 1542 -0.0428604868146
1503 1504 0.61409959775
1503 1543 0.64036449538
1504 1505 -0.639847448107
1504 1544 0.115813413042
1505 1506 0.269019216171
1505 1545 -0.823905794813
1506 1507 0.688866384302
1506 1546 0.932560299356
1507 1508 0.0986860353177
1507 1547 0.547166762914
1508 1509 -0.861740398189
1508 1548 -0.888254857879
1509 1510 0.742453724111
1509 1549 0.24262844072
1510 1511 -0.656630958555
1510 1550 -0.30276793323
1511 1512 0.725909393585
1511 1551 0.658858092703
1512 1513 -0.464435238163
1512 1552 -0.213336019617
1513 1514 0.286561970542
1513 1553 0.757073040212
1514 1515 -0.702185554003
1514 1554 -0.461183352077
1515 1516 0.623112590012
1515 1555 0.339367067414
1516 1517 0.156661055568
1516 1556 0.243751310351
1517 1518 0.339300128711
1517 1557 -0.988014497037
1518 1519 0.445180072805
1518 1558 0.369580615696
1519 1520 0.356755438973
1519 1559 0.784434791337
1520 1560 0.654329853219
1521 1522 -0.741626432659
1521 1561 0.229125692701
1522 1523 0.57346462887
1522 1562 0.376442546408
1523 1524 -0.532439139545
1523 1563 -0.232839979919
1524 1525 0.528417688895
1524 1564 -0.937914663997
1525 1526 0.603428179138
1525 1565 0.502766904754
1526 1527 0.807015405134
1526 1566 0.426834865981
1527 1528 -0.844181055389
1527 1567 0.30827373774
1528 1529 -0.970814071052
1528 1568 -0.749026795505
1529 1530 0.65754587537
1529 1569 -0.446685898
1530 1531 0.34199286319
1530 1570 0.861122850797
1531 1532 0.0540031107776
1531 1571 -0.492658745265
1532 1533 -0.0247607795345
1532 1572 -0.927301173988
1533 1534 0.862066082912
1533 1573 -0.0199331241976
1534 1535 -0.223691880246
1534 1574 0.559908174676
1535 1536 0.439060328398
1535 1575 -0.228322103063
1536 1537 -0.216475422371
1536 1576 0.678903363123
1537 1538 0.321522306712
1537 1577 -0.651760657987
1538 1539 -0.598657404179
1538 1578 -0.993781345704
1539 1540 0.112245930913
1539 1579 0.222746601009
1540 1541 0.667544491174
1540 1580 0.209168231939
1541 1542 0.777052493373
1541 1581 0.350526618497
1542 1543 0.896102826303
1542 1582 0.581322800035
1543 1544 -0.493879007093
1543 1583 -0.672990656677
1544 1545 0.69593504398
1544 1584 -0.448195018492
1545 1546 -0.776558647118
1545 1585 0.974075757861
1546 1547 0.221355395708
1546 1586 -0.468693607397
1547 1548 -0.63698158685
1547 1587 0.810355850638
1548 1549 -0.520709125405
1548 1588 0.871471549537
1549 1550 0.536338427989
1549 1589 0.994001160409
1550 1551 0.147747959664
1550 1590 -0.712680845184
1551 1552 0.529671806904
1551 1591 -0.28761982572
1552 1553 0.195685783233
1552 1592 -0.519517018952
1553 1554 -0.178127878245
1553 1593 0.852907901256
1554 1555 0.605625688108
1554 1594 -0.108436713792
1555 1556 -0.305636882992
1555 1595 -0.0491985339735
1556 1557 0.618919322018
1556 1596 -0.574504613431
1557 1558 0.212640286124
1557 1597 -0.539153502837
1558 1559 -0.0299043075098
1558 1598 -0.675772580081
1559 1560 0.287263753035
1559 1599 -0.633162526195
1560 1600 0.463478005877
1561 1562 -0.27269930591
1562 1563 -0.320147167036
1563 1564 -0.914202938233
1564 1565 0.315175241409
1565 1566 0.882195027879
1566 1567 -0.0844815940658
1567 1568 -0.882229651063
1568 1569 -0.60790814422
1569 1570 0.384559006858
1570 1571 -0.465879074027
1571 1572 0.297748515899
1572 1573 -0.931889714207
1573 1574 -0.807706270184
1574 1575 -0.19431725644
1575 1576 -0.257884227329
1576 1577 -0.308766601566
1577 1578 -0.791319477758
1578 1579 0.261989365636
1579 1580 0.0788945779023
1580 1581 0.441331445209
1581 1582 0.669027591314
1582 1583 -0.516278236984
1583 1584 -0.138002105286
1584 1585 0.812083066003
1585 1586 0.302025242692
1586 1587 0.437374712214
1587 1588 0.651523813372
1588 1589 0.166214858792
1589 1590 -0.802768674692
1590 1591 0.271327983655
1591 1592 0.75891334862
1592 1593 -0.614727615301
1593 1594 -0.0390481995248
1594 1595 0.484439628264
1595 1596 -0.0077655616271
1596 1597 -0.24538077024
1597 1598 0.572898997959
1598 1599 -0.122683102288
1599 1600 0.509731182003
