1 2 0.542641286533
1 41 -0.958496101281
2 3 0.211155128788
2 42 0.0269332548166
3 4 -0.408192475558
3 43 -0.924884648117
4 5 -0.399578776812
4 44 -0.207116242243
5 6 0.601703619567
5 45 -0.584145803736
6 7 -0.52657824704
6 46 0.546231198553
7 8 -0.527293209552
7 47 -0.820376721874
8 9 -0.773493731165
8 48 0.809627953406
9 10 -0.0881791314405
9 49 -0.697032574099
10 11 -0.628170540894
10 50 -0.374448567913
11 12 0.408600860451
11 51 -0.0503417484132
12 13 0.469874943186
12 52 0.426255730613
13 14 -0.357069788959
13 53 -0.501568782309
14 15 0.315097281984
14 54 0.0448528038567
15 16 -0.217189784335
15 55 -0.130625827872
16 17 0.361346616887
16 56 -0.750260697314
17 18 -0.178826798591
17 57 0.325598727398
18 19 -0.0531130040661
18 58 0.67669603051
19 20 -0.40568626793
19 59 -0.908151164856
20 21 -0.781559163827
20 60 0.638823356438
21 22 0.330365991187
21 61 -0.151924919154
22 23 0.895429559916
22 62 -0.903395436638
23 24 0.0149162311024
23 63 -0.282083248652
24 25 -0.738527491374
24 64 0.0480140882308
25 26 -0.123901811367
25 65 0.779286761697
26 27 0.179555130471
26 66 0.546913864546
27 28 -0.347993097908
27 67 -0.02428853514
28 29 -0.261192765659
28 68 0.140435654933
29 30 0.103008578616
29 69 -0.368465045743
30 31 0.96518942571
30 70 -0.593198002905
31 32 -0.139747164772
31 71 -0.134591806034
32 33 0.634613647521
32 72 -0.00505616783454
33 34 0.654619006311
33 73 0.535702751683
34 35 -0.784317050927
34 74 0.0632357475824
35 36 -0.00277283604145
35 75 -0.696754971193
36 37 0.177474958725
36 76 -0.994346373519
37 38 -0.247431489135
37 77 0.969452802543
38 39 -0.082623342573
38 78 -0.703280207768
39 40 -0.216322458998
39 79 -0.0668298531218
40 80 0.0788859815974
41 42 0.267296469853
41 81 0.497607765077
42 43 0.195673295926
42 82 -0.475568677736
43 44 -0.938630319254
43 83 -0.0937899995975
44 45 0.586546466055
44 84 -0.175447845293
45 46 -0.71349497819
45 85 0.399787969059
46 47 0.342513810251
46 86 0.412661770401
47 48 -0.611043651356
47 87 0.231615750734
48 49 -0.991552172983
48 88 -0.852992238786
49 50 0.293440390245
49 89 -0.941530856241
50 51 -0.267342067265
50 90 0.179813580424
51 52 0.590926699679
51 91 0.0650122248795
52 53 0.920774882322
52 92 0.462663984342
53 54 0.477851757222
53 93 -0.941909860864
54 55 -0.739190878327
54 94 -0.193725837706
55 56 0.696562477506
55 95 0.421622717112
56 57 0.935745534914
56 96 -0.830757090863
57 58 -0.145510671714
57 97 0.158046093738
58 59 -0.0284896147787
58 98 0.570611004149
59 60 0.949433122571
59 99 -0.619871076394
60 61 0.271061787728
60 100 -0.862440647099
61 62 0.761369314333
61 101 0.592441749933
62 63 -0.522788485208
62 102 -0.0150859489673
63 64 0.184893006333
63 103 0.660904172637
64 65 0.140421229857
64 104 -0.42162053796
65 66 -0.0364447015003
65 105 0.196618930526
66 67 0.116941820323
66 106 -0.629553988171
67 68 -0.352948289202
67 107 0.376989100206
68 69 -0.76442763235
68 108 0.471645445194
69 70 0.249248175133
69 109 0.921257930558
70 71 0.427828026852
70 110 -0.830781052204
71 72 0.734793005525
71 111 0.281904221004
72 73 0.0125264882488
72 112 -0.718859301794
73 74 0.212959198888
73 113 0.659430793309
74 75 -0.668632365965
74 114 0.581299783112
75 76 0.897438969007
75 115 -0.111973388757
76 77 -0.355621215425
76 116 -0.503193641465
77 78 0.934853059745
77 117 -0.26137791231
78 79 -0.955518118098
78 118 0.176468521443
79 80 0.325119391424
79 119 -0.993194919068
80 120 0.283970988803
81 82 -0.00298597539482
81 121 -0.550406708938
82 83 -0.398257382119
82 122 -0.9492004359
83 84 0.4897281539
83 123 0.114590812473
84 85 -0.630264900018
84 124 0.680494632177
85 86 -0.88410038798
85 125 -0.486784866302
86 87 0.706310826381
86 126 0.044099133672
87 88 0.86416735113
87 127 0.382167899566
88 89 -0.735417272089
88 128 0.884299838549
89 90 0.50704174502
89 129 0.77946589218
90 91 0.518477879825
90 130 -0.355298443449
91 92 0.149265823385
91 131 0.932459960447
92 93 0.680092840122
92 132 0.188513543784
93 94 0.296692188581
93 133 -0.869941592772
94 95 -0.175209542085
94 134 -0.138362688211
95 96 -0.0992293441371
95 135 0.472095552293
96 97 -0.389950849377
96 136 0.180288502306
97 98 0.0388229513571
97 137 -0.73142675054
98 99 -0.197734311776
98 138 0.696409196663
99 100 -0.582628982566
99 139 0.121025539041
100 101 -0.237647063141
100 140 0.984381786363
101 102 -0.199549054384
101 141 0.386808744485
102 103 0.686692026346
102 142 0.688438498961
103 104 0.733290107985
103 143 0.759633524954
104 105 0.913691982672
104 144 -0.715435253316
105 106 -0.475268213163
105 145 -0.52075096324
106 107 -0.265106420476
106 146 0.380030126247
107 108 -0.0371122280608
107 147 -0.68168750063
108 109 0.755213951598
108 148 -0.816338466477
109 110 0.556831585636
109 149 0.0192050725676
110 111 -0.927827246852
110 150 0.0209882776353
111 112 -0.872329021797
111 151 -0.923565858065
112 113 -0.602575463314
112 152 0.562230442879
113 114 0.412606332669
113 153 0.147705279685
114 115 -0.0116015296488
114 154 0.945407386064
115 116 0.43688924911
115 155 -0.562201654789
116 117 0.43128920164
116 156 -0.850346232567
117 118 -0.84158042552
117 157 0.155310729116
118 119 0.0485802085369
118 158 0.607126457287
119 120 0.651018055707
119 159 -0.141995904747
120 160 0.0920895245839
121 122 -0.603874270481
121 161 0.521061424398
122 123 -0.393874878698
122 162 -0.515848249193
123 124 -0.229772800869
123 163 -0.663854404935
124 125 0.138542799403
124 164 -0.879899588898
125 126 0.0206635690977
125 165 0.990517569641
126 127 -0.114460693357
126 166 0.107496882511
127 128 0.125694093409
127 167 -0.472488409175
128 129 -0.394140627515
128 168 -0.573373897639
129 130 -0.979239921446
129 169 -0.345144314387
130 131 0.00404429020977
130 170 0.167662130595
131 132 0.885374960858
131 171 0.178530578956
132 133 0.363984729095
132 172 0.421630363897
133 134 -0.519614150041
133 173 -0.819106763178
134 135 -0.761827120173
134 174 -0.484061783893
135 136 -0.7767113172
135 175 -0.45542370846
136 137 0.226005362298
136 176 -0.585103134007
137 138 0.882110848247
137 177 -0.549043872654
138 139 0.588752314812
138 178 -0.0592129801359
139 140 -0.320391883763
139 179 0.451381076233
140 141 0.705444352548
140 180 -0.93006119775
141 142 0.175719293365
141 181 -0.569783826522
142 143 -0.74360059202
142 182 0.517186797918
143 144 0.865503586746
143 183 0.832189031702
144 145 -0.37721361272
144 184 0.228971686171
145 146 -0.982300202127
145 185 0.811568297611
146 147 0.546303748272
146 186 -0.301749250821
147 148 0.693301584898
147 187 -0.101718061003
148 149 0.208894114495
148 188 0.79296479825
149 150 -0.618991929028
149 189 -0.872803127803
150 151 -0.982363996077
150 190 0.210740833205
151 152 0.533493075206
151 191 0.841262736117
152 153 0.936411520063
152 192 -0.11608051722
153 154 -0.886349234996
153 193 -0.914814585341
154 155 0.304282999043
154 194 0.805664681125
155 156 0.865870145047
155 195 0.435891184746
156 157 0.023841867297
156 196 0.46437896512
157 158 0.0846351875819
157 197 0.924546287771
158 159 -0.810531598297
158 198 -0.822833193326
159 160 0.689640601138
159 199 -0.494200491112
160 200 0.73518205202
161 162 -0.661778326875
161 201 -0.823320371652
162 163 0.115156377325
162 202 0.131014039776
163 164 0.676522641407
163 203 0.198103594923
164 165 0.977833948392
164 204 -0.542435333596
165 166 -0.706968641366
165 205 -0.100970444803
166 167 0.303989696812
166 206 0.57710774895
167 168 0.0542937617699
167 207 0.608765829418
168 169 -0.488674894969
168 208 -0.808159866411
169 170 0.656982182945
169 209 -0.774804812079
170 171 -0.466798234854
170 210 0.427693289091
171 172 -0.540883152592
171 211 -0.00929026161531
172 173 -0.648782634942
172 212 -0.236221547099
173 174 0.521929756423
173 213 -0.569346050173
174 175 -0.0579412365884
174 214 0.757593468646
175 176 0.435060620121
175 215 0.86689761805
176 177 -0.837531221136
176 216 0.303993491247
177 178 0.766324987082
177 217 -0.514271374498
178 179 -0.723386714984
178 218 -0.969120346631
179 180 0.322283502113
179 219 0.938039097772
180 181 -0.541610413659
180 220 0.27601825778
181 182 0.660653574321
181 221 0.542858699796
182 183 -0.418231359595
182 222 0.528668374588
183 184 0.44135970842
183 223 -0.176907973814
184 185 -0.826963319713
184 224 -0.961033299097
185 186 -0.509502752284
185 225 0.943175463824
186 187 -0.658173228595
186 226 -0.725040839764
187 188 -0.99005285537
187 227 -0.472947618961
188 189 0.585848255012
188 228 0.963070384
189 190 0.984010254713
189 229 0.475683854167
190 191 -0.128370841504
190 230 -0.347651627813
191 192 -0.0961373092987
191 231 0.808230478176
192 193 0.847022828228
192 232 0.368021138062
193 194 0.271443667086
193 233 -0.52001259503
194 195 -0.993046503803
194 234 0.812718021948
195 196 0.335858143895
195 235 -0.338199999364
196 197 0.888144037415
196 236 0.389354065254
197 198 0.170455647031
197 237 -0.331539915087
198 199 0.377107869908
198 238 0.992029045524
199 200 -0.677145481407
199 239 -0.855855753199
200 240 0.883089628824
201 202 0.370719636736
201 241 0.90678669239
202 203 -0.0497355051699
202 242 -0.414404047421
203 204 0.56542963649
203 243 0.697018363789
204 205 0.22940342596
204 244 -0.263946638329
205 206 0.202880752366
205 245 -0.80545501172
206 207 0.784538903385
206 246 -0.381789682642
207 208 -0.409848212188
207 247 -0.633322898881
208 209 -0.196404234002
208 248 0.462055280711
209 210 -0.950608524173
209 249 0.628707057745
210 211 -0.0854577859027
210 250 0.300462744785
211 212 -0.128690034271
211 251 -0.338058959648
212 213 -0.202448244211
212 252 -0.225715444272
213 214 0.361019839107
213 253 -0.0502651413585
214 215 0.557912300309
214 254 0.591926926139
215 216 0.162054135243
215 255 -0.511155888916
216 217 -0.466208512269
216 256 0.474255921941
217 218 -0.523466253817
217 257 0.381745456323
218 219 0.121771755414
218 258 -0.645677099575
219 220 0.694238179946
219 259 -0.123897374801
220 221 -0.933417182165
220 260 -0.113068807463
221 222 0.734295077198
221 261 -0.607912748175
222 223 0.673550436003
222 262 -0.246170304683
223 224 0.287980407049
223 263 -0.230418427016
224 225 0.999979612009
224 264 0.0877991497186
225 226 -0.474452639
225 265 0.554080549421
226 227 0.328190210719
226 266 0.542129917484
227 228 -0.783048952186
227 267 -0.898673796054
228 229 0.748849783785
228 268 -0.558445269214
229 230 0.489263569625
229 269 0.323109165967
230 231 0.589530047181
230 270 0.630537859326
231 232 0.0627178614594
231 271 -0.638206221822
232 233 -0.8857470465
232 272 0.00764549521944
233 234 -0.820174682482
233 273 -0.641522866333
234 235 -0.143335899364
234 274 -0.469097653181
235 236 0.445415598969
235 275 0.844840784195
236 237 0.481910683848
236 276 -0.0309748957071
237 238 0.615662796562
237 277 -0.389970574094
238 239 0.986832268952
238 278 -0.703646675368
239 240 0.727198881077
239 279 0.892347036492
240 280 -0.436079966979
241 242 -0.992103467344
241 281 0.0243845267716
242 243 -0.87149787861
242 282 0.957638291515
243 244 0.206325951724
243 283 0.562121234581
244 245 0.605551872696
244 284 0.255123705411
245 246 -0.422530238916
245 285 0.441599803815
246 247 -0.728780455466
246 286 0.501853303688
247 248 -0.960535080987
247 287 0.486642463945
248 249 0.296419870483
248 288 -0.498308838331
249 250 -0.50218945605
249 289 -0.501606808742
250 251 0.00533767703818
250 290 -0.137212869166
251 252 0.207500134047
251 291 -0.810627237074
252 253 -0.625359864696
252 292 -0.153230672218
253 254 0.861631844987
253 293 -0.684061962156
254 255 -0.991163822532
254 294 0.710584764961
255 256 0.36870329347
255 295 0.828640717117
256 257 0.0349897292393
256 296 -0.593122280807
257 258 0.742206381317
257 297 -0.640978440819
258 259 0.408808136253
258 298 -0.804448835569
259 260 0.729242510761
259 299 0.29758595464
260 261 0.228109376054
260 300 0.209858555703
261 262 -0.532743997514
261 301 -0.2026343057
262 263 0.395463956455
262 302 0.839932388842
263 264 -0.564885734843
263 303 -0.163935271523
264 265 0.295974981112
264 304 -0.00358215344118
265 266 0.313048497661
265 305 0.0569704272125
266 267 0.992415863822
266 306 0.445973518335
267 268 0.525967828094
267 307 0.259709570452
268 269 -0.405128631045
268 308 0.802779343949
269 270 -0.832584086414
269 309 0.524346866228
270 271 -0.275622536046
270 310 -0.0210545229967
271 272 -0.844801003486
271 311 -0.327442982071
272 273 0.0251579459513
272 312 -0.277053968617
273 274 -0.936379387908
273 313 -0.126693803465
274 275 0.968822324128
274 314 0.89659084397
275 276 -0.223084120592
275 315 0.0507637598351
276 277 -0.391315153128
276 316 0.775788629733
277 278 0.710246886376
277 317 0.130858864691
278 279 -0.116157646393
278 318 0.293381683328
279 280 -0.620313946488
279 319 -0.589390705211
280 320 -0.47148213421
281 282 0.625241923304
281 321 0.225052133659
282 283 -0.320584312724
282 322 -0.00990273823509
283 284 0.231473752067
283 323 -0.957669617656
284 285 0.642432952397
284 324 -0.423493722416
285 286 0.101612128082
285 325 0.677154030108
286 287 0.0536664430742
286 326 0.569477161521
287 288 -0.923413191628
287 327 -0.132640662052
288 289 -0.545122172096
288 328 -0.00836768331906
289 290 -0.68352639988
289 329 -0.447888102886
290 291 0.435532922176
290 330 -0.975278314858
291 292 -0.768484845622
291 331 0.93937666427
292 293 0.475956804533
292 332 0.980240257053
293 294 -0.0375325565614
293 333 -0.817813789839
294 295 -0.606521466658
294 334 0.842623583402
295 296 -0.390229769587
295 335 -0.049110139414
296 297 0.788283776773
296 336 0.110098441395
297 298 -0.0976556840578
297 337 -0.627008930921
298 299 -0.571347455597
298 338 -0.844623526946
299 300 0.387488091435
299 339 0.935894911943
300 301 0.769196631409
300 340 0.0375130239821
301 302 0.876685228433
301 341 0.978674241544
302 303 -0.0626446548667
302 342 0.463220256474
303 304 0.846731468311
303 343 -0.627577015359
304 305 0.118105952125
304 344 -0.893062306637
305 306 -0.628370291955
305 345 0.648507319319
306 307 0.518112634863
306 346 -0.965465079045
307 308 -0.470810950814
307 347 -0.977136049422
308 309 -0.0338328400565
308 348 -0.196263579913
309 310 0.912413658849
309 349 -0.551455148403
310 311 0.145797213157
310 350 0.666277852044
311 312 -0.141692908999
311 351 0.57542942223
312 313 0.559831469739
312 352 -0.153776979795
313 314 -0.87802652841
313 353 0.9035790411
314 315 0.101710342423
314 354 0.847203787066
315 316 0.235642658499
315 355 0.045127830388
316 317 -0.990582674635
316 356 0.126016301638
317 318 -0.0788948499743
317 357 -0.324113840509
318 319 0.605279862637
318 358 -0.895647193967
319 320 -0.315605092488
319 359 0.266182881714
320 360 -0.941993069546
321 322 0.443510634864
321 361 -0.416247863659
322 323 0.954161451845
322 362 -0.118452350199
323 324 0.500929220975
323 363 -0.647915733433
324 325 -0.450409736814
324 364 0.202103782265
325 326 0.160662702936
325 365 -0.630856526781
326 327 -0.140147794287
326 366 0.677693175227
327 328 0.664169522625
327 367 -0.973082883
328 329 0.729529933566
328 368 0.268127506246
329 330 -0.142579308853
329 369 -0.483156389191
330 331 -0.839411249889
330 370 0.152745890698
331 332 0.905789455105
331 371 -0.239997170941
332 333 -0.862327379153
332 372 0.704891702626
333 334 -0.64708462505
333 373 -0.852744066076
334 335 -0.768522246513
334 374 -0.800305499825
335 336 -0.721988934013
335 375 0.684080921002
336 337 0.801563440473
336 376 0.21563209435
337 338 0.966958363213
337 377 -0.0207260475275
338 339 0.259793669608
338 378 0.0136695141587
339 340 -0.513194800436
339 379 0.574001086345
340 341 -0.0808261757377
340 380 -0.365315040164
341 342 0.139675303186
341 381 0.86343715207
342 343 -0.979505918921
342 382 -0.912123737299
343 344 -0.973152704435
343 383 -0.436906158546
344 345 0.579274496475
344 384 0.0584137866623
345 346 0.910891674417
345 385 -0.681946547432
346 347 -0.0148498661163
346 386 0.361999061196
347 348 0.479575542532
347 387 -0.418936580415
348 349 0.416331073497
348 388 -0.36311330246
349 350 -0.154440570058
349 389 -0.620128429161
350 351 -0.426980220989
350 390 -0.563684976864
351 352 -0.604296081434
351 391 0.115221306953
352 353 0.70502654253
352 392 0.261172872438
353 354 0.606918240995
353 393 -0.200367180451
354 355 -0.535495292604
354 394 0.720188410237
355 356 0.187146945707
355 395 -0.525710135414
356 357 -0.135291041291
356 396 0.0967083242683
357 358 -0.320462763785
357 397 -0.66341293429
358 359 -0.155015738157
358 398 -0.927601231027
359 360 -0.756400558842
359 399 -0.260692714909
360 400 0.0776983302617
361 362 0.835548245026
361 401 0.429151566795
362 363 -0.363454389042
362 402 0.0395939717508
363 364 -0.0829715875255
363 403 0.0262454154645
364 365 0.877028394419
364 404 0.414592618683
365 366 0.231004234117
365 405 0.773910176937
366 367 0.0747080508473
366 406 -0.4991521337
367 368 0.0186707830283
367 407 -0.0409025997175
368 369 0.508984949817
368 408 -0.125753617465
369 370 -0.266105915789
369 409 -0.301408813405
370 371 0.627243432946
370 410 0.123072467297
371 372 0.97515190969
371 411 0.436461290184
372 373 0.569499133891
372 412 -0.041327041915
373 374 -0.312013412084
373 413 0.353985570087
374 375 -0.170093671603
374 414 0.660256651597
375 376 0.136153874492
375 415 -0.936226564642
376 377 0.436696216453
376 416 -0.489664847319
377 378 0.657411494614
377 417 -0.232209338414
378 379 0.760924003527
378 418 0.942572016523
379 380 0.285582715799
379 419 0.332177598473
380 381 -0.0926537654907
380 420 -0.611440830164
381 382 -0.379839248248
381 421 0.953827762151
382 383 0.0493379934707
382 422 -0.418236950081
383 384 0.619439780945
383 423 0.487311326744
384 385 -0.452055727379
384 424 -0.959394453949
385 386 -0.617732557615
385 425 -0.150793804873
386 387 -0.918466467725
386 426 -0.398944904112
387 388 0.414077721699
387 427 0.868824135859
388 389 -0.1094595283
388 428 -0.115166262236
389 390 0.793280477392
389 429 0.0995429900682
390 391 0.565349052914
390 430 -0.659232709495
391 392 -0.962212137491
391 431 0.738617165859
392 393 0.205662515611
392 432 -0.880037358267
393 394 0.416785843181
393 433 0.916497626366
394 395 -0.497050747533
394 434 0.570755821365
395 396 -0.0070350539983
395 435 0.50789039992
396 397 0.368979331566
396 436 0.708140080351
397 398 -0.179008542169
397 437 0.567164362724
398 399 0.631018941426
398 438 0.673899613999
399 400 -0.168421882571
399 439 0.0732779771027
400 440 0.283138525279
401 402 0.0850887360225
401 441 -0.715659904797
402 403 0.156272859765
402 442 0.707867501001
403 404 -0.0319582194263
403 443 0.688771589079
404 405 -0.473193670086
404 444 -0.75532815777
405 406 0.0335785556409
405 445 0.252287338253
406 407 -0.882211977118
406 446 -0.816101430185
407 408 -0.940690118405
407 447 -0.977142946352
408 409 -0.199575819514
408 448 0.445832627891
409 410 -0.333928439125
409 449 -0.39326560445
410 411 0.207183392323
410 450 -0.558838349567
411 412 0.848463417178
411 451 -0.336391037458
412 413 -0.404920350391
412 452 -0.033412957947
413 414 -0.444722146193
413 453 -0.379065661953
414 415 0.316665199421
414 454 0.681124085586
415 416 -0.615070534072
415 455 0.87961648971
416 417 0.41007362526
416 456 -0.416674219164
417 418 -0.893748591121
417 457 -0.417672526456
418 419 -0.644331614924
418 458 0.187288457247
419 420 -0.191157886689
419 459 -0.749534960446
420 421 -0.72806544585
420 460 -0.984156314348
421 422 -0.274349294128
421 461 -0.250979081703
422 423 -0.607459527807
422 462 -0.707674280787
423 424 0.75779910098
423 463 0.454476102229
424 425 -0.631721177081
424 464 -0.339703841661
425 426 -0.901153654641
425 465 -0.905271844484
426 427 -0.0169343134905
426 466 0.401324890619
427 428 -0.413059204134
427 467 0.108603596585
428 429 -0.671862685819
428 468 -0.874499948157
429 430 0.958814654898
429 469 -0.549894163967
430 431 -0.875957867728
430 470 0.981266239021
431 432 -0.47744773387
431 471 0.729999960191
432 433 0.702914966727
432 472 -0.139768238572
433 434 -0.845704325793
433 473 -0.859218390404
434 435 -0.0331839586494
434 474 0.757026046631
435 436 -0.991255552923
435 475 -0.736615903785
436 437 -0.945966673482
436 476 -0.57176975464
437 438 -0.0796905196305
437 477 0.17930496044
438 439 0.864525063275
438 478 -0.691350965396
439 440 0.243078464905
439 479 0.985322680187
440 480 0.610233541327
441 442 -0.253318479897
441 481 0.348267230133
442 443 -0.863805452924
442 482 -0.0709383844413
443 444 -0.650372210356
443 483 -0.970730249794
444 445 -0.0825515416203
444 484 0.949624998793
445 446 0.0101182351129
445 485 0.819325153173
446 447 -0.651600113717
446 486 -0.121491298803
447 448 -0.336311999531
447 487 -0.877137842789
448 449 -0.255262841175
448 488 0.105196060799
449 450 -0.369745427692
449 489 -0.459549645216
450 451 0.839082085228
450 490 -0.588998599181
451 452 0.685211058452
451 491 0.209844811599
452 453 -0.214217889358
452 492 0.799388959517
453 454 -0.891077998968
453 493 -0.394834780903
454 455 -0.402541637218
454 494 -0.417292129313
455 456 0.300228068112
455 495 -0.939403628844
456 457 -0.0410611459624
456 496 -0.989493353085
457 458 0.883559507257
457 497 -0.972228882784
458 459 0.769805927068
458 498 0.939725834956
459 460 0.674432013064
459 499 -0.668738660337
460 461 -0.418303890948
460 500 0.634358532532
461 462 0.215551525259
461 501 -0.66466431817
462 463 -0.471914322539
462 502 -0.412459570434
463 464 0.247065545727
463 503 0.662879617234
464 465 0.977814075669
464 504 0.799567363521
465 466 -0.799213288052
465 505 -0.702905990272
466 467 -0.994624948465
466 506 -0.865514605529
467 468 -0.620504884903
467 507 0.133730616675
468 469 0.359511515836
468 508 -0.872089393001
469 470 0.553184603082
469 509 -0.605851333233
470 471 0.097114156405
470 510 -0.515883829003
471 472 0.158020865299
471 511 -0.251808382165
472 473 0.466773120157
472 512 0.288876466096
473 474 0.187946607175
473 513 -0.441832881218
474 475 -0.893629556154
474 514 -0.913054802904
475 476 -0.692090369188
475 515 0.973826187251
476 477 -0.669328926773
476 516 -0.301559669664
477 478 0.945595143505
477 517 -0.486014630323
478 479 0.236666314024
478 518 0.322008628933
479 480 0.072342963416
479 519 0.368217422164
480 520 0.84867811883
481 482 -0.116333651154
481 521 -0.131972013333
482 483 0.563898237238
482 522 0.437205620765
483 484 0.697528143622
483 523 0.485349154599
484 485 0.361148748889
484 524 -0.613492535427
485 486 -0.173390688871
485 525 0.0709374325834
486 487 0.62186845015
486 526 0.820804247213
487 488 0.196347016113
487 527 0.771840507045
488 489 -0.839072765286
488 528 0.188551134207
489 490 0.800589237505
489 529 0.933948406588
490 491 0.376677129194
490 530 -0.249580356574
491 492 0.683627964757
491 531 -0.824326141881
492 493 -0.439974960849
492 532 -0.810767122556
493 494 0.710483097741
493 533 0.135692895079
494 495 -0.560771962937
494 534 0.746221668807
495 496 0.786199736344
495 535 -0.972821409885
496 497 -0.283374218547
496 536 -0.911011411051
497 498 0.339147588921
497 537 0.953416052148
498 499 0.734729007506
498 538 -0.415482639845
499 500 0.240531577378
499 539 0.0484273878506
500 501 -0.943285015178
500 540 0.39091927006
501 502 0.722766810055
501 541 0.843241509554
502 503 0.457218149153
502 542 -0.74038257723
503 504 0.244257913376
503 543 0.612079238148
504 505 0.130649316885
504 544 0.41529090131
505 506 -0.82881249584
505 545 -0.599027034043
506 507 -0.48634677195
506 546 -0.437882041874
507 508 0.660035383412
507 547 0.52655428235
508 509 -0.531421015767
508 548 0.604580581577
509 510 -0.371023070025
509 549 -0.538013868128
510 511 0.878011320154
510 550 0.308377073252
511 512 -0.691342879777
511 551 0.322867543654
512 513 0.0721957977721
512 552 0.610655666056
513 514 0.300366007104
513 553 0.167931895776
514 515 0.429201525557
514 554 -0.649974528083
515 516 -0.491424607953
515 555 0.877320426038
516 517 -0.79347695277
516 556 -0.250390467277
517 518 0.833416664424
517 557 0.208365040151
518 519 -0.217169643365
518 558 -0.526863389189
519 520 -0.786124600121
519 559 -0.514593936326
520 560 0.295640271843
521 522 0.235533956939
521 561 0.0262764851088
522 523 0.172043960106
522 562 -0.925811173531
523 524 -0.0866049293597
523 563 -0.166203185901
524 525 -0.906521545677
524 564 0.905287873541
525 526 -0.314713748871
525 565 -0.740846445713
526 527 0.152181424024
526 566 -0.417691140439
527 528 -0.175732449272
527 567 -0.923455602196
528 529 -0.438157066134
528 568 0.484895172629
529 530 0.793397094683
529 569 -0.253449240407
530 531 -0.576941946444
530 570 0.641982684424
531 532 -0.299010277044
531 571 -0.141608035771
532 533 0.00901913235198
532 572 -0.644466395449
533 534 0.940150245385
533 573 0.383860922731
534 535 0.985063826633
534 574 -0.750137834786
535 536 -0.975578634668
535 575 -0.991743086405
536 537 -0.558405374988
536 576 -0.121920175523
537 538 -0.218827553642
537 577 -0.371961775711
538 539 0.788531729293
538 578 -0.33943759813
539 540 -0.283964223212
539 579 -0.774438939181
540 541 0.859458570038
540 580 0.656770727344
541 542 0.238390912295
541 581 -0.752741323872
542 543 0.257585548488
542 582 -0.614201607302
543 544 -0.394631005332
543 583 0.716624628467
544 545 -0.273222527821
544 584 -0.596939081398
545 546 0.297908952524
545 585 0.170501767435
546 547 -0.905681638181
546 586 -0.789703104129
547 548 0.897891989798
547 587 0.0946088457485
548 549 0.0921232065193
548 588 -0.263176880497
549 550 -0.580979925365
549 589 0.543049356087
550 551 0.599228104343
550 590 0.960157496955
551 552 -0.688660865305
551 591 -0.184019173631
552 553 -0.708300819263
552 592 -0.260993841616
553 554 -0.905677067576
553 593 -0.0588676056945
554 555 -0.847170340769
554 594 0.263024436912
555 556 0.884199495927
555 595 -0.378348024552
556 557 -0.605483833111
556 596 0.474848473275
557 558 0.15896298802
557 597 -0.81535880694
558 559 -0.912226311137
558 598 -0.471142595165
559 560 -0.416205258468
559 599 0.857655764549
560 600 -0.265693986421
561 562 0.300794363863
561 601 0.202077906809
562 563 -0.298687217434
562 602 0.126381368985
563 564 -0.766540978106
563 603 -0.322641734021
564 565 0.717298030937
564 604 0.655806351497
565 566 0.3256435028
565 605 0.871340003991
566 567 0.303572743562
566 606 0.275841401511
567 568 -0.838315192418
567 607 -0.836170915396
568 569 -0.402345606695
568 608 0.515073368342
569 570 0.296558432544
569 609 -0.377116369077
570 571 -0.770851123829
570 610 0.546101388562
571 572 0.605296567123
571 611 -0.515860490278
572 573 -0.537151661801
572 612 0.395500941503
573 574 -0.734604586176
573 613 -0.679265562828
574 575 0.0334442299731
574 614 -0.287927981861
575 576 -0.915247050585
575 615 -0.227442178424
576 577 -0.71892827457
576 616 0.91348601629
577 578 -0.505113319906
577 617 -0.210757334216
578 579 0.284829916202
578 618 0.401240961147
579 580 0.3322434722
579 619 0.344866752407
580 581 0.379352093715
580 620 0.000812385663876
581 582 -0.112370376855
581 621 -0.602445930586
582 583 0.249778634978
582 622 -0.888860373367
583 584 -0.665376960662
583 623 -0.327288230979
584 585 0.499236713219
584 624 -0.471117905982
585 586 -0.244955397468
585 625 0.556381847575
586 587 -0.514853542262
586 626 0.944274446769
587 588 0.322641607219
587 627 0.116300144968
588 589 -0.30787964811
588 628 -0.837119229205
589 590 0.403540709078
589 629 -0.496085557669
590 591 0.878644542941
590 630 -0.760822903675
591 592 -0.467130512852
591 631 0.253473258893
592 593 0.130127259265
592 632 -0.96523021863
593 594 0.071568489594
593 633 -0.547678234649
594 595 0.083902436338
594 634 -0.295757763906
595 596 0.500830384642
595 635 -0.105565850264
596 597 -0.00230686289166
596 636 0.0379928984769
597 598 0.358078249412
597 637 0.279417077265
598 599 -0.33504182416
598 638 0.684205345193
599 600 0.731526438575
599 639 0.834697516976
600 640 0.513408340133
601 602 0.610446393665
601 641 0.0432943047873
602 603 -0.400540255151
602 642 0.0246683065471
603 604 -0.810681918513
603 643 0.431661745503
604 605 0.927801045677
604 644 0.197872898145
605 606 0.225458363858
605 645 0.6854769989
606 607 0.00714947943466
606 646 0.931105431244
607 608 0.618734667643
607 647 0.60138800577
608 609 -0.547279723962
608 648 -0.991184710154
609 610 0.619944203843
609 649 0.609545793418
610 611 -0.0338789638834
610 650 0.899419512628
611 612 -0.993335445416
611 651 -0.222687309785
612 613 0.770381571099
612 652 0.792835026141
613 614 -0.218088874796
613 653 -0.654312423227
614 615 0.589424423316
614 654 0.774863413578
615 616 -0.373243148858
615 655 -0.334289903998
616 617 -0.460219758859
616 656 -0.609707385561
617 618 -0.687309627933
617 657 -0.358940890367
618 619 -0.8761953917
618 658 -0.723928816941
619 620 0.541568620183
619 659 -0.498171230095
620 621 0.131012196261
620 660 0.0240093937719
621 622 -0.717848747031
621 661 0.342172282837
622 623 -0.161208688693
622 662 0.511821771515
623 624 -0.496936763585
623 663 0.639793059516
624 625 0.34845188368
624 664 -0.444186655656
625 626 -0.631957214032
625 665 -0.0254515611849
626 627 0.989398568308
626 666 0.285295712632
627 628 -0.783635489029
627 667 -0.12873057238
628 629 -0.930520975142
628 668 -0.589501456972
629 630 -0.165533599109
629 669 0.215417581659
630 631 -0.360944679294
630 670 0.154496186242
631 632 0.434085856381
631 671 0.532834288061
632 633 0.28672871562
632 672 -0.0320016262751
633 634 0.992210907811
633 673 0.782684749657
634 635 0.196396028838
634 674 0.868474069611
635 636 -0.460849822493
635 675 0.71157190767
636 637 -0.465427274606
636 676 -0.593253413487
637 638 0.253015026282
637 677 0.318546436711
638 639 -0.993367768969
638 678 -0.0406961887323
639 640 -0.277536211626
639 679 -0.993332328452
640 680 -0.967314110881
641 642 0.817297761617
641 681 -0.361527822023
642 643 0.346933850569
642 682 -0.681612533244
643 644 -0.845829191168
643 683 -0.588099483262
644 645 0.861831671696
644 684 -0.706462371443
645 646 -0.564183127594
645 685 0.80634347946
646 647 0.613382299221
646 686 0.857038712807
647 648 -0.966180377291
647 687 0.722588650461
648 649 -0.720439438026
648 688 -0.40847259552
649 650 0.588835377341
649 689 -0.777129654337
650 651 0.0994074325965
650 690 0.0488524183407
651 652 0.843186263899
651 691 -0.694752248385
652 653 0.613637115728
652 692 0.574074852691
653 654 -0.945993839336
653 693 -0.541817370148
654 655 0.725828208109
654 694 0.70073775875
655 656 -0.104529545225
655 695 0.96530915396
656 657 0.817565657573
656 696 0.414655876913
657 658 0.0136074147924
657 697 -0.0504254757608
658 659 -0.311522740972
658 698 -0.60316621791
659 660 0.759938715176
659 699 -0.42872428136
660 661 -0.425837729679
660 700 -0.017910104682
661 662 -0.502241511632
661 701 -0.260003254686
662 663 -0.53454482592
662 702 0.826806174306
663 664 -0.617463733884
663 703 -0.733159435697
664 665 0.245585555619
664 704 0.583370241475
665 666 -0.545194660156
665 705 0.382457785194
666 667 0.888794756173
666 706 0.947942192937
667 668 -0.774844316943
667 707 -0.263232565456
668 669 -0.0337277108991
668 708 0.70125113816
669 670 -0.862394924185
669 709 -0.442795606968
670 671 -0.0438683049637
670 710 0.220026726999
671 672 0.835821753812
671 711 -0.992639764361
672 673 -0.795511114306
672 712 -0.599498427234
673 674 0.0479007588536
673 713 -0.773868139185
674 675 -0.251234024692
674 714 -0.582490789736
675 676 -0.50865933
675 715 0.341732508737
676 677 0.585170495454
676 716 -0.646785073141
677 678 0.275602548119
677 717 -0.375172959336
678 679 0.825404501004
678 718 -0.887647841624
679 680 0.547131802026
679 719 -0.837218385224
680 720 -0.962732674988
681 682 -0.819081301458
681 721 -0.398599886728
682 683 -0.899044659692
682 722 -0.324368225871
683 684 0.147552462902
683 723 -0.412336889592
684 685 -0.772079382491
684 724 -0.255942195652
685 686 -0.980460045761
685 725 -0.548374546673
686 687 0.227870253329
686 726 0.964007832686
687 688 0.822600448705
687 727 -0.19824663073
688 689 -0.608812367498
688 728 0.0977640756858
689 690 0.623196287267
689 729 0.559104677193
690 691 0.747169620883
690 730 0.293451640316
691 692 0.499988919247
691 731 0.894967238103
692 693 0.623074295598
692 732 -0.350875905606
693 694 -0.196082764461
693 733 0.0311774552087
694 695 -0.135628163536
694 734 0.51961568542
695 696 0.669134244902
695 735 0.623800367348
696 697 0.73414768687
696 736 -0.588966308257
697 698 0.203974281061
697 737 0.641222728573
698 699 -0.938599870832
698 738 0.806759313818
699 700 0.394774387544
699 739 0.149012921126
700 701 -0.391465148253
700 740 0.840479334204
701 702 -0.306574291664
701 741 0.649826384469
702 703 -0.544258666591
702 742 0.937976221561
703 704 -0.240403944697
703 743 -0.0199752468396
704 705 -0.149604897017
704 744 -0.804847372446
705 706 0.40186498276
705 745 0.881031583899
706 707 0.748932412539
706 746 0.929928470528
707 708 0.385738518707
707 747 -0.195530724531
708 709 0.238245120907
708 748 -0.344852227906
709 710 0.786619679754
709 749 0.997982004845
710 711 0.402965075616
710 750 -0.340245362886
711 712 0.397612684251
711 751 -0.018199532863
712 713 0.612563047786
712 752 0.770462557134
713 714 0.864556211843
713 753 -0.387074299758
714 715 -0.569891393226
714 754 0.422129028324
715 716 -0.673114689757
715 755 -0.211471058671
716 717 0.339956578715
716 756 0.787020230783
717 718 -0.739622774518
717 757 -0.416227285789
718 719 0.408098570016
718 758 -0.923801232275
719 720 -0.478872049537
719 759 -0.264750398619
720 760 0.908794796732
721 722 -0.772031276273
721 761 0.657362652615
722 723 -0.783872454441
722 762 -0.642194382858
723 724 0.311453485429
723 763 0.607136695486
724 725 0.533120253142
724 764 -0.35771593707
725 726 -0.735889745456
725 765 0.815085893032
726 727 0.429975911691
726 766 -0.982681457165
727 728 -0.426218603325
727 767 0.686089770528
728 729 -0.58001565982
728 768 0.556984340557
729 730 0.770160310195
729 769 -0.355157896353
730 731 -0.341538460563
730 770 -0.979101360542
731 732 -0.498445968869
731 771 -0.685121481041
732 733 0.241671917126
732 772 -0.636817627681
733 734 -0.579693495384
733 773 -0.669774843983
734 735 -0.879585656385
734 774 -0.505876392218
735 736 0.396990014184
735 775 -0.0267134628627
736 737 -0.525263126615
736 776 0.765043526997
737 738 -0.382625158996
737 777 0.9213265211
738 739 -0.451583150257
738 778 0.0220421250581
739 740 -0.219063134725
739 779 -0.428568629864
740 741 -0.259773493041
740 780 -0.421306275769
741 742 0.683297398706
741 781 -0.810811519684
742 743 -0.370552487023
742 782 0.243944375674
743 744 0.232234890426
743 783 -0.634336580436
744 745 -0.149303953312
744 784 0.429203884963
745 746 -0.670449773595
745 785 -0.761290500638
746 747 -0.230652225264
746 786 -0.311948843894
747 748 0.859408136043
747 787 -0.139106774605
748 749 -0.0323790026698
748 788 -0.434393996877
749 750 -0.850021269492
749 789 -0.598954762229
750 751 0.954923468742
750 790 0.886282875619
751 752 0.570700942533
751 791 -0.489085862233
752 753 0.497295648361
752 792 0.413551167667
753 754 -0.942697711454
753 793 -0.693751161339
754 755 -0.462915147197
754 794 -0.583596426476
755 756 0.396048090406
755 795 0.831461571329
756 757 -0.864098923414
756 796 0.96862844083
757 758 -0.451152686162
757 797 -0.663569102034
758 759 -0.7238697421
758 798 -0.631108562332
759 760 0.246181606687
759 799 -0.404610999544
760 800 0.799430587814
761 762 -0.906207361222
761 801 0.252574296623
762 763 0.771654192335
762 802 -0.269270057572
763 764 -0.297572994007
763 803 -0.813119246112
764 765 0.276070162689
764 804 -0.98155779666
765 766 0.82046127332
765 805 0.16211581427
766 767 -0.423708838012
766 806 0.682797315004
767 768 0.234089105955
767 807 -0.718802546429
768 769 -0.0306401939154
768 808 0.278680785447
769 770 -0.78566913652
769 809 -0.677500485464
770 771 -0.725809183519
770 810 0.54063582477
771 772 -0.313889328567
771 811 -0.415358916329
772 773 0.705292117057
772 812 0.915674443992
773 774 0.379895970496
773 813 -0.809621443583
774 775 0.191239025828
774 814 -0.463327535009
775 776 0.125258539776
775 815 -0.929399613331
776 777 0.993558690415
776 816 0.92148159047
777 778 -0.66685396993
777 817 0.82807068861
778 779 -0.298240639199
778 818 0.811688662178
779 780 -0.609082101417
779 819 0.332955098188
780 781 0.119299103981
780 820 -0.102925877691
781 782 -0.453192139152
781 821 0.00774696346797
782 783 -0.706509138224
782 822 0.565188729416
783 784 0.179797308071
783 823 -0.261465588177
784 785 0.520918792782
784 824 0.0957225742444
785 786 0.896729090676
785 825 -0.775321045935
786 787 -0.972126163809
786 826 -0.514104694799
787 788 -0.930649369003
787 827 0.415155250052
788 789 -0.984819910542
788 828 -0.799544149185
789 790 -0.550614299048
789 829 -0.0571748734902
790 791 -0.988986643788
790 830 -0.0421579615381
791 792 0.290055224335
791 831 -0.845729240489
792 793 -0.16518001051
792 832 0.816913002699
793 794 -0.634434023673
793 833 -0.756733127452
794 795 0.822141913664
794 834 -0.586245931395
795 796 -0.208883458438
795 835 -0.916173807647
796 797 0.820579493871
796 836 0.823207076945
797 798 -0.877006544658
797 837 -0.707609546535
798 799 0.480049866925
798 838 0.842080919284
799 800 -0.380130072355
799 839 -0.729285963622
800 840 0.60757888285
801 802 0.0951723118385
801 841 0.63857399134
802 803 -0.562461301641
802 842 0.504992340437
803 804 0.626632167342
803 843 0.569733436554
804 805 0.0869300769498
804 844 -0.32449070623
805 806 -0.825013894952
805 845 -0.766241120851
806 807 -0.113645825945
806 846 -0.653900553047
807 808 -0.542488772568
807 847 0.68299594235
808 809 -0.664607385131
808 848 0.849365207565
809 810 0.345572722926
809 849 0.428299786709
810 811 0.666133233411
810 850 0.329359310147
811 812 -0.459173646484
811 851 -0.0510247544811
812 813 -0.494813301473
812 852 -0.86113270056
813 814 -0.303340160296
813 853 0.617925720098
814 815 0.879506705137
814 854 0.22680759696
815 816 -0.52433586967
815 855 -0.741180221573
816 817 0.00325618158487
816 856 -0.227239720015
817 818 -0.00734671245325
817 857 -0.256030846465
818 819 0.86305323981
818 858 -0.424628269685
819 820 0.641936461973
819 859 -0.374060866427
820 821 0.16545296241
820 860 -0.136509000564
821 822 0.589634920752
821 861 -0.960352657226
822 823 -0.647470693921
822 862 -0.936599587095
823 824 0.381672600664
823 863 0.926617565514
824 825 0.613103462855
824 864 0.795247101328
825 826 0.84845452803
825 865 0.569257791139
826 827 0.191259277116
826 866 -0.548451622972
827 828 -0.490910061153
827 867 -0.514752217591
828 829 -0.934774759584
828 868 -0.936499679797
829 830 -0.674812488785
829 869 0.993060232513
830 831 0.367874902879
830 870 0.172784838797
831 832 -0.512574309263
831 871 0.824368767881
832 833 0.78273141965
832 872 0.826282042563
833 834 -0.6687246326
833 873 -0.817915528472
834 835 0.762793997673
834 874 0.712650585544
835 836 -0.596769030888
835 875 -0.920105408761
836 837 -0.188433218537
836 876 -0.863955999254
837 838 -0.742782524791
837 877 0.827022973659
838 839 0.890680251198
838 878 -0.865581091125
839 840 0.572022986524
839 879 -0.358527705874
840 880 0.608449690739
841 842 -0.602104920642
841 881 0.713700604915
842 843 -0.786240831213
842 882 0.489206481551
843 844 -0.213161775127
843 883 0.728958387604
844 845 0.796048617699
844 884 0.881414076966
845 846 0.542142510616
845 885 0.465590537593
846 847 -0.770945775547
846 886 0.595761192042
847 848 0.688716947016
847 887 -0.559708013239
848 849 0.434679902727
848 888 -0.690372777004
849 850 -0.525531594039
849 889 0.61143473696
850 851 0.151112408854
850 890 0.816896210703
851 852 0.117207592845
851 891 -0.987305047998
852 853 0.45890411197
852 892 0.834110367737
853 854 -0.0807256243492
853 893 0.252248609638
854 855 0.872523713918
854 894 0.892346129912
855 856 0.374778740105
855 895 -0.569733877766
856 857 -0.190859939326
856 896 0.513670623084
857 858 -0.258929753848
857 897 -0.387299318225
858 859 0.482884708772
858 898 -0.18755879264
859 860 -0.436174091988
859 899 -0.633213074717
860 861 0.281334729318
860 900 -0.925437158563
861 862 0.0788408531816
861 901 -0.909151288845
862 863 -0.288951623354
862 902 -0.420250846079
863 864 -0.672151979278
863 903 0.574572863066
864 865 0.674950810645
864 904 -0.370389678663
865 866 -0.628814118538
865 905 0.661012935164
866 867 0.317659241765
866 906 -0.0763736339213
867 868 -0.35882042831
867 907 -0.786230001125
868 869 0.417377389771
868 908 0.19015789209
869 870 -0.734943868895
869 909 0.0342370126064
870 871 0.958641606177
870 910 0.548490312558
871 872 0.178628325874
871 911 -0.958206074812
872 873 -0.226369124611
872 912 -0.979139306568
873 874 0.0438870786775
873 913 0.683662534168
874 875 -0.378618301041
874 914 0.490024536343
875 876 -0.11750890063
875 915 -0.696659796753
876 877 0.425041775927
876 916 0.15188663447
877 878 -0.281914198858
877 917 -0.0659489411772
878 879 0.255820349348
878 918 -0.167339326436
879 880 -0.424464538336
879 919 0.701528262283
880 920 0.381955376328
881 882 -0.296694721136
881 921 0.50929538306
882 883 -0.060429413119
882 922 0.196511342558
883 884 -0.231938463769
883 923 -0.48539422559
884 885 -0.231756301693
884 924 -0.207764415319
885 886 -0.825743286135
885 925 -0.28507360376
886 887 0.297810302891
886 926 0.00349199629399
887 888 0.622275279504
887 927 0.0719070677782
888 889 0.447267211639
888 928 -0.62718014835
889 890 0.836592594796
889 929 0.969243692438
890 891 0.428750303042
890 930 -0.0361999622454
891 892 0.68691539421
891 931 -0.727932144153
892 893 0.686916529526
892 932 -0.973862773254
893 894 -0.592706338297
893 933 -0.812649190449
894 895 0.201613175251
894 934 0.872542380362
895 896 0.651067963191
895 935 -0.526341174164
896 897 -0.531828905615
896 936 0.55575298668
897 898 -0.155473589661
897 937 -0.994280554366
898 899 -0.488581991176
898 938 0.280920362671
899 900 0.693146460841
899 939 0.946104799134
900 901 0.715874305895
900 940 0.234237773223
901 902 0.0955303384463
901 941 0.876166679586
902 903 0.842634761401
902 942 -0.555325535132
903 904 -0.987446674619
903 943 -0.977928148067
904 905 0.0766775736926
904 944 0.173860800796
905 906 -0.943038868251
905 945 0.124351342463
906 907 -0.22313113443
906 946 -0.659101687995
907 908 0.354751893468
907 947 0.721458103219
908 909 -0.88319509675
908 948 0.222497516983
909 910 -0.328762164949
909 949 0.200943548687
910 911 -0.454001557734
910 950 -0.0676018903836
911 912 0.435201368491
911 951 -0.522525498474
912 913 0.0166824088774
912 952 -0.878408217303
913 914 -0.315532594607
913 953 0.482716416023
914 915 0.965909978089
914 954 0.929025613513
915 916 -0.150269168688
915 955 -0.368948170758
916 917 0.49464849376
916 956 -0.510508219522
917 918 0.537761215907
917 957 0.276807341797
918 919 0.290779052902
918 958 0.115451435662
919 920 0.790515400909
919 959 -0.837876575694
920 960 0.946553123615
921 922 -0.408076586241
921 961 0.767872959122
922 923 -0.704759615429
922 962 -0.631930355814
923 924 0.658803839654
923 963 0.472765407677
924 925 0.794559889639
924 964 -0.882355263796
925 926 0.546423243505
925 965 -0.737056796776
926 927 -0.428719583536
926 966 0.273391656971
927 928 0.220856897965
927 967 0.0477397662526
928 929 0.659329130487
928 968 -0.60671647332
929 930 0.994094290041
929 969 0.0318479213259
930 931 0.41477977982
930 970 0.278745843997
931 932 0.524884074951
931 971 -0.835126190592
932 933 -0.138237797228
932 972 -0.20919281354
933 934 0.951051934532
933 973 -0.265312343329
934 935 -0.109225069151
934 974 -0.919362021771
935 936 0.836989647561
935 975 0.96740428506
936 937 0.28120921186
936 976 -0.0876127707873
937 938 -0.968523147407
937 977 -0.484084759796
938 939 -0.925452150588
938 978 0.0947890824599
939 940 -0.578156351294
939 979 -0.0015512637301
940 941 0.0464007205448
940 980 -0.472959382316
941 942 -0.74396720852
941 981 -0.750685999376
942 943 0.26610561744
942 982 -0.885401935975
943 944 -0.697990729011
943 983 -0.706096002496
944 945 0.860910215878
944 984 0.484669866723
945 946 -0.172746173776
945 985 -0.29602271751
946 947 0.243424613363
946 986 0.706378756342
947 948 -0.124966549821
947 987 -0.993406112004
948 949 -0.902497441108
948 988 0.125495332796
949 950 -0.602124203936
949 989 -0.411303118156
950 951 -0.324143636152
950 990 0.168679284141
951 952 0.510223661016
951 991 0.280925654939
952 953 -0.443603129862
952 992 0.361659233227
953 954 0.575476155792
953 993 0.719858232067
954 955 0.551873644604
954 994 -0.933913233232
955 956 -0.678444050269
955 995 -0.901893817905
956 957 -0.85229107166
956 996 0.0563774202032
957 958 0.327546089689
957 997 0.553114143735
958 959 0.406797916514
958 998 -0.232377649703
959 960 -0.826410956351
959 999 -0.89424856421
960 1000 0.654942819453
961 962 -0.348976724336
961 1001 -0.669968204562
962 963 0.290144252936
962 1002 -0.902743987473
963 964 0.0152018161099
963 1003 0.288653230083
964 965 -0.189241423141
964 1004 -0.739648918738
965 966 0.0756648677079
965 1005 0.509447132454
966 967 -0.26331618934
966 1006 0.0790770867045
967 968 0.279258296991
967 1007 -0.989687303932
968 969 0.922601338223
968 1008 0.0951951696329
969 970 0.400168617234
969 1009 -0.846882449562
970 971 -0.950121109119
970 1010 0.60614814449
971 972 0.52752230673
971 1011 -0.273213612645
972 973 -0.157175150378
972 1012 -0.71952900762
973 974 0.152567935886
973 1013 -0.508135864091
974 975 -0.891365583037
974 1014 -0.308865050596
975 976 -0.015051795599
975 1015 0.753214582624
976 977 -0.797442308299
976 1016 -0.0617437891612
977 978 0.0375735764255
977 1017 -0.611376344648
978 979 0.93004978833
978 1018 0.374967721916
979 980 -0.10404890143
979 1019 0.20045420318
980 981 0.0657580584446
980 1020 -0.328973894407
981 982 -0.0129242550266
981 1021 -0.456322829427
982 983 0.790196483131
982 1022 0.267457737551
983 984 0.961448609654
983 1023 -0.751507261713
984 985 0.48747029325
984 1024 -0.592796854786
985 986 0.559872022798
985 1025 -0.12598565036
986 987 -0.360314001321
986 1026 0.550800978854
987 988 0.722525399138
987 1027 -0.536546043541
988 989 -0.467599541954
988 1028 0.723016150949
989 990 0.243084554866
989 1029 0.0439920690571
990 991 0.209815005465
990 1030 -0.74304442579
991 992 0.494311251418
991 1031 0.774464323993
992 993 0.900687311643
992 1032 0.692515618646
993 994 -0.642812740805
993 1033 -0.246542718906
994 995 0.0644661743154
994 1034 -0.595752982745
995 996 -0.605920563108
995 1035 -0.0879529777152
996 997 0.330293070724
996 1036 -0.113738290644
997 998 -0.779829090864
997 1037 -0.840545374521
998 999 -0.17193309379
998 1038 -0.682838955981
999 1000 0.296815754944
999 1039 -0.892433084192
1000 1040 -0.634227345049
1001 1002 -0.214941512107
1001 1041 -0.813079250883
1002 1003 -0.502774984394
1002 1042 0.084817032456
1003 1004 -0.573626869243
1003 1043 0.791417897407
1004 1005 -0.826061182151
1004 1044 0.567928573918
1005 1006 -0.454947648018
1005 1045 0.133033991815
1006 1007 0.52413360396
1006 1046 0.679774962309
1007 1008 -0.950522433169
1007 1047 0.380052770631
1008 1009 -0.554272800528
1008 1048 -0.574546618972
1009 1010 0.802282993503
1009 1049 0.627165294223
1010 1011 0.492697434695
1010 1050 -0.225861294263
1011 1012 -0.516508275779
1011 1051 0.517250966078
1012 1013 0.52247698604
1012 1052 0.384916596897
1013 1014 0.984917389489
1013 1053 0.132542256555
1014 1015 -0.601035822726
1014 1054 0.787060748914
1015 1016 -0.600522564047
1015 1055 -0.826854782949
1016 1017 0.86385238374
1016 1056 0.862358447975
1017 1018 -0.0292938537012
1017 1057 0.1601273597
1018 1019 -0.447185473342
1018 1058 0.981338461353
1019 1020 -0.0244031079575
1019 1059 -0.385954300133
1020 1021 -0.385305708483
1020 1060 -0.802819694833
1021 1022 -0.973078714573
1021 1061 -0.744024987284
1022 1023 -0.0744630299356
1022 1062 -0.818423790932
1023 1024 0.358190364265
1023 1063 0.784792917015
1024 1025 -0.49882316008
1024 1064 -0.0195089312422
1025 1026 0.638716935037
1025 1065 -0.981186374749
1026 1027 0.843720383328
1026 1066 0.89494353372
1027 1028 -0.117185682591
1027 1067 -0.515003846
1028 1029 -0.519179322515
1028 1068 0.579008136152
1029 1030 0.541655139697
1029 1069 -0.11608754976
1030 1031 0.0466239336985
1030 1070 -0.423792503182
1031 1032 -0.578776272522
1031 1071 0.185408741049
1032 1033 -0.660878200677
1032 1072 0.511920165761
1033 1034 0.256740247068
1033 1073 -0.73471329676
1034 1035 -0.345449064255
1034 1074 0.326552168089
1035 1036 -0.0585392123248
1035 1075 -0.960642479905
1036 1037 0.820557895496
1036 1076 0.674364225287
1037 1038 0.024787757539
1037 1077 0.927492096505
1038 1039 -0.707321165277
1038 1078 -0.0800101013514
1039 1040 0.581605655104
1039 1079 0.826138217301
1040 1080 -0.650497585117
1041 1042 0.642211315674
1041 1081 -0.697695960715
1042 1043 -0.54645331346
1042 1082 -0.237176930191
1043 1044 0.931892503016
1043 1083 -0.365996875388
1044 1045 -0.390853289307
1044 1084 0.168111745111
1045 1046 -0.0466300585667
1045 1085 0.113241385084
1046 1047 -0.790085175957
1046 1086 0.0212626166918
1047 1048 -0.656813960876
1047 1087 0.387861347377
1048 1049 0.255975924813
1048 1088 0.2665522583
1049 1050 -0.281876573499
1049 1089 0.951407474186
1050 1051 0.172641964033
1050 1090 -0.527286328942
1051 1052 -0.888361700927
1051 1091 -0.102452769773
1052 1053 0.223654981125
1052 1092 0.857820230047
1053 1054 0.0335728910546
1053 1093 0.762867935945
1054 1055 -0.741770912327
1054 1094 0.0331651395507
1055 1056 0.458137732414
1055 1095 -0.785969093997
1056 1057 0.184287756896
1056 1096 0.678762021946
1057 1058 0.187079299134
1057 1097 0.563704742134
1058 1059 0.619550375229
1058 1098 -0.988749992576
1059 1060 0.692548090625
1059 1099 -0.415818468222
1060 1061 -0.245366880623
1060 1100 0.16734575131
1061 1062 0.583997349858
1061 1101 0.878237303996
1062 1063 0.964306669632
1062 1102 0.503263783925
1063 1064 0.479534549832
1063 1103 -0.978218180955
1064 1065 -0.710542066832
1064 1104 0.257138494698
1065 1066 0.065404837217
1065 1105 0.279698190852
1066 1067 -0.540218674396
1066 1106 0.351888773663
1067 1068 -0.886340185369
1067 1107 0.0651176783638
1068 1069 0.83192634684
1068 1108 -0.0802709757798
1069 1070 -0.218625424211
1069 1109 -0.734837891809
1070 1071 0.163239777578
1070 1110 -0.300163394882
1071 1072 -0.60802966488
1071 1111 -0.450670640412
1072 1073 -0.902608502374
1072 1112 -0.401911632445
1073 1074 0.19327623199
1073 1113 0.757588778658
1074 1075 0.644777207725
1074 1114 0.509739219299
1075 1076 0.454393376666
1075 1115 0.928712322893
1076 1077 -0.871425477164
1076 1116 -0.981351096154
1077 1078 0.15157167568
1077 1117 0.530699163501
1078 1079 0.210020516003
1078 1118 0.251950199796
1079 1080 0.0600505880582
1079 1119 -0.64066737683
1080 1120 0.565332776228
1081 1082 -0.231771102616
1081 1121 0.888521424478
1082 1083 0.844465573807
1082 1122 0.850713745736
1083 1084 0.731105236455
1083 1123 -0.37943258612
1084 1085 0.756932356853
1084 1124 0.761584121227
1085 1086 -0.118525885172
1085 1125 0.387474728524
1086 1087 0.290977325488
1086 1126 -0.693866371495
1087 1088 -0.429468753756
1087 1127 -0.889788158437
1088 1089 -0.393441925428
1088 1128 0.632735502907
1089 1090 -0.228027806008
1089 1129 -0.967581216018
1090 1091 0.977260423806
1090 1130 0.177564660931
1091 1092 0.801651276666
1091 1131 0.814570471758
1092 1093 0.430836765125
1092 1132 -0.353853166693
1093 1094 -0.97617320874
1093 1133 0.460486419403
1094 1095 0.974047518272
1094 1134 0.983225872645
1095 1096 0.626618959118
1095 1135 0.545513750863
1096 1097 -0.384125104341
1096 1136 0.0795043404
1097 1098 0.226519716737
1097 1137 0.298929442058
1098 1099 0.502841865457
1098 1138 0.540975459062
1099 1100 -0.354720945951
1099 1139 0.248261282534
1100 1101 0.934821230159
1100 1140 -0.123529969989
1101 1102 0.961395635059
1101 1141 -0.0395193305327
1102 1103 0.852795522361
1102 1142 0.154438754589
1103 1104 0.31493535542
1103 1143 0.227375185256
1104 1105 0.273324900135
1104 1144 0.0519640401375
1105 1106 -0.348535191639
1105 1145 0.706842640871
1106 1107 -0.31560323164
1106 1146 0.404891760486
1107 1108 -0.847840685049
1107 1147 -0.803228790851
1108 1109 0.4321925872
1108 1148 0.511987446768
1109 1110 -0.391940178824
1109 1149 0.9650186697
1110 1111 -0.225207609175
1110 1150 -0.917315241718
1111 1112 0.48102055141
1111 1151 0.947362586145
1112 1113 0.472232963422
1112 1152 0.903891326474
1113 1114 -0.601431491483
1113 1153 -0.878035411753
1114 1115 -0.205625107009
1114 1154 -0.885887484851
1115 1116 -0.645110894801
1115 1155 -0.801365280637
1116 1117 -0.668654623464
1116 1156 0.469298920976
1117 1118 -0.615009428801
1117 1157 -0.944072322477
1118 1119 -0.992817248743
1118 1158 -0.313101504248
1119 1120 0.23762067822
1119 1159 -0.904507258889
1120 1160 -0.34930692039
1121 1122 0.975250949804
1121 1161 -0.0873909058104
1122 1123 0.13349984915
1122 1162 0.066941769978
1123 1124 -0.949472109136
1123 1163 -0.901609684453
1124 1125 0.201908414491
1124 1164 0.290455491368
1125 1126 0.436474360639
1125 1165 0.512764715791
1126 1127 -0.996480701791
1126 1166 0.93409150646
1127 1128 0.164445805172
1127 1167 -0.408362546869
1128 1129 -0.161886565982
1128 1168 0.627716570468
1129 1130 -0.962651089273
1129 1169 0.0882790867243
1130 1131 -0.601844230971
1130 1170 0.98033548519
1131 1132 -0.0622374136327
1131 1171 0.662089931302
1132 1133 0.632089440214
1132 1172 0.894060725864
1133 1134 -0.362440634241
1133 1173 0.300005158347
1134 1135 -0.684450660053
1134 1174 -0.170517288897
1135 1136 -0.883867718837
1135 1175 -0.718722271863
1136 1137 0.194184570155
1136 1176 -0.950448052234
1137 1138 0.163002350211
1137 1177 -0.270231501328
1138 1139 -0.190184737496
1138 1178 0.556259661628
1139 1140 -0.397027426445
1139 1179 -0.418791422832
1140 1141 0.368208397088
1140 1180 0.0380291940102
1141 1142 -0.666150837862
1141 1181 0.360339935702
1142 1143 -0.110875586023
1142 1182 -0.763138927067
1143 1144 -0.130512172809
1143 1183 0.697401411801
1144 1145 0.245837755594
1144 1184 -0.778211665697
1145 1146 0.35772608084
1145 1185 -0.652576713605
1146 1147 0.922716542694
1146 1186 -0.737518466505
1147 1148 0.733166246539
1147 1187 -0.80535897729
1148 1149 -0.259262289435
1148 1188 0.385521773756
1149 1150 -0.852058099366
1149 1189 -0.561755066307
1150 1151 0.0669091304224
1150 1190 -0.861746924486
1151 1152 -0.0455082402431
1151 1191 -0.253545262638
1152 1153 0.848278275801
1152 1192 -0.280247800448
1153 1154 0.106527536308
1153 1193 0.623147599226
1154 1155 -0.907821503029
1154 1194 0.415797347367
1155 1156 0.322081543679
1155 1195 -0.157116721738
1156 1157 0.379633485343
1156 1196 0.938730961328
1157 1158 -0.564880096827
1157 1197 0.545413515547
1158 1159 -0.458282904391
1158 1198 -0.781290508366
1159 1160 -0.809580441191
1159 1199 -0.0329509800011
1160 1200 -0.0824244790418
1161 1162 0.652245687685
1161 1201 -0.497251731586
1162 1163 -0.970279950734
1162 1202 0.955798526804
1163 1164 -0.630746323971
1163 1203 -0.861933316765
1164 1165 -0.886743594324
1164 1204 -0.405031806048
1165 1166 -0.925355981977
1165 1205 0.357670793786
1166 1167 0.61573306653
1166 1206 -0.451864821273
1167 1168 -0.354367728849
1167 1207 0.93397877571
1168 1169 -0.469569658878
1168 1208 0.966850942807
1169 1170 -0.113707365533
1169 1209 -0.948599705106
1170 1171 0.706202787452
1170 1210 -0.311757932539
1171 1172 0.335782863709
1171 1211 -0.476571898783
1172 1173 -0.677310684207
1172 1212 0.0579570450701
1173 1174 0.650644217945
1173 1213 -0.131523975888
1174 1175 0.372990645882
1174 1214 -0.286759522137
1175 1176 0.273988005938
1175 1215 -0.241686837508
1176 1177 -0.633671944484
1176 1216 -0.785493177354
1177 1178 -0.601193170082
1177 1217 0.286146315976
1178 1179 0.633869557231
1178 1218 -0.730720839201
1179 1180 -0.0139249645614
1179 1219 0.291085063151
1180 1181 -0.652083585645
1180 1220 -0.764612061536
1181 1182 0.898087353337
1181 1221 -0.101913980089
1182 1183 -0.993215760494
1182 1222 -0.140205458629
1183 1184 0.0667278632676
1183 1223 0.934029078442
1184 1185 0.996377534762
1184 1224 0.39002641037
1185 1186 -0.329257479984
1185 1225 -0.746201214868
1186 1187 0.0648190920986
1186 1226 -0.417980825728
1187 1188 0.115689757807
1187 1227 -0.924045581161
1188 1189 0.717636437055
1188 1228 0.0991095781429
1189 1190 -0.801754491196
1189 1229 0.458225719448
1190 1191 -0.884098418396
1190 1230 -0.37017746813
1191 1192 0.0246671871343
1191 1231 0.950763802339
1192 1193 -0.152250072897
1192 1232 0.544824490259
1193 1194 0.401557205781
1193 1233 -0.9115313585
1194 1195 -0.658501568605
1194 1234 0.982007944245
1195 1196 -0.383971861595
1195 1235 -0.681554616699
1196 1197 0.354814424329
1196 1236 -0.911685321664
1197 1198 -0.646538082881
1197 1237 -0.245391870326
1198 1199 0.741467963802
1198 1238 0.0517600767165
1199 1200 -0.20115425613
1199 1239 0.417744364947
1200 1240 0.721429948883
1201 1202 0.194743296462
1201 1241 0.805663520663
1202 1203 0.146057808066
1202 1242 0.583513992553
1203 1204 -0.485049153191
1203 1243 0.827163463141
1204 1205 0.383549215153
1204 1244 -0.621941094289
1205 1206 -0.0455583981841
1205 1245 -0.799657224658
1206 1207 -0.441820785856
1206 1246 -0.758640717156
1207 1208 -0.610130670434
1207 1247 -0.305206989709
1208 1209 0.74461064532
1208 1248 -0.10295082127
1209 1210 -0.263390970883
1209 1249 -0.159358984178
1210 1211 0.314082076774
1210 1250 0.866120770305
1211 1212 -0.284883188606
1211 1251 0.855237997818
1212 1213 0.558681137558
1212 1252 -0.284347281289
1213 1214 -0.686322622179
1213 1253 -0.0452801914013
1214 1215 0.313723425873
1214 1254 -0.656939011615
1215 1216 -0.431929968778
1215 1255 -0.275018632805
1216 1217 0.864809421854
1216 1256 -0.92243960787
1217 1218 -0.553602636941
1217 1257 0.158838590761
1218 1219 -0.872092150125
1218 1258 0.672441281864
1219 1220 0.0269363567725
1219 1259 0.538504590198
1220 1221 -0.740034310348
1220 1260 -0.836337837434
1221 1222 -0.534826118006
1221 1261 0.444053083604
1222 1223 -0.108756953005
1222 1262 -0.549198734901
1223 1224 -0.185641455172
1223 1263 0.0448762473633
1224 1225 0.686005119656
1224 1264 -0.862441306625
1225 1226 0.159747035489
1225 1265 0.724421495119
1226 1227 -0.667639983875
1226 1266 0.0169392602347
1227 1228 0.426697315573
1227 1267 -0.83890154229
1228 1229 -0.912262725609
1228 1268 0.273650413651
1229 1230 -0.0491046881027
1229 1269 -0.344138043168
1230 1231 0.0843287972125
1230 1270 -0.485105066512
1231 1232 -0.441040475149
1231 1271 -0.103697265014
1232 1233 0.776376293181
1232 1272 0.0978016101309
1233 1234 0.49276655859
1233 1273 0.336228511194
1234 1235 0.407589210444
1234 1274 -0.292078251854
1235 1236 -0.991520361852
1235 1275 -0.133524695309
1236 1237 0.343924403162
1236 1276 0.973739923921
1237 1238 0.875235831832
1237 1277 0.938171401115
1238 1239 0.263018423641
1238 1278 -0.761405475844
1239 1240 0.0571131128395
1239 1279 0.862484916401
1240 1280 0.767242192861
1241 1242 0.0691158976036
1241 1281 0.180402725971
1242 1243 0.123114720553
1242 1282 0.75467048313
1243 1244 -0.0843009760512
1243 1283 -0.739576421041
1244 1245 0.606015073434
1244 1284 0.0295274997134
1245 1246 0.228392467429
1245 1285 0.675829017932
1246 1247 -0.0386234700183
1246 1286 0.864603957525
1247 1248 -0.791971869779
1247 1287 -0.196436295051
1248 1249 -0.329230980305
1248 1288 -0.940587892033
1249 1250 -0.189192077496
1249 1289 0.996155329297
1250 1251 0.118152700725
1250 1290 0.234210154823
1251 1252 0.764202476154
1251 1291 0.915255985507
1252 1253 -0.262611678105
1252 1292 0.402345805139
1253 1254 -0.33998425057
1253 1293 -0.518917184853
1254 1255 -0.0301254187158
1254 1294 -0.489878529187
1255 1256 -0.431449634415
1255 1295 0.770513735589
1256 1257 0.955302263238
1256 1296 -0.520590663574
1257 1258 0.69833630265
1257 1297 0.118113555612
1258 1259 -0.767927585798
1258 1298 0.416260677328
1259 1260 -0.598611773754
1259 1299 0.0162724434885
1260 1261 -0.625752723598
1260 1300 0.304628328373
1261 1262 -0.715983286242
1261 1301 -0.799617629269
1262 1263 -0.368161026924
1262 1302 -0.486484409936
1263 1264 -0.865283448865
1263 1303 0.824652860992
1264 1265 -0.626945742184
1264 1304 0.668654608961
1265 1266 0.982397699278
1265 1305 0.10554054931
1266 1267 -0.809284905255
1266 1306 0.711658305757
1267 1268 -0.518943187679
1267 1307 0.54285524355
1268 1269 0.958543968794
1268 1308 -0.280960305982
1269 1270 -0.447419191578
1269 1309 0.412930481932
1270 1271 -0.110719109273
1270 1310 -0.286373276509
1271 1272 -0.742151091412
1271 1311 0.573495333603
1272 1273 0.379570031059
1272 1312 -0.753479026178
1273 1274 0.0860395498125
1273 1313 -0.428124617385
1274 1275 -0.148172052963
1274 1314 -0.37614097014
1275 1276 0.873043369326
1275 1315 0.939009139558
1276 1277 -0.759888520327
1276 1316 -0.0896123598208
1277 1278 0.918458425592
1277 1317 -0.0579860691446
1278 1279 0.407043317575
1278 1318 -0.80762296828
1279 1280 0.323063489206
1279 1319 -0.462906282083
1280 1320 0.508178948372
1281 1282 -0.921436465549
1281 1321 -0.285636482731
1282 1283 0.168391657061
1282 1322 0.417699652738
1283 1284 0.6197833308
1283 1323 -0.193060319039
1284 1285 0.514572080631
1284 1324 -0.644422502766
1285 1286 0.467788075318
1285 1325 -0.356868834576
1286 1287 0.829854851537
1286 1326 -0.512249808048
1287 1288 -0.814304709825
1287 1327 0.0096876129234
1288 1289 0.981873497299
1288 1328 0.361899049661
1289 1290 -0.686649249116
1289 1329 -0.126082186412
1290 1291 -0.0620215905045
1290 1330 0.989659532442
1291 1292 -0.557609427013
1291 1331 -0.69828572517
1292 1293 0.106172834334
1292 1332 0.245491188138
1293 1294 0.215914620191
1293 1333 -0.572050763983
1294 1295 0.715084146753
1294 1334 -0.884118065641
1295 1296 0.878532594164
1295 1335 0.446588648678
1296 1297 -0.758818819676
1296 1336 -0.11996180758
1297 1298 -0.671730036407
1297 1337 0.133191603694
1298 1299 -0.0894444905637
1298 1338 0.874335932596
1299 1300 0.765000327968
1299 1339 -0.0176545314481
1300 1301 -0.363721001383
1300 1340 -0.875940287563
1301 1302 0.262444639711
1301 1341 -0.811652576119
1302 1303 -0.49092879968
1302 1342 0.843452678347
1303 1304 0.836402675795
1303 1343 0.877769984249
1304 1305 0.394665236144
1304 1344 0.467534290694
1305 1306 -0.913594527633
1305 1345 0.624668592672
1306 1307 -0.835246925663
1306 1346 -0.773221654395
1307 1308 -0.0845509142216
1307 1347 -0.791856489746
1308 1309 -0.637663384517
1308 1348 -0.444509850928
1309 1310 0.0937943692817
1309 1349 0.4277592159
1310 1311 -0.21390522033
1310 1350 -0.0391997880531
1311 1312 -0.331603827208
1311 1351 0.0584749448371
1312 1313 -0.637621406958
1312 1352 -0.933974879641
1313 1314 0.794697596
1313 1353 0.11114934439
1314 1315 0.617720179752
1314 1354 -0.135750123019
1315 1316 0.137579686849
1315 1355 -0.160856096071
1316 1317 0.34384281907
1316 1356 -0.59710729668
1317 1318 0.408970973952
1317 1357 -0.146873561671
1318 1319 -0.190997871581
1318 1358 -0.691283592546
1319 1320 -0.617339581729
1319 1359 0.684762425278
1320 1360 0.234788818008
1321 1322 -0.840773819688
1321 1361 -0.389080163314
1322 1323 -0.702933097287
1322 1362 -0.143098522064
1323 1324 -0.951134710034
1323 1363 0.713662085256
1324 1325 -0.834759417409
1324 1364 -0.0358560605543
1325 1326 -0.864289377826
1325 1365 -0.925339525871
1326 1327 -0.210283407168
1326 1366 0.940479060453
1327 1328 0.485181481889
1327 1367 -0.989418981661
1328 1329 -0.621683627197
1328 1368 -0.909908901006
1329 1330 -0.45953469138
1329 1369 0.937926873199
1330 1331 0.866947418431
1330 1370 -0.943489175224
1331 1332 -0.753553636386
1331 1371 -0.0440640907637
1332 1333 -0.589446513162
1332 1372 0.286373117625
1333 1334 -0.0326334941432
1333 1373 -0.111842845675
1334 1335 0.392766908532
1334 1374 0.521896363745
1335 1336 0.041056736127
1335 1375 0.472710494218
1336 1337 0.564240499173
1336 1376 -0.129958348127
1337 1338 0.721373029158
1337 1377 -0.616495957988
1338 1339 -0.0359261121986
1338 1378 -0.0366858520204
1339 1340 0.908245461121
1339 1379 0.287302972567
1340 1341 0.415434430522
1340 1380 0.504760741964
1341 1342 -0.725680892628
1341 1381 0.901150840279
1342 1343 0.507323293475
1342 1382 -0.289976136126
1343 1344 0.0981730160937
1343 1383 -0.0637787899471
1344 1345 -0.868984716476
1344 1384 -0.375753803749
1345 1346 0.00152582626423
1345 1385 -0.692761016352
1346 1347 -0.561228441821
1346 1386 -0.143806610955
1347 1348 -0.450865488134
1347 1387 -0.406012399226
1348 1349 0.659562316864
1348 1388 -0.650594593307
1349 1350 -0.0402631671792
1349 1389 -0.898129165682
1350 1351 -0.258676522543
1350 1390 0.844400326086
1351 1352 0.388544278181
1351 1391 0.575893087008
1352 1353 -0.196624517117
1352 1392 0.604761620645
1353 1354 -0.768059270221
1353 1393 0.432924147388
1354 1355 0.418700260484
1354 1394 -0.386160709486
1355 1356 -0.207602806
1355 1395 0.098958754438
1356 1357 -0.6630257938
1356 1396 -0.280635100088
1357 1358 -0.657248623214
1357 1397 0.222036587265
1358 1359 -0.939623602472
1358 1398 0.125702719829
1359 1360 0.597870871825
1359 1399 0.219494940116
1360 1400 0.256751258689
1361 1362 -0.338561376036
1361 1401 0.547660592421
1362 1363 0.387780132685
1362 1402 -0.790760510954
1363 1364 -0.451410361969
1363 1403 0.418211928144
1364 1365 0.0577077587243
1364 1404 0.392616543618
1365 1366 0.118250607921
1365 1405 -0.678294601463
1366 1367 -0.448760732792
1366 1406 0.875698881733
1367 1368 -0.81967766231
1367 1407 -0.887632038176
1368 1369 -0.973720909275
1368 1408 0.323621233259
1369 1370 0.179618083032
1369 1409 0.408372848282
1370 1371 -0.103214120221
1370 1410 -0.320048176348
1371 1372 -0.48515559496
1371 1411 0.892883664488
1372 1373 -0.00776311734728
1372 1412 0.313875692194
1373 1374 -0.270404095292
1373 1413 -0.273831872115
1374 1375 -0.736448679029
1374 1414 -0.688846387745
1375 1376 0.73226467571
1375 1415 -0.858734736889
1376 1377 0.742104617378
1376 1416 -0.450746668448
1377 1378 0.215893249054
1377 1417 -0.999399035534
1378 1379 0.364714293935
1378 1418 -0.237737043618
1379 1380 -0.882802399644
1379 1419 -0.525185837758
1380 1381 0.75083355299
1380 1420 0.534166112921
1381 1382 0.277450574684
1381 1421 0.999299757408
1382 1383 -0.041796874394
1382 1422 0.805461022566
1383 1384 0.739271634876
1383 1423 0.961989360372
1384 1385 0.391313329673
1384 1424 -0.266119583194
1385 1386 -0.76358464463
1385 1425 0.529407100944
1386 1387 0.758834624633
1386 1426 0.804536257916
1387 1388 -0.173155373046
1387 1427 -0.073157439795
1388 1389 -0.9749599815
1388 1428 -0.572914475474
1389 1390 -0.657107958891
1389 1429 0.135148324498
1390 1391 0.277526156651
1390 1430 -0.410369106448
1391 1392 -0.611950091607
1391 1431 0.919855174899
1392 1393 -0.242161383574
1392 1432 -0.167251423226
1393 1394 -0.208000001102
1393 1433 -0.253622207232
1394 1395 -0.629635455159
1394 1434 0.834356324376
1395 1396 -0.288000415078
1395 1435 0.909171176833
1396 1397 -0.431923206866
1396 1436 0.284355408978
1397 1398 -0.386321185327
1397 1437 0.54271658155
1398 1399 0.132341034159
1398 1438 -0.867350278028
1399 1400 0.519709244769
1399 1439 -0.0202292559614
1400 1440 -0.898154346735
1401 1402 -0.92008158262
1401 1441 -0.141015643137
1402 1403 -0.120789524451
1402 1442 -0.667595704591
1403 1404 -0.288455314353
1403 1443 0.588618123653
1404 1405 -0.59047677194
1404 1444 0.342744659915
1405 1406 -0.464223628596
1405 1445 -0.528576087128
1406 1407 0.538024314047
1406 1446 0.769437376212
1407 1408 0.768651326733
1407 1447 0.971171713306
1408 1409 -0.784975310607
1408 1448 -0.380084721391
1409 1410 0.299873344425
1409 1449 0.510814166709
1410 1411 -0.688475309539
1410 1450 -0.40871061267
1411 1412 -0.0181150757763
1411 1451 0.441782439048
1412 1413 -0.413982397721
1412 1452 -0.717473338486
1413 1414 -0.571900984836
1413 1453 -0.263760928529
1414 1415 0.635231845946
1414 1454 0.791489800299
1415 1416 -0.751903730608
1415 1455 -0.779938569819
1416 1417 -0.0525602742967
1416 1456 0.558806625108
1417 1418 0.199289709516
1417 1457 0.813344530949
1418 1419 0.272536486704
1418 1458 0.741223425423
1419 1420 0.214589691423
1419 1459 0.0307194889688
1420 1421 0.711173296136
1420 1460 0.600636512075
1421 1422 0.556113021699
1421 1461 -0.966050092392
1422 1423 0.527117238078
1422 1462 -0.624823488494
1423 1424 0.498356541964
1423 1463 0.154021321103
1424 1425 0.846843866877
1424 1464 -0.0744604946151
1425 1426 -0.908400919777
1425 1465 -0.389164180132
1426 1427 0.248857539173
1426 1466 0.545125749345
1427 1428 -0.501784902118
1427 1467 0.676718866467
1428 1429 -0.415297806939
1428 1468 -0.61191613457
1429 1430 -0.00909125604553
1429 1469 -0.994980180844
1430 1431 -0.722012439189
1430 1470 -0.189471907436
1431 1432 -0.698218494541
1431 1471 -0.576099379316
1432 1433 -0.319377672552
1432 1472 -0.0204539527909
1433 1434 -0.482433559449
1433 1473 0.924995588233
1434 1435 -0.844465669645
1434 1474 0.700656726689
1435 1436 0.840890581133
1435 1475 -0.543824283585
1436 1437 -0.958104662451
1436 1476 0.135054245105
1437 1438 -0.0874582908579
1437 1477 0.974755165462
1438 1439 0.399299612334
1438 1478 -0.278619326494
1439 1440 0.96930699285
1439 1479 0.922788183025
1440 1480 -0.0643640816611
1441 1442 -0.370146256315
1441 1481 0.272982286135
1442 1443 0.0139572585281
1442 1482 0.638071728272
1443 1444 0.689237722288
1443 1483 0.0762950342799
1444 1445 0.586538650653
1444 1484 -0.916524374966
1445 1446 -0.961305076764
1445 1485 -0.69662715121
1446 1447 0.742009950488
1446 1486 -0.707058081546
1447 1448 0.040349371255
1447 1487 -0.603165140934
1448 1449 -0.384105103412
1448 1488 -0.76505554767
1449 1450 0.770628542055
1449 1489 -0.493894530409
1450 1451 0.434500388129
1450 1490 -0.0259809426204
1451 1452 0.992464532148
1451 1491 -0.129324473522
1452 1453 0.6734923581
1452 1492 -0.773663921647
1453 1454 -0.691580408566
1453 1493 0.418373534376
1454 1455 0.963904579559
1454 1494 0.487076539335
1455 1456 -0.538456371418
1455 1495 0.745334972782
1456 1457 0.699563697416
1456 1496 -0.0829710913112
1457 1458 -0.747667015301
1457 1497 -0.493178675439
1458 1459 -0.252283194607
1458 1498 -0.922894954388
1459 1460 0.517546896019
1459 1499 -0.530077643906
1460 1461 0.36604638833
1460 1500 0.0637524541909
1461 1462 -0.584043736762
1461 1501 -0.745558455892
1462 1463 -0.325083855427
1462 1502 -0.882403802511
1463 1464 -0.948538605547
1463 1503 0.993224408998
1464 1465 -0.795509352036
1464 1504 -0.430094432319
1465 1466 0.685486908632
1465 1505 0.251871423895
1466 1467 0.649979748584
1466 1506 0.129994395446
1467 1468 -0.590905748142
1467 1507 -0.907401714015
1468 1469 -0.827936641961
1468 1508 0.23600982611
1469 1470 -0.196053023124
1469 1509 0.0905831063243
1470 1471 0.780063608044
1470 1510 -0.752911662921
1471 1472 -0.977033618593
1471 1511 0.51167224915
1472 1473 -0.627807713796
1472 1512 -0.511024495899
1473 1474 0.0710526351204
1473 1513 -0.0742817350785
1474 1475 -0.819432939924
1474 1514 -0.66579649221
1475 1476 -0.288672089065
1475 1515 0.123481419395
1476 1477 0.619080922469
1476 1516 0.708707985749
1477 1478 0.516203904184
1477 1517 -0.862937103599
1478 1479 -0.583012557184
1478 1518 -0.271845092046
1479 1480 0.0981355832207
1479 1519 0.774441462304
1480 1520 0.128853009456
1481 1482 -0.30730569984
1481 1521 -0.91380528759
1482 1483 -0.819786530551
1482 1522 0.600137501388
1483 1484 0.118173032807
1483 1523 -0.754980037125
1484 1485 0.926715011443
1484 1524 0.950785434347
1485 1486 -0.932194973735
1485 1525 0.963669716176
1486 1487 0.57837757585
1486 1526 0.818444491343
1487 1488 0.866696632166
1487 1527 0.309196406684
1488 1489 0.89386284159
1488 1528 0.954781098471
1489 1490 -0.544012386968
1489 1529 0.205283416555
1490 1491 -0.383404227625
1490 1530 0.839897396527
1491 1492 -0.957071343438
1491 1531 -0.969796838822
1492 1493 -0.776033269009
1492 1532 -0.0821747883969
1493 1494 0.649138448236
1493 1533 -0.427962452172
1494 1495 0.544089559129
1494 1534 -0.508272124963
1495 1496 0.567781948058
1495 1535 -0.464296610894
1496 1497 0.313390102451
1496 1536 0.542850188854
1497 1498 0.832815208152
1497 1537 -0.593183604137
1498 1499 -0.498458205993
1498 1538 0.74000306344
1499 1500 0.55428749988
1499 1539 0.541233685402
1500 1501 0.406421969864
1500 1540 0.455217530408
1501 1502 0.144502429623
1501 1541 0.818615493921
1502 1503 -0.383689690981
1502 1542 0.840548488386
1503 1504 0.885937226698
1503 1543 0.671666688344
1504 1505 -0.188435285256
1504 1544 -0.635227938344
1505 1506 0.0597828752885
1505 1545 0.832300385024
1506 1507 -0.582921411101
1506 1546 -0.397661708533
1507 1508 0.241387299674
1507 1547 0.262636501594
1508 1509 -0.352426148752
1508 1548 -0.215784749283
1509 1510 -0.554880506024
1509 1549 -0.547446251589
1510 1511 -0.633054044693
1510 1550 -0.903233608528
1511 1512 0.130929690735
1511 1551 0.687476427569
1512 1513 0.439013905615
1512 1552 0.798546701304
1513 1514 -0.969743467902
1513 1553 0.150580729288
1514 1515 0.759228882178
1514 1554 -0.929331990152
1515 1516 -0.309711016719
1515 1555 -0.437653881699
1516 1517 0.180228555795
1516 1556 -0.353310486216
1517 1518 0.477405007723
1517 1557 -0.926853366346
1518 1519 0.795733827033
1518 1558 0.388956508524
1519 1520 -0.932189116203
1519 1559 0.53373524275
1520 1560 0.701925467523
1521 1522 0.759830349036
1521 1561 0.526481174287
1522 1523 0.130252707916
1522 1562 0.178695423361
1523 1524 -0.244716162852
1523 1563 -0.142505341742
1524 1525 0.101321568444
1524 1564 -0.870186035187
1525 1526 -0.279029379692
1525 1565 0.650929057124
1526 1527 0.676341097061
1526 1566 0.424062372774
1527 1528 0.58358349432
1527 1567 0.0224313572228
1528 1529 0.808958508537
1528 1568 0.59236029893
1529 1530 -0.527671679147
1529 1569 0.461972600788
1530 1531 0.391508001989
1530 1570 -0.446561099049
1531 1532 -0.0566072357172
1531 1571 0.276079279132
1532 1533 -0.170071200072
1532 1572 0.890853074761
1533 1534 0.410736515837
1533 1573 0.887210359646
1534 1535 0.68441220822
1534 1574 -0.963148606057
1535 1536 0.510355215238
1535 1575 0.924749785535
1536 1537 0.258181925299
1536 1576 -0.590186689715
1537 1538 0.464147279933
1537 1577 0.136789002796
1538 1539 0.282417432397
1538 1578 0.242255593267
1539 1540 -0.128303667206
1539 1579 0.407909446203
1540 1541 0.565247717674
1540 1580 0.499272875678
1541 1542 0.606230362849
1541 1581 0.575619034858
1542 1543 -0.973485105048
1542 1582 0.778130875938
1543 1544 -0.324035661515
1543 1583 0.586040947078
1544 1545 -0.174679404778
1544 1584 0.713466762855
1545 1546 -0.00609912418864
1545 1585 -0.08748063772
1546 1547 -0.15922949223
1546 1586 -0.523341759736
1547 1548 -0.82208457489
1547 1587 0.812668726137
1548 1549 0.292278841977
1548 1588 0.0471082344433
1549 1550 0.648824231439
1549 1589 0.43371570414
1550 1551 0.451141243036
1550 1590 -0.182263250439
1551 1552 -0.674957646936
1551 1591 0.0888798280457
1552 1553 -0.216381384483
1552 1592 -0.26642101213
1553 1554 0.411162713449
1553 1593 -0.901978245591
1554 1555 -0.695498884625
1554 1594 -0.38811367705
1555 1556 0.911761337311
1555 1595 -0.68021092669
1556 1557 -0.698488039012
1556 1596 -0.709592481327
1557 1558 0.834523445684
1557 1597 -0.980611963687
1558 1559 0.890185245331
1558 1598 0.630965686209
1559 1560 -0.113636308197
1559 1599 -0.0910836664231
1560 1600 0.248693552809
1561 1562 0.75619328545
1562 1563 -0.603798685567
1563 1564 0.0224172925709
1564 1565 -0.309526420276
1565 1566 -0.175525182965
1566 1567 -0.385241162925
1567 1568 0.576423784758
1568 1569 -0.869141154264
1569 1570 0.327997835186
1570 1571 0.586307788359
1571 1572 -0.788904912515
1572 1573 -0.17572734341
1573 1574 -0.728718386983
1574 1575 -0.713401940963
1575 1576 0.462087592379
1576 1577 0.69454783987
1577 1578 -0.538544663092
1578 1579 -0.319493448298
1579 1580 0.91544893899
1580 1581 0.190405200642
1581 1582 0.37143922887
1582 1583 0.435200322931
1583 1584 0.391050977195
1584 1585 0.307961532079
1585 1586 0.893913623698
1586 1587 -0.880457164463
1587 1588 0.330597218042
1588 1589 0.0811791251484
1589 1590 -0.972934603521
1590 1591 0.335872085479
1591 1592 0.18488089363
1592 1593 0.83053438615
1593 1594 -0.789912619429
1594 1595 0.233545115956
1595 1596 0.476466615711
1596 1597 -0.0489285192865
1597 1598 -0.926271459204
1598 1599 0.322315100444
1599 1600 -0.74460673893
