1 2 -0.556013657821
1 41 0.741464612355
2 3 0.887080164032
2 42 -0.776615145633
3 4 -0.0813088104827
3 43 -0.162691799926
4 5 -0.323322702054
4 44 0.485501483035
5 6 -0.450331191976
5 45 0.941211415124
6 7 -0.225772506409
6 46 0.810472617332
7 8 0.317690367588
7 47 -0.202485753346
8 9 0.279257422406
8 48 -0.0299455062488
9 10 -0.842110925426
9 49 0.987221855753
10 11 -0.354197885533
10 50 0.815072796603
11 12 0.346036277793
11 51 -0.641535285445
12 13 0.323859827171
12 52 -0.698964585509
13 14 -0.772594749809
13 53 0.382143023604
14 15 -0.635944823897
14 54 -0.867013957228
15 16 -0.167443914052
15 55 -0.153660482824
16 17 0.933721648272
16 56 -0.125993304504
17 18 -0.338088416797
17 57 -0.829206157643
18 19 0.113240777233
18 58 0.476504332824
19 20 -0.0103733873565
19 59 -0.527528649626
20 21 0.47173419735
20 60 -0.882872994941
21 22 0.224771806912
21 61 -0.229657549626
22 23 -0.423050204203
22 62 0.210971869029
23 24 0.481033613407
23 63 0.731988104779
24 25 -0.733158706284
24 64 -0.472528325626
25 26 -0.348410008674
25 65 -0.368542922815
26 27 0.567920770563
26 66 -0.082022728998
27 28 -0.674319937731
27 67 -0.101620668891
28 29 -0.644784176846
28 68 -0.0108956577482
29 30 0.257302292034
29 69 0.72353526141
30 31 0.697804625479
30 70 0.937988716343
31 32 0.472980298901
31 71 -0.141130056412
32 33 -0.753729823827
32 72 0.852176018836
33 34 -0.201486187738
33 73 0.630479979978
34 35 -0.461445216731
34 74 0.194185214162
35 36 -0.499685709553
35 75 -0.967954241151
36 37 0.596808825865
36 76 -0.91125057017
37 38 0.860316504237
37 77 -0.275154642371
38 39 -0.754342568246
38 78 -0.448153599375
39 40 0.821807990316
39 79 0.536113566797
40 80 0.649501538003
41 42 -0.586561689321
41 81 0.837221815876
42 43 0.68710993222
42 82 -0.307943696488
43 44 0.265811081582
43 83 0.0543576658931
44 45 -0.399008260453
44 84 0.597572549133
45 46 -0.0606670301237
45 85 -0.429637871459
46 47 0.00210924759975
46 86 0.344816564915
47 48 -0.752676754967
47 87 -0.151987667274
48 49 0.399117359428
48 88 -0.36366216901
49 50 -0.728530152526
49 89 -0.892368178312
50 51 0.206849589589
50 90 -0.0725215882618
51 52 -0.458322342968
51 91 0.761053310892
52 53 0.226065680285
52 92 0.899657244329
53 54 0.360571218046
53 93 0.924216672335
54 55 0.243435447714
54 94 -0.0977350591179
55 56 -0.437703416717
55 95 -0.424160294555
56 57 0.975780578917
56 96 -0.157302169746
57 58 0.515473834045
57 97 0.165891554969
58 59 -0.871589738952
58 98 0.471758324788
59 60 -0.266893870989
59 99 0.437176827159
60 61 -0.573078569322
60 100 -0.895527910031
61 62 0.514287723946
61 101 0.551579108026
62 63 -0.297348283245
62 102 0.973890386654
63 64 -0.856277182674
63 103 -0.0546335716041
64 65 0.703861295679
64 104 0.135187916242
65 66 -0.63375143369
65 105 -0.865432781406
66 67 0.236226760696
66 106 0.270579226311
67 68 -0.891945517526
67 107 0.527054051087
68 69 -0.0665333437139
68 108 0.887048915329
69 70 0.723614862702
69 109 -0.747807349375
70 71 -0.295360860634
70 110 -0.809432329656
71 72 -0.597834381818
71 111 0.614710052028
72 73 0.675061294869
72 112 0.130459497348
73 74 -0.689456321322
73 113 0.135645372675
74 75 0.225096856175
74 114 0.490350730328
75 76 0.0735091753084
75 115 -0.201699401696
76 77 -0.788358669631
76 116 -0.338003246797
77 78 0.0438503630362
77 117 0.539481363831
78 79 -0.987965990839
78 118 -0.307565332987
79 80 0.938262556067
79 119 0.25348106474
80 120 0.223156842465
81 82 -0.0231776224103
81 121 0.223487725805
82 83 -0.798345454275
82 122 -0.233181867866
83 84 0.922422280348
83 123 0.578020229112
84 85 -0.82810044134
84 124 -0.52867272467
85 86 0.876484186684
85 125 0.933453337673
86 87 0.774805944432
86 126 -0.883228490434
87 88 -0.989424699965
87 127 -0.843668183059
88 89 -0.268058035142
88 128 -0.734007753868
89 90 0.820061259475
89 129 -0.269742324017
90 91 0.862313313553
90 130 -0.30118638147
91 92 0.873325369384
91 131 0.40464193216
92 93 0.064954236594
92 132 -0.910278354904
93 94 0.376482808292
93 133 0.835731446585
94 95 -0.865773557826
94 134 0.259842610846
95 96 -0.595909281609
95 135 -0.34360488758
96 97 -0.776258138885
96 136 0.244169354428
97 98 0.417941015284
97 137 0.0376766122052
98 99 -0.481120586823
98 138 -0.743981023171
99 100 -0.269913539781
99 139 -0.14345134955
100 101 -0.699121016783
100 140 0.320101083349
101 102 0.224663761832
101 141 -0.115625864129
102 103 -0.20574803436
102 142 0.093344872432
103 104 -0.228222163354
103 143 0.315034200466
104 105 -0.690966928259
104 144 0.711219921952
105 106 -0.902358717757
105 145 0.927545349494
106 107 0.143558448799
106 146 -0.981535579474
107 108 -0.7989693742
107 147 -0.366254618134
108 109 0.391846759851
108 148 0.52135744232
109 110 -0.816991897904
109 149 -0.667820820984
110 111 0.535609222763
110 150 -0.962238467526
111 112 0.134523302528
111 151 -0.717046331986
112 113 0.0858265522401
112 152 -0.0411608897164
113 114 -0.315022575879
113 153 -0.195393653825
114 115 0.91672352171
114 154 -0.245694113237
115 116 -0.903255231272
115 155 -0.0355436349252
116 117 -0.759704457756
116 156 0.537596983708
117 118 0.594005107613
117 157 -0.822823010843
118 119 -0.231557165503
118 158 -0.26434551157
119 120 0.32803401922
119 159 -0.276710250825
120 160 0.301396228445
121 122 0.531815712961
121 161 0.0368359757459
122 123 0.0207095946785
122 162 0.92220616393
123 124 -0.00660898175481
123 163 -0.577717998212
124 125 -0.123662214788
124 164 -0.747908293743
125 126 0.438799765672
125 165 -0.726241935358
126 127 -0.410506710102
126 166 -0.64461282544
127 128 0.659616805728
127 167 0.033538332222
128 129 -0.566111979465
128 168 -0.0263709477891
129 130 -0.99105314901
129 169 -0.498260637926
130 131 -0.855082560146
130 170 -0.0895087948099
131 132 0.0641397493008
131 171 0.82148265954
132 133 0.934103115839
132 172 0.298084348595
133 134 0.605486718125
133 173 0.164751907857
134 135 0.197168037853
134 174 0.0481224074463
135 136 -0.887561308866
135 175 -0.202491137025
136 137 0.157091055922
136 176 0.608573132369
137 138 -0.958435076413
137 177 -0.584038820395
138 139 -0.302684399983
138 178 0.302169438064
139 140 -0.159426856019
139 179 0.27918887942
140 141 -0.470341820026
140 180 -0.16086246569
141 142 0.684130021827
141 181 0.597858061078
142 143 0.561802680955
142 182 -0.516863765253
143 144 0.816366561762
143 183 0.211644001027
144 145 0.352850157812
144 184 0.570082594053
145 146 -0.876995869158
145 185 -0.503865816818
146 147 -0.0837506631776
146 186 -0.821940708019
147 148 -0.741391902939
147 187 0.498798001388
148 149 -0.603049131415
148 188 -0.230341166962
149 150 0.00278683389514
149 189 0.130398870519
150 151 0.52405580269
150 190 0.673497612688
151 152 0.306176335769
151 191 0.0255058289676
152 153 0.861223989936
152 192 -0.688376688777
153 154 0.459801240225
153 193 -0.111811304227
154 155 0.184995785133
154 194 0.374525491417
155 156 -0.141447564698
155 195 -0.564714138741
156 157 -0.490093626265
156 196 -0.494458546275
157 158 -0.379004554558
157 197 -0.968299499155
158 159 0.108097812274
158 198 0.13611131431
159 160 -0.932723211248
159 199 -0.0298014514562
160 200 0.608779010948
161 162 -0.406398996848
161 201 -0.624557542677
162 163 -0.256974769344
162 202 -0.975261176799
163 164 0.207968282193
163 203 0.49715162111
164 165 -0.593936038424
164 204 0.683085483726
165 166 0.779797970886
165 205 -0.117479412891
166 167 -0.906868752535
166 206 -0.316383438459
167 168 0.57788979158
167 207 0.478221811533
168 169 0.652810356458
168 208 -0.0528964387212
169 170 0.616682617996
169 209 0.485638605017
170 171 0.178277178476
170 210 0.598990259601
171 172 0.320687156503
171 211 0.879039029376
172 173 -0.0392168430606
172 212 0.906745251551
173 174 0.0830017587134
173 213 -0.802224828135
174 175 -0.779573236166
174 214 -0.0670086623191
175 176 0.0162809337815
175 215 0.989260888288
176 177 0.155756948737
176 216 0.647174541576
177 178 -0.0848562485785
177 217 -0.656464856205
178 179 0.0988412694936
178 218 -0.964728897915
179 180 0.808902373813
179 219 -0.991859932552
180 181 0.918335983596
180 220 -0.286549118937
181 182 -0.537465695268
181 221 0.827913062536
182 183 0.150819820651
182 222 -0.284730617301
183 184 0.669469097354
183 223 0.766422671572
184 185 -0.562401947298
184 224 -0.575860023079
185 186 0.635896170763
185 225 -0.785948220131
186 187 0.919713201202
186 226 0.160317632404
187 188 -0.714952871584
187 227 0.696325173234
188 189 0.691644427963
188 228 -0.29011120333
189 190 -0.692888040707
189 229 0.264217596424
190 191 0.841138979223
190 230 -0.940970694158
191 192 -0.633723681267
191 231 0.807055696437
192 193 -0.862847034463
192 232 0.750839874788
193 194 0.303056402881
193 233 -0.468288901576
194 195 0.905305294571
194 234 -0.103182132697
195 196 -0.0521338597135
195 235 0.0513799461376
196 197 -0.226568809885
196 236 -0.89242342441
197 198 0.337844582459
197 237 -0.346793138985
198 199 0.363366899233
198 238 -0.925515987799
199 200 -0.881335748417
199 239 0.377466066968
200 240 0.768246974621
201 202 -0.83851746247
201 241 0.476880592398
202 203 0.719413773976
202 242 -0.777778500919
203 204 0.511727662521
203 243 0.987008015865
204 205 -0.255135090167
204 244 -0.562636541085
205 206 0.572254756394
205 245 0.442977456704
206 207 0.830801469698
206 246 -0.494567442495
207 208 0.0555987153793
207 247 0.454590951904
208 209 0.766353164049
208 248 0.873934278613
209 210 0.290287732257
209 249 0.651288304124
210 211 -0.26320996754
210 250 0.0394310672715
211 212 0.410588792643
211 251 -0.566029438656
212 213 -0.108430332056
212 252 -0.571984013761
213 214 -0.654879310125
213 253 0.207192584974
214 215 0.0108488538226
214 254 -0.76137688309
215 216 -0.615345900386
215 255 0.384409490684
216 217 0.109903267358
216 256 0.684768885152
217 218 0.651697187858
217 257 -0.974536932007
218 219 -0.260729933799
218 258 -0.680351236642
219 220 0.112069421699
219 259 0.742187678015
220 221 -0.34120270552
220 260 0.320821602268
221 222 0.674841738904
221 261 0.663398752359
222 223 -0.0367300683226
222 262 0.311349506921
223 224 -0.0452787834314
223 263 -0.164281038009
224 225 0.932415864975
224 264 -0.861412479274
225 226 -0.0901783720225
225 265 -0.413481477058
226 227 -0.28064123181
226 266 0.434605136968
227 228 -0.689782763818
227 267 -0.003423017557
228 229 0.200987576802
228 268 -0.33568815298
229 230 -0.331878162595
229 269 0.573628220814
230 231 0.776480043061
230 270 0.976657500068
231 232 0.124321805098
231 271 -0.493990581461
232 233 0.702738716321
232 272 0.627566894907
233 234 0.674543273967
233 273 0.564875701875
234 235 0.429564795843
234 274 0.942009262951
235 236 -0.955165047243
235 275 0.449627300592
236 237 -0.668629972723
236 276 0.940063078096
237 238 0.734335273897
237 277 -0.422219146869
238 239 -0.0495129802606
238 278 -0.0801047457542
239 240 -0.724099998742
239 279 0.272795710269
240 280 0.180361277808
241 242 -0.117381554208
241 281 -0.683380264575
242 243 -0.0433219120264
242 282 0.699960064772
243 244 -0.56300443732
243 283 -0.14872533293
244 245 0.692265644902
244 284 0.150749330118
245 246 0.306328155501
245 285 0.533946265262
246 247 -0.773924362822
246 286 0.883689873544
247 248 0.887645825022
247 287 0.896852182461
248 249 0.542915838465
248 288 0.558027069904
249 250 -0.0543492695268
249 289 0.837804134418
250 251 0.777131602005
250 290 0.265799947093
251 252 0.752761240832
251 291 0.070187932645
252 253 -0.992795935884
252 292 0.590070129604
253 254 -0.241704496037
253 293 -0.764090021425
254 255 -0.498151957648
254 294 0.994479345181
255 256 -0.471647948396
255 295 -0.376253390619
256 257 0.0201060953011
256 296 0.0494485058884
257 258 -0.345718648992
257 297 0.00898497521867
258 259 0.264447760562
258 298 -0.509650992547
259 260 -0.732734755792
259 299 -0.930232250165
260 261 -0.536652300693
260 300 0.918820714715
261 262 0.292633909858
261 301 0.51614557287
262 263 0.145019241419
262 302 -0.170471776338
263 264 -0.04923958553
263 303 -0.385335981194
264 265 -0.0336991222302
264 304 -0.297542465153
265 266 -0.220755781461
265 305 -0.0818667590392
266 267 0.866333380055
266 306 0.245018246097
267 268 -0.498758824577
267 307 0.543784240328
268 269 0.142878760467
268 308 -0.468071651897
269 270 0.0555703443847
269 309 0.0479921419455
270 271 -0.752735413167
270 310 -0.0320726953332
271 272 0.43418300927
271 311 0.404354377157
272 273 0.144396380508
272 312 0.926683848586
273 274 -0.184959547273
273 313 -0.262093591513
274 275 0.435406860889
274 314 -0.679720637639
275 276 0.455808504279
275 315 -0.731925902293
276 277 -0.653810174883
276 316 0.8743731085
277 278 0.083603519604
277 317 -0.75198598502
278 279 -0.170388793312
278 318 -0.483133417612
279 280 -0.283572994478
279 319 -0.130794340461
280 320 -0.730585552873
281 282 0.759874062403
281 321 -0.451827076016
282 283 0.0294759340014
282 322 -0.106784344155
283 284 -0.15230079439
283 323 -0.362707124635
284 285 0.267432954581
284 324 0.777857087352
285 286 0.623660510879
285 325 -0.0766769186318
286 287 -0.013378018975
286 326 -0.0564179579276
287 288 -0.491137091171
287 327 0.816767759445
288 289 -0.970712393799
288 328 0.385711897332
289 290 -0.460693180698
289 329 -0.00670985286595
290 291 -0.452787292292
290 330 0.863253268159
291 292 -0.316533176898
291 331 -0.534657492317
292 293 -0.703375779987
292 332 0.593906344154
293 294 0.618564412868
293 333 -0.257610922199
294 295 0.949003162539
294 334 0.788843290232
295 296 0.865022368277
295 335 0.110636515492
296 297 0.0365043335689
296 336 0.580831236507
297 298 -0.0994764279415
297 337 -0.518511329641
298 299 -0.511291473761
298 338 0.277684875087
299 300 0.916701288198
299 339 0.589997704156
300 301 0.151829417888
300 340 0.731998484745
301 302 0.501515244931
301 341 -0.745553247004
302 303 -0.395762926813
302 342 -0.302773187021
303 304 -0.628438286717
303 343 0.496299778664
304 305 0.704228805793
304 344 -0.5810071573
305 306 -0.179259271275
305 345 -0.843976406378
306 307 -0.483996201085
306 346 -0.0462857221377
307 308 -0.152155212242
307 347 -0.277838087799
308 309 0.544638405899
308 348 -0.918869675633
309 310 -0.119274822981
309 349 -0.330505865999
310 311 -0.263872033997
310 350 0.726896295739
311 312 0.164858912443
311 351 -0.548293585447
312 313 -0.0985198899324
312 352 0.172246034795
313 314 -0.287601566084
313 353 0.15417794549
314 315 0.958489346114
314 354 -0.0267173135673
315 316 0.939960923714
315 355 0.350767598895
316 317 -0.70992393962
316 356 -0.134591961925
317 318 0.187088010789
317 357 0.934946265132
318 319 0.392782711104
318 358 0.922550894781
319 320 -0.275188809828
319 359 -0.513656924323
320 360 0.526111866213
321 322 -0.171529961838
321 361 -0.407840134533
322 323 0.600952841501
322 362 -0.959217243104
323 324 -0.269333962131
323 363 -0.0441173797909
324 325 0.427918117936
324 364 -0.469774663498
325 326 -0.0307587840274
325 365 -0.805227510532
326 327 0.375693512266
326 366 0.634169655311
327 328 -0.0579485750725
327 367 -0.583233372014
328 329 -0.931359269457
328 368 0.509749211511
329 330 0.658759721247
329 369 0.0876968600341
330 331 0.139451715609
330 370 0.675901756404
331 332 -0.457996456935
331 371 0.0869097723439
332 333 -0.83738422477
332 372 0.266783552765
333 334 -0.857685787064
333 373 -0.789284031336
334 335 -0.0191276906368
334 374 0.463878276168
335 336 0.685073558654
335 375 0.93223702268
336 337 -0.0703298565272
336 376 -0.614906852029
337 338 0.903412688757
337 377 0.27621312513
338 339 -0.257519005522
338 378 0.399233110616
339 340 0.510763010171
339 379 -0.853348479765
340 341 0.327017255561
340 380 -0.942804186396
341 342 -0.258644740227
341 381 0.634408113281
342 343 -0.289978509779
342 382 -0.559161399839
343 344 0.892734720409
343 383 0.026800114423
344 345 -0.451047118028
344 384 -0.716659329044
345 346 -0.134608055882
345 385 0.5974323772
346 347 -0.531556177362
346 386 -0.939897590679
347 348 0.596927184201
347 387 0.89052086498
348 349 -0.699950622662
348 388 0.314414634153
349 350 -0.294436050313
349 389 -0.473019467366
350 351 -0.83428657651
350 390 -0.0612543952995
351 352 0.938758076878
351 391 0.253316274329
352 353 0.763120210427
352 392 -0.892168838528
353 354 -0.843569962235
353 393 -0.431195742597
354 355 -0.159241306024
354 394 -0.195530694763
355 356 0.622042607928
355 395 0.737865690645
356 357 -0.251425003372
356 396 -0.892345744851
357 358 0.823534935339
357 397 0.981586304628
358 359 0.706583748095
358 398 0.0674716223042
359 360 0.351443377792
359 399 -0.144438063548
360 400 -0.575864320419
361 362 0.257575817759
361 401 0.159675620379
362 363 0.145237297616
362 402 -0.177232768441
363 364 0.084180818154
363 403 -0.469539506746
364 365 -0.980583383334
364 404 0.098926919058
365 366 -0.258274467095
365 405 0.772268585656
366 367 -0.546185385576
366 406 -0.595294291142
367 368 -0.179704598811
367 407 0.167862233042
368 369 -0.150139965992
368 408 -0.832718343014
369 370 -0.520315883115
369 409 -0.332695390113
370 371 0.613019296774
370 410 0.343331086669
371 372 -0.907116632657
371 411 -0.271149328776
372 373 -0.95312473202
372 412 0.441607260551
373 374 -0.881945844748
373 413 -0.565581072149
374 375 -0.787774781098
374 414 -0.146076755058
375 376 0.103451620758
375 415 0.701882802963
376 377 0.352953526609
376 416 0.79982801673
377 378 -0.749888603888
377 417 0.917269785674
378 379 -0.143697263326
378 418 -0.154310942297
379 380 0.138069824129
379 419 0.150628160593
380 381 0.802119608885
380 420 -0.959312841814
381 382 0.657696488278
381 421 0.0424237526215
382 383 0.348603667042
382 422 -0.147272037202
383 384 -0.328010198475
383 423 -0.772360894952
384 385 -0.714122095302
384 424 -0.536133046468
385 386 -0.00584505499227
385 425 0.719786034114
386 387 -0.685088251476
386 426 -0.518236954454
387 388 -0.594340519369
387 427 -0.543666242786
388 389 -0.0367259435918
388 428 -0.574931595738
389 390 0.191200896271
389 429 -0.622739811867
390 391 -0.942820807036
390 430 0.861859357971
391 392 0.482891043247
391 431 0.974510724952
392 393 0.905236015522
392 432 -0.585477718293
393 394 0.83044831536
393 433 -0.185217630271
394 395 0.981164135284
394 434 0.605174620689
395 396 -0.238390907184
395 435 -0.888661363769
396 397 0.544701982905
396 436 0.313594728598
397 398 0.442895446445
397 437 0.912695867763
398 399 -0.253469891594
398 438 -0.695188825865
399 400 0.945672027521
399 439 0.497541460752
400 440 0.423467608958
401 402 0.19985839325
401 441 -0.468361764929
402 403 0.970273595392
402 442 0.602803060822
403 404 -0.731272544295
403 443 -0.396227804535
404 405 0.415052450584
404 444 0.61138921928
405 406 -0.559455947761
405 445 0.497830238359
406 407 -0.151002438448
406 446 0.695185897357
407 408 0.777998710884
407 447 0.806748468453
408 409 0.86087775065
408 448 -0.629585641436
409 410 0.721061293043
409 449 0.0579906036316
410 411 -0.402137171156
410 450 0.306256968383
411 412 -0.489636761081
411 451 -0.805535943396
412 413 -0.971958274805
412 452 0.793474128921
413 414 0.107279491126
413 453 0.0065435626512
414 415 0.394654133715
414 454 -0.382328200931
415 416 0.85251994661
415 455 -0.155163734246
416 417 -0.724176654626
416 456 -0.501248541906
417 418 -0.906481944785
417 457 0.37096854184
418 419 -0.250104264578
418 458 0.0538621244921
419 420 -0.567330499724
419 459 0.692080933478
420 421 0.414349302985
420 460 0.0824836722436
421 422 -0.425172896726
421 461 0.778228270774
422 423 -0.295686463749
422 462 -0.171536938712
423 424 0.281402405182
423 463 -0.64688169603
424 425 -0.975679263667
424 464 -0.585391085566
425 426 -0.887947081941
425 465 -0.643513678655
426 427 0.0986575447323
426 466 -0.695555179671
427 428 -0.835731749302
427 467 0.106699704121
428 429 -0.580844192198
428 468 0.193269479103
429 430 -0.900095532338
429 469 0.655297065659
430 431 -0.112657353165
430 470 0.435091280184
431 432 -0.735116941026
431 471 0.412833062684
432 433 0.386437393539
432 472 -0.644825546735
433 434 0.622823339099
433 473 -0.374566875285
434 435 -0.0130139673022
434 474 0.149732192283
435 436 0.953522072603
435 475 -0.727978634755
436 437 0.683933117492
436 476 0.0480977017347
437 438 -0.414905971969
437 477 0.507348860181
438 439 -0.143759800236
438 478 -0.484405645306
439 440 -0.712754228204
439 479 0.635706882255
440 480 0.294275297403
441 442 -0.430628238717
441 481 -0.492823588452
442 443 -0.89207579571
442 482 -0.619044453089
443 444 -0.727039812357
443 483 -0.364599593295
444 445 -0.618687331603
444 484 0.268428552049
445 446 0.613259330307
445 485 -0.606864340411
446 447 0.854242806709
446 486 -0.619193273456
447 448 0.119550750483
447 487 0.614322974584
448 449 0.920769806775
448 488 0.568137975565
449 450 -0.308457879434
449 489 0.248041307928
450 451 -0.769240329781
450 490 0.339661702109
451 452 0.00537236750034
451 491 -0.288451287965
452 453 0.176131026789
452 492 0.585648997855
453 454 -0.59965117286
453 493 -0.746526395655
454 455 0.685989649701
454 494 0.589809066265
455 456 -0.77810582631
455 495 -0.0359811869948
456 457 -0.200472680868
456 496 -0.706753729775
457 458 0.973393859777
457 497 0.367120759051
458 459 0.950229221296
458 498 -0.247747567165
459 460 0.223160534971
459 499 0.468379842291
460 461 0.239174024418
460 500 0.431062984679
461 462 -0.76345569022
461 501 -0.880089449297
462 463 -0.142187209917
462 502 -0.424942269026
463 464 0.576275985928
463 503 -0.125324615944
464 465 -0.787841251465
464 504 -0.413494999298
465 466 -0.916932910092
465 505 -0.781325670227
466 467 -0.53162680338
466 506 -0.767977710629
467 468 0.897301268065
467 507 -0.0643226722797
468 469 0.424841705846
468 508 0.85858422429
469 470 0.0668666038301
469 509 0.644822655029
470 471 -0.942245566574
470 510 -0.599356495027
471 472 -0.682102983863
471 511 0.36672662692
472 473 -0.59986150769
472 512 0.328485008499
473 474 -0.352005330469
473 513 0.162538973931
474 475 0.901638732226
474 514 -0.198228739627
475 476 0.332630533365
475 515 -0.458519289427
476 477 0.150358572393
476 516 0.476993948877
477 478 0.973023742772
477 517 -0.71672815477
478 479 0.177797493537
478 518 -0.338449262715
479 480 0.47760339339
479 519 0.293390757689
480 520 0.672968349193
481 482 -0.344872104623
481 521 -0.711671398693
482 483 -0.095162308366
482 522 0.405884154236
483 484 0.358365361742
483 523 0.202682311791
484 485 0.877105868219
484 524 -0.483627231509
485 486 0.529205300388
485 525 0.314692525496
486 487 0.378918412048
486 526 -0.108262640177
487 488 0.0582307191925
487 527 -0.809845871799
488 489 0.845387447363
488 528 0.252013191651
489 490 -0.703975941204
489 529 0.482749045421
490 491 0.0503388239629
490 530 -0.354102137908
491 492 0.756363225519
491 531 0.0534335968411
492 493 0.847918397977
492 532 0.156792589339
493 494 -0.0533252334178
493 533 0.242035102597
494 495 -0.435903516442
494 534 -0.911729951049
495 496 -0.406524266314
495 535 0.726557113073
496 497 0.530209876721
496 536 0.50960420351
497 498 0.0376875754512
497 537 -0.647039249222
498 499 -0.893102388034
498 538 -0.664835134691
499 500 0.906861860099
499 539 0.209760676358
500 501 -0.251922963189
500 540 -0.825288444743
501 502 0.521632032424
501 541 0.353867737711
502 503 -0.216500408809
502 542 0.222163537849
503 504 -0.331534603631
503 543 0.292734901922
504 505 -0.109261609945
504 544 0.704284878346
505 506 -0.347097963398
505 545 0.275955005824
506 507 -0.918100313086
506 546 0.855515795215
507 508 -0.379104894361
507 547 -0.476318387592
508 509 -0.211320672328
508 548 -0.144726043136
509 510 0.192180321471
509 549 0.533298888878
510 511 0.257093474769
510 550 -0.460825722395
511 512 -0.19097491203
511 551 -0.471147564993
512 513 -0.385302557995
512 552 0.341785799181
513 514 -0.944629321128
513 553 0.00629937841565
514 515 0.801413507379
514 554 -0.517442285664
515 516 -0.507005345847
515 555 -0.56383543779
516 517 -0.799774269742
516 556 -0.952955421829
517 518 -0.303919022578
517 557 0.308891386927
518 519 -0.720827196195
518 558 0.6423665667
519 520 0.926299425215
519 559 0.772697176203
520 560 -0.625920722935
521 522 -0.668774277597
521 561 0.927861058136
522 523 -0.335903700929
522 562 -0.280033609657
523 524 0.994450933126
523 563 0.12182917962
524 525 -0.415039080738
524 564 -0.148711975922
525 526 0.950918422208
525 565 -0.223413700693
526 527 0.756220559485
526 566 -0.408777797654
527 528 -0.12852269886
527 567 0.398332741347
528 529 -0.296440793482
528 568 0.398241816423
529 530 -0.272246116163
529 569 0.0334589617702
530 531 -0.1153822058
530 570 -0.429867626577
531 532 -0.708335515203
531 571 -0.845094849697
532 533 0.101210479927
532 572 0.85667184618
533 534 -0.0218761437505
533 573 0.0160603644014
534 535 0.252692003697
534 574 -0.531665108197
535 536 0.891778210356
535 575 -0.907870880551
536 537 -0.0609163680276
536 576 0.858426573906
537 538 0.138221282047
537 577 0.473711467972
538 539 -0.225164937089
538 578 0.728288598605
539 540 0.533853847136
539 579 -0.536413731075
540 541 0.305156288867
540 580 0.73260805517
541 542 0.304979611924
541 581 0.744987945336
542 543 0.783501664156
542 582 -0.420489895834
543 544 0.74959935618
543 583 0.638399609482
544 545 0.629735621844
544 584 0.700166116756
545 546 -0.925484151729
545 585 0.978865380371
546 547 -0.883885458334
546 586 0.454935015528
547 548 -0.831499233888
547 587 0.671426461393
548 549 -0.901167787939
548 588 0.45016083538
549 550 0.32166783472
549 589 0.231011088366
550 551 0.811936288725
550 590 0.888396696932
551 552 0.507075592568
551 591 0.0586790582195
552 553 0.580129344887
552 592 0.951292587741
553 554 -0.839303136391
553 593 -0.0276178783057
554 555 0.00166951524173
554 594 -0.460071905143
555 556 -0.916014342984
555 595 0.946735106111
556 557 -0.144423535282
556 596 0.180171763441
557 558 0.211338278641
557 597 0.290350539071
558 559 0.0879117652932
558 598 -0.879870559701
559 560 -0.604502408366
559 599 0.281333761609
560 600 0.235951523916
561 562 0.920453430571
561 601 -0.623170688808
562 563 0.842941131918
562 602 0.907261011455
563 564 0.0974523941864
563 603 0.28469908031
564 565 0.142357203191
564 604 0.980111106646
565 566 0.513499992443
565 605 0.687907244312
566 567 -0.459592303057
566 606 -0.956136210182
567 568 0.509095304609
567 607 0.355707048717
568 569 -0.0790283145903
568 608 0.469269053959
569 570 -0.306664081525
569 609 0.714573235026
570 571 -0.0601769370009
570 610 -0.147889089416
571 572 0.137287647137
571 611 0.558827996334
572 573 0.38294961406
572 612 0.584922265323
573 574 0.839891606384
573 613 0.676793435243
574 575 0.500099179589
574 614 0.122197104032
575 576 -0.0709681658686
575 615 -0.569741188355
576 577 0.804569571565
576 616 0.636485447125
577 578 -0.802107253402
577 617 0.597865805306
578 579 -0.213242103074
578 618 0.650728729132
579 580 -0.629856373995
579 619 -0.739403280599
580 581 0.345055188938
580 620 -0.147836130983
581 582 -0.125066124698
581 621 0.211807317081
582 583 -0.615715559992
582 622 -0.683516169525
583 584 0.898349935743
583 623 0.35508733262
584 585 -0.237908803038
584 624 -0.125550041226
585 586 -0.136232471241
585 625 -0.498838439824
586 587 0.631025639274
586 626 0.633725733902
587 588 0.139770290635
587 627 0.664035925344
588 589 0.943716134606
588 628 0.382711780066
589 590 0.367427436528
589 629 -0.16894187309
590 591 -0.672108173113
590 630 0.93994744431
591 592 -0.715515342808
591 631 -0.825076106918
592 593 -0.511287148902
592 632 -0.662839750937
593 594 0.646793688316
593 633 -0.0787755602184
594 595 -0.44000350222
594 634 -0.00118475202173
595 596 0.634643572569
595 635 0.781357344423
596 597 -0.937626494843
596 636 0.527060453908
597 598 0.971402050094
597 637 -0.267874564572
598 599 -0.712347977413
598 638 -0.122249815915
599 600 0.626279513661
599 639 -0.917892227045
600 640 -0.41879991601
601 602 -0.951386876741
601 641 -0.59088890724
602 603 -0.184628542646
602 642 0.797142309769
603 604 0.453578741267
603 643 0.231627079037
604 605 0.176399225409
604 644 0.775798793926
605 606 -0.241854714385
605 645 -0.552623845203
606 607 0.742701760968
606 646 -0.667880440328
607 608 -0.995790302597
607 647 0.364674945672
608 609 0.907502035063
608 648 -0.88651470375
609 610 -0.646930748524
609 649 0.73824828878
610 611 -0.0156251461144
610 650 -0.946171512041
611 612 -0.179717869415
611 651 0.0694703651734
612 613 0.0128516115314
612 652 0.988488506097
613 614 0.495116300031
613 653 -0.207409955692
614 615 0.733197050879
614 654 -0.850295415766
615 616 -0.0390978744894
615 655 -0.841523126417
616 617 0.323064355911
616 656 0.916921211665
617 618 0.226815881418
617 657 -0.864751550339
618 619 -0.462641518239
618 658 0.450880195517
619 620 0.0694388272231
619 659 -0.715785228595
620 621 0.050694035772
620 660 0.225264965389
621 622 0.679251120754
621 661 0.424100127916
622 623 -0.935801008053
622 662 0.798220289278
623 624 0.76606572553
623 663 -0.197617958801
624 625 -0.76755332014
624 664 0.715820336492
625 626 -0.287770771675
625 665 -0.883565348542
626 627 -0.780540231344
626 666 -0.648118535424
627 628 -0.37636522567
627 667 0.778239696884
628 629 -0.816901897677
628 668 -0.75010460374
629 630 -0.500316197152
629 669 -0.458125650484
630 631 0.839350177519
630 670 -0.0678535271729
631 632 0.542357232595
631 671 -0.161813257408
632 633 -0.933175776815
632 672 0.319653343907
633 634 -0.683362962905
633 673 0.0377626036874
634 635 0.241009471063
634 674 -0.402715091684
635 636 -0.424502499678
635 675 0.754424303095
636 637 -0.710872242942
636 676 0.656607699232
637 638 -0.476914827821
637 677 0.209071663669
638 639 -0.96077355951
638 678 -0.62009864275
639 640 0.556647709077
639 679 -0.503893717142
640 680 -0.00740651962673
641 642 0.399687228253
641 681 0.559029171111
642 643 -0.339493496081
642 682 -0.83452286184
643 644 0.177000129946
643 683 0.21000862698
644 645 0.312422558088
644 684 -0.05444225178
645 646 -0.263515196348
645 685 0.305659760855
646 647 -0.442937604279
646 686 -0.507337607791
647 648 0.960042496297
647 687 -0.573992276533
648 649 -0.66888736446
648 688 -0.139283564972
649 650 0.323695563229
649 689 -0.636853064623
650 651 -0.782921829398
650 690 0.707814108732
651 652 0.612760112427
651 691 0.303335816273
652 653 0.125127802115
652 692 -0.717959998786
653 654 0.141174692207
653 693 0.45322125464
654 655 -0.112611191229
654 694 0.71415004532
655 656 -0.351914009685
655 695 -0.780039354135
656 657 0.530212630588
656 696 0.717820322726
657 658 0.595940570447
657 697 0.21386322886
658 659 -0.651293809087
658 698 0.698068292793
659 660 -0.537702666466
659 699 0.159279373465
660 661 0.0362887898622
660 700 -0.970144354407
661 662 0.972217448671
661 701 0.590108290483
662 663 0.379498813261
662 702 -0.843217072244
663 664 0.457586444516
663 703 0.738872200374
664 665 0.857965681456
664 704 -0.536240390681
665 666 -0.609234180818
665 705 0.112108345265
666 667 -0.964004360848
666 706 0.721021265848
667 668 -0.81830018663
667 707 -0.522131555688
668 669 0.808796867403
668 708 0.690210292805
669 670 -0.478880836562
669 709 0.48585313596
670 671 -0.350556237147
670 710 0.157908787714
671 672 -0.446395850694
671 711 -0.584233032656
672 673 0.818484523638
672 712 0.347407697203
673 674 0.89911286143
673 713 0.13937909286
674 675 -0.575863825951
674 714 0.845390340366
675 676 -0.449588987826
675 715 0.597682948402
676 677 -0.920293143583
676 716 0.889334503288
677 678 -0.543882213664
677 717 0.641646095974
678 679 0.4120996807
678 718 -0.646422222345
679 680 -0.198227463547
679 719 -0.352944040336
680 720 -0.345333968748
681 682 -0.954133815122
681 721 0.15532571626
682 683 0.0534351309172
682 722 0.321688781917
683 684 -0.290429078604
683 723 0.554763989257
684 685 -0.388902940547
684 724 -0.299640843807
685 686 -0.485225297709
685 725 0.716997865381
686 687 0.844104360735
686 726 -0.836743680471
687 688 0.426433979217
687 727 -0.604621765602
688 689 -0.945102970272
688 728 -0.280794353132
689 690 -0.686795843581
689 729 -0.480536812819
690 691 -0.648410086762
690 730 -0.378663695694
691 692 0.214629555159
691 731 0.787248893883
692 693 -0.918388582301
692 732 0.683213040299
693 694 -0.125414309107
693 733 -0.905660394091
694 695 0.645844444086
694 734 0.6671760255
695 696 -0.179289083752
695 735 -0.890524974912
696 697 -0.0263580162563
696 736 0.878041822848
697 698 0.637071495551
697 737 -0.600153223298
698 699 0.293900047359
698 738 0.026020517108
699 700 0.514238937453
699 739 0.905929508337
700 701 -0.659689165002
700 740 -0.850553798125
701 702 -0.502495783736
701 741 -0.615080195388
702 703 0.448011232352
702 742 -0.292997913511
703 704 -0.907278579082
703 743 0.481771674176
704 705 -0.618770154164
704 744 -0.884873121337
705 706 -0.868509944507
705 745 0.020059552466
706 707 0.768529607592
706 746 0.882172933176
707 708 0.450974743738
707 747 -0.459264740382
708 709 -0.935231763892
708 748 -0.426491600747
709 710 0.942592568615
709 749 -0.828919316128
710 711 0.244523487948
710 750 -0.980279245317
711 712 -0.047554941087
711 751 -0.567445777124
712 713 -0.561893381332
712 752 0.392611113612
713 714 0.926239690386
713 753 0.495860095546
714 715 -0.481864477714
714 754 -0.540476927707
715 716 -0.371286924109
715 755 -0.686972719437
716 717 -0.693644920241
716 756 -0.339968008575
717 718 0.169243322669
717 757 -0.917713763566
718 719 0.524856270548
718 758 -0.892995320199
719 720 -0.193568217101
719 759 -0.447290300787
720 760 0.685387720549
721 722 -0.996715654568
721 761 0.0309452238108
722 723 0.785968588711
722 762 0.930315094029
723 724 0.209206628467
723 763 -0.381538457053
724 725 0.554268584494
724 764 -0.64498190536
725 726 -0.409617039084
725 765 0.528069331322
726 727 -0.326683110579
726 766 0.360870062934
727 728 0.532978579036
727 767 0.871593912318
728 729 -0.153643912684
728 768 -0.650942567466
729 730 -0.112667639696
729 769 0.888376720839
730 731 0.391261171473
730 770 -0.230083623261
731 732 -0.670770801344
731 771 -0.654477429199
732 733 -0.815702009537
732 772 0.173600694907
733 734 0.331446264665
733 773 0.739201368326
734 735 -0.843938920727
734 774 -0.0426315431836
735 736 0.353684700645
735 775 0.835333659646
736 737 0.580093026876
736 776 0.00945116193305
737 738 -0.361263745097
737 777 0.825765113654
738 739 0.985740086821
738 778 0.311042762894
739 740 0.750988153576
739 779 0.541087144678
740 741 -0.421998523675
740 780 -0.361710551109
741 742 0.917585252102
741 781 0.69795556947
742 743 0.137079430262
742 782 -0.313328158158
743 744 0.596760548926
743 783 -0.302271379617
744 745 -0.567892863224
744 784 0.921040184123
745 746 -0.0904289326268
745 785 0.431206908168
746 747 0.871330611792
746 786 0.411285867476
747 748 -0.928017793723
747 787 0.929271768779
748 749 -0.938880839541
748 788 -0.184855988493
749 750 0.402679558371
749 789 -0.506088057336
750 751 0.258433941801
750 790 -0.0325677597663
751 752 0.85813834219
751 791 -0.106851796989
752 753 0.51175768975
752 792 -0.227283199497
753 754 -0.154581399274
753 793 -0.451326098441
754 755 -0.608993380972
754 794 0.697997419792
755 756 -0.984771918844
755 795 0.274842476439
756 757 0.1652113918
756 796 -0.775367889779
757 758 -0.0718589448882
757 797 0.456903303331
758 759 -0.395893032035
758 798 -0.154037962179
759 760 -0.278705173075
759 799 -0.537003452191
760 800 -0.295288987211
761 762 0.279590352262
761 801 0.971248805608
762 763 0.539865353783
762 802 0.518198236579
763 764 -0.508738002912
763 803 -0.85746803181
764 765 -0.724129283208
764 804 -0.573910071411
765 766 -0.357912528029
765 805 0.00864482825273
766 767 -0.668869687993
766 806 0.155317009505
767 768 -0.583597667455
767 807 0.658681242579
768 769 -0.916023532445
768 808 0.270191751258
769 770 0.569207462797
769 809 -0.423904184032
770 771 -0.192220713628
770 810 -0.924083373747
771 772 0.889605146123
771 811 0.614556762186
772 773 -0.00197206882129
772 812 0.629155000836
773 774 -0.379212541251
773 813 0.581186189287
774 775 0.191558200033
774 814 0.0790496792592
775 776 0.770015351529
775 815 -0.000690688702307
776 777 0.74238444161
776 816 -0.717308697922
777 778 0.874697989662
777 817 0.943222378158
778 779 0.965189153754
778 818 0.256855710931
779 780 0.308785633341
779 819 0.353987365773
780 781 -0.523402590986
780 820 0.803640410037
781 782 0.879717991365
781 821 -0.524285760335
782 783 -0.0578833051245
782 822 0.793323416283
783 784 -0.356871444329
783 823 0.965749887102
784 785 0.783343835738
784 824 -0.646478476853
785 786 0.754793677703
785 825 0.843362565797
786 787 -0.558114755144
786 826 0.888546708592
787 788 0.905266530606
787 827 0.577533960095
788 789 -0.999019487381
788 828 0.292749296796
789 790 -0.990335084289
789 829 0.309948659378
790 791 0.631259396241
790 830 0.626969207826
791 792 0.112282513042
791 831 -0.996967515724
792 793 -0.946957921721
792 832 -0.398456571667
793 794 0.662289536224
793 833 -0.478330728028
794 795 -0.0515008809168
794 834 -0.283173984371
795 796 -0.639736298398
795 835 -0.583206790254
796 797 0.885498600625
796 836 0.662560133528
797 798 -0.224544143075
797 837 -0.329294330418
798 799 0.464502857873
798 838 0.121906301645
799 800 -0.777440792196
799 839 -0.906161367671
800 840 -0.92441967274
801 802 -0.481804807178
801 841 0.604993770526
802 803 0.420098094709
802 842 0.403105665163
803 804 -0.304541664666
803 843 -0.974303852039
804 805 0.337826880284
804 844 -0.257190105969
805 806 0.748367440771
805 845 -0.0292066538649
806 807 -0.150685840368
806 846 -0.973719836953
807 808 -0.401492729302
807 847 0.761409999185
808 809 -0.525979114807
808 848 0.400000815665
809 810 -0.0485876687804
809 849 -0.915027025072
810 811 -0.130829943258
810 850 0.141455979469
811 812 0.95352158361
811 851 0.0516657071586
812 813 -0.260785910803
812 852 -0.669133530996
813 814 0.432492297973
813 853 0.287619667385
814 815 -0.977086698746
814 854 0.539278552917
815 816 -0.789032041682
815 855 0.629088313798
816 817 -0.189998210887
816 856 0.129131844154
817 818 -0.954259733741
817 857 -0.143539661791
818 819 0.885948110137
818 858 0.381170244268
819 820 0.176245532596
819 859 -0.997816326671
820 821 0.49281736527
820 860 -0.979847335702
821 822 0.407567274169
821 861 -0.810689866005
822 823 0.652489164203
822 862 -0.240227269822
823 824 0.274056607327
823 863 -0.386562915134
824 825 -0.215206358011
824 864 -0.640145950217
825 826 0.447240552549
825 865 -0.179516732587
826 827 -0.438939708979
826 866 0.736774156376
827 828 -0.295526944377
827 867 -0.471648325184
828 829 -0.239208324467
828 868 -0.38021371505
829 830 -0.827316698527
829 869 -0.376659639113
830 831 0.414162479475
830 870 0.335247091192
831 832 0.185544650535
831 871 -0.928223427923
832 833 0.601918566093
832 872 0.530447476305
833 834 -0.498454418054
833 873 0.917472027534
834 835 -0.701264479825
834 874 -0.626517395314
835 836 0.524424292585
835 875 0.827948032809
836 837 -0.0840748936092
836 876 -0.839138172163
837 838 -0.689812875097
837 877 0.468408241787
838 839 -0.714371769165
838 878 0.156477438117
839 840 -0.456757593378
839 879 0.0719084297214
840 880 0.679264653145
841 842 0.740966174003
841 881 0.845499227891
842 843 0.534662762236
842 882 0.948698957771
843 844 -0.668716346723
843 883 -0.879267135164
844 845 -0.586994642834
844 884 -0.338591193584
845 846 0.248377024906
845 885 -0.314383927772
846 847 0.213205775954
846 886 -0.306166235637
847 848 -0.93645022504
847 887 0.510461419536
848 849 -0.166387998273
848 888 0.796127263162
849 850 0.552072128674
849 889 0.429521813421
850 851 -0.117000905963
850 890 -0.236804845838
851 852 -0.150040045964
851 891 0.907173562492
852 853 -0.642811863515
852 892 -0.765031384002
853 854 -0.93508293125
853 893 -0.970955980085
854 855 0.484596126345
854 894 -0.0116403794109
855 856 0.0758191092067
855 895 -0.620028563176
856 857 0.643014210836
856 896 0.654445589989
857 858 0.921612097639
857 897 0.318212206144
858 859 0.0894102134312
858 898 -0.255905184385
859 860 0.570467397276
859 899 -0.266869302512
860 861 -0.608133372054
860 900 0.897145030881
861 862 0.8959620893
861 901 0.0476720264844
862 863 -0.217367641857
862 902 -0.700448978126
863 864 -0.625418984946
863 903 0.438112612666
864 865 -0.602969393945
864 904 -0.0203741376845
865 866 0.171647246483
865 905 -0.201564353992
866 867 0.417158800046
866 906 0.325262802992
867 868 0.25947636159
867 907 -0.202312533957
868 869 0.0857355293724
868 908 0.307803016393
869 870 -0.54452213189
869 909 -0.43961414322
870 871 0.823327819464
870 910 0.0241913877604
871 872 -0.149875766014
871 911 -0.619780719395
872 873 -0.0307707072067
872 912 -0.0104023233371
873 874 -0.509063141321
873 913 -0.809560868341
874 875 0.216207265728
874 914 0.641994814372
875 876 0.866934472202
875 915 -0.317636573174
876 877 0.211614206054
876 916 -0.0871981737242
877 878 0.439575223801
877 917 -0.0978299189453
878 879 -0.889330000662
878 918 -0.924181471035
879 880 0.0347989995986
879 919 0.209139521463
880 920 -0.786592131725
881 882 -0.995571574935
881 921 -0.0610232564848
882 883 -0.252570965208
882 922 -0.833891113923
883 884 -0.443688132226
883 923 -0.303336011322
884 885 -0.83674087517
884 924 -0.12692889306
885 886 -0.0628529944248
885 925 -0.877171957013
886 887 -0.576946209881
886 926 0.950300057455
887 888 -0.569276400796
887 927 -0.266226112716
888 889 -0.404229746323
888 928 0.0815541571128
889 890 0.284444387157
889 929 0.206054081417
890 891 -0.654082634512
890 930 -0.225567448489
891 892 0.24172079123
891 931 -0.16658641159
892 893 0.0386204611922
892 932 -0.857663966168
893 894 0.0172614360007
893 933 0.0688526120213
894 895 -0.701796069222
894 934 -0.656926114718
895 896 0.283405680544
895 935 0.592539699798
896 897 -0.259765820911
896 936 0.111199539426
897 898 -0.0622277032434
897 937 -0.712270628556
898 899 -0.203211162337
898 938 -0.136044324089
899 900 0.591998096137
899 939 0.976150531219
900 901 0.0950836973545
900 940 0.0304105650611
901 902 -0.197853040844
901 941 0.560615571575
902 903 0.135520347138
902 942 -0.771239158385
903 904 -0.810714642597
903 943 -0.75814735405
904 905 -0.901224179689
904 944 0.625085731764
905 906 -0.855926967791
905 945 0.31238946125
906 907 0.644911530515
906 946 -0.0882753058689
907 908 -0.815896865036
907 947 -0.64204264781
908 909 -0.696553969717
908 948 0.380438190448
909 910 -0.54322143644
909 949 0.816172088697
910 911 0.255618914294
910 950 0.813725105349
911 912 -0.215296875729
911 951 0.311837763859
912 913 0.253897602409
912 952 0.0412119859596
913 914 -0.813324712257
913 953 -0.746492049778
914 915 0.15184351422
914 954 -0.0459218169093
915 916 0.760286027124
915 955 0.338627610525
916 917 -0.754543295146
916 956 0.110033993869
917 918 -0.815727185337
917 957 -0.524884890872
918 919 0.570360450041
918 958 -0.622347238536
919 920 0.630258702598
919 959 -0.247497817778
920 960 0.326732872618
921 922 0.962937475212
921 961 -0.202110392194
922 923 -0.520719120776
922 962 -0.557034479914
923 924 0.182444622779
923 963 0.550026260072
924 925 0.622431965066
924 964 -0.108415077619
925 926 0.0395329769041
925 965 -0.10169171074
926 927 0.677964421016
926 966 -0.102581382187
927 928 -0.684582104476
927 967 0.614862045234
928 929 -0.43001087912
928 968 0.897155449845
929 930 -0.850983271457
929 969 0.0479592526262
930 931 -0.898357176616
930 970 -0.433647769966
931 932 -0.131283207485
931 971 -0.0424163011712
932 933 -0.158827423118
932 972 -0.538634712381
933 934 -0.777953216121
933 973 0.943906730749
934 935 -0.979622690948
934 974 0.10038156043
935 936 -0.373918848973
935 975 0.454023039754
936 937 -0.118386581038
936 976 -0.476455346494
937 938 0.0114818848016
937 977 0.551842613459
938 939 -0.688322916917
938 978 0.069146508091
939 940 -0.33049011142
939 979 0.863767293173
940 941 0.0468919958825
940 980 0.941337750697
941 942 0.848728931868
941 981 0.360806399789
942 943 0.760635427905
942 982 0.731229622227
943 944 0.238707996353
943 983 0.0444544940435
944 945 -0.499253045278
944 984 0.730175488863
945 946 -0.183978232189
945 985 -0.905021246475
946 947 0.572464438577
946 986 0.678017624878
947 948 0.417791292283
947 987 -0.429766136022
948 949 0.757965602349
948 988 -0.0502135184594
949 950 0.282688619143
949 989 -0.0849631972125
950 951 0.863779212623
950 990 -0.0113859874431
951 952 0.853213769049
951 991 -0.0647734205528
952 953 0.0472565285666
952 992 -0.334919958396
953 954 0.705987498171
953 993 0.49866790685
954 955 -0.555766279285
954 994 -0.0232235333765
955 956 -0.764965760178
955 995 -0.535693922508
956 957 -0.0784703364935
956 996 -0.0520908460422
957 958 -0.281362329128
957 997 -0.264190924432
958 959 0.332789982133
958 998 0.831900164744
959 960 0.507615223192
959 999 0.782901661917
960 1000 -0.657731453404
961 962 0.627464955174
961 1001 0.092912995945
962 963 -0.272800406392
962 1002 0.620628464225
963 964 0.249508934325
963 1003 -0.680638133355
964 965 -0.105379692013
964 1004 -0.944943073045
965 966 -0.402034277083
965 1005 -0.654245786133
966 967 -0.357501915395
966 1006 -0.971804231768
967 968 -0.597892280531
967 1007 -0.290842218657
968 969 -0.444464341654
968 1008 0.352477057322
969 970 0.201614234052
969 1009 0.238764942978
970 971 -0.98326527651
970 1010 -0.673698254589
971 972 -0.879359309712
971 1011 -0.686563612061
972 973 -0.715523220303
972 1012 0.461788067078
973 974 -0.524883782078
973 1013 0.52306700571
974 975 0.40524918624
974 1014 0.342132549175
975 976 -0.332369162292
975 1015 0.54324969032
976 977 -0.722415962151
976 1016 0.0701437804428
977 978 0.164550886157
977 1017 -0.200683089037
978 979 0.995628710344
978 1018 0.336654209545
979 980 0.542787314013
979 1019 -0.45176730362
980 981 0.868186289014
980 1020 0.35483656288
981 982 -0.730054772585
981 1021 -0.935061626192
982 983 0.64647054958
982 1022 -0.943760473046
983 984 -0.910561594969
983 1023 0.050722126328
984 985 -0.54236711261
984 1024 0.411286448503
985 986 -0.805452203165
985 1025 0.165511254821
986 987 -0.182592798104
986 1026 0.24098233203
987 988 0.191773477718
987 1027 -0.151484244962
988 989 -0.39255636457
988 1028 -0.583444260378
989 990 -0.534172039414
989 1029 0.277794640337
990 991 -0.721687683597
990 1030 0.285078873352
991 992 -0.990936235708
991 1031 0.573035179411
992 993 0.613953028932
992 1032 -0.900508146565
993 994 0.327694846089
993 1033 -0.0613538389461
994 995 -0.570531188763
994 1034 -0.242940352177
995 996 0.463897875181
995 1035 -0.0248160280303
996 997 0.388381329203
996 1036 -0.554304099311
997 998 0.0930242672283
997 1037 -0.726637660596
998 999 0.903984705117
998 1038 0.213558767994
999 1000 -0.0896850739461
999 1039 0.992330096524
1000 1040 0.925818276084
1001 1002 0.54170817428
1001 1041 -0.0301378500231
1002 1003 -0.879807660267
1002 1042 -0.100512884207
1003 1004 0.787525306465
1003 1043 0.461182532013
1004 1005 -0.442044655851
1004 1044 -0.849659000227
1005 1006 -0.318672558167
1005 1045 -0.410298955382
1006 1007 0.456139684372
1006 1046 -0.467352900347
1007 1008 -0.268804479885
1007 1047 -0.464954191667
1008 1009 -0.291269274943
1008 1048 0.366979440187
1009 1010 0.795295065417
1009 1049 -0.339530638079
1010 1011 -0.869496819618
1010 1050 0.856899628426
1011 1012 0.269508278519
1011 1051 0.379352953436
1012 1013 0.597059836163
1012 1052 0.482022191711
1013 1014 -0.168442115896
1013 1053 -0.0964962280673
1014 1015 0.0550149587549
1014 1054 -0.159512184336
1015 1016 0.156934639953
1015 1055 0.697556242156
1016 1017 0.385544805338
1016 1056 0.425561808766
1017 1018 0.999729235732
1017 1057 -0.740177414862
1018 1019 -0.925165328203
1018 1058 -0.489188423333
1019 1020 -0.376323505436
1019 1059 0.704802116326
1020 1021 0.0840267992873
1020 1060 0.560825031207
1021 1022 0.926483041666
1021 1061 0.391398544018
1022 1023 -0.401009835875
1022 1062 -0.546006105744
1023 1024 0.867816224325
1023 1063 0.273088845792
1024 1025 0.0180005850527
1024 1064 -0.110554532546
1025 1026 0.790578857756
1025 1065 0.763133561565
1026 1027 -0.4961776188
1026 1066 0.571603987766
1027 1028 -0.0187236532881
1027 1067 0.252340691289
1028 1029 -0.694030829108
1028 1068 -0.532006790326
1029 1030 -0.789836801845
1029 1069 0.355214656578
1030 1031 -0.0240776520574
1030 1070 -0.652958591267
1031 1032 -0.41136637278
1031 1071 0.803799250993
1032 1033 -0.323785129158
1032 1072 0.0176426963603
1033 1034 0.65141301992
1033 1073 0.38095706113
1034 1035 -0.0602171791947
1034 1074 -0.814706814224
1035 1036 0.0805514995569
1035 1075 0.575199417981
1036 1037 -0.524817030761
1036 1076 -0.604751922715
1037 1038 -0.19674579831
1037 1077 0.407599248657
1038 1039 -0.701783869167
1038 1078 0.274696000928
1039 1040 -0.206105409105
1039 1079 -0.934515770672
1040 1080 0.763287261673
1041 1042 -0.941776872655
1041 1081 -0.826948623196
1042 1043 0.626341054967
1042 1082 -0.471523250919
1043 1044 -0.0044639614716
1043 1083 0.287280438782
1044 1045 -0.904523245773
1044 1084 0.727171159702
1045 1046 -0.27492460836
1045 1085 0.61750812192
1046 1047 0.023379905147
1046 1086 0.252038143024
1047 1048 -0.552154758751
1047 1087 0.49522025629
1048 1049 0.23975662677
1048 1088 0.545985030164
1049 1050 -0.511449220143
1049 1089 -0.124012002165
1050 1051 0.0561084843097
1050 1090 -0.541436522836
1051 1052 0.767987845947
1051 1091 0.148869792534
1052 1053 -0.210645144127
1052 1092 -0.0522496000923
1053 1054 0.639545846678
1053 1093 0.946542276916
1054 1055 0.408772420233
1054 1094 0.101631460306
1055 1056 -0.479845328553
1055 1095 0.528409002004
1056 1057 0.607230772102
1056 1096 0.472472961788
1057 1058 0.737494073428
1057 1097 -0.646171782892
1058 1059 0.707012302884
1058 1098 0.157501689687
1059 1060 -0.7133008884
1059 1099 0.605055240658
1060 1061 -0.475635617241
1060 1100 0.435577422041
1061 1062 -0.02796871726
1061 1101 -0.416370574626
1062 1063 -0.178065569973
1062 1102 0.899122751627
1063 1064 0.608015289495
1063 1103 0.808919656333
1064 1065 0.289458081017
1064 1104 0.0519138825575
1065 1066 0.839000197288
1065 1105 0.337244990089
1066 1067 -0.290837192768
1066 1106 0.0203981690984
1067 1068 -0.274263756283
1067 1107 0.269994706914
1068 1069 -0.680882931669
1068 1108 0.409272623731
1069 1070 0.181441500084
1069 1109 -0.994402139471
1070 1071 -0.545906323819
1070 1110 -0.875339492555
1071 1072 -0.339029881715
1071 1111 0.952569582923
1072 1073 0.107723920826
1072 1112 0.662926781882
1073 1074 0.983014084069
1073 1113 -0.274522321103
1074 1075 0.409197914919
1074 1114 -0.399266781382
1075 1076 0.456583788142
1075 1115 -0.592574854815
1076 1077 -0.304435212531
1076 1116 0.720583154647
1077 1078 0.92636416971
1077 1117 0.138613274446
1078 1079 -0.00205879663032
1078 1118 -0.278235155508
1079 1080 0.313274367683
1079 1119 0.88030141367
1080 1120 0.0964468309974
1081 1082 -0.777092375244
1081 1121 -0.497509776619
1082 1083 -0.873198036053
1082 1122 -0.515784655488
1083 1084 0.0189501886148
1083 1123 -0.663583683963
1084 1085 0.428635180624
1084 1124 0.660875400752
1085 1086 0.791199120282
1085 1125 0.830066644845
1086 1087 0.505811987617
1086 1126 -0.683707651827
1087 1088 0.154765431199
1087 1127 0.547725958417
1088 1089 0.25250145846
1088 1128 -0.0877988642048
1089 1090 0.234406138707
1089 1129 0.703231980039
1090 1091 0.230875412138
1090 1130 -0.475239964331
1091 1092 -0.705858472839
1091 1131 0.377080325205
1092 1093 0.438005047127
1092 1132 0.286247070144
1093 1094 -0.915496103439
1093 1133 0.482782582815
1094 1095 0.176201369947
1094 1134 -0.810661557719
1095 1096 -0.42163351826
1095 1135 -0.0493200959416
1096 1097 -0.100693319889
1096 1136 -0.701533505751
1097 1098 -0.467911511021
1097 1137 0.763134315151
1098 1099 -0.784723004121
1098 1138 0.0270456700294
1099 1100 -0.541657609845
1099 1139 -0.455294788333
1100 1101 -0.124210120928
1100 1140 -0.809749738581
1101 1102 -0.187121102724
1101 1141 -0.411458288822
1102 1103 0.555070915021
1102 1142 0.0569147330134
1103 1104 -0.0480230472034
1103 1143 0.454625783677
1104 1105 0.982124815454
1104 1144 0.0827091447076
1105 1106 0.609188402813
1105 1145 -0.050685785081
1106 1107 -0.263177078566
1106 1146 0.975514915357
1107 1108 0.599523580514
1107 1147 -0.291629472409
1108 1109 0.896240324317
1108 1148 0.410574891382
1109 1110 0.360643189204
1109 1149 -0.0988944722114
1110 1111 0.603587960559
1110 1150 -0.0384060411073
1111 1112 -0.533793195718
1111 1151 -0.241768873439
1112 1113 0.444880245111
1112 1152 -0.660152880735
1113 1114 -0.7977578599
1113 1153 -0.537356190265
1114 1115 0.614979669291
1114 1154 -0.971054788938
1115 1116 0.214066258899
1115 1155 0.166701898657
1116 1117 -0.942762036324
1116 1156 0.242273576935
1117 1118 -0.148639081961
1117 1157 -0.559837584111
1118 1119 0.600203764639
1118 1158 0.168339560221
1119 1120 -0.0378033562756
1119 1159 0.898302555144
1120 1160 0.26065246969
1121 1122 0.929830585053
1121 1161 0.263532105475
1122 1123 -0.8298590765
1122 1162 0.615554870695
1123 1124 0.282929545076
1123 1163 0.976335525926
1124 1125 -0.734188407212
1124 1164 -0.26942708091
1125 1126 -0.15688875802
1125 1165 0.796895023964
1126 1127 -0.817366776877
1126 1166 0.548134298785
1127 1128 -0.686088875021
1127 1167 0.0901288827571
1128 1129 -0.098855970703
1128 1168 -0.687280988047
1129 1130 0.48656268275
1129 1169 0.0352344333289
1130 1131 0.297451763583
1130 1170 0.0298290254572
1131 1132 -0.677322404389
1131 1171 0.0637293598591
1132 1133 0.0687327004094
1132 1172 -0.520822218398
1133 1134 0.301298776936
1133 1173 0.0764641133494
1134 1135 0.955801812503
1134 1174 -0.959780909211
1135 1136 0.755719747821
1135 1175 0.367952643321
1136 1137 0.0779318595553
1136 1176 -0.192772124092
1137 1138 -0.407948679099
1137 1177 -0.57988055294
1138 1139 -0.565907919689
1138 1178 0.880560087182
1139 1140 0.399509310459
1139 1179 0.7854056695
1140 1141 -0.433887605267
1140 1180 0.496336670683
1141 1142 0.465884847314
1141 1181 -0.37650909503
1142 1143 0.986982874952
1142 1182 -0.877425271044
1143 1144 0.164404814123
1143 1183 0.763816201965
1144 1145 -0.0589296286348
1144 1184 0.0347189763208
1145 1146 0.615018729805
1145 1185 0.976324083591
1146 1147 -0.977286289678
1146 1186 -0.468893096381
1147 1148 -0.916699548443
1147 1187 -0.0361552873599
1148 1149 0.582173654639
1148 1188 0.789366869794
1149 1150 -0.66165001092
1149 1189 -0.837219795907
1150 1151 -0.885969998972
1150 1190 -0.462355814382
1151 1152 -0.27807672656
1151 1191 0.192386301395
1152 1153 -0.846175974814
1152 1192 -0.942135301889
1153 1154 -0.190732976058
1153 1193 -0.0992729711732
1154 1155 -0.841271289945
1154 1194 0.401527752507
1155 1156 -0.461995436169
1155 1195 0.912653967256
1156 1157 -0.137825876014
1156 1196 0.925382081343
1157 1158 0.0395912131788
1157 1197 -0.764590625283
1158 1159 -0.484298909163
1158 1198 -0.632591321784
1159 1160 -0.527686732111
1159 1199 -0.912870811801
1160 1200 0.826445839122
1161 1162 0.633320405231
1161 1201 0.132163992186
1162 1163 -0.659499848724
1162 1202 -0.609310748875
1163 1164 0.540658726235
1163 1203 -0.637037581761
1164 1165 0.826435084632
1164 1204 -0.133224218025
1165 1166 0.174155185444
1165 1205 0.993222199834
1166 1167 -0.897084136932
1166 1206 -0.186765348064
1167 1168 -0.840589735867
1167 1207 -0.803177008921
1168 1169 -0.764883786357
1168 1208 -0.690508030573
1169 1170 -0.220732733755
1169 1209 0.492884700573
1170 1171 -0.207804771812
1170 1210 0.809358142008
1171 1172 -0.596660767809
1171 1211 -0.447348423389
1172 1173 -0.497229704932
1172 1212 0.100511693757
1173 1174 -0.231518654503
1173 1213 -0.00282722098545
1174 1175 0.317785060727
1174 1214 0.42558517853
1175 1176 0.656516693037
1175 1215 0.219802170962
1176 1177 -0.970210903427
1176 1216 0.82693180982
1177 1178 -0.531259345244
1177 1217 0.924424274523
1178 1179 0.352919999532
1178 1218 0.0197285221915
1179 1180 0.508291768259
1179 1219 0.801816391824
1180 1181 -0.285008197129
1180 1220 0.449362731861
1181 1182 -0.611027353256
1181 1221 -0.563840042432
1182 1183 -0.094017149042
1182 1222 -0.297378817042
1183 1184 0.21332831091
1183 1223 0.619698000585
1184 1185 -0.708935861713
1184 1224 0.736674655833
1185 1186 -0.00299600646585
1185 1225 -0.75737235799
1186 1187 0.51329825443
1186 1226 0.357388211771
1187 1188 -0.891028333722
1187 1227 -0.0544082636743
1188 1189 -0.933318842964
1188 1228 0.509018478438
1189 1190 0.142140080591
1189 1229 0.621440906244
1190 1191 0.889974843494
1190 1230 -0.897343665405
1191 1192 0.917416628777
1191 1231 -0.756006482005
1192 1193 0.755459097493
1192 1232 -0.210834381244
1193 1194 0.753198537899
1193 1233 0.684361323911
1194 1195 -0.216452987987
1194 1234 -0.930533155413
1195 1196 -0.885606806413
1195 1235 0.563320251703
1196 1197 -0.445483966386
1196 1236 -0.615826773841
1197 1198 -0.474721015208
1197 1237 -0.518460249431
1198 1199 0.588240968742
1198 1238 -0.814987475014
1199 1200 0.574681173669
1199 1239 0.498215824974
1200 1240 -0.413564051503
1201 1202 0.270712411164
1201 1241 0.623804782361
1202 1203 0.629284023116
1202 1242 0.620571058365
1203 1204 -0.760461958483
1203 1243 0.860683685975
1204 1205 0.851303626167
1204 1244 0.922736152263
1205 1206 -0.751474320763
1205 1245 0.513663117555
1206 1207 -0.927953009863
1206 1246 -0.584422305618
1207 1208 -0.136055475257
1207 1247 0.184499691722
1208 1209 0.859066619339
1208 1248 0.340915939029
1209 1210 -0.258754476459
1209 1249 -0.151388391463
1210 1211 0.370084624761
1210 1250 0.893596012216
1211 1212 0.741229873682
1211 1251 0.108891051449
1212 1213 0.576974511196
1212 1252 -0.245670317661
1213 1214 -0.455087112328
1213 1253 0.866037774144
1214 1215 -0.193835905444
1214 1254 0.42231397396
1215 1216 0.226008567751
1215 1255 0.868789664806
1216 1217 0.224126314614
1216 1256 0.676079889057
1217 1218 0.886828939483
1217 1257 0.469163275604
1218 1219 0.456587224506
1218 1258 0.020272580546
1219 1220 0.802001758648
1219 1259 0.0632486315577
1220 1221 0.118335202625
1220 1260 0.977214423448
1221 1222 -0.15368685181
1221 1261 0.851037030784
1222 1223 0.640910269544
1222 1262 -0.0276518557965
1223 1224 0.409583706048
1223 1263 -0.545971454903
1224 1225 -0.809392039766
1224 1264 -0.916171797271
1225 1226 0.299565406121
1225 1265 0.751666772659
1226 1227 0.345702856637
1226 1266 -0.247119484683
1227 1228 0.519061751088
1227 1267 -0.506878910549
1228 1229 -0.785165091559
1228 1268 0.9291317808
1229 1230 -0.341013198237
1229 1269 0.261917448582
1230 1231 0.397419187422
1230 1270 -0.861294254086
1231 1232 -0.589982303448
1231 1271 -0.20657550748
1232 1233 -0.0766163089023
1232 1272 0.447196151735
1233 1234 -0.0324323975468
1233 1273 0.683322141326
1234 1235 -0.849955136247
1234 1274 -0.0562612906574
1235 1236 0.665333168083
1235 1275 0.800273881241
1236 1237 0.379134181568
1236 1276 0.606405397013
1237 1238 -0.025183717562
1237 1277 -0.330684236994
1238 1239 -0.281756650235
1238 1278 -0.368985383873
1239 1240 -0.753875366102
1239 1279 -0.350671628821
1240 1280 0.842517309232
1241 1242 0.853365230488
1241 1281 0.825253527408
1242 1243 0.178747756467
1242 1282 0.829468680235
1243 1244 0.820194865925
1243 1283 0.498369319221
1244 1245 -0.986783784021
1244 1284 -0.134138828973
1245 1246 0.176537139806
1245 1285 0.0291320406184
1246 1247 -0.621204596732
1246 1286 0.679801643433
1247 1248 0.433284789127
1247 1287 0.136577201705
1248 1249 0.80972202142
1248 1288 0.229389875117
1249 1250 -0.96327862244
1249 1289 0.0155229533231
1250 1251 -0.454217193458
1250 1290 -0.232385405155
1251 1252 0.496191935565
1251 1291 -0.6957983157
1252 1253 0.125689194821
1252 1292 0.978491984314
1253 1254 -0.732304016468
1253 1293 -0.694260568378
1254 1255 0.920816106232
1254 1294 0.470697580244
1255 1256 -0.555957895732
1255 1295 0.655734253574
1256 1257 0.00682582603117
1256 1296 -0.773080891453
1257 1258 0.105891212703
1257 1297 0.970550748957
1258 1259 -0.258910624507
1258 1298 0.325261800708
1259 1260 0.199475315899
1259 1299 -0.394970815792
1260 1261 -0.198088850756
1260 1300 0.373880260915
1261 1262 0.293532820725
1261 1301 -0.364224498311
1262 1263 -0.117820243692
1262 1302 -0.701655863644
1263 1264 -0.118844245518
1263 1303 0.710210943899
1264 1265 -0.16252208664
1264 1304 -0.122206512197
1265 1266 0.274158902553
1265 1305 0.442250269023
1266 1267 -0.29367864717
1266 1306 -0.836046606391
1267 1268 -0.107630512971
1267 1307 -0.309605505034
1268 1269 -0.255732464868
1268 1308 -0.272898090139
1269 1270 -0.406553055064
1269 1309 0.950053460277
1270 1271 0.677461394808
1270 1310 0.237723839579
1271 1272 -0.475699427785
1271 1311 -0.230505213863
1272 1273 0.389541600067
1272 1312 0.13324349288
1273 1274 -0.195351195914
1273 1313 -0.716558835496
1274 1275 -0.789643454444
1274 1314 -0.894806330356
1275 1276 -0.554165217823
1275 1315 0.304161877514
1276 1277 0.449750287142
1276 1316 0.154823120106
1277 1278 0.897845951394
1277 1317 0.146012155457
1278 1279 0.156491781029
1278 1318 0.056628680234
1279 1280 0.492139686643
1279 1319 0.928943596825
1280 1320 0.723042573651
1281 1282 0.649621440877
1281 1321 -0.811594535645
1282 1283 -0.880356726491
1282 1322 0.929993280541
1283 1284 0.521063080833
1283 1323 -0.714248404241
1284 1285 0.166225257687
1284 1324 -0.302344855554
1285 1286 0.516431189199
1285 1325 0.666563448435
1286 1287 0.485883446571
1286 1326 -0.510647558812
1287 1288 -0.845898419811
1287 1327 -0.246207491227
1288 1289 -0.574375750945
1288 1328 -0.974982642969
1289 1290 -0.590105233186
1289 1329 0.932698040847
1290 1291 0.339878780493
1290 1330 0.245410745487
1291 1292 -0.108176274767
1291 1331 -0.215134924748
1292 1293 -0.287524766499
1292 1332 0.586913849395
1293 1294 0.416815036496
1293 1333 -0.0693100398378
1294 1295 0.589602395744
1294 1334 -0.567043121844
1295 1296 0.24281781999
1295 1335 0.731363772886
1296 1297 -0.441903059311
1296 1336 0.328775712237
1297 1298 0.308006397027
1297 1337 -0.0338414297176
1298 1299 -0.438244596086
1298 1338 0.304855073723
1299 1300 -0.12153400094
1299 1339 -0.713439893771
1300 1301 -0.205647250571
1300 1340 -0.823632769574
1301 1302 -0.242861207259
1301 1341 0.726956205527
1302 1303 0.587646772784
1302 1342 0.928005590413
1303 1304 -0.111247099407
1303 1343 -0.253235095429
1304 1305 0.966935396636
1304 1344 -0.496054758664
1305 1306 0.303239925789
1305 1345 -0.959557454727
1306 1307 0.172562086365
1306 1346 -0.652358416204
1307 1308 -0.788192980689
1307 1347 -0.733644565385
1308 1309 0.0286951595825
1308 1348 -0.422375227621
1309 1310 0.553135100881
1309 1349 0.501482390315
1310 1311 0.617380787387
1310 1350 -0.624527002316
1311 1312 0.835783342625
1311 1351 -0.296661980961
1312 1313 0.00976040110304
1312 1352 -0.648780973613
1313 1314 0.132132553982
1313 1353 0.843942044905
1314 1315 -0.368331764877
1314 1354 0.149809331274
1315 1316 -0.337639349864
1315 1355 -0.590740049126
1316 1317 0.607672718756
1316 1356 -0.46782178945
1317 1318 0.538498696324
1317 1357 -0.0813851093771
1318 1319 0.905487952775
1318 1358 0.196986429178
1319 1320 -0.146258761397
1319 1359 0.662427067765
1320 1360 0.93368421109
1321 1322 -0.277903163072
1321 1361 -0.928981936479
1322 1323 0.141950433712
1322 1362 -0.394963774999
1323 1324 0.623888383115
1323 1363 -0.615441408449
1324 1325 -0.24793596419
1324 1364 -0.288356847684
1325 1326 0.662175655477
1325 1365 -0.31176212144
1326 1327 0.172336189906
1326 1366 -0.0108023753264
1327 1328 0.475854857325
1327 1367 0.901102370869
1328 1329 0.0673573575256
1328 1368 0.945990716475
1329 1330 -0.81504756793
1329 1369 -0.916761535772
1330 1331 -0.456358635862
1330 1370 -0.809868934095
1331 1332 0.953418759433
1331 1371 0.482671391052
1332 1333 0.171791455969
1332 1372 -0.223892024866
1333 1334 0.269642432493
1333 1373 0.225342362798
1334 1335 0.21493747537
1334 1374 -0.567025101135
1335 1336 0.961788194858
1335 1375 -0.436004008012
1336 1337 0.846279863845
1336 1376 0.245501171835
1337 1338 0.732308052675
1337 1377 0.215236488412
1338 1339 0.601025026348
1338 1378 0.599620847416
1339 1340 0.233928353046
1339 1379 0.968107551691
1340 1341 0.69561451325
1340 1380 -0.979837721738
1341 1342 -0.176257733659
1341 1381 -0.412038854004
1342 1343 0.571685699485
1342 1382 0.951080669156
1343 1344 0.883804839292
1343 1383 0.0475744837723
1344 1345 -0.76096221628
1344 1384 0.578256014696
1345 1346 -0.808789192635
1345 1385 0.785396824174
1346 1347 -0.504840622927
1346 1386 -0.75331699944
1347 1348 0.844831451951
1347 1387 -0.123378971196
1348 1349 0.583667016848
1348 1388 0.674175237679
1349 1350 -0.399601075746
1349 1389 -0.170990541784
1350 1351 -0.34181686329
1350 1390 0.178502986315
1351 1352 -0.219966530806
1351 1391 -0.831230237924
1352 1353 -0.921210079913
1352 1392 -0.611963989233
1353 1354 -0.321786704091
1353 1393 0.238718570499
1354 1355 -0.417666622924
1354 1394 -0.966804484645
1355 1356 -0.267108901301
1355 1395 0.631160076108
1356 1357 0.0545361595899
1356 1396 -0.419922398356
1357 1358 -0.187322794429
1357 1397 -0.444286295932
1358 1359 -0.376951225207
1358 1398 0.535786489653
1359 1360 -0.264370197037
1359 1399 0.913293481774
1360 1400 -0.422344136552
1361 1362 0.0927166970816
1361 1401 0.592285441712
1362 1363 0.651411652997
1362 1402 0.318834560707
1363 1364 -0.690509780917
1363 1403 -0.185842086957
1364 1365 -0.537934249654
1364 1404 -0.947925511147
1365 1366 -0.238645885353
1365 1405 0.19057025506
1366 1367 -0.817676618399
1366 1406 -0.284364853023
1367 1368 0.810653212034
1367 1407 -0.0168193930325
1368 1369 0.587395497515
1368 1408 -0.862148833434
1369 1370 0.0342063480122
1369 1409 0.966915004929
1370 1371 0.657086118886
1370 1410 -0.321779252446
1371 1372 0.646019907477
1371 1411 0.361070571581
1372 1373 0.0201721531857
1372 1412 -0.864646584597
1373 1374 0.437028581402
1373 1413 -0.714863927577
1374 1375 0.280322986529
1374 1414 0.697561482016
1375 1376 0.804590329186
1375 1415 -0.604220859989
1376 1377 0.823961674669
1376 1416 0.77496927874
1377 1378 0.0275960968314
1377 1417 0.314835685846
1378 1379 -0.538963551898
1378 1418 -0.0585100165805
1379 1380 -0.696572498094
1379 1419 0.363188206063
1380 1381 0.507602539772
1380 1420 0.534292859765
1381 1382 0.373341572739
1381 1421 -0.223234654039
1382 1383 -0.631317974608
1382 1422 0.255233074452
1383 1384 0.650172367223
1383 1423 -0.32717971676
1384 1385 -0.458252890042
1384 1424 0.119772545862
1385 1386 0.995356574323
1385 1425 0.654558419052
1386 1387 -0.669594577668
1386 1426 -0.0495462258643
1387 1388 -0.926159943472
1387 1427 0.0771623291708
1388 1389 -0.104773344341
1388 1428 0.55184529126
1389 1390 0.389473026653
1389 1429 0.807634800484
1390 1391 -0.756716271664
1390 1430 0.223407045261
1391 1392 -0.925829581132
1391 1431 -0.00484849222539
1392 1393 0.998127855039
1392 1432 -0.400453436714
1393 1394 -0.980737455
1393 1433 -0.0884170014512
1394 1395 0.845319481654
1394 1434 0.466269858093
1395 1396 -0.497197048387
1395 1435 0.17040413838
1396 1397 -0.142157446439
1396 1436 -0.915717990718
1397 1398 0.18983221056
1397 1437 -0.495197444127
1398 1399 0.591109037338
1398 1438 0.146401382469
1399 1400 -0.391763941621
1399 1439 -0.377283438626
1400 1440 -0.42627761155
1401 1402 -0.897714393797
1401 1441 -0.622664528414
1402 1403 0.973002882807
1402 1442 -0.78502093285
1403 1404 -0.999234211265
1403 1443 0.691035632328
1404 1405 0.462367999736
1404 1444 0.997031534526
1405 1406 -0.914256109673
1405 1445 0.629410554336
1406 1407 0.501401972977
1406 1446 -0.742464929468
1407 1408 0.871052170652
1407 1447 -0.497233443534
1408 1409 -0.272154587908
1408 1448 -0.733210672221
1409 1410 -0.452108593781
1409 1449 -0.733853666239
1410 1411 -0.997654082714
1410 1450 0.384814449686
1411 1412 -0.865780060006
1411 1451 0.566624160386
1412 1413 0.171875787317
1412 1452 0.665071657191
1413 1414 0.40616581866
1413 1453 -0.339946503472
1414 1415 -0.229434488626
1414 1454 -0.566258809232
1415 1416 -0.212358646433
1415 1455 0.93851019392
1416 1417 -0.471159909302
1416 1456 -0.637915347536
1417 1418 -0.48257698004
1417 1457 -0.832380520939
1418 1419 0.842985244299
1418 1458 -0.714728062134
1419 1420 0.202912861399
1419 1459 0.311919735722
1420 1421 -0.336950826943
1420 1460 -0.540381646869
1421 1422 0.539774373854
1421 1461 -0.536168740525
1422 1423 -0.118357256011
1422 1462 -0.926766828439
1423 1424 -0.55128844984
1423 1463 -0.208066767256
1424 1425 -0.153508574984
1424 1464 -0.819366154883
1425 1426 0.338559530978
1425 1465 -0.302880485319
1426 1427 -0.771333893076
1426 1466 0.497301200938
1427 1428 0.0295233015684
1427 1467 -0.0250537648089
1428 1429 0.107008833118
1428 1468 0.744613783281
1429 1430 -0.978327597556
1429 1469 0.267782599316
1430 1431 -0.413156206899
1430 1470 -0.803772336977
1431 1432 -0.222509434647
1431 1471 0.329456537984
1432 1433 0.37814129379
1432 1472 -0.531664817383
1433 1434 0.780980360216
1433 1473 -0.82118479395
1434 1435 -0.794124091117
1434 1474 -0.625675087072
1435 1436 0.41350044743
1435 1475 0.697839180276
1436 1437 0.394269558543
1436 1476 -0.123960957638
1437 1438 0.765969186812
1437 1477 -0.988886943648
1438 1439 0.259660753177
1438 1478 -0.32903279892
1439 1440 -0.889348399362
1439 1479 0.0224546716228
1440 1480 0.623788621569
1441 1442 -0.269044464176
1441 1481 -0.511418266084
1442 1443 0.161837055267
1442 1482 -0.0543436898854
1443 1444 -0.677735093312
1443 1483 0.478501469785
1444 1445 -0.92331613968
1444 1484 0.718196433906
1445 1446 0.17204620241
1445 1485 -0.112990557035
1446 1447 -0.520198639404
1446 1486 -0.287151116411
1447 1448 0.233836294839
1447 1487 0.525637419392
1448 1449 -0.459163807703
1448 1488 0.355238902723
1449 1450 -0.818922865899
1449 1489 -0.993031361595
1450 1451 -0.338350346182
1450 1490 0.463669034033
1451 1452 0.451086648166
1451 1491 0.397876960308
1452 1453 -0.862762943904
1452 1492 0.294005572871
1453 1454 0.383940073235
1453 1493 -0.298730036418
1454 1455 0.806475964499
1454 1494 -0.462970289116
1455 1456 -0.658180325819
1455 1495 -0.386862124492
1456 1457 0.33594699622
1456 1496 0.528094111754
1457 1458 0.428016959366
1457 1497 0.0416282875237
1458 1459 -0.634253641911
1458 1498 -0.700776354618
1459 1460 0.663210601871
1459 1499 0.48434904536
1460 1461 0.266079188017
1460 1500 -0.177841047141
1461 1462 0.153389453973
1461 1501 0.661515302913
1462 1463 0.558444161989
1462 1502 -0.65032647885
1463 1464 -0.713210756592
1463 1503 0.463021438993
1464 1465 -0.752475458757
1464 1504 -0.549233728992
1465 1466 -0.577902420704
1465 1505 0.956715673978
1466 1467 -0.174458721606
1466 1506 0.690877724402
1467 1468 -0.784808477265
1467 1507 0.991872091326
1468 1469 -0.48300001694
1468 1508 0.551195244294
1469 1470 0.581499639269
1469 1509 -0.809850954566
1470 1471 -0.743800120201
1470 1510 -0.279844869816
1471 1472 0.573085893932
1471 1511 -0.505938294808
1472 1473 0.199300306173
1472 1512 -0.674243016303
1473 1474 -0.689625031443
1473 1513 -0.735729310522
1474 1475 0.750476472219
1474 1514 0.216149380976
1475 1476 -0.287934368322
1475 1515 -0.801153273783
1476 1477 -0.216873373464
1476 1516 0.980442215875
1477 1478 0.0855935579341
1477 1517 0.602363760634
1478 1479 0.209039149971
1478 1518 0.237161020836
1479 1480 -0.427456140052
1479 1519 -0.745999872195
1480 1520 -0.0452712358038
1481 1482 0.590174945842
1481 1521 -0.295810128467
1482 1483 0.304541571975
1482 1522 -0.516281891805
1483 1484 0.165821631847
1483 1523 0.540520005943
1484 1485 0.0886098619409
1484 1524 -0.960960082354
1485 1486 0.276269749235
1485 1525 0.910703155078
1486 1487 -0.991956435185
1486 1526 0.546907035951
1487 1488 -0.996642462182
1487 1527 -0.835759819194
1488 1489 -0.348705422883
1488 1528 0.0188945085265
1489 1490 0.231424913312
1489 1529 -0.293526000772
1490 1491 -0.759744439958
1490 1530 -0.485473955187
1491 1492 -0.14458897269
1491 1531 -0.45510770961
1492 1493 -0.898080803566
1492 1532 -0.773855695456
1493 1494 0.650339405904
1493 1533 0.692759600536
1494 1495 -0.404151108709
1494 1534 0.970149884816
1495 1496 0.818062248971
1495 1535 -0.236054979755
1496 1497 0.110347850465
1496 1536 0.596903211508
1497 1498 -0.092231432342
1497 1537 0.724545104677
1498 1499 -0.955700260351
1498 1538 -0.396281220985
1499 1500 -0.44621516822
1499 1539 -0.0991668922691
1500 1501 0.677808559251
1500 1540 0.472402035476
1501 1502 0.664680174182
1501 1541 -0.855390509639
1502 1503 0.850387433292
1502 1542 -0.550921814952
1503 1504 0.309163054462
1503 1543 0.371967080456
1504 1505 -0.465678707141
1504 1544 0.488009230213
1505 1506 0.577449998832
1505 1545 -0.366140777635
1506 1507 0.566946562271
1506 1546 0.791053214454
1507 1508 0.413448261086
1507 1547 -0.640348007029
1508 1509 -0.82878235618
1508 1548 -0.103301549068
1509 1510 0.805603735929
1509 1549 0.0881240852927
1510 1511 0.895397423435
1510 1550 0.252126422674
1511 1512 -0.274960317376
1511 1551 0.999404416126
1512 1513 0.427267757211
1512 1552 -0.814222708785
1513 1514 0.19762563766
1513 1553 0.537142271095
1514 1515 0.471979328112
1514 1554 -0.576887829616
1515 1516 0.312707394771
1515 1555 -0.873670319769
1516 1517 0.751045985417
1516 1556 0.0146760425605
1517 1518 0.37087391267
1517 1557 0.419976161295
1518 1519 -0.338265498339
1518 1558 0.583509310704
1519 1520 0.184080002968
1519 1559 0.362827092261
1520 1560 -0.0689103439878
1521 1522 0.277755364121
1521 1561 -0.0131698962065
1522 1523 -0.937739873163
1522 1562 0.0884647054924
1523 1524 0.199986333475
1523 1563 0.922934971692
1524 1525 -0.862367182853
1524 1564 0.050898962155
1525 1526 0.608422300208
1525 1565 0.312299383456
1526 1527 -0.209816340383
1526 1566 0.277333403893
1527 1528 -0.357642182247
1527 1567 -0.567300392134
1528 1529 -0.421499773446
1528 1568 -0.180635150126
1529 1530 0.640015078427
1529 1569 -0.55660653707
1530 1531 0.825254072961
1530 1570 0.225105989533
1531 1532 -0.0113535568966
1531 1571 -0.187903278902
1532 1533 0.252684813747
1532 1572 0.0693677873554
1533 1534 0.269414509466
1533 1573 -0.466081583969
1534 1535 0.893630394411
1534 1574 0.687034716573
1535 1536 0.0501650552326
1535 1575 -0.476012263529
1536 1537 0.939642195775
1536 1576 -0.659275178462
1537 1538 0.680700952706
1537 1577 -0.418843777018
1538 1539 -0.113698905523
1538 1578 0.935842055395
1539 1540 0.158387928604
1539 1579 -0.506673238209
1540 1541 0.049156027439
1540 1580 -0.335427450643
1541 1542 -0.997390904955
1541 1581 -0.925359552059
1542 1543 -0.478058339977
1542 1582 0.940379842711
1543 1544 -0.759835451401
1543 1583 0.995037815903
1544 1545 -0.587296858524
1544 1584 -0.563973561914
1545 1546 0.756951771369
1545 1585 -0.0194065787133
1546 1547 0.430886170117
1546 1586 0.352153920971
1547 1548 0.27170593436
1547 1587 -0.465277960093
1548 1549 -0.19795275837
1548 1588 -0.102413472119
1549 1550 -0.16053067104
1549 1589 0.524166684344
1550 1551 -0.688342316791
1550 1590 -0.19184494935
1551 1552 -0.949645220443
1551 1591 0.251997188561
1552 1553 -0.269459385345
1552 1592 -0.0583560451219
1553 1554 -0.972633090555
1553 1593 -0.379709077162
1554 1555 -0.131641736917
1554 1594 -0.26344360103
1555 1556 -0.698179879744
1555 1595 -0.36472521989
1556 1557 0.360906575622
1556 1596 -0.849296947379
1557 1558 -0.292237122538
1557 1597 -0.540817702108
1558 1559 -0.205585373773
1558 1598 0.0782437900123
1559 1560 0.147678285583
1559 1599 0.789781441805
1560 1600 0.721962249333
1561 1562 0.16699948744
1562 1563 -0.270579642415
1563 1564 -0.240443221164
1564 1565 -0.790879587116
1565 1566 -0.584915317749
1566 1567 0.0520685584122
1567 1568 -0.650485018948
1568 1569 -0.244348880619
1569 1570 0.0959999597097
1570 1571 -0.189055136934
1571 1572 -0.788095659459
1572 1573 -0.621165733204
1573 1574 -0.184124774218
1574 1575 -0.752532123509
1575 1576 0.00305512652549
1576 1577 -0.043337490441
1577 1578 -0.105072529509
1578 1579 -0.46711285304
1579 1580 0.0530311372595
1580 1581 0.750878238423
1581 1582 0.64178232979
1582 1583 -0.391941485812
1583 1584 0.596531146123
1584 1585 -0.618806812205
1585 1586 0.0524201787996
1586 1587 0.170426169148
1587 1588 -0.21189745559
1588 1589 -0.732483655244
1589 1590 -0.208238901822
1590 1591 0.982511065282
1591 1592 -0.193965602416
1592 1593 0.182143515286
1593 1594 0.513527448299
1594 1595 0.256712980619
1595 1596 -0.864703199363
1596 1597 -0.802992205506
1597 1598 0.91067650278
1598 1599 0.224640610811
1599 1600 0.139146731039
