1 2 0.746858805584
1 41 0.937081325642
2 3 0.732523365763
2 42 -0.593180455696
3 4 -0.458852955976
3 43 -0.0475521760573
4 5 0.458933851234
4 44 0.279377413069
5 6 0.268350313344
5 45 0.884361228437
6 7 -0.00124067204836
6 46 -0.164648558949
7 8 -0.954446926809
7 47 0.337402103345
8 9 -0.0736778514045
8 48 -0.0354668463249
9 10 -0.930900587254
9 49 -0.0512546428404
10 11 0.728547843783
10 50 0.533171248656
11 12 -0.693876974674
11 51 -0.599878197674
12 13 -0.0567429552936
12 52 0.0639877478861
13 14 0.248687075786
13 53 0.15242763
14 15 0.254508461621
14 54 -0.733231955097
15 16 0.879091741808
15 55 -0.305139431777
16 17 0.606289869964
16 56 0.640794948711
17 18 0.756352013086
17 57 -0.767982821742
18 19 -0.204840745809
18 58 0.656155008977
19 20 0.128496344578
19 59 -0.951425174184
20 21 0.132038878087
20 60 -0.190309548102
21 22 0.151756429545
21 61 0.500865676602
22 23 -0.918180301881
22 62 0.329662016088
23 24 0.0028982421767
23 63 -0.687756031614
24 25 0.741163263826
24 64 -0.866839759488
25 26 -0.613266814524
25 65 0.344839959858
26 27 0.803100773361
26 66 0.0218558952959
27 28 0.704923113045
27 67 -0.820253926666
28 29 0.0642668352083
28 68 0.0936166650686
29 30 -0.46298838952
29 69 0.0593434998585
30 31 -0.950581296482
30 70 -0.330014415943
31 32 0.458673116804
31 71 -0.726508337002
32 33 0.954652286273
32 72 0.0467067799801
33 34 0.405791745313
33 73 -0.256601887148
34 35 -0.929589728887
34 74 0.0250530773683
35 36 0.729313003444
35 75 0.601052305461
36 37 0.861396157546
36 76 0.95671852814
37 38 -0.435289315523
37 77 -0.83362586299
38 39 -0.356231911991
38 78 -0.51902127629
39 40 -0.26329002823
39 79 0.816232787637
40 80 -0.720179712096
41 42 0.738389080428
41 81 0.0617113831112
42 43 -0.402930297433
42 82 -0.0483919558725
43 44 0.219232420461
43 83 -0.625499131566
44 45 0.00436747029243
44 84 -0.623415158949
45 46 0.137800892081
45 85 -0.273548604075
46 47 -0.195090883728
46 86 -0.613802174943
47 48 0.155677100924
47 87 -0.0469187093707
48 49 -0.439898163087
48 88 0.214870213591
49 50 -0.72245669943
49 89 -0.477985087318
50 51 0.215589259197
50 90 0.0552111816041
51 52 -0.647928903048
51 91 -0.111834854267
52 53 0.184911496421
52 92 0.667235211177
53 54 0.0751301622247
53 93 -0.347499582294
54 55 0.352361868564
54 94 -0.603674069889
55 56 0.602571545813
55 95 -0.0822868173632
56 57 0.321683526304
56 96 0.302073572972
57 58 -0.837749723273
57 97 0.284161744487
58 59 0.152011243217
58 98 0.551138401439
59 60 0.0632305046744
59 99 -0.757348477221
60 61 0.427569088216
60 100 0.10171772747
61 62 -0.972100247434
61 101 0.0174067747186
62 63 -0.932571062942
62 102 -0.78150263699
63 64 0.255983085189
63 103 0.777243694536
64 65 0.440876435777
64 104 0.696250712186
65 66 0.586810675652
65 105 -0.497723980048
66 67 0.245812829539
66 106 -0.582252829551
67 68 -0.907169505574
67 107 -0.689508668827
68 69 0.546243206714
68 108 -0.701994481478
69 70 0.439328011894
69 109 0.310549571369
70 71 -0.0749743863443
70 110 -0.40414584021
71 72 0.83752108314
71 111 -0.540862177246
72 73 -0.349366412425
72 112 -0.0620309463474
73 74 0.284099104505
73 113 -0.187545847815
74 75 0.590563151988
74 114 -0.696133294385
75 76 0.944060856443
75 115 0.601141507124
76 77 0.433626511244
76 116 -0.493445917981
77 78 0.37262223478
77 117 0.24573168262
78 79 -0.32893250839
78 118 0.148999240312
79 80 0.297868197358
79 119 -0.116876798617
80 120 0.736338302745
81 82 -0.534543344045
81 121 -0.977202391445
82 83 -0.0127910041571
82 122 0.215352261436
83 84 -0.944009269021
83 123 -0.592012899983
84 85 -0.285576708019
84 124 0.459444714935
85 86 -0.374192840934
85 125 0.406151807469
86 87 -0.00438679188578
86 126 0.296030053984
87 88 -0.407804069592
87 127 -0.0813303238269
88 89 0.643526444811
88 128 -0.98252751796
89 90 -0.615995749657
89 129 -0.100193888285
90 91 0.485813110697
90 130 0.986609228563
91 92 0.5841266189
91 131 -0.0697482041539
92 93 0.698612131295
92 132 -0.172664635577
93 94 -0.307204367957
93 133 -0.852415873976
94 95 -0.644556688138
94 134 0.856291735353
95 96 -0.253548019712
95 135 0.19889333225
96 97 -0.520573992487
96 136 0.0152526825436
97 98 0.0503114097233
97 137 -0.772004208767
98 99 -0.988207381572
98 138 -0.0198080158845
99 100 -0.833936107891
99 139 -0.0103797564193
100 101 0.866741707015
100 140 0.0264080857017
101 102 0.686574447065
101 141 0.450184335773
102 103 -0.577722772031
102 142 -0.292978615418
103 104 0.969079612694
103 143 -0.866071789841
104 105 -0.662818611269
104 144 0.029320670366
105 106 0.83889081027
105 145 -0.43551154463
106 107 0.0942114600865
106 146 -0.561724036854
107 108 0.172293260289
107 147 -0.0170352211082
108 109 0.815045770471
108 148 0.0183265659242
109 110 -0.270533842012
109 149 -0.640547117037
110 111 -0.715386419687
110 150 0.341420760174
111 112 0.341149142567
111 151 0.567624180707
112 113 0.403688733743
112 152 0.892883176569
113 114 0.918992442679
113 153 0.754706318906
114 115 0.411100248238
114 154 -0.561144205223
115 116 -0.0240060352238
115 155 0.00343339955109
116 117 -0.551198413354
116 156 -0.303496360077
117 118 -0.375829235021
117 157 0.727338723713
118 119 -0.752351984951
118 158 0.256402160194
119 120 -0.994212216666
119 159 -0.643244012983
120 160 -0.558177701062
121 122 -0.139062363415
121 161 -0.195297279925
122 123 0.637871154065
122 162 0.0554476768398
123 124 -0.509790877911
123 163 -0.127338875241
124 125 0.501128520257
124 164 -0.893745418302
125 126 -0.704968445354
125 165 0.442205850926
126 127 0.266225425339
126 166 0.708740568276
127 128 0.643594094032
127 167 -0.256440014463
128 129 -0.509235078055
128 168 0.201386263606
129 130 0.868657019855
129 169 -0.238927953265
130 131 0.0214822375674
130 170 0.491170421741
131 132 0.403188889813
131 171 0.314812532424
132 133 0.951445037136
132 172 0.890139492664
133 134 0.822385031329
133 173 0.655459909573
134 135 -0.310737520427
134 174 -0.421972685391
135 136 -0.048048530278
135 175 -0.782447216106
136 137 0.39139998091
136 176 0.578323919149
137 138 -0.441802739588
137 177 -0.464798271654
138 139 -0.152240570398
138 178 0.162961351162
139 140 0.388850125024
139 179 0.370105633856
140 141 0.50577429408
140 180 0.660534094592
141 142 -0.226786090957
141 181 0.215283874936
142 143 -0.73149965925
142 182 0.978440620211
143 144 0.976750128506
143 183 0.281956493829
144 145 0.821112989976
144 184 -0.946987007736
145 146 -0.288713409782
145 185 -0.724788874336
146 147 0.946228736518
146 186 -0.729934783445
147 148 0.619807408284
147 187 0.395369196417
148 149 -0.779522079848
148 188 0.396852772093
149 150 -0.532257988864
149 189 0.507764921426
150 151 -0.0174484233478
150 190 0.0936226932781
151 152 -0.862709109995
151 191 -0.793958375725
152 153 0.198584101362
152 192 -0.375692398934
153 154 -0.619734131581
153 193 0.057034719657
154 155 -0.838715350965
154 194 -0.235888424054
155 156 0.185066110531
155 195 -0.590051327389
156 157 0.497222825588
156 196 0.137264620797
157 158 -0.675401435543
157 197 0.455520631083
158 159 -0.0489048429452
158 198 0.271958278009
159 160 0.658253656513
159 199 0.770207895081
160 200 0.807443209026
161 162 0.0453493427051
161 201 -0.0432164083952
162 163 0.878408272048
162 202 0.446766829975
163 164 0.261858484276
163 203 -0.397152767027
164 165 -0.143728305972
164 204 0.218140818662
165 166 -0.674095602677
165 205 -0.441275263543
166 167 -0.962221014324
166 206 -0.597697040522
167 168 -0.691621324011
167 207 0.366168599268
168 169 0.240100450552
168 208 -0.0554140466416
169 170 -0.710177590786
169 209 0.138808601411
170 171 -0.779350573832
170 210 -0.643547713999
171 172 -0.834728734166
171 211 -0.224073858018
172 173 -0.426686044636
172 212 -0.579364433837
173 174 -0.918189219603
173 213 0.797821708275
174 175 -0.0390141285602
174 214 0.379820288842
175 176 0.0455645593436
175 215 0.572360771812
176 177 -0.724919305506
176 216 -0.944632535866
177 178 0.994576115837
177 217 0.00995727397463
178 179 -0.241386931353
178 218 -0.788591475743
179 180 0.134821366807
179 219 0.713409440418
180 181 -0.914956762949
180 220 -0.619860032402
181 182 -0.159504266807
181 221 -0.380831827343
182 183 0.894284963412
182 222 0.267092971022
183 184 0.705788009956
183 223 0.451083885409
184 185 -0.791449679403
184 224 0.744934079647
185 186 -0.911069177929
185 225 -0.757027264127
186 187 -0.479886461432
186 226 0.108355666102
187 188 -0.47873970114
187 227 -0.299034044137
188 189 -0.257249638954
188 228 -0.403858084573
189 190 0.769430045232
189 229 -0.491599167875
190 191 -0.490405866744
190 230 -0.807251570801
191 192 0.219966931352
191 231 -0.673525163087
192 193 0.479473986498
192 232 -0.477341375963
193 194 0.372400355832
193 233 -0.643273496098
194 195 -0.653325333909
194 234 0.398163065066
195 196 -0.28197740787
195 235 -0.0324081291835
196 197 0.988082666762
196 236 -0.838171373699
197 198 -0.135252279403
197 237 0.485720771483
198 199 -0.798205906475
198 238 0.379638122123
199 200 -0.545894531408
199 239 -0.260362273587
200 240 0.515903284396
201 202 0.110712947645
201 241 0.0867720350851
202 203 -0.642485968664
202 242 0.239450833192
203 204 0.951013426491
203 243 0.742296682734
204 205 0.464561700525
204 244 -0.201664780557
205 206 0.94435822146
205 245 -0.337671439221
206 207 0.170756288711
206 246 0.858254224098
207 208 0.204609198073
207 247 0.0933574438419
208 209 0.00575429317102
208 248 0.503564366346
209 210 -0.869848951769
209 249 -0.966243960676
210 211 0.0617926962625
210 250 0.979188370712
211 212 0.0543507402298
211 251 -0.47335929127
212 213 0.950794309606
212 252 0.993191873587
213 214 0.541478616456
213 253 0.970623271807
214 215 -0.117575532656
214 254 -0.728846887582
215 216 0.200604796138
215 255 0.539615132242
216 217 0.626476726496
216 256 -0.693655768433
217 218 0.364093211243
217 257 0.723952087297
218 219 0.483951969412
218 258 -0.614356289279
219 220 0.603217139569
219 259 -0.283866690347
220 221 -0.409285082471
220 260 -0.859588043262
221 222 0.219861164232
221 261 -0.995397847314
222 223 0.239309660104
222 262 -0.760787270343
223 224 0.0879459592079
223 263 0.951392682605
224 225 0.566769536715
224 264 0.919008672521
225 226 0.42600942354
225 265 0.498529517928
226 227 0.576965161869
226 266 0.15738455156
227 228 0.689546063508
227 267 0.876183779493
228 229 -0.327332551351
228 268 -0.826765068601
229 230 -0.90151016357
229 269 0.17922433474
230 231 -0.772519346658
230 270 -0.49541169208
231 232 -0.59475399543
231 271 -0.363167836429
232 233 0.336585802938
232 272 -0.924252916579
233 234 -0.223147990001
233 273 0.970463263464
234 235 0.751134164718
234 274 -0.0555718692204
235 236 0.934285395616
235 275 -0.406299571105
236 237 -0.597837922314
236 276 -0.988277634075
237 238 0.191071733986
237 277 0.516226670119
238 239 -0.633533736968
238 278 0.776023783902
239 240 -0.161721709718
239 279 0.541733314374
240 280 -0.0926404556651
241 242 0.521791151206
241 281 0.424749148164
242 243 0.124566767923
242 282 0.526809229274
243 244 0.241464062791
243 283 -0.324225851508
244 245 0.0888478856156
244 284 -0.242911092026
245 246 0.922269382859
245 285 0.798405175218
246 247 0.734148169553
246 286 -0.0987605355517
247 248 -0.0032516849698
247 287 -0.595315038097
248 249 0.648398710133
248 288 -0.363040368037
249 250 0.322022417822
249 289 0.207566122178
250 251 0.318059907286
250 290 -0.687451505393
251 252 0.123522356179
251 291 0.171678991074
252 253 -0.64881978221
252 292 0.82514434198
253 254 0.587526436022
253 293 -0.407608515693
254 255 0.519554156605
254 294 0.656035390795
255 256 -0.433917814757
255 295 0.111472763578
256 257 0.512562862617
256 296 0.503133379013
257 258 -0.139277857333
257 297 0.36268177074
258 259 -0.557159057601
258 298 -0.770896585747
259 260 0.527446938384
259 299 -0.538609484415
260 261 -0.85033597254
260 300 0.754453901859
261 262 -0.422034479077
261 301 0.0688373145684
262 263 -0.31233275205
262 302 -0.800001209489
263 264 -0.846933407368
263 303 0.665963375886
264 265 -0.748224797746
264 304 -0.287333241432
265 266 -0.993539481017
265 305 -0.376846495588
266 267 -0.0185956681698
266 306 0.0904103070392
267 268 -0.690063164539
267 307 -0.451239714546
268 269 0.124020333792
268 308 0.383530129502
269 270 0.576507201001
269 309 -0.903425693171
270 271 0.898227048269
270 310 -0.369704900129
271 272 -0.750244698014
271 311 0.63307950916
272 273 -0.620741454307
272 312 -0.0798649345468
273 274 -0.355271821933
273 313 0.0757919010491
274 275 -0.0724778312322
274 314 0.529426630306
275 276 0.552110814871
275 315 -0.57157269604
276 277 -0.828979587035
276 316 0.287258167848
277 278 -0.689736211169
277 317 -0.283115005045
278 279 0.87231489309
278 318 -0.370274017426
279 280 -0.497532418074
279 319 -0.554308388484
280 320 0.702639299982
281 282 0.239364192207
281 321 -0.147816459048
282 283 0.613292670426
282 322 -0.402749594894
283 284 -0.660536790073
283 323 0.319460302502
284 285 -0.319836673197
284 324 -0.347553012234
285 286 -0.622200775521
285 325 -0.929684031396
286 287 0.980232608466
286 326 -0.714217373415
287 288 0.521397510902
287 327 0.308037653487
288 289 0.0939186898179
288 328 -0.140190500692
289 290 0.206660012951
289 329 -0.28205385148
290 291 -0.70438087582
290 330 -0.988954377764
291 292 0.382105160826
291 331 0.261477018294
292 293 0.418926479627
292 332 0.99452856851
293 294 0.133721714185
293 333 0.874360274289
294 295 -0.638927083879
294 334 0.853182711065
295 296 -0.616098549734
295 335 0.742673261222
296 297 0.798736589884
296 336 -0.152476818852
297 298 -0.966498202933
297 337 -0.457544576552
298 299 -0.166606351726
298 338 -0.996659594736
299 300 0.0943313333206
299 339 -0.495970740283
300 301 -0.822785207653
300 340 -0.404209678161
301 302 0.362459297427
301 341 0.125403265616
302 303 0.165215692288
302 342 -0.528183607467
303 304 -0.810683054467
303 343 -0.568373861374
304 305 -0.315016223613
304 344 -0.61768822996
305 306 0.023121363608
305 345 0.202959004149
306 307 0.169182623572
306 346 0.631302170773
307 308 -0.482540279424
307 347 0.0374627268372
308 309 0.994014582786
308 348 0.215467372351
309 310 0.0680901728901
309 349 0.633980861331
310 311 0.102277715263
310 350 -0.454339185691
311 312 0.102349577451
311 351 -0.761847260067
312 313 -0.222503624731
312 352 0.939692550805
313 314 -0.350439943355
313 353 0.963263004917
314 315 0.392733929678
314 354 -0.720126604388
315 316 -0.71040092989
315 355 0.624453731387
316 317 -0.773238367584
316 356 0.618622004987
317 318 0.640023480977
317 357 0.0794876252501
318 319 0.613444244848
318 358 0.170082567137
319 320 -0.963656457231
319 359 -0.546862341996
320 360 0.359149821466
321 322 -0.421849943964
321 361 0.947710482401
322 323 -0.723230586568
322 362 0.270795828358
323 324 0.430898139558
323 363 -0.867798566415
324 325 0.641252547126
324 364 -0.845268395416
325 326 -0.251879728408
325 365 0.385410921668
326 327 -0.374189061711
326 366 -0.998144410653
327 328 0.745178219603
327 367 0.236155994965
328 329 -0.626732374462
328 368 -0.429109870367
329 330 -0.383953327682
329 369 0.646670180711
330 331 0.718743306381
330 370 -0.162345832188
331 332 0.275254488593
331 371 0.812305949172
332 333 0.676304701771
332 372 -0.0915971920322
333 334 0.313435110372
333 373 0.0631890484892
334 335 -0.91244372493
334 374 0.892063655367
335 336 -0.675028599178
335 375 -0.445183900532
336 337 -0.10844823015
336 376 -0.194636426529
337 338 -0.311804503907
337 377 -0.25709378142
338 339 -0.561619780092
338 378 -0.119130748342
339 340 0.646195829789
339 379 -0.984022622629
340 341 0.796935521463
340 380 -0.0745599398875
341 342 0.355409767019
341 381 -0.229955472155
342 343 0.644896586498
342 382 -0.902454394186
343 344 0.273911297498
343 383 -0.196677073348
344 345 0.217032468097
344 384 -0.796913337521
345 346 -0.326195401216
345 385 -0.112699205356
346 347 -0.498626652943
346 386 -0.0216102451388
347 348 0.511348862164
347 387 0.576951400243
348 349 -0.535895151652
348 388 -0.145520346347
349 350 -0.952860876407
349 389 -0.504178182325
350 351 0.691931487237
350 390 0.491945111964
351 352 0.716125172313
351 391 0.338483179773
352 353 -0.568039207649
352 392 -0.23540292308
353 354 -0.875191026519
353 393 0.75349996182
354 355 0.856316560441
354 394 -0.513936910404
355 356 -0.667946773253
355 395 -0.0705431581233
356 357 -0.934210044788
356 396 0.545537044078
357 358 0.0997959160746
357 397 0.849499316211
358 359 -0.0944742034891
358 398 -0.949289824844
359 360 -0.0772626319626
359 399 0.974750417028
360 400 -0.232062168885
361 362 -0.332451908979
361 401 -0.56239787836
362 363 -0.983383251135
362 402 0.577166528996
363 364 0.55023242072
363 403 0.777257622231
364 365 -0.927268079976
364 404 0.370136455313
365 366 0.900984359588
365 405 -0.284296218032
366 367 -0.261288775644
366 406 -0.534345528966
367 368 0.33654497238
367 407 -0.251102367348
368 369 0.988356252242
368 408 -0.33187919846
369 370 0.121623807642
369 409 -0.305917923453
370 371 0.875331301185
370 410 -0.435639307613
371 372 -0.834895932968
371 411 0.560605104545
372 373 0.17405862895
372 412 -0.749112401492
373 374 -0.422569511068
373 413 -0.674427986926
374 375 0.6981514034
374 414 -0.611016283787
375 376 -0.0418241229989
375 415 -0.659370836113
376 377 -0.209306541379
376 416 0.845407298406
377 378 -0.155400231956
377 417 -0.517908049368
378 379 -0.980608747899
378 418 0.294364574735
379 380 -0.776402548816
379 419 0.253517107145
380 381 -0.0410639487677
380 420 0.143105054451
381 382 0.347120098611
381 421 0.096767606576
382 383 -0.6641843925
382 422 0.233493326187
383 384 0.508479866496
383 423 -0.421585893976
384 385 -0.0530586987431
384 424 -0.471241574768
385 386 0.789701567282
385 425 -0.490477727618
386 387 -0.100504001154
386 426 -0.466247887452
387 388 -0.693728846156
387 427 -0.739390037617
388 389 -0.958632420115
388 428 0.301509629493
389 390 -0.901813044192
389 429 -0.125780723657
390 391 0.752125728788
390 430 -0.603426576614
391 392 -0.681833541262
391 431 -0.0472964424368
392 393 -0.731897888542
392 432 0.969095789519
393 394 0.40885854047
393 433 0.46819986881
394 395 -0.221491415682
394 434 -0.543317931041
395 396 -0.211984233945
395 435 -0.531990244001
396 397 -0.604154242219
396 436 0.745224374406
397 398 0.280794532153
397 437 0.827835433936
398 399 -0.6212661239
398 438 0.681076627027
399 400 0.747933218209
399 439 0.460729020333
400 440 0.795856194168
401 402 -0.868383224426
401 441 0.965741093107
402 403 0.00415478527098
402 442 0.994237323073
403 404 0.264447545806
403 443 0.406705039872
404 405 -0.274012298424
404 444 0.880740679371
405 406 -0.262755774818
405 445 -0.72268180718
406 407 -0.480358770983
406 446 0.927946517003
407 408 -0.283662765476
407 447 -0.123570688969
408 409 -0.895032360793
408 448 0.120866921132
409 410 0.347510577814
409 449 0.400285942839
410 411 -0.492294140807
410 450 0.616590406502
411 412 -0.468843879799
411 451 0.320855054574
412 413 0.933867841557
412 452 -0.356230680501
413 414 -0.0844691620715
413 453 -0.26217632225
414 415 -0.237046932393
414 454 0.563743653157
415 416 -0.052791612446
415 455 0.665581225522
416 417 0.178157855204
416 456 0.707709324493
417 418 -0.485494427113
417 457 -0.248603700615
418 419 -0.66172887082
418 458 -0.458231038969
419 420 0.541551310961
419 459 0.668485946147
420 421 0.258626153246
420 460 -0.0716450499383
421 422 -0.370740588454
421 461 0.181466833921
422 423 0.151088250654
422 462 -0.384418957293
423 424 -0.447567434548
423 463 -0.0903695990488
424 425 0.371150346175
424 464 0.0758319955112
425 426 -0.509776197125
425 465 -0.309382781841
426 427 0.351357647368
426 466 0.828498425881
427 428 -0.80817133156
427 467 -0.811728008089
428 429 0.455217986357
428 468 -0.566185291993
429 430 -0.811465725278
429 469 0.758334328723
430 431 0.234244863016
430 470 -0.234460414434
431 432 0.93057144932
431 471 0.722249260474
432 433 0.649446610582
432 472 0.489858289853
433 434 0.0676808617903
433 473 -0.8214909319
434 435 -0.0374894897497
434 474 0.196235279934
435 436 0.0890140099916
435 475 0.909868638129
436 437 -0.346831961919
436 476 -0.29712873045
437 438 0.13628214785
437 477 0.476120362609
438 439 0.288184200473
438 478 -0.364119854693
439 440 -0.201981364534
439 479 -0.567599291287
440 480 -0.454152904125
441 442 -0.74428857415
441 481 -0.355738413592
442 443 0.968081294747
442 482 -0.545842746833
443 444 0.726888446119
443 483 0.897447819773
444 445 -0.658964021227
444 484 -0.176667934907
445 446 0.513025133472
445 485 -0.0633548780111
446 447 -0.307417930986
446 486 -0.990350518736
447 448 0.0682404432032
447 487 0.99420652556
448 449 0.55447486643
448 488 -0.456681819058
449 450 0.348396843898
449 489 0.346096161819
450 451 -0.519322666294
450 490 0.372256807548
451 452 -0.300406708868
451 491 -0.399744251903
452 453 -0.380963684562
452 492 0.339952749896
453 454 -0.650910120632
453 493 0.788285926957
454 455 0.736073280749
454 494 -0.927958416479
455 456 -0.402718211161
455 495 -0.766298388302
456 457 0.987027036854
456 496 -0.0257540064234
457 458 0.986387457989
457 497 -0.9036189928
458 459 0.294021044831
458 498 0.275797151614
459 460 0.622508537034
459 499 -0.464672937305
460 461 -0.871047023036
460 500 0.832221536995
461 462 0.977653023956
461 501 -0.198697493234
462 463 0.76997635995
462 502 -0.822702910672
463 464 -0.220447721039
463 503 0.0824924479458
464 465 -0.436493421106
464 504 -0.323517823358
465 466 0.880965482757
465 505 0.716149511034
466 467 -0.246295981308
466 506 -0.25184869219
467 468 0.00520235557062
467 507 0.205411430633
468 469 0.577803662683
468 508 -0.28738213202
469 470 -0.789770160605
469 509 0.358153549088
470 471 0.670689395584
470 510 0.430823661947
471 472 0.854122311898
471 511 0.828603598869
472 473 0.166391106032
472 512 0.11741606774
473 474 0.418230206681
473 513 0.580238610486
474 475 -0.272809214117
474 514 -0.847462464575
475 476 -0.551626748685
475 515 0.943961095348
476 477 -0.0309008924557
476 516 -0.791154513936
477 478 -0.30529693742
477 517 0.938161245265
478 479 -0.262901136411
478 518 -0.304450014962
479 480 0.314357727992
479 519 -0.0860267187128
480 520 -0.204612777059
481 482 -0.8581143105
481 521 -0.550460122064
482 483 0.699914580379
482 522 0.625635071276
483 484 -0.296247156194
483 523 -0.881596390392
484 485 -0.202862875667
484 524 0.0211469134182
485 486 -0.0368476046468
485 525 -0.624291056206
486 487 0.299550588672
486 526 0.882740521016
487 488 -0.35167441542
487 527 -0.63922866891
488 489 -0.856246769587
488 528 -0.0543751773752
489 490 0.706607945401
489 529 0.0546077646812
490 491 -0.741362096318
490 530 0.2489959225
491 492 0.0946926558656
491 531 -0.437267681453
492 493 -0.66979951479
492 532 -0.528657278744
493 494 -0.493347484045
493 533 -0.0361690907513
494 495 -0.151232765883
494 534 -0.433072381315
495 496 -0.259609636582
495 535 -0.697145312358
496 497 0.545011554228
496 536 -0.532481140199
497 498 0.502335734837
497 537 0.695691916232
498 499 -0.385175625491
498 538 0.406931733363
499 500 0.0629836474571
499 539 -0.243578120705
500 501 -0.834289048441
500 540 -0.218715975302
501 502 0.462309158859
501 541 0.0426100086873
502 503 -0.146346317793
502 542 -0.543011898828
503 504 -0.580091691887
503 543 0.301991029483
504 505 0.0369525221896
504 544 0.756433134077
505 506 0.609541779778
505 545 0.176648147681
506 507 0.473778833992
506 546 -0.313806589723
507 508 0.901347383237
507 547 -0.668396006107
508 509 0.546402291421
508 548 0.268732688759
509 510 0.79137676081
509 549 -0.356531345188
510 511 0.464248411885
510 550 0.393382548926
511 512 -0.967741726421
511 551 -0.0480921304854
512 513 0.226123230637
512 552 -0.999183677897
513 514 0.0394090458089
513 553 0.1335697424
514 515 0.592811314764
514 554 -0.34181008766
515 516 0.242475133827
515 555 -0.334410871993
516 517 -0.0251347217331
516 556 0.639370091651
517 518 -0.179043809742
517 557 0.431757866022
518 519 -0.865353130576
518 558 -0.23530051946
519 520 0.762343757622
519 559 0.00865880987652
520 560 0.679800129219
521 522 -0.212730170113
521 561 0.792290009761
522 523 -0.527731259496
522 562 0.313706588411
523 524 -0.378089817146
523 563 -0.658298049217
524 525 -0.68618143948
524 564 0.96533242356
525 526 -0.891155664067
525 565 0.373064934486
526 527 0.0120086091498
526 566 0.350327100846
527 528 -0.727606901147
527 567 0.555283890496
528 529 0.742368117892
528 568 0.47998034033
529 530 0.129881563459
529 569 0.574840774198
530 531 0.999726945018
530 570 0.443589418047
531 532 0.70833426568
531 571 0.673991821937
532 533 0.322224240781
532 572 0.16403097827
533 534 -0.0975086402204
533 573 0.796556180154
534 535 -0.327838881376
534 574 -0.66216157673
535 536 0.554888172473
535 575 0.703965276501
536 537 0.296766773301
536 576 0.514410780798
537 538 0.650182237938
537 577 0.784847361814
538 539 -0.366653350772
538 578 -0.0835716030811
539 540 0.40885980843
539 579 -0.850515642204
540 541 -0.747017276157
540 580 0.115946638354
541 542 0.544264243268
541 581 -0.0968982876725
542 543 -0.71521683795
542 582 -0.633328360716
543 544 0.751796377668
543 583 0.963482996217
544 545 0.362689848921
544 584 0.68092219296
545 546 -0.471353747009
545 585 0.0445761176833
546 547 0.881251727899
546 586 0.405065688953
547 548 -0.922340658605
547 587 0.0514624852402
548 549 -0.0606490948459
548 588 0.715051375925
549 550 0.42882229359
549 589 0.0963396704358
550 551 0.585848392869
550 590 -0.547574270798
551 552 -0.327202922606
551 591 0.811160729203
552 553 0.498530635691
552 592 -0.260663180685
553 554 -0.074882156088
553 593 -0.82270527164
554 555 0.563085921864
554 594 0.998678603622
555 556 0.871746570248
555 595 0.527173800887
556 557 -0.777364440695
556 596 -0.663228043945
557 558 -0.49442981331
557 597 -0.0818292951195
558 559 -0.337364582107
558 598 -0.447184055101
559 560 0.263863825171
559 599 -0.297105682903
560 600 0.10472506055
561 562 -0.309076776004
561 601 0.969498874571
562 563 0.954342003097
562 602 0.463137029605
563 564 -0.251902520037
563 603 0.00794206386544
564 565 0.265505148962
564 604 0.859337722823
565 566 -0.0339548192212
565 605 0.654702110367
566 567 0.957755592434
566 606 -0.143745422706
567 568 -0.768160582755
567 607 -0.814230755229
568 569 -0.289953558854
568 608 0.785377921307
569 570 0.229703716471
569 609 -0.115885330563
570 571 0.0754780438763
570 610 -0.645816532865
571 572 -0.210891867096
571 611 -0.942660777245
572 573 0.80339198698
572 612 0.366472844837
573 574 -0.635365148466
573 613 -0.244730698429
574 575 0.391286611826
574 614 -0.983635839409
575 576 0.0442849028381
575 615 0.926233364494
576 577 0.775378081706
576 616 -0.906677719984
577 578 -0.272654772382
577 617 -0.244390198404
578 579 0.994825920558
578 618 -0.464020280889
579 580 -0.530542502254
579 619 0.950702470746
580 581 0.311568394602
580 620 -0.11354311577
581 582 -0.987479745789
581 621 0.131031864262
582 583 0.554163303308
582 622 0.764661989392
583 584 -0.10859896755
583 623 0.0438366473667
584 585 -0.838820714182
584 624 -0.720682237688
585 586 0.942970211682
585 625 -0.181516679639
586 587 -0.605709456038
586 626 0.271671617343
587 588 -0.824755199051
587 627 -0.65526991784
588 589 -0.910926476773
588 628 0.425424119019
589 590 0.529180240825
589 629 0.577109975549
590 591 0.550233829062
590 630 -0.837993045534
591 592 -0.374346362364
591 631 0.0724492330268
592 593 -0.430749042863
592 632 -0.282647373182
593 594 0.294502495319
593 633 -0.981830703927
594 595 -0.982677806021
594 634 -0.537711859754
595 596 0.470512812801
595 635 -0.188812705068
596 597 -0.620255337357
596 636 0.832631763017
597 598 -0.207184015981
597 637 -0.208939551866
598 599 0.791005556024
598 638 0.50714386025
599 600 -0.859484084637
599 639 -0.779798895951
600 640 -0.691765634716
601 602 -0.942535902073
601 641 -0.29663052746
602 603 -0.808743277398
602 642 0.00121221188863
603 604 0.580983805986
603 643 0.904963800206
604 605 0.279410978194
604 644 0.271796260975
605 606 -0.944447867028
605 645 0.66525490693
606 607 0.533908102877
606 646 -0.859149050664
607 608 0.99330073123
607 647 0.800465592941
608 609 0.517619130529
608 648 -0.352834915797
609 610 -0.677750459315
609 649 0.0211307293895
610 611 -0.351169996387
610 650 -0.196927953
611 612 -0.965110290849
611 651 -0.661292626292
612 613 -0.348898877753
612 652 0.890857550967
613 614 -0.808406231974
613 653 0.370595627975
614 615 -0.0673028090444
614 654 0.016708891331
615 616 -0.738431126246
615 655 0.166197322285
616 617 -0.377608391342
616 656 0.330750086453
617 618 -0.932962052993
617 657 -0.812285259928
618 619 -0.111130310929
618 658 -0.415690704766
619 620 0.184620031621
619 659 -0.00160390255623
620 621 -0.0702086819069
620 660 -0.536256597837
621 622 -0.359450389067
621 661 0.46603547882
622 623 0.74270442782
622 662 -0.63004615495
623 624 0.103907787974
623 663 0.849624425158
624 625 0.00893269669338
624 664 0.147328942223
625 626 0.136115208389
625 665 0.774875406761
626 627 -0.668941930031
626 666 -0.179859497557
627 628 -0.89137628341
627 667 -0.957999256356
628 629 0.187044515596
628 668 0.138922310935
629 630 -0.164958122712
629 669 0.605527969833
630 631 -0.651508023006
630 670 0.118676439966
631 632 0.895137162053
631 671 0.59462075648
632 633 -0.582491367779
632 672 -0.494954145036
633 634 -0.155065176574
633 673 -0.392295226848
634 635 0.731655421082
634 674 -0.430203396624
635 636 0.0634138043755
635 675 0.783443689009
636 637 0.40571845425
636 676 0.664746830721
637 638 -0.767492314245
637 677 -0.329866535165
638 639 -0.246249440519
638 678 0.238870941361
639 640 0.0571111364733
639 679 0.536114939335
640 680 -0.132124623584
641 642 -0.238082221592
641 681 0.528320262732
642 643 -0.075279842924
642 682 -0.998512221113
643 644 -0.4203583318
643 683 0.904028188815
644 645 0.201998054912
644 684 -0.507568565853
645 646 0.678837656488
645 685 -0.445378089297
646 647 0.230811045663
646 686 -0.229467882423
647 648 0.581444766344
647 687 -0.505734208261
648 649 0.812805010609
648 688 -0.127755238685
649 650 0.343686149457
649 689 0.257097045962
650 651 -0.302222171753
650 690 -0.371409856662
651 652 0.271513124849
651 691 -0.146744318658
652 653 -0.691909576237
652 692 -0.247429226086
653 654 -0.475704492355
653 693 0.359906411604
654 655 0.404361688258
654 694 0.124810018921
655 656 -0.241690698228
655 695 0.366551116449
656 657 0.426854994436
656 696 0.803349877843
657 658 -0.451313828074
657 697 0.452414684891
658 659 -0.039703040899
658 698 -0.623584407913
659 660 0.673637308718
659 699 0.417260868849
660 661 0.126477251918
660 700 0.142981375626
661 662 0.336290957121
661 701 -0.805978451649
662 663 0.841770503532
662 702 -0.0708569792598
663 664 0.790777954823
663 703 -0.979320494932
664 665 -0.384491000643
664 704 0.596678487573
665 666 0.438107762462
665 705 -0.612625783943
666 667 -0.888571209592
666 706 -0.185868522142
667 668 -0.695098062291
667 707 0.964939712992
668 669 0.102064422165
668 708 0.519628034118
669 670 0.726359523004
669 709 -0.98874940497
670 671 -0.903772436178
670 710 -0.67918074532
671 672 -0.35772068002
671 711 -0.130269395452
672 673 -0.678373146044
672 712 -0.206796054834
673 674 -0.294263590495
673 713 0.351005487503
674 675 -0.725346811924
674 714 -0.232327735707
675 676 -0.698007706089
675 715 0.300843350608
676 677 0.738644835855
676 716 -0.402041633965
677 678 0.437801890079
677 717 0.776551887249
678 679 0.66157313008
678 718 0.789057007455
679 680 -0.968712578193
679 719 -0.900051774189
680 720 -0.946615206675
681 682 0.877607826622
681 721 -0.360620407066
682 683 0.977877880921
682 722 0.75523988235
683 684 -0.631911469942
683 723 -0.1198772932
684 685 -0.426639699609
684 724 -0.666334502415
685 686 -0.339155687629
685 725 0.451798124226
686 687 0.791965623614
686 726 -0.380657391186
687 688 -0.628146171313
687 727 0.35582001851
688 689 -0.265676030393
688 728 -0.360150222235
689 690 0.582367841687
689 729 0.621813739599
690 691 -0.669398571007
690 730 0.927945890573
691 692 0.306214115454
691 731 0.54506164479
692 693 -0.00784816852808
692 732 0.293304255959
693 694 0.870657130114
693 733 -0.788671496423
694 695 0.120100639522
694 734 0.290940580469
695 696 0.893361603446
695 735 -0.196929738488
696 697 -0.196205808316
696 736 0.399584613013
697 698 -0.606319462865
697 737 -0.204470564928
698 699 -0.0552598821632
698 738 0.925705011225
699 700 0.631434296744
699 739 0.105433200491
700 701 0.0590525872333
700 740 0.108173617602
701 702 -0.163997681125
701 741 0.606373334055
702 703 0.898051469422
702 742 0.721161298619
703 704 0.976955359529
703 743 0.0522039162979
704 705 -0.84494441158
704 744 0.111412831182
705 706 0.26333282119
705 745 0.378562043746
706 707 -0.745151541868
706 746 0.635501288442
707 708 0.659643306775
707 747 -0.50358550645
708 709 -0.33409461257
708 748 0.437440086965
709 710 -0.163139526275
709 749 0.0220504861733
710 711 -0.730320279523
710 750 -0.119614805677
711 712 -0.0343547756424
711 751 0.280330154745
712 713 0.484597517091
712 752 -0.603822543373
713 714 -0.555145034979
713 753 -0.863220862387
714 715 -0.837317711002
714 754 0.45925802499
715 716 -0.730476899476
715 755 0.224474368334
716 717 0.227863578507
716 756 0.0989968588508
717 718 0.307093390388
717 757 -0.483538322542
718 719 0.469015619225
718 758 0.990157743861
719 720 0.0652384795373
719 759 0.446451310819
720 760 -0.213822840217
721 722 -0.135048134419
721 761 -0.459708516817
722 723 -0.565577694168
722 762 0.210755002625
723 724 -0.635001041153
723 763 -0.47869806531
724 725 0.415039617208
724 764 0.712276436149
725 726 0.476235545899
725 765 0.589318467396
726 727 -0.458343667165
726 766 -0.273915602215
727 728 -0.884742217674
727 767 -0.0571949532152
728 729 0.819574580655
728 768 0.510604323545
729 730 -0.296281477307
729 769 0.412308007525
730 731 -0.521963835504
730 770 0.0179904946323
731 732 -0.114370779959
731 771 0.531204373517
732 733 -0.966156954722
732 772 0.674566746698
733 734 -0.895219212041
733 773 0.164200830392
734 735 0.0619447245647
734 774 -0.633685271969
735 736 0.071134216394
735 775 -0.159362391822
736 737 -0.196412131904
736 776 0.75022781196
737 738 -0.558404758238
737 777 0.0333015128425
738 739 0.0144029919077
738 778 -0.794817345283
739 740 -0.387441762795
739 779 0.456424998771
740 741 -0.538117505969
740 780 -0.816974367826
741 742 0.733843975758
741 781 -0.551903575276
742 743 0.0773880886324
742 782 0.769206950189
743 744 0.120870981082
743 783 -0.589046664494
744 745 0.754825246068
744 784 0.391147285615
745 746 0.924038572508
745 785 -0.609755041825
746 747 0.348377882205
746 786 -0.389035477366
747 748 -0.989910218927
747 787 -0.618153328446
748 749 0.978631134766
748 788 -0.775205721584
749 750 -0.926484185675
749 789 -0.0287081012666
750 751 -0.471830310062
750 790 -0.444584169161
751 752 0.377140545206
751 791 -0.662041646795
752 753 0.194599985535
752 792 -0.292256898542
753 754 0.370633166358
753 793 0.264796470315
754 755 -0.83109381773
754 794 0.440914803493
755 756 -0.642195214672
755 795 0.848866471825
756 757 -0.358515475126
756 796 -0.797383098245
757 758 0.815217547397
757 797 0.302060801322
758 759 -0.0294755168784
758 798 0.307513710225
759 760 0.677553027998
759 799 0.653020428832
760 800 -0.894468676143
761 762 0.602111772653
761 801 0.276477612246
762 763 -0.0560937589281
762 802 -0.281782170413
763 764 -0.965586204421
763 803 -0.507440767024
764 765 -0.561108117466
764 804 -0.87583340596
765 766 -0.83203526068
765 805 -0.0875654022034
766 767 -0.937852745214
766 806 -0.304269843466
767 768 0.835497471971
767 807 0.248649093231
768 769 0.562167158089
768 808 0.281993641579
769 770 -0.886376377447
769 809 0.219322461823
770 771 -0.781193320689
770 810 -0.859056348853
771 772 0.783283183373
771 811 -0.725395972998
772 773 0.970653355897
772 812 -0.139346883316
773 774 -0.861750852018
773 813 -0.877547603127
774 775 -0.899843252319
774 814 0.128156885512
775 776 -0.808207335595
775 815 -0.274621158098
776 777 -0.124702296642
776 816 0.928974226648
777 778 0.613689782385
777 817 0.36506816308
778 779 -0.432076466484
778 818 0.861353379329
779 780 -0.651024050839
779 819 -0.181257251274
780 781 0.974576746016
780 820 0.961618048629
781 782 -0.762617408
781 821 0.675933541138
782 783 0.383782986225
782 822 0.129710864395
783 784 0.791585499867
783 823 -0.536073190835
784 785 -0.293497007709
784 824 0.943891621707
785 786 -0.646087818214
785 825 0.410133664489
786 787 -0.894859033023
786 826 0.0405852403902
787 788 -0.893906705478
787 827 -0.262219912441
788 789 -0.463897757397
788 828 -0.12542041749
789 790 -0.0367546494564
789 829 -0.805875535126
790 791 0.972769718489
790 830 0.533865882551
791 792 0.19738044839
791 831 0.762356523051
792 793 0.923858179294
792 832 -0.30098457744
793 794 -0.0793157107464
793 833 -0.550322669125
794 795 -0.460027203581
794 834 -0.864703936123
795 796 0.599802126862
795 835 -0.985495972294
796 797 -0.355712515475
796 836 -0.0591324349391
797 798 0.374181059767
797 837 -0.0772775392077
798 799 0.560214771527
798 838 -0.895268371393
799 800 -0.417587545608
799 839 -0.453196871851
800 840 0.872001886551
801 802 -0.862619733084
801 841 0.207288952738
802 803 0.0585849046167
802 842 0.129646221367
803 804 -0.226976216767
803 843 -0.00566389689648
804 805 -0.193083097365
804 844 0.931420870356
805 806 0.701557579233
805 845 0.978404191334
806 807 -0.599065124601
806 846 0.631562236945
807 808 -0.297483603241
807 847 0.696691326758
808 809 0.469162744469
808 848 -0.978682747246
809 810 -0.929644966358
809 849 0.817908998495
810 811 0.523056703059
810 850 -0.878172564906
811 812 0.929199148908
811 851 0.489582314105
812 813 -0.762404069525
812 852 -0.51341707996
813 814 -0.378196678721
813 853 0.68261298216
814 815 0.10647073931
814 854 -0.369646469524
815 816 0.859047683024
815 855 0.425467334862
816 817 0.683288692345
816 856 0.866957193638
817 818 0.239105234424
817 857 -0.36823503852
818 819 -0.512218906618
818 858 -0.303901117954
819 820 0.0164764195635
819 859 0.123750951941
820 821 -0.858202876154
820 860 -0.783828457528
821 822 0.597902375522
821 861 -0.983867042443
822 823 0.202093293572
822 862 -0.526139227714
823 824 -0.271984995493
823 863 0.457136522604
824 825 -0.94128580376
824 864 -0.280958782878
825 826 0.601036265688
825 865 -0.133087938489
826 827 0.521892016418
826 866 -0.779370033013
827 828 -0.63235223632
827 867 -0.0348782581111
828 829 -0.421149534985
828 868 0.432784818907
829 830 -0.130593659075
829 869 -0.648740591942
830 831 0.115299097322
830 870 -0.754018457978
831 832 0.0827545215818
831 871 0.53916334113
832 833 -0.306111279528
832 872 0.390353962327
833 834 -0.1327504386
833 873 -0.315283500145
834 835 0.521972714764
834 874 0.116841125435
835 836 0.650668490039
835 875 -0.711323246777
836 837 0.0747245564898
836 876 0.264324516811
837 838 0.71138997975
837 877 0.772218425011
838 839 -0.144860248733
838 878 -0.597876153708
839 840 -0.252540068874
839 879 0.298635617297
840 880 0.986981502539
841 842 0.591149116858
841 881 -0.935983687148
842 843 0.667098002498
842 882 -0.87437335503
843 844 -0.392917035949
843 883 -0.973917884798
844 845 -0.710744490781
844 884 0.110947828253
845 846 0.447267819677
845 885 0.616382584124
846 847 -0.797764797489
846 886 -0.937008685537
847 848 -0.793506190004
847 887 0.276980378448
848 849 -0.142902502672
848 888 0.569743664906
849 850 -0.0224002373488
849 889 0.802829777446
850 851 0.0712419309469
850 890 -0.686711855796
851 852 0.28517281248
851 891 0.801590477692
852 853 0.929565580401
852 892 0.116857703937
853 854 -0.219762961931
853 893 0.791065472414
854 855 -0.653081015306
854 894 -0.964599535763
855 856 -0.82531395983
855 895 0.813056925623
856 857 -0.750190106098
856 896 -0.638252173934
857 858 -0.865486686666
857 897 0.963265527311
858 859 0.702603408047
858 898 0.356245034336
859 860 0.860141445228
859 899 0.150773300545
860 861 0.93271751284
860 900 0.992533816319
861 862 0.26173767759
861 901 -0.554527323012
862 863 0.814435437658
862 902 -0.70585480463
863 864 -0.512062191302
863 903 0.844880887652
864 865 0.140310425663
864 904 0.364917580415
865 866 0.0437171888669
865 905 -0.632373757381
866 867 -0.41962656191
866 906 0.415502922528
867 868 -0.574424316987
867 907 0.0912586390127
868 869 -0.411085852951
868 908 0.906955656634
869 870 0.494559707912
869 909 0.0703687075935
870 871 -0.236868090462
870 910 -0.780435182571
871 872 -0.83727359971
871 911 -0.196901870054
872 873 0.758761636243
872 912 0.0491568168937
873 874 -0.169738628333
873 913 0.59069303163
874 875 -0.453820230785
874 914 0.408997130277
875 876 -0.265531843628
875 915 -0.802746288628
876 877 0.0347735271972
876 916 0.368292358659
877 878 0.0078765463652
877 917 0.0647337502114
878 879 -0.942894280011
878 918 -0.0781278078833
879 880 0.339677797973
879 919 0.258049433823
880 920 -0.816124710616
881 882 -0.0891043557881
881 921 0.580345082677
882 883 0.212733246315
882 922 0.00722548988138
883 884 0.753700256167
883 923 -0.527809866771
884 885 0.553188509878
884 924 -0.610181157795
885 886 -0.775329521195
885 925 0.959787712706
886 887 0.0125262121862
886 926 0.211923097899
887 888 0.273279333999
887 927 0.776288551992
888 889 0.835700216402
888 928 0.04496240103
889 890 0.0370383556025
889 929 0.177710967122
890 891 -0.288374275117
890 930 0.426520482599
891 892 0.936851574452
891 931 0.223228882556
892 893 0.646092680998
892 932 -0.145485632864
893 894 -0.803056856169
893 933 0.821120539309
894 895 -0.906940173526
894 934 -0.949540103957
895 896 0.56786732895
895 935 0.104459789574
896 897 0.83650305608
896 936 -0.511365609593
897 898 0.422129486252
897 937 0.874476553216
898 899 -0.48599053467
898 938 -0.767601372395
899 900 -0.0746101084771
899 939 0.338831756075
900 901 0.661446070319
900 940 -0.52383719264
901 902 0.031098558163
901 941 -0.591514687749
902 903 -0.77672948817
902 942 0.907211999364
903 904 -0.564618800186
903 943 -0.207189875908
904 905 -0.945406691381
904 944 0.201444271158
905 906 -0.867832300948
905 945 0.323417518031
906 907 -0.762595920954
906 946 0.498434011715
907 908 -0.551114991367
907 947 -0.665248936577
908 909 0.86921298791
908 948 -0.166395814698
909 910 0.427597071961
909 949 -0.601509772651
910 911 0.0709039297379
910 950 0.681350139204
911 912 0.0466995584968
911 951 -0.821017484976
912 913 -0.360780891363
912 952 -0.968264629821
913 914 -0.167231468136
913 953 0.0248711624666
914 915 -0.0181898828763
914 954 -0.393122974188
915 916 0.655106739082
915 955 -0.824338214193
916 917 0.580683476254
916 956 0.178623981418
917 918 -0.879922415134
917 957 -0.0275592941526
918 919 -0.705687112415
918 958 -0.247664296394
919 920 0.771519778515
919 959 -0.983914021479
920 960 -0.391123939193
921 922 0.977193036227
921 961 0.167929087002
922 923 -0.679402614349
922 962 -0.709109042887
923 924 -0.562197048877
923 963 -0.991669602431
924 925 -0.302518987854
924 964 -0.554653128878
925 926 -0.349154399671
925 965 -0.643770355046
926 927 -0.0368822153404
926 966 -0.719463847889
927 928 0.775060057062
927 967 -0.541768811258
928 929 0.377133594744
928 968 0.903869944842
929 930 -0.44033036544
929 969 -0.284188345793
930 931 0.693682994278
930 970 0.111713216047
931 932 -0.372930607007
931 971 0.987768986684
932 933 0.117290316517
932 972 -0.500020923003
933 934 0.457709048236
933 973 -0.74562999801
934 935 -0.44794896255
934 974 0.599786732375
935 936 0.990740299535
935 975 0.689888832604
936 937 -0.269157745102
936 976 -0.533641873989
937 938 -0.190124371996
937 977 0.555390611235
938 939 -0.834476034701
938 978 -0.3931705483
939 940 0.113133986778
939 979 0.258825199202
940 941 -0.775326518326
940 980 -0.357502944563
941 942 0.299496995024
941 981 -0.154817530303
942 943 0.542318837942
942 982 -0.099289868138
943 944 0.619588500233
943 983 -0.386986075932
944 945 0.786917853915
944 984 -0.284629702231
945 946 -0.710169347572
945 985 -0.56974403567
946 947 0.0252951862022
946 986 -0.246681909486
947 948 0.531957203039
947 987 0.0177202346477
948 949 0.794592166968
948 988 0.202674430895
949 950 -0.779405178677
949 989 0.0666803387616
950 951 0.340999312304
950 990 0.280391394011
951 952 -0.997634993709
951 991 0.788828397818
952 953 -0.0388990101564
952 992 0.514264133191
953 954 -0.809652044066
953 993 -0.844846934592
954 955 -0.491367102993
954 994 0.257565865509
955 956 0.824495748887
955 995 0.150813051939
956 957 -0.725282507178
956 996 -0.955664377269
957 958 0.618027172402
957 997 -0.308765175583
958 959 0.44680409862
958 998 -0.0732475099099
959 960 0.259360457103
959 999 -0.189276154584
960 1000 -0.0104197671801
961 962 -0.922175404715
961 1001 -0.107154184964
962 963 0.275681724043
962 1002 0.765812280723
963 964 -0.479938128855
963 1003 -0.450015002014
964 965 -0.0661431670534
964 1004 0.870275792765
965 966 0.340430776688
965 1005 -0.986809513572
966 967 0.0665313641931
966 1006 0.610638622252
967 968 -0.1698553911
967 1007 -0.303227301696
968 969 0.115845994461
968 1008 0.187600124162
969 970 0.116845833523
969 1009 0.121843076446
970 971 -0.929486377057
970 1010 -0.688958423504
971 972 -0.5655743104
971 1011 0.200539630442
972 973 0.136274058001
972 1012 0.681056961567
973 974 0.436117223789
973 1013 0.814120434704
974 975 -0.0243125724772
974 1014 0.0510475358557
975 976 -0.736884211027
975 1015 -0.571046095631
976 977 0.216360068866
976 1016 -0.612565988951
977 978 0.174538486421
977 1017 -0.626689372994
978 979 0.789380631197
978 1018 -0.948112978608
979 980 0.256337378017
979 1019 -0.198730404002
980 981 0.171094517564
980 1020 -0.0924867441949
981 982 -0.395776000641
981 1021 -0.725712402601
982 983 -0.961217050378
982 1022 -0.879215727226
983 984 -0.628104267898
983 1023 -0.117312268339
984 985 0.368547374632
984 1024 -0.542024847847
985 986 -0.702258758625
985 1025 0.820296860394
986 987 0.663165110969
986 1026 -0.455873589688
987 988 0.302971668107
987 1027 -0.932403423965
988 989 0.923735238849
988 1028 -0.736385165373
989 990 -0.12920139154
989 1029 0.207292335295
990 991 0.452494433933
990 1030 0.924935264038
991 992 0.949980133575
991 1031 -0.113709532815
992 993 -0.841133423639
992 1032 -0.461740300746
993 994 -0.945650672819
993 1033 -0.265553710177
994 995 0.353084011247
994 1034 -0.591002641434
995 996 0.829137919269
995 1035 0.462505210631
996 997 0.0798572138953
996 1036 -0.507634209507
997 998 -0.279855402792
997 1037 -0.871224546702
998 999 0.607065524505
998 1038 -0.949747758478
999 1000 -0.872097549505
999 1039 -0.488846914482
1000 1040 0.175356190144
1001 1002 -0.623654969413
1001 1041 0.25411129371
1002 1003 -0.934268378299
1002 1042 -0.143956197064
1003 1004 0.146842916804
1003 1043 0.0408131859685
1004 1005 0.262438363395
1004 1044 -0.77893097348
1005 1006 -0.156445609551
1005 1045 0.39285250591
1006 1007 0.70211696466
1006 1046 0.781234303254
1007 1008 0.668963448432
1007 1047 -0.00124294981514
1008 1009 -0.131306700793
1008 1048 -0.408438767247
1009 1010 -0.0255015200466
1009 1049 0.955865929876
1010 1011 0.569557689152
1010 1050 0.137273855042
1011 1012 -0.210283280374
1011 1051 0.321763442963
1012 1013 0.19903586829
1012 1052 -0.679593670345
1013 1014 0.698927295961
1013 1053 0.1648654014
1014 1015 -0.426520245795
1014 1054 0.349425245353
1015 1016 0.92733118242
1015 1055 -0.95530515024
1016 1017 0.320844383288
1016 1056 -0.945801348498
1017 1018 0.314102766012
1017 1057 -0.672031091214
1018 1019 0.859496501029
1018 1058 0.385791550366
1019 1020 0.508368343153
1019 1059 -0.959223081213
1020 1021 0.328571693224
1020 1060 -0.467677407364
1021 1022 -0.961597046014
1021 1061 0.0576303104102
1022 1023 -0.706901740653
1022 1062 0.185984623693
1023 1024 0.899026604936
1023 1063 0.526101718575
1024 1025 -0.774098998575
1024 1064 0.225309050649
1025 1026 0.647659638203
1025 1065 0.167958655462
1026 1027 -0.29678790126
1026 1066 -0.471198499154
1027 1028 -0.611335441307
1027 1067 -0.343881439699
1028 1029 0.765712153877
1028 1068 -0.899281737187
1029 1030 -0.593045527241
1029 1069 -0.0963527524722
1030 1031 0.161141228764
1030 1070 -0.56363495773
1031 1032 0.464537210402
1031 1071 -0.84566188161
1032 1033 -0.584018760377
1032 1072 -0.190083302294
1033 1034 -0.385823734138
1033 1073 0.778362494715
1034 1035 0.580568060804
1034 1074 0.624381111818
1035 1036 0.887343180629
1035 1075 -0.665319276102
1036 1037 0.589974595903
1036 1076 -0.924001278089
1037 1038 0.148690689142
1037 1077 0.605803980928
1038 1039 0.0727812192542
1038 1078 0.700234675333
1039 1040 -0.409534862976
1039 1079 -0.272315776136
1040 1080 -0.908858405011
1041 1042 -0.569364401055
1041 1081 -0.698059784685
1042 1043 0.755786146523
1042 1082 -0.0469858410293
1043 1044 0.598459511634
1043 1083 0.556689021538
1044 1045 -0.314454496329
1044 1084 0.407505614856
1045 1046 -0.990901831212
1045 1085 -0.351799636166
1046 1047 0.575333375456
1046 1086 0.888043753277
1047 1048 0.430030320053
1047 1087 -0.781348423429
1048 1049 0.395340661672
1048 1088 -0.0679903491462
1049 1050 -0.276010458427
1049 1089 0.750170088032
1050 1051 -0.529676393271
1050 1090 0.418175613977
1051 1052 -0.750745027035
1051 1091 0.576316144628
1052 1053 0.45765977732
1052 1092 -0.661492364992
1053 1054 -0.432424901256
1053 1093 -0.0807764759778
1054 1055 0.34605791559
1054 1094 -0.89026211376
1055 1056 0.11339099565
1055 1095 -0.374153898672
1056 1057 0.947519462855
1056 1096 -0.95831696044
1057 1058 -0.860558124324
1057 1097 0.101479470058
1058 1059 -0.127880102115
1058 1098 -0.178785154753
1059 1060 -0.817455681801
1059 1099 0.500139518392
1060 1061 0.562875935158
1060 1100 -0.527141645488
1061 1062 0.432722745001
1061 1101 0.363750390781
1062 1063 0.825149303499
1062 1102 -0.863244531662
1063 1064 0.301622609572
1063 1103 0.294118254118
1064 1065 -0.578040396636
1064 1104 -0.49167370703
1065 1066 -0.14955333058
1065 1105 0.532059336888
1066 1067 0.299962307816
1066 1106 -0.952629321468
1067 1068 -0.717273122721
1067 1107 0.828943094788
1068 1069 -0.914440010758
1068 1108 -0.30695939571
1069 1070 -0.203424236762
1069 1109 0.82344392676
1070 1071 -0.731104413087
1070 1110 0.224916292393
1071 1072 -0.0760130300686
1071 1111 -0.360322572844
1072 1073 0.345739746269
1072 1112 -0.850784842587
1073 1074 -0.382637331467
1073 1113 0.902353821115
1074 1075 -0.133276741822
1074 1114 -0.957673479028
1075 1076 0.928745827645
1075 1115 0.129121069505
1076 1077 -0.00115772349763
1076 1116 -0.386479307664
1077 1078 -0.70548965918
1077 1117 0.644336996414
1078 1079 -0.470837893873
1078 1118 0.295560495206
1079 1080 -0.539797164866
1079 1119 0.392543626975
1080 1120 0.578477763055
1081 1082 0.0722886133591
1081 1121 -0.799226411551
1082 1083 -0.264858924902
1082 1122 -0.518699496282
1083 1084 0.860157470935
1083 1123 0.051419857129
1084 1085 0.989056855028
1084 1124 -0.275996992303
1085 1086 -0.714710101759
1085 1125 -0.76087262488
1086 1087 -0.347867256929
1086 1126 -0.648954406531
1087 1088 -0.322885029277
1087 1127 0.541215275009
1088 1089 -0.924826986419
1088 1128 -0.531192150705
1089 1090 -0.0094558291843
1089 1129 -0.0264870794356
1090 1091 0.162421002401
1090 1130 0.476919875082
1091 1092 -0.638749641668
1091 1131 -0.531695752021
1092 1093 -0.880357371956
1092 1132 -0.851963930323
1093 1094 0.857382347657
1093 1133 -0.11121697072
1094 1095 0.0301716474588
1094 1134 -0.453787694872
1095 1096 0.226546137042
1095 1135 0.458637720629
1096 1097 -0.16112674611
1096 1136 -0.699505247112
1097 1098 -0.000503529082451
1097 1137 0.890548673873
1098 1099 -0.0657059939844
1098 1138 0.859087148865
1099 1100 0.433291497421
1099 1139 0.674886501123
1100 1101 -0.0897601000087
1100 1140 0.700827630765
1101 1102 -0.0282153583192
1101 1141 -0.554039781956
1102 1103 -0.825641613174
1102 1142 0.64577827731
1103 1104 0.471284576715
1103 1143 0.618864373081
1104 1105 0.755803882352
1104 1144 0.694481420464
1105 1106 0.0870762404208
1105 1145 -0.302957311064
1106 1107 -0.0491939305608
1106 1146 0.267129096691
1107 1108 0.0670259660704
1107 1147 0.266681220176
1108 1109 0.985884050252
1108 1148 -0.629384170721
1109 1110 -0.75440367333
1109 1149 -0.405200508524
1110 1111 -0.353742261593
1110 1150 -0.212747727638
1111 1112 0.103777277899
1111 1151 0.478257090046
1112 1113 0.497698241279
1112 1152 0.738037429165
1113 1114 0.0121347461351
1113 1153 -0.311776920234
1114 1115 -0.347423771424
1114 1154 0.66828046157
1115 1116 -0.0194105047797
1115 1155 0.618316434483
1116 1117 -0.65051468706
1116 1156 0.394786759418
1117 1118 0.302698318408
1117 1157 0.557840420715
1118 1119 0.0575981355637
1118 1158 -0.531499816588
1119 1120 0.284271463901
1119 1159 -0.535486941391
1120 1160 -0.779339603887
1121 1122 0.462316863961
1121 1161 0.879302078882
1122 1123 -0.903536445673
1122 1162 -0.649666441582
1123 1124 0.869914518897
1123 1163 0.632729922366
1124 1125 0.0379104590854
1124 1164 -0.552339479858
1125 1126 0.878611368946
1125 1165 -0.851046797341
1126 1127 0.445171597252
1126 1166 0.23006708357
1127 1128 -0.991178757735
1127 1167 -0.381037073039
1128 1129 0.946270889701
1128 1168 0.479936878184
1129 1130 0.915024480955
1129 1169 -0.230856746382
1130 1131 0.0210337722953
1130 1170 0.130032928299
1131 1132 -0.340250575914
1131 1171 -0.838769691403
1132 1133 -0.230312923298
1132 1172 -0.981046158065
1133 1134 -0.0791898806714
1133 1173 -0.649139782318
1134 1135 0.0950207822211
1134 1174 -0.363689792361
1135 1136 -0.332602709873
1135 1175 -0.456409591275
1136 1137 -0.828856258198
1136 1176 -0.678910207918
1137 1138 0.40544260196
1137 1177 -0.679765848706
1138 1139 -0.889538905134
1138 1178 -0.329012940792
1139 1140 0.983196448507
1139 1179 -0.922473052692
1140 1141 0.603099553618
1140 1180 0.411793862733
1141 1142 -0.430353236787
1141 1181 0.193086090303
1142 1143 0.0704306128376
1142 1182 -0.679804401596
1143 1144 0.376083687576
1143 1183 0.239483587564
1144 1145 0.853016342201
1144 1184 0.869036923943
1145 1146 -0.0174953966849
1145 1185 -0.907871070167
1146 1147 0.434759119115
1146 1186 0.303745551019
1147 1148 0.207007707155
1147 1187 -0.567374268559
1148 1149 -0.810496233827
1148 1188 -0.848956153032
1149 1150 -0.102020190948
1149 1189 0.268748348453
1150 1151 0.436226025204
1150 1190 -0.281519468112
1151 1152 -0.180152497161
1151 1191 -0.477108829997
1152 1153 -0.727854957608
1152 1192 0.792674107017
1153 1154 -0.652565150728
1153 1193 0.0930191229538
1154 1155 0.685054586669
1154 1194 0.972699614649
1155 1156 0.421255955996
1155 1195 -0.758982836686
1156 1157 -0.633652985205
1156 1196 -0.742454927583
1157 1158 0.0847295604105
1157 1197 -0.185905461758
1158 1159 0.389013000475
1158 1198 0.553336367482
1159 1160 0.497813522849
1159 1199 0.12010479324
1160 1200 0.922697757127
1161 1162 0.886636368926
1161 1201 -0.250522989964
1162 1163 0.113550865333
1162 1202 0.0601709659458
1163 1164 -0.621700427091
1163 1203 0.394990272017
1164 1165 -0.305059951432
1164 1204 -0.734161851584
1165 1166 -0.0507512687161
1165 1205 -0.326901321314
1166 1167 -0.963346523955
1166 1206 0.76165549111
1167 1168 -0.730907693268
1167 1207 0.500613047038
1168 1169 0.153628831384
1168 1208 -0.433452628832
1169 1170 0.675780320755
1169 1209 0.370541595169
1170 1171 -0.864587395431
1170 1210 0.976850385254
1171 1172 0.490028388182
1171 1211 0.477774801133
1172 1173 -0.943877277432
1172 1212 -0.617619705825
1173 1174 -0.437823079862
1173 1213 0.605382716001
1174 1175 0.646923708964
1174 1214 0.185644906063
1175 1176 0.360348389228
1175 1215 -0.407179929077
1176 1177 -0.894483486361
1176 1216 0.958914740445
1177 1178 0.370063581519
1177 1217 -0.512383595186
1178 1179 -0.283180638551
1178 1218 0.786741880746
1179 1180 -0.267088465899
1179 1219 0.0713452963684
1180 1181 0.409075533149
1180 1220 -0.129684135554
1181 1182 0.00888695763482
1181 1221 0.730520284981
1182 1183 0.0662230598309
1182 1222 0.526937748289
1183 1184 0.695973426558
1183 1223 0.488512137902
1184 1185 -0.846939914942
1184 1224 0.520908143549
1185 1186 -0.564476064247
1185 1225 -0.621900786613
1186 1187 -0.228523123981
1186 1226 -0.463645834992
1187 1188 0.399592310469
1187 1227 0.411824704049
1188 1189 0.839939820329
1188 1228 -0.228463619999
1189 1190 -0.234011278326
1189 1229 -0.946975214422
1190 1191 -0.38790960799
1190 1230 -0.571055983337
1191 1192 0.979033257334
1191 1231 0.0207849047249
1192 1193 -0.0476511197143
1192 1232 -0.212559751667
1193 1194 0.210231325672
1193 1233 0.570052503078
1194 1195 -0.580599349696
1194 1234 0.16079974122
1195 1196 0.557589227734
1195 1235 -0.616978008777
1196 1197 0.287395662307
1196 1236 0.251769066931
1197 1198 0.383711343981
1197 1237 -0.401093167182
1198 1199 -0.714649736463
1198 1238 -0.118377235704
1199 1200 -0.197242989989
1199 1239 -0.266067347474
1200 1240 0.286852945116
1201 1202 0.191500491748
1201 1241 0.323965424549
1202 1203 0.088443101234
1202 1242 -0.401894502767
1203 1204 0.829943203846
1203 1243 0.806102878615
1204 1205 -0.631135642834
1204 1244 -0.402177372416
1205 1206 0.86570023282
1205 1245 0.165275444809
1206 1207 0.458734647489
1206 1246 -0.24471843444
1207 1208 -0.881953623287
1207 1247 -0.717830735223
1208 1209 -0.837676661322
1208 1248 0.322546284348
1209 1210 -0.366914884387
1209 1249 -0.592078844136
1210 1211 0.17926838201
1210 1250 0.344763082002
1211 1212 0.116777959481
1211 1251 -0.015129035512
1212 1213 0.948609363154
1212 1252 0.639987407656
1213 1214 -0.895398874783
1213 1253 -0.170035601015
1214 1215 0.558349638586
1214 1254 -0.742329161968
1215 1216 -0.0951753329516
1215 1255 0.581366477512
1216 1217 0.485760353246
1216 1256 0.836734697857
1217 1218 -0.751916869913
1217 1257 0.655540304423
1218 1219 0.201798769147
1218 1258 0.623998048816
1219 1220 0.508477256792
1219 1259 0.530517290255
1220 1221 -0.795309764473
1220 1260 -0.337976146389
1221 1222 0.770837947421
1221 1261 0.998218066006
1222 1223 -0.771649148149
1222 1262 -0.434844767708
1223 1224 0.361517457643
1223 1263 -0.750360380125
1224 1225 0.331481855136
1224 1264 0.296976524518
1225 1226 -0.555107008903
1225 1265 -0.438101016628
1226 1227 0.885955323788
1226 1266 0.378594507611
1227 1228 -0.0449957736566
1227 1267 -0.966699926955
1228 1229 0.289481093558
1228 1268 0.870650139638
1229 1230 0.816615121558
1229 1269 0.947233208746
1230 1231 0.808555413165
1230 1270 -0.418885481211
1231 1232 0.427432857233
1231 1271 0.880666684939
1232 1233 -0.288091999464
1232 1272 0.758920535872
1233 1234 -0.70916388647
1233 1273 0.778798000471
1234 1235 -0.548899994655
1234 1274 -0.385029088326
1235 1236 0.581776322331
1235 1275 0.445986549682
1236 1237 0.275396252018
1236 1276 -0.633458516035
1237 1238 -0.0445910760395
1237 1277 0.504602603645
1238 1239 -0.165162421794
1238 1278 -0.296974206655
1239 1240 0.670250703321
1239 1279 -0.709639459524
1240 1280 0.153640445915
1241 1242 0.0211609105065
1241 1281 -0.0582148367123
1242 1243 0.730848062429
1242 1282 0.693893087093
1243 1244 0.723402070692
1243 1283 0.295272791826
1244 1245 -0.902836891744
1244 1284 -0.444402418969
1245 1246 0.359425811725
1245 1285 -0.0753413972155
1246 1247 0.288796688645
1246 1286 -0.106780981299
1247 1248 0.0229520301761
1247 1287 0.331326628605
1248 1249 -0.322818605916
1248 1288 0.756495416865
1249 1250 0.898122532393
1249 1289 0.681654358483
1250 1251 -0.857912125258
1250 1290 0.487113344016
1251 1252 0.901974298545
1251 1291 -0.273248089983
1252 1253 0.230917262107
1252 1292 0.175348773169
1253 1254 0.770794796033
1253 1293 0.60120252842
1254 1255 0.965166148073
1254 1294 0.803611942236
1255 1256 -0.465372447437
1255 1295 -0.772148027803
1256 1257 0.406593089164
1256 1296 0.239848292899
1257 1258 0.331646794749
1257 1297 0.0916127263108
1258 1259 0.320776053788
1258 1298 -0.36794716998
1259 1260 -0.541669327065
1259 1299 -0.629345286915
1260 1261 0.809900739752
1260 1300 0.863834189816
1261 1262 0.315356529969
1261 1301 0.140829339278
1262 1263 0.42668949614
1262 1302 -0.284608141718
1263 1264 0.823576690812
1263 1303 0.0564698637597
1264 1265 -0.890734523154
1264 1304 -0.70348021467
1265 1266 0.544433223483
1265 1305 -0.34674082008
1266 1267 0.350581434874
1266 1306 -0.00148227746687
1267 1268 -0.44588159765
1267 1307 0.756978721449
1268 1269 -0.305243663577
1268 1308 -0.819013381816
1269 1270 0.53687242951
1269 1309 -0.0161286629995
1270 1271 -0.24875055882
1270 1310 -0.487327900116
1271 1272 -0.96023161724
1271 1311 0.5170051962
1272 1273 0.226647874666
1272 1312 0.287865022482
1273 1274 0.374836874954
1273 1313 0.103144513192
1274 1275 0.373881927354
1274 1314 0.269102289833
1275 1276 -0.859035167559
1275 1315 0.171859537183
1276 1277 0.00263605690094
1276 1316 0.687074907513
1277 1278 -0.413162745546
1277 1317 0.0159208428015
1278 1279 -0.502732549766
1278 1318 0.806353461948
1279 1280 -0.937499975766
1279 1319 -0.815222850448
1280 1320 -0.159154402396
1281 1282 -0.98225542883
1281 1321 -0.864207192869
1282 1283 -0.068599266739
1282 1322 0.502716393572
1283 1284 0.920085251105
1283 1323 -0.499966462809
1284 1285 -0.83378076752
1284 1324 -0.941706347804
1285 1286 0.331679149701
1285 1325 -0.871456689533
1286 1287 -0.650904077164
1286 1326 -0.12871203877
1287 1288 -0.478392798258
1287 1327 0.578848834701
1288 1289 0.908387257695
1288 1328 0.561780031882
1289 1290 0.749758157977
1289 1329 -0.359896978488
1290 1291 0.693667810717
1290 1330 0.410441857806
1291 1292 0.869025949771
1291 1331 0.238733468041
1292 1293 -0.384644590524
1292 1332 -0.777764558142
1293 1294 -0.23354413617
1293 1333 -0.32229870075
1294 1295 -0.0134573075013
1294 1334 -0.697357169405
1295 1296 0.186760466862
1295 1335 -0.548920562139
1296 1297 0.115414790359
1296 1336 0.0141409314724
1297 1298 0.28060407065
1297 1337 -0.202647397724
1298 1299 0.775384295741
1298 1338 -0.495784635922
1299 1300 0.903884292853
1299 1339 -0.375545675901
1300 1301 0.596416533222
1300 1340 0.977793489681
1301 1302 -0.0311831408647
1301 1341 0.464902121144
1302 1303 0.707354060015
1302 1342 -0.217585187796
1303 1304 -0.665136457645
1303 1343 0.719127073397
1304 1305 -0.93780964769
1304 1344 0.952103822483
1305 1306 0.547522840468
1305 1345 -0.426439186447
1306 1307 0.0150402000094
1306 1346 0.281513593311
1307 1308 0.214810352833
1307 1347 -0.577271151373
1308 1309 -0.502225869795
1308 1348 0.513212711025
1309 1310 0.00601882289487
1309 1349 -0.700848532429
1310 1311 -0.2461150619
1310 1350 -0.449826097046
1311 1312 0.584294539951
1311 1351 0.185341999108
1312 1313 -0.454913183397
1312 1352 -0.380597792177
1313 1314 -0.944340475335
1313 1353 0.781828320396
1314 1315 -0.733107294371
1314 1354 0.25393104241
1315 1316 0.0197347295975
1315 1355 -0.185249760103
1316 1317 -0.99033065202
1316 1356 -0.364550369322
1317 1318 0.45484039374
1317 1357 -0.312860118078
1318 1319 0.12538929227
1318 1358 -0.0910143613796
1319 1320 0.363112316772
1319 1359 -0.748209336135
1320 1360 0.414879746516
1321 1322 -0.130367543233
1321 1361 -0.137012738239
1322 1323 0.567141345533
1322 1362 -0.263806302941
1323 1324 0.394747993652
1323 1363 -0.752736393641
1324 1325 0.929245163868
1324 1364 -0.347205563817
1325 1326 0.0498770775682
1325 1365 0.737801274292
1326 1327 -0.174893400316
1326 1366 -0.963606542765
1327 1328 0.874172490858
1327 1367 0.594924203575
1328 1329 -0.22052627935
1328 1368 -0.29579780753
1329 1330 -0.885460098687
1329 1369 -0.603148590159
1330 1331 0.167218024778
1330 1370 -0.953304568229
1331 1332 -0.249139217329
1331 1371 -0.6583649818
1332 1333 0.64936845939
1332 1372 0.807284516192
1333 1334 0.247418428852
1333 1373 0.201618700743
1334 1335 -0.557518101852
1334 1374 -0.799295042
1335 1336 0.375123028196
1335 1375 -0.0268468557519
1336 1337 0.559340784639
1336 1376 -0.0224819690302
1337 1338 -0.657482283035
1337 1377 -0.997515239025
1338 1339 -0.235116504314
1338 1378 -0.406579076172
1339 1340 0.82210050945
1339 1379 -0.864643550732
1340 1341 0.904317121958
1340 1380 0.989871775432
1341 1342 0.445684407412
1341 1381 0.146754163147
1342 1343 -0.433721097568
1342 1382 0.614151194542
1343 1344 0.0775930516169
1343 1383 0.0329025335865
1344 1345 0.311512511184
1344 1384 -0.29438056512
1345 1346 0.416733686595
1345 1385 0.924497008425
1346 1347 -0.820599317578
1346 1386 0.214832044645
1347 1348 -0.15707150253
1347 1387 -0.318370672532
1348 1349 0.372633341474
1348 1388 0.252414935808
1349 1350 -0.58015523384
1349 1389 -0.632613315886
1350 1351 0.593027198262
1350 1390 -0.213921786979
1351 1352 -0.69238979792
1351 1391 0.824725630327
1352 1353 -0.173215919388
1352 1392 0.174112846956
1353 1354 0.504896239065
1353 1393 -0.952751678142
1354 1355 0.347498306848
1354 1394 -0.788267244543
1355 1356 0.860268058601
1355 1395 -0.144926374613
1356 1357 -0.586946602121
1356 1396 0.524292648991
1357 1358 -0.97644720789
1357 1397 0.664823462895
1358 1359 -0.490210272786
1358 1398 -0.314052522235
1359 1360 0.835727207855
1359 1399 0.157563358484
1360 1400 0.330336383979
1361 1362 -0.62823262896
1361 1401 0.0594106334038
1362 1363 -0.645373798732
1362 1402 -0.494258992698
1363 1364 0.325535034271
1363 1403 0.419281642538
1364 1365 0.37701151844
1364 1404 -0.440569276681
1365 1366 0.0578076527341
1365 1405 -0.197087600563
1366 1367 -0.997643070765
1366 1406 0.502214677939
1367 1368 -0.817449737128
1367 1407 0.425702425994
1368 1369 -0.235526372542
1368 1408 0.521437683344
1369 1370 -0.209420107995
1369 1409 -0.353303231876
1370 1371 -0.937158822905
1370 1410 0.306910546595
1371 1372 0.0339310394264
1371 1411 -0.666057257062
1372 1373 0.667305876785
1372 1412 -0.580308388201
1373 1374 0.820214870159
1373 1413 0.076322534304
1374 1375 -0.544896589944
1374 1414 -0.170957923034
1375 1376 0.383081042929
1375 1415 -0.847070907748
1376 1377 -0.114322684776
1376 1416 -0.19058008565
1377 1378 0.654283699664
1377 1417 0.221691226111
1378 1379 0.179301143853
1378 1418 0.424096900133
1379 1380 -0.960155388505
1379 1419 -0.0981391056919
1380 1381 -0.818723526784
1380 1420 -0.102287123579
1381 1382 0.101483848153
1381 1421 -0.00814980059723
1382 1383 -0.171220349847
1382 1422 0.256850254327
1383 1384 -0.450461474955
1383 1423 -0.626985792552
1384 1385 -0.274893994991
1384 1424 0.920668344733
1385 1386 -0.654558380602
1385 1425 0.478836211438
1386 1387 -0.853878728088
1386 1426 -0.5748000914
1387 1388 0.197600993898
1387 1427 0.326790392948
1388 1389 -0.568568991248
1388 1428 0.990544375547
1389 1390 0.947149577413
1389 1429 -0.542425122941
1390 1391 0.828883178898
1390 1430 0.155083273331
1391 1392 -0.288753557784
1391 1431 0.570591200779
1392 1393 0.919041243766
1392 1432 -0.6419162595
1393 1394 -0.235569539054
1393 1433 0.617588513606
1394 1395 -0.512719856122
1394 1434 -0.929189141863
1395 1396 -0.399982715857
1395 1435 -0.0746888284301
1396 1397 -0.378404940444
1396 1436 -0.202388784929
1397 1398 -0.00309611707595
1397 1437 0.668715083845
1398 1399 0.532332600907
1398 1438 0.78130862646
1399 1400 -0.914936245424
1399 1439 0.0402149029476
1400 1440 0.57740944275
1401 1402 0.19817250588
1401 1441 0.441848933375
1402 1403 -0.525817880908
1402 1442 -0.216208876301
1403 1404 0.343968768021
1403 1443 -0.00369922809714
1404 1405 -0.119441358449
1404 1444 0.638565467506
1405 1406 -0.820067921525
1405 1445 0.305552994368
1406 1407 0.540011004222
1406 1446 0.379629804346
1407 1408 -0.318015108903
1407 1447 0.323080466249
1408 1409 0.0646058524426
1408 1448 0.630208926863
1409 1410 -0.241175341642
1409 1449 0.7660455173
1410 1411 0.165362570617
1410 1450 0.25146352316
1411 1412 0.824583762037
1411 1451 -0.116469123268
1412 1413 -0.734244727853
1412 1452 0.799197904882
1413 1414 -0.580684436968
1413 1453 -0.249077237131
1414 1415 -0.754135539685
1414 1454 0.588714543703
1415 1416 0.101509816134
1415 1455 0.60874432393
1416 1417 -0.796920969968
1416 1456 0.365285934572
1417 1418 0.402618276685
1417 1457 0.894348153117
1418 1419 0.522138425428
1418 1458 -0.010117675712
1419 1420 -0.64671154242
1419 1459 0.720986352454
1420 1421 0.280666870317
1420 1460 -0.0257836487044
1421 1422 -0.920546964191
1421 1461 -0.0814673347382
1422 1423 0.0222687056207
1422 1462 -0.341343449653
1423 1424 -0.462039060915
1423 1463 -0.212961913563
1424 1425 -0.847214417429
1424 1464 -0.148104736777
1425 1426 0.331339443255
1425 1465 0.789506665673
1426 1427 -0.515475488499
1426 1466 0.157062503428
1427 1428 -0.346357345566
1427 1467 0.345005161038
1428 1429 -0.615626999827
1428 1468 0.691134789697
1429 1430 0.399799996021
1429 1469 0.251520830192
1430 1431 -0.697307597267
1430 1470 0.867896208204
1431 1432 -0.853410365926
1431 1471 -0.524496104412
1432 1433 0.328790658453
1432 1472 -0.756243917285
1433 1434 -0.721495161003
1433 1473 -0.825419470777
1434 1435 0.963438374637
1434 1474 0.327961321742
1435 1436 0.998812668733
1435 1475 0.26496944776
1436 1437 -0.509259122696
1436 1476 0.623536973279
1437 1438 -0.647761052736
1437 1477 -0.490279747904
1438 1439 0.887643841155
1438 1478 -0.459742059583
1439 1440 0.909566652044
1439 1479 0.411146462197
1440 1480 -0.989271569413
1441 1442 -0.387208286722
1441 1481 -0.19120907045
1442 1443 -0.985587180976
1442 1482 -0.438218299927
1443 1444 -0.177197921845
1443 1483 0.733358389164
1444 1445 0.586934528598
1444 1484 0.0520554503894
1445 1446 0.368447936468
1445 1485 0.39677839448
1446 1447 -0.627181882806
1446 1486 0.35826643859
1447 1448 0.0367975042344
1447 1487 0.387844907216
1448 1449 -0.155803749338
1448 1488 -0.167505733433
1449 1450 -0.323050652164
1449 1489 -0.984619501663
1450 1451 0.16101694475
1450 1490 -0.373144104212
1451 1452 0.780712487382
1451 1491 -0.116419049495
1452 1453 -0.637365549965
1452 1492 0.811999559129
1453 1454 0.359876162352
1453 1493 -0.00561413028477
1454 1455 0.980077127355
1454 1494 -0.259363536534
1455 1456 0.484684600643
1455 1495 -0.311043735229
1456 1457 -0.519971251174
1456 1496 0.772577439688
1457 1458 -0.923395059698
1457 1497 -0.206819133671
1458 1459 0.619137235029
1458 1498 -0.37244571498
1459 1460 0.18596044073
1459 1499 -0.14476067452
1460 1461 0.195672893557
1460 1500 0.198550630433
1461 1462 -0.313184446282
1461 1501 -0.508370108053
1462 1463 -0.559793368574
1462 1502 0.459324137804
1463 1464 -0.216359931671
1463 1503 0.932527015851
1464 1465 -0.841714497609
1464 1504 0.277555194514
1465 1466 0.140087279837
1465 1505 0.354100362971
1466 1467 -0.564163212091
1466 1506 0.893826794299
1467 1468 -0.00999627235343
1467 1507 0.747190352747
1468 1469 -0.534559180025
1468 1508 -0.456552722463
1469 1470 -0.489521291525
1469 1509 0.724227042649
1470 1471 0.443308031135
1470 1510 0.378144023841
1471 1472 -0.482783406806
1471 1511 0.441343165418
1472 1473 0.653359304885
1472 1512 0.303801339726
1473 1474 0.285800829894
1473 1513 -0.00856492507928
1474 1475 0.284536777707
1474 1514 -0.00584849986763
1475 1476 0.773007521646
1475 1515 0.178742233925
1476 1477 0.260332255849
1476 1516 0.308909164155
1477 1478 0.929290230905
1477 1517 0.942723883531
1478 1479 -0.113214668061
1478 1518 0.02185466394
1479 1480 -0.551191571874
1479 1519 -0.849435312983
1480 1520 0.0298129614915
1481 1482 0.645564840995
1481 1521 0.174260702471
1482 1483 0.0741402338919
1482 1522 -0.153881392644
1483 1484 -0.0605026096581
1483 1523 -0.364356468835
1484 1485 -0.292336911038
1484 1524 -0.349590974057
1485 1486 -0.506923338066
1485 1525 -0.184451792307
1486 1487 -0.936335029829
1486 1526 0.763747658703
1487 1488 -0.609943520258
1487 1527 0.551084549404
1488 1489 0.500467124129
1488 1528 0.132378056098
1489 1490 -0.497241629265
1489 1529 0.11164793652
1490 1491 0.735633684722
1490 1530 0.0692521351213
1491 1492 0.258302215223
1491 1531 -0.00538974926039
1492 1493 0.869055691474
1492 1532 0.650884539855
1493 1494 -0.525512748918
1493 1533 0.577838850725
1494 1495 0.122360726645
1494 1534 -0.611301744577
1495 1496 0.300916898667
1495 1535 0.669015076309
1496 1497 0.318107432808
1496 1536 -0.32894130256
1497 1498 -0.360792522356
1497 1537 0.257981103914
1498 1499 -0.660961197994
1498 1538 -0.44840326034
1499 1500 -0.982619952667
1499 1539 0.369935944098
1500 1501 0.549931482542
1500 1540 0.883684893259
1501 1502 -0.643090621182
1501 1541 -0.563077642158
1502 1503 0.158467804132
1502 1542 0.906947813447
1503 1504 0.865812791781
1503 1543 0.13384597955
1504 1505 -0.613952652884
1504 1544 0.198757182918
1505 1506 -0.871645282774
1505 1545 0.419696018977
1506 1507 0.32988194034
1506 1546 0.161216461973
1507 1508 -0.920829485589
1507 1547 0.328534396427
1508 1509 0.278136526901
1508 1548 0.292802699993
1509 1510 0.563800488448
1509 1549 0.979653157758
1510 1511 -0.62235410958
1510 1550 0.567158377361
1511 1512 -0.465492161802
1511 1551 -0.76797450351
1512 1513 0.308591770337
1512 1552 0.475804083474
1513 1514 -0.755263233725
1513 1553 -0.0819264395509
1514 1515 0.722641171255
1514 1554 0.638470333933
1515 1516 -0.18653418566
1515 1555 0.303496794507
1516 1517 0.49986181476
1516 1556 -0.042429565251
1517 1518 0.421587943709
1517 1557 0.771896771266
1518 1519 -0.365585927084
1518 1558 -0.75534418612
1519 1520 -0.808315081633
1519 1559 -0.150315202479
1520 1560 0.899751354528
1521 1522 0.413031086811
1521 1561 0.0211644933644
1522 1523 0.0636526490947
1522 1562 0.480154719528
1523 1524 -0.905725704684
1523 1563 0.318246336702
1524 1525 0.766146834839
1524 1564 -0.776089867848
1525 1526 -0.0456400896363
1525 1565 -0.435166405914
1526 1527 -0.946859930691
1526 1566 0.184147808363
1527 1528 0.563400174126
1527 1567 0.793302533916
1528 1529 -0.928032221503
1528 1568 -0.258508368399
1529 1530 0.492760862823
1529 1569 0.194259140732
1530 1531 -0.90691841274
1530 1570 0.463780964074
1531 1532 0.861808687143
1531 1571 -0.165088265164
1532 1533 0.630151610704
1532 1572 -0.850598523739
1533 1534 0.296090913455
1533 1573 0.393620272233
1534 1535 -0.216679298166
1534 1574 0.515950432529
1535 1536 -0.258382862377
1535 1575 -0.846261453876
1536 1537 0.592858762088
1536 1576 -0.800332486251
1537 1538 0.0381390105916
1537 1577 0.276766207949
1538 1539 0.507355141569
1538 1578 -0.63577380228
1539 1540 -0.150146760573
1539 1579 0.748301636555
1540 1541 0.229660239008
1540 1580 -0.466387707567
1541 1542 0.167449427045
1541 1581 0.97959959037
1542 1543 0.0168499968613
1542 1582 -0.961421142352
1543 1544 -0.915784550078
1543 1583 0.985877624759
1544 1545 -0.595293056133
1544 1584 -0.769097759993
1545 1546 0.0747560572808
1545 1585 -0.578809721067
1546 1547 -0.82618825109
1546 1586 -0.339094925609
1547 1548 -0.487560390341
1547 1587 -0.760004494235
1548 1549 -0.397719469066
1548 1588 -0.0338661543763
1549 1550 -0.177987320463
1549 1589 0.208989924589
1550 1551 -0.423609273872
1550 1590 -0.967100453285
1551 1552 0.852656806041
1551 1591 0.0138642038986
1552 1553 0.589067147568
1552 1592 -0.986224618139
1553 1554 -0.395108123718
1553 1593 -0.386408842727
1554 1555 -0.882917904687
1554 1594 -0.519935525332
1555 1556 0.337485969204
1555 1595 0.294654530665
1556 1557 -0.000700887125052
1556 1596 0.572058735818
1557 1558 -0.273630245753
1557 1597 0.234534311327
1558 1559 0.653245162367
1558 1598 -0.392512401422
1559 1560 0.959599809022
1559 1599 -0.21895129218
1560 1600 0.885500254459
1561 1562 0.660123321986
1562 1563 0.86243087885
1563 1564 0.511135667835
1564 1565 -0.234374986646
1565 1566 -0.216394484304
1566 1567 -0.927953595019
1567 1568 0.961622638225
1568 1569 -0.469965572546
1569 1570 0.417070844567
1570 1571 0.523570213143
1571 1572 0.151951906762
1572 1573 -0.343325462542
1573 1574 -0.77030944201
1574 1575 0.274822129498
1575 1576 -0.424780484563
1576 1577 0.298683138987
1577 1578 0.576580703385
1578 1579 0.464468708089
1579 1580 -0.804124686353
1580 1581 0.0660986449774
1581 1582 -0.471417487277
1582 1583 -0.973886868235
1583 1584 0.1808494456
1584 1585 0.919990250469
1585 1586 0.463184935818
1586 1587 0.186005030974
1587 1588 0.332479915805
1588 1589 -0.700003528113
1589 1590 0.411873885885
1590 1591 -0.91563729631
1591 1592 -0.412319920189
1592 1593 -0.0892335451065
1593 1594 0.609328961523
1594 1595 -0.386798314788
1595 1596 0.163274256646
1596 1597 0.74937128166
1597 1598 -0.0255083951347
1598 1599 0.972460112922
1599 1600 -0.291160831696
