1 2 -0.5830789252823148
1 41 -0.036637876473268216
2 3 0.1435902928564683
2 42 -0.060095173389693946
3 4 -0.2470133921438178
3 43 0.15696896337870503
4 5 0.07999371364414753
4 44 0.07830456787586648
5 6 0.12101923829448036
5 45 -0.5543070565965418
6 7 -0.5952759076344527
6 46 -0.08741175776929477
7 8 -0.6050520958695209
7 47 -0.7844282308995583
8 9 0.22806402152101724
8 48 0.1978870401034769
9 10 0.8142809922305989
9 49 -0.46784518426523336
10 11 0.43802988113692853
10 50 0.6592440143727571
11 12 -0.8395416359928789
11 51 -0.20600831290951271
12 13 -0.48277492826003665
12 52 -0.4968696637484349
13 14 0.47243692103622137
13 53 0.19347961863475582
14 15 -0.3341666044265159
14 54 -0.6582603778293412
15 16 0.8787717603371705
15 55 -0.5380761784500254
16 17 -0.7500883777920215
16 56 -0.8760789002332485
17 18 -0.5798017533152402
17 57 0.23528539456184805
18 19 0.48575520273731465
18 58 0.33869303552402696
19 20 -0.6999631542266314
19 59 -0.46952080152560827
20 21 -0.7642216976497318
20 60 -0.6393530205456825
21 22 -0.5513921826611021
21 61 -0.1318096409989462
22 23 -0.7761184006331623
22 62 0.687039047983742
23 24 -0.04035815673389709
23 63 -0.03597198303924576
24 25 -0.6859893884287263
24 64 -0.11681824767730653
25 26 -0.1585556731171882
25 65 0.5420808900933962
26 27 0.6842356627321757
26 66 -0.8077583399126647
27 28 0.7254925332130218
27 67 -0.624671395176327
28 29 0.720758121959971
28 68 0.5986668078735669
29 30 0.6352475408663736
29 69 -0.6495229283522972
30 31 -0.27410648044844277
30 70 0.7702593821059189
31 32 0.2958816071395074
31 71 0.8456643152213699
32 33 0.7362378413661641
32 72 0.9873581495541546
33 34 0.6017591918351168
33 73 0.33254297139598066
34 35 0.4999120882163659
34 74 0.6728985864043435
35 36 -0.8431871476373962
35 75 0.03236206437636402
36 37 -0.23062831951822993
36 76 0.10348853139533865
37 38 0.19603356206098188
37 77 0.2476579003675461
38 39 -0.004272636484932146
38 78 0.2785525676322964
39 40 0.34262159447034146
39 79 0.7658391286047519
40 80 0.6599329523417918
41 42 -0.15892392937125055
41 81 0.7183639970426883
42 43 0.01633448097540291
42 82 -0.3524967801766421
43 44 -0.4458983844987443
43 83 -0.6421692592970267
44 45 -0.5205707564395818
44 84 0.22247077131791992
45 46 -0.28145546927025533
45 85 -0.3160186715044939
46 47 0.36570064438542005
46 86 -0.9194048775536054
47 48 0.8301285030813661
47 87 -0.4094265223910072
48 49 -0.7520672638197639
48 88 -0.009265184470877541
49 50 0.6482782022430535
49 89 -0.9600419504171183
50 51 -0.6812835351104789
50 90 -0.9484098769571274
51 52 0.9918404958794629
51 91 0.9571549490755367
52 53 -0.8785921984891951
52 92 -0.18206513275357583
53 54 0.9573679488340661
53 93 0.6150230680333639
54 55 0.6137099856443795
54 94 -0.9634385410769348
55 56 -0.6396112986589395
55 95 -0.8670829764116894
56 57 -0.5427273027858488
56 96 -0.33738007488326893
57 58 -0.8383672829567532
57 97 0.4428884334536154
58 59 -0.2562701478070848
58 98 0.652148742433879
59 60 -0.511482921981667
59 99 -0.8299866493838646
60 61 0.1385622258520347
60 100 0.04943636880181268
61 62 -0.2681329740721383
61 101 -0.4708297268050654
62 63 0.8320032283955281
62 102 -0.9919191471102229
63 64 0.6183655872250422
63 103 0.44926494064943356
64 65 -0.0861893207244877
64 104 -0.5737950341817291
65 66 -0.591794971186548
65 105 0.3992242411717606
66 67 0.8447269082661981
66 106 -0.8421190532518346
67 68 -0.6572637324876542
67 107 -0.9486923958186542
68 69 0.26771358016768976
68 108 0.03260185648125824
69 70 -0.1871684519822452
69 109 0.43142828051037707
70 71 0.6840584389650162
70 110 -0.4777130267327907
71 72 -0.6425614040929342
71 111 0.5081594604934307
72 73 -0.8678459243574632
72 112 0.8553822025203557
73 74 -0.07425283100824265
73 113 -0.11912391950060242
74 75 -0.8634337925525937
74 114 0.7458429263647368
75 76 0.37324974518434306
75 115 -0.9641793536912522
76 77 -0.827515906509404
76 116 -0.9273293154399116
77 78 0.7653045065599748
77 117 0.7721855694711317
78 79 0.03978308695300958
78 118 0.942351702914507
79 80 -0.3824596236125368
79 119 0.06527026501150468
80 120 -0.9396994062315607
81 82 -0.6576768927766534
81 121 -0.3222720787925992
82 83 0.7729967105202038
82 122 -0.4963289784102094
83 84 0.023308555851304202
83 123 0.9956285781123282
84 85 -0.6148214714067715
84 124 0.9182805400430576
85 86 -0.8758491399141937
85 125 -0.3738381823826309
86 87 -0.6943194084010553
86 126 -0.8785922913716151
87 88 0.868457605396034
87 127 -0.7379883578921942
88 89 0.6544710579632251
88 128 -0.4891747721785087
89 90 -0.8761407286367056
89 129 -0.9489082931005455
90 91 -0.03223942722970086
90 130 0.9253723373793854
91 92 0.5400370255782654
91 131 -0.35522710736194507
92 93 -0.4741939796628789
92 132 0.8880770801892535
93 94 0.6582584726267693
93 133 -0.43176128845303996
94 95 0.6869963911840316
94 134 0.12117349493189167
95 96 -0.636503068334535
95 135 0.11542297388242351
96 97 -0.4764590623072016
96 136 -0.288636812653696
97 98 -0.4491223872390959
97 137 0.0839246871662731
98 99 0.14134413903107634
98 138 0.5926614050385244
99 100 -0.5852439073268543
99 139 0.5104216507592252
100 101 0.18485709136726802
100 140 0.4089595142490374
101 102 0.774370591576333
101 141 -0.6889472168340187
102 103 0.35365234381633104
102 142 0.9885259507399631
103 104 0.4382167145893958
103 143 0.2345374110622147
104 105 0.13964891215902697
104 144 -0.29796093789342004
105 106 0.28301341894078935
105 145 -0.8841149097696528
106 107 -0.4882337764709985
106 146 0.9509849666175267
107 108 -0.22194274616870935
107 147 0.042514206634761686
108 109 0.34859488621836743
108 148 0.1605431326347193
109 110 0.8050573544917712
109 149 0.6388890200445867
110 111 0.4826285663188743
110 150 0.06076871442742404
111 112 0.2209640767913661
111 151 0.5780481547237839
112 113 -0.3915168358915593
112 152 0.15498251621056447
113 114 -0.697343669101695
113 153 -0.24869149254812917
114 115 -0.5705863886363278
114 154 0.8329528602764527
115 116 -0.6977877452739838
115 155 -0.9012981051360909
116 117 -0.2642513017031778
116 156 0.7804073575838024
117 118 0.3644170659479522
117 157 0.9949223553275579
118 119 0.6445309207749859
118 158 -0.8304088550909099
119 120 0.5399510069404132
119 159 0.17656499004051085
120 160 0.5097442438137614
121 122 -0.45893433340433765
121 161 0.3820827008991923
122 123 0.7241756249245324
122 162 0.2703923790549807
123 124 0.01665468721831398
123 163 -0.3199067088728127
124 125 -0.4594580782894988
124 164 0.15924360513330726
125 126 0.28172318338769453
125 165 0.06465936831658081
126 127 0.47700247043729105
126 166 0.8502492893590168
127 128 0.13240882691171718
127 167 0.10913045608765004
128 129 -0.6216801700766033
128 168 -0.9472886844907116
129 130 -0.04391411412845958
129 169 0.7306037280276421
130 131 -0.7871275797091397
130 170 -0.5545311655172329
131 132 0.7555503482884103
131 171 -0.7308875104775343
132 133 -0.6304894764612632
132 172 -0.07663543347200763
133 134 -0.3286354293058187
133 173 -0.7897484838056934
134 135 0.09992509046235543
134 174 -0.1491399139678138
135 136 -0.6595177551209976
135 175 -0.6360346492181386
136 137 -0.7435254149417863
136 176 -0.9805238372043401
137 138 -0.989982137058826
137 177 -0.009449144211802096
138 139 0.7009489175817476
138 178 -0.9607089126333626
139 140 -0.5171420348347568
139 179 -0.701886858917792
140 141 0.8250915500738785
140 180 0.8632990876914333
141 142 0.3824467681245063
141 181 0.062131311487980234
142 143 0.400295161016351
142 182 -0.27649913961912453
143 144 0.6805064133500338
143 183 0.4335683014812661
144 145 -0.3900483988273804
144 184 -0.38050304299180526
145 146 -0.5183602479517677
145 185 -0.7593720423812189
146 147 0.009210710138990885
146 186 0.41837847664891825
147 148 0.8402218468298284
147 187 -0.6481839224167898
148 149 0.5683384201918416
148 188 0.16969387799449764
149 150 0.18596603081557928
149 189 -0.7500889201726499
150 151 0.8231940401651456
150 190 0.7427791464739848
151 152 -0.7086929581557166
151 191 -0.7814744288853404
152 153 0.5348185004692498
152 192 -0.32774576531679256
153 154 -0.5933256958477937
153 193 -0.38031983115149504
154 155 -0.4427150635363264
154 194 -0.17996301027849104
155 156 0.3081352020726773
155 195 -0.47300510950208285
156 157 0.9428418243878207
156 196 -0.7996904410407284
157 158 0.17846431525720985
157 197 -0.40057623322763125
158 159 -0.04056961324133135
158 198 0.7543877589685148
159 160 0.2751778271321199
159 199 0.13747748460982878
160 200 0.9178789361411068
161 162 -0.5591909667245487
161 201 0.6239018410773733
162 163 0.39444635990406307
162 202 -0.9390928126487088
163 164 -0.6242592845127308
163 203 -0.9129650367195923
164 165 0.5476705827624997
164 204 0.39285241713642427
165 166 0.2832767197060273
165 205 -0.20900036968376523
166 167 -0.9832876139845068
166 206 0.934389559060189
167 168 0.1005402270915996
167 207 -0.880644344108364
168 169 0.9547796035642744
168 208 0.15154194542277044
169 170 -0.7961001775743937
169 209 -0.7956927430548892
170 171 -0.9880906263768832
170 210 -0.7425127823438171
171 172 -0.5644639602415171
171 211 -0.8553487022956245
172 173 -0.558345022950727
172 212 0.35178772648731216
173 174 -0.4510381032221136
173 213 -0.7352057169982269
174 175 0.43759616781298205
174 214 -0.3582274288783416
175 176 -0.4588079018218487
175 215 -0.04140993918724223
176 177 0.008392834385164916
176 216 0.6197622384992707
177 178 0.6311207357065309
177 217 -0.361553038389413
178 179 -0.88170636248935
178 218 0.018138884599794958
179 180 0.08145488158589975
179 219 0.042290414622182304
180 181 -0.16819087361018448
180 220 0.18394405643048173
181 182 -0.6418803335624301
181 221 0.5726257880263026
182 183 -0.301314699281221
182 222 -0.966185483987448
183 184 0.9380299783241217
183 223 0.02797777009157909
184 185 0.06324255465375761
184 224 -0.8678690650595391
185 186 -0.8031598500053134
185 225 -0.3180471170014194
186 187 0.8500021624281335
186 226 -0.04041033928729321
187 188 -0.8721172798679544
187 227 -0.11358205175104485
188 189 -0.6027486715591628
188 228 -0.6399994597845287
189 190 -0.8041462548541445
189 229 -0.34946562377974577
190 191 -0.5467755960176559
190 230 -0.23676774259722966
191 192 -0.0060132554396936655
191 231 0.7706566917486022
192 193 0.04248673253827029
192 232 -0.6797608769178054
193 194 0.05609874115200819
193 233 -0.29070445985849247
194 195 0.36182726031478096
194 234 -0.8644969325645493
195 196 -0.2962703173512884
195 235 -0.5687200986545986
196 197 -0.9639348411310666
196 236 0.9887450401871059
197 198 -0.28538089757206797
197 237 -0.009632674902673388
198 199 -0.3424194819913964
198 238 -0.795724807969036
199 200 0.06112184358575101
199 239 0.12881559626088745
200 240 -0.4756142395149898
201 202 -0.9789462513677831
201 241 0.12240739332599948
202 203 0.31462260519227514
202 242 0.9986448432779014
203 204 0.10818255843599656
203 243 -0.03264811256715894
204 205 0.5316281868743298
204 244 0.17816507936332893
205 206 0.07297909527128565
205 245 -0.6337734355225271
206 207 -0.35051608100294285
206 246 -0.9655459265615036
207 208 0.11584745148288222
207 247 -0.936345846128682
208 209 -0.9446563611736973
208 248 -0.8096911726074116
209 210 -0.1731418808777172
209 249 -0.1789976019487971
210 211 -0.9976735945783479
210 250 0.9997856578059774
211 212 -0.6740477866777088
211 251 0.30140935557621207
212 213 0.5076095379735459
212 252 0.5438597295040253
213 214 0.43271697940366116
213 253 -0.8135704265536539
214 215 -0.6666302042883776
214 254 -0.03531626943604582
215 216 0.2767416827418687
215 255 -0.4683891433774141
216 217 0.006889185066712322
216 256 -0.674829806977671
217 218 0.6743667567333871
217 257 0.48172323598870115
218 219 0.9534309040106781
218 258 -0.3578356958410225
219 220 0.7776665325844834
219 259 -0.8078035649572446
220 221 0.13311509221858908
220 260 -0.5091242695874989
221 222 0.240562434982593
221 261 -0.660651593058859
222 223 0.8775325468613
222 262 0.4828789104919988
223 224 0.10156530029395894
223 263 0.459427852523435
224 225 -0.9904470644923344
224 264 0.4693934713264025
225 226 0.5184154200277298
225 265 0.15317047219585378
226 227 0.06973181946799256
226 266 0.8319448687583086
227 228 -0.4720061801970312
227 267 -0.5160737023310122
228 229 0.5714281457145047
228 268 -0.35419083867461487
229 230 -0.7248889361406601
229 269 -0.3460668052286473
230 231 -0.08784174373445741
230 270 0.6530120616807973
231 232 0.7613176689769194
231 271 0.44899140727764353
232 233 -0.4498597427845006
232 272 0.3665894467833404
233 234 -0.05946726609823405
233 273 0.8160487923468771
234 235 -0.4116876187715033
234 274 0.15308219223365382
235 236 -0.650069438145159
235 275 -0.665856836532537
236 237 0.7603997534983293
236 276 0.3221972615011912
237 238 -0.6230024105983791
237 277 -0.7726825280948655
238 239 0.5694081130714128
238 278 -0.18413771391574518
239 240 0.2898637116346241
239 279 -0.2196346740005637
240 280 0.09980966268032376
241 242 0.6274523748303928
241 281 0.4902005921176713
242 243 0.013090951086689007
242 282 0.8652915031882034
243 244 0.7185610981558457
243 283 -0.18419116354093812
244 245 -0.7600827440875753
244 284 0.3396594162489819
245 246 0.11825276245028338
245 285 0.0552866988760321
246 247 -0.6746366195484481
246 286 0.5665295898828515
247 248 0.54268524008415
247 287 -0.10121581894194409
248 249 0.811603157067877
248 288 0.7962171493701045
249 250 0.6896243996295479
249 289 0.5004172159467128
250 251 0.6931572499296308
250 290 0.09334387928505561
251 252 0.4627056100348004
251 291 -0.5030490934419374
252 253 0.4484742411584197
252 292 -0.6386175985010576
253 254 0.8951733809640219
253 293 0.8405734375179805
254 255 0.24575582267555895
254 294 -0.08495358818189658
255 256 0.6231271281045234
255 295 0.5300598338722058
256 257 -0.21901750992911562
256 296 0.5428582150381451
257 258 -0.2335251368285205
257 297 0.35465977804917204
258 259 0.45211597718996366
258 298 0.7013157057657631
259 260 -0.4024797382935039
259 299 -0.2970898156789732
260 261 -0.8488532033628351
260 300 0.6732246654403069
261 262 -0.4467801941280727
261 301 0.6743395841157693
262 263 -0.5180543622319684
262 302 0.8320183500078708
263 264 -0.4050390008855027
263 303 -0.30248306408220804
264 265 0.08705303630113326
264 304 -0.8737695173106614
265 266 -0.3446916307253085
265 305 -0.09270372630451984
266 267 -0.8330430671905282
266 306 -0.07576083740900885
267 268 -0.9130302018308063
267 307 -0.4935083376708451
268 269 -0.04225287940900779
268 308 0.4719245864509949
269 270 -0.3601610068383052
269 309 0.07388161317021025
270 271 -0.5677299323335432
270 310 0.9501395774766781
271 272 -0.8245159199156624
271 311 -0.0005041694399989805
272 273 -0.12339538407944595
272 312 -0.20302087489945997
273 274 0.4913969961081326
273 313 0.9703187604380497
274 275 -0.2935053501699467
274 314 -0.33690676417059384
275 276 -0.5730075568849098
275 315 0.5701929881386718
276 277 0.7920234745842782
276 316 0.9922933460708756
277 278 -0.3555693768009871
277 317 -0.6937136974297227
278 279 0.4052540716789552
278 318 0.3434769192339415
279 280 -0.07269186280566475
279 319 0.5439966174796047
280 320 -0.2705253641908738
281 282 -0.621777289478876
281 321 -0.9877182673078035
282 283 -0.11839426297858768
282 322 -0.5999426970440995
283 284 -0.4775536098779314
283 323 0.996254056237333
284 285 0.9091761589293805
284 324 -0.662931626653023
285 286 0.15885856828214107
285 325 -0.13939207437250656
286 287 -0.11094725966024432
286 326 -0.4406824205383413
287 288 -0.2714987069378092
287 327 0.6451964237049783
288 289 0.4891911029259477
288 328 0.11408034779276877
289 290 -0.1624495576502487
289 329 0.0357945235624908
290 291 -0.20866760344404178
290 330 0.4769864462391151
291 292 -0.18651297005140743
291 331 -0.8458383461403503
292 293 -0.162233997614041
292 332 0.6252502118553145
293 294 0.2938912401842748
293 333 -0.2218191840304351
294 295 -0.960647203118707
294 334 -0.10195341946043168
295 296 -0.5715576679639909
295 335 0.3157921045873835
296 297 -0.7478319496656443
296 336 0.677827787918238
297 298 -0.31467307246657916
297 337 0.1321304507793446
298 299 -0.8603550941709881
298 338 -0.7191785578290335
299 300 -0.00015935788662191364
299 339 -0.5620605892744259
300 301 0.06647944072084644
300 340 -0.8538846105870408
301 302 0.518706617433867
301 341 0.435702693761985
302 303 -0.8619121738862408
302 342 0.8401991690038118
303 304 -0.4836548495934643
303 343 0.2675051698360391
304 305 0.8951495959897868
304 344 0.6148648554392699
305 306 -0.5680977276875023
305 345 -0.5637821478818388
306 307 0.1040779571252286
306 346 0.24593780425748601
307 308 -0.002086058105925215
307 347 0.14681243907625618
308 309 -0.7781620705702279
308 348 0.42716126488941164
309 310 0.602951835037151
309 349 -0.732702216505428
310 311 0.026166745458598317
310 350 -0.9422120170360513
311 312 0.6166809471398493
311 351 0.10590678942744036
312 313 -0.8712223865927426
312 352 0.33041505955693906
313 314 -0.7026748226146129
313 353 -0.8832106656414285
314 315 -0.11181003612457707
314 354 0.8495345280513005
315 316 0.8125575092051704
315 355 -0.8230418796140919
316 317 -0.5670655632312538
316 356 -0.7737247229250435
317 318 0.2757159017249946
317 357 0.5068005416888515
318 319 0.4191523585375183
318 358 -0.5084868107869329
319 320 0.08454461176960693
319 359 -0.8921840219893782
320 360 -0.23766962388887825
321 322 0.5440877428890725
321 361 0.9156643361865504
322 323 0.6077071364216087
322 362 0.6153441184364521
323 324 0.597102454283416
323 363 -0.8745229083266897
324 325 0.6386322623358183
324 364 -0.15988382699859294
325 326 0.9460117202365053
325 365 -0.9752029167190019
326 327 -0.07438614028910573
326 366 -0.6035683513530079
327 328 0.9645792230084465
327 367 -0.4115376419431618
328 329 -0.33062892784021813
328 368 -0.9127795234006377
329 330 0.9112709881201417
329 369 -0.7612697506328518
330 331 -0.2268023167990587
330 370 -0.9599113505925845
331 332 0.2543788078171094
331 371 0.2807667235346556
332 333 -0.7181423309271524
332 372 0.2486526601113923
333 334 0.9890482536990717
333 373 -0.8219953220536254
334 335 -0.5708917731814407
334 374 0.9239254987187324
335 336 -0.5479816156273858
335 375 0.6862922294593423
336 337 0.9664349550914513
336 376 -0.6573076728856762
337 338 0.5542230876786964
337 377 -0.8469164043512103
338 339 -0.6241366263078303
338 378 -0.433712652747271
339 340 0.7274442373319865
339 379 0.6529016442440794
340 341 0.7218181242486339
340 380 -0.6641635590851018
341 342 -0.612908328178221
341 381 -0.7661615941705537
342 343 0.8800203363919996
342 382 0.03402193317715052
343 344 -0.554996078727984
343 383 -0.48581293623676847
344 345 0.4516433412928229
344 384 -0.7759453969797234
345 346 -0.8113675634529585
345 385 0.8202852342531228
346 347 0.6259151454539884
346 386 0.7532366802042183
347 348 0.8393126227080419
347 387 -0.7388829161558539
348 349 -0.5115527148591552
348 388 -0.20867318722982198
349 350 -0.1759613299029279
349 389 0.0019711534663515717
350 351 -0.24092544794461546
350 390 0.24073588464045237
351 352 -0.6165652383644018
351 391 0.42675493424093847
352 353 0.598796660773665
352 392 -0.8437347263939019
353 354 -0.3528743446384901
353 393 -0.48219700405073196
354 355 0.7541000345263922
354 394 0.987949527467243
355 356 0.5066257533799896
355 395 -0.6445938560329851
356 357 0.366299087158521
356 396 0.45322394246595765
357 358 -0.41053057687553696
357 397 0.44791540507591177
358 359 -0.7820529805456604
358 398 -0.002291804758686844
359 360 0.07454010789706134
359 399 0.5293155053623977
360 400 0.9000055880316864
361 362 0.40387576818862225
361 401 -0.404843466269899
362 363 -0.8840942568553776
362 402 0.5806120700376993
363 364 -0.3683907696136248
363 403 -0.8344395676907761
364 365 0.05078480591265633
364 404 -0.3136258168080073
365 366 0.9803741964337509
365 405 0.03997258931428682
366 367 0.297616367628307
366 406 -0.9331180792249392
367 368 -0.18447985331371264
367 407 0.490288777359726
368 369 -0.021760376420689065
368 408 -0.3192371096418434
369 370 0.10982933340027867
369 409 0.032328945195188696
370 371 -0.1546509959519986
370 410 0.3173612778677064
371 372 0.1845271548169547
371 411 0.9808119333147847
372 373 0.10684145932217581
372 412 0.768831238488807
373 374 -0.3447276422457004
373 413 0.11955688460709668
374 375 -0.7467252254475016
374 414 0.8336933692270085
375 376 -0.31286594619280295
375 415 0.7472367000383506
376 377 -0.3780787700898234
376 416 0.2643262460200093
377 378 -0.9502799916074143
377 417 0.41388652414315175
378 379 0.9921617181745028
378 418 -0.29313778279107927
379 380 0.3585809568333289
379 419 -0.9057807188873634
380 381 -0.6900030310615031
380 420 0.8881710707792811
381 382 -0.36137383656268307
381 421 -0.2226838449019517
382 383 -0.022333027996793042
382 422 -0.8077158757057117
383 384 -0.05329751137974159
383 423 0.3229742565564473
384 385 -0.35235517300089847
384 424 0.44161747880950997
385 386 0.4063005483649693
385 425 0.8011704790252021
386 387 0.4981038478498405
386 426 -0.29994169677630356
387 388 0.3873728996603303
387 427 -0.4918289009715717
388 389 -0.3049334407683324
388 428 0.4774558979238961
389 390 -0.5576113243747398
389 429 -0.23038201577858874
390 391 -0.04709050201592979
390 430 -0.1027616630691619
391 392 0.7208926907362161
391 431 0.3243113172473464
392 393 0.35904179336526676
392 432 0.3517227982917266
393 394 -0.2055621325098993
393 433 0.6207081869944187
394 395 0.9960534993118282
394 434 0.9610735266987578
395 396 -0.39207012828320176
395 435 -0.8156796239765884
396 397 0.6437381062114349
396 436 0.9371134060604587
397 398 0.08164792394438436
397 437 0.03892033578795395
398 399 -0.045603981334422894
398 438 0.4751115997603368
399 400 -0.28712454163069423
399 439 0.7146776490015658
400 440 -0.05712537625758318
401 402 0.535985483911182
401 441 0.3764366497852283
402 403 -0.09991664264427835
402 442 0.702421593056151
403 404 0.4910332828568098
403 443 -0.4938013560860557
404 405 0.14610798870982755
404 444 -0.07623706265839947
405 406 0.28590101282939284
405 445 0.09349835192263178
406 407 0.6586647914029193
406 446 -0.51088940762438
407 408 0.8046664053487373
407 447 0.304133523437357
408 409 -0.15583070505078322
408 448 -0.3581297931973202
409 410 -0.9862690121578273
409 449 0.10238613240003569
410 411 -0.23918864935657136
410 450 0.007006954056097303
411 412 -0.40036392036847746
411 451 0.8869523445468757
412 413 0.23623545304045868
412 452 0.3994010563986581
413 414 0.14075139127517744
413 453 -0.09626268452380926
414 415 -0.27738988133418774
414 454 -0.3871565659136371
415 416 -0.44578803095945707
415 455 -0.9921395825388903
416 417 0.17304901314651855
416 456 -0.03581585138642418
417 418 -0.6911616426161986
417 457 -0.7792951872670677
418 419 -0.5625505815153686
418 458 -0.011700184107981348
419 420 0.14204688391685694
419 459 0.020619466845308798
420 421 -0.6471079841014882
420 460 0.6899871324606579
421 422 -0.30972462999309025
421 461 -0.9174768384925298
422 423 0.7126655806573468
422 462 0.8067014516081219
423 424 0.8108608596004809
423 463 0.8034076535843482
424 425 -0.46648494291970444
424 464 -0.04746147341261686
425 426 0.06301921207650718
425 465 -0.635560149702634
426 427 -0.04470785843907832
426 466 0.2014491646899328
427 428 0.5647821299232756
427 467 0.2220317926295361
428 429 -0.27080099866706986
428 468 -0.6738774590904126
429 430 0.283044195126986
429 469 0.31941103790707115
430 431 0.25508300610882606
430 470 -0.5571401977772363
431 432 -0.7309348679854129
431 471 0.5066111326889657
432 433 0.2536622604478438
432 472 -0.6554992717153931
433 434 0.287867263605468
433 473 0.5978829516328565
434 435 -0.6572772739071495
434 474 -0.10422652993353454
435 436 -0.13567996961292295
435 475 0.8604514408330926
436 437 0.5957988738719304
436 476 0.38247553819936386
437 438 -0.03340944989917127
437 477 0.7862012641037446
438 439 0.4055690630661688
438 478 0.23908978521668756
439 440 -0.3150762755929848
439 479 -0.6710833934831606
440 480 -0.9806475024647152
441 442 -0.22563303923795552
441 481 0.23041165018611243
442 443 -0.27516627153521767
442 482 -0.5951447472307372
443 444 -0.2982027949988393
443 483 0.31239171295938806
444 445 -0.11752575335831983
444 484 -0.07667301479820088
445 446 0.03261809772390656
445 485 0.15810352221695867
446 447 0.5992242002001655
446 486 0.5109810478034627
447 448 -0.8390710272304014
447 487 -0.3089223939367496
448 449 -0.9002645237699576
448 488 0.11619833392639611
449 450 -0.31766870212043585
449 489 0.5418102967238811
450 451 -0.7246521167350708
450 490 0.2625169530294025
451 452 0.8612181235661416
451 491 0.6148775051805746
452 453 -0.8016336016842025
452 492 -0.052278010841531275
453 454 0.32806906219048537
453 493 -0.6181853232953429
454 455 0.24413209205865116
454 494 0.20499360304883374
455 456 -0.6635292081197661
455 495 0.36814100978371167
456 457 -0.5886915682608307
456 496 -0.023420018705113455
457 458 -0.6331854694912487
457 497 -0.11104651283972378
458 459 0.4671068776711744
458 498 0.515651481105337
459 460 0.9034313809140926
459 499 0.007203479493492315
460 461 0.722383352538789
460 500 -0.312974463304712
461 462 0.8876405281685888
461 501 0.738135471358879
462 463 -0.11061045702898631
462 502 -0.8832568374693337
463 464 0.6855746716114377
463 503 -0.4867680917883084
464 465 0.5860262365454625
464 504 -0.11455212414751004
465 466 0.15265085911865972
465 505 -0.5098457446411986
466 467 0.4134009965364729
466 506 0.044890126347978176
467 468 0.7776392957422091
467 507 -0.371257998797593
468 469 -0.5658715837561361
468 508 -0.6839188753448697
469 470 -0.9033578778136759
469 509 0.24261534082449598
470 471 -0.11879067724317083
470 510 -0.8820412839353124
471 472 0.3565948089817721
471 511 -0.39061854592370837
472 473 0.7696755444911658
472 512 -0.806806516607949
473 474 0.2671109941347569
473 513 0.6146829163338845
474 475 -0.7287736743891611
474 514 0.5271951098080292
475 476 -0.9601747737636117
475 515 -0.9461238390410691
476 477 -0.8769212309136742
476 516 -0.24425559587133883
477 478 0.6131647900730137
477 517 -0.6785992009597528
478 479 -0.20456231780416423
478 518 -0.1755337036375384
479 480 -0.8573101080223189
479 519 0.04643622185243346
480 520 -0.5739448862326844
481 482 -0.14488952031131874
481 521 0.16857928631378982
482 483 0.7443788789925974
482 522 0.20541599560445434
483 484 0.6692747203355935
483 523 0.443252866992792
484 485 0.4566618602221497
484 524 0.497789436152974
485 486 -0.6702825808283606
485 525 -0.4875430656609052
486 487 0.7161003444589451
486 526 0.3739745983810252
487 488 0.6747679622357361
487 527 0.33284053864761765
488 489 -0.7215028675738979
488 528 0.8685141985235025
489 490 0.40248774618103145
489 529 -0.3286917562443725
490 491 0.8083878638148962
490 530 -0.020396520634449855
491 492 0.6472204341045487
491 531 0.04640174917484652
492 493 0.49386176249135993
492 532 0.37813777017448524
493 494 0.07092369642760565
493 533 -0.02348686368151176
494 495 0.08314147518150139
494 534 0.2897720410207374
495 496 -0.9239721948299502
495 535 -0.49341100727439247
496 497 -0.14036641108815662
496 536 0.567687154941487
497 498 0.8825896391712977
497 537 -0.9934010162134572
498 499 -0.2757596196926053
498 538 0.673988492937106
499 500 0.30614026419133245
499 539 -0.8918887136262692
500 501 0.9110838865842743
500 540 -0.9308390606587025
501 502 -0.5130844650838597
501 541 -0.5459823125021526
502 503 -0.03446107362568274
502 542 -0.8391746176592676
503 504 -0.3522830118117626
503 543 0.01966800732299734
504 505 0.37739450130919194
504 544 0.16654500161193497
505 506 -0.32707859048406096
505 545 0.3408472061085599
506 507 -0.726589065684534
506 546 -0.022259567735656516
507 508 -0.9927071115729813
507 547 0.12174320551195494
508 509 -0.9165251270449175
508 548 -0.8928121412840662
509 510 0.5589281758639395
509 549 0.6569043662093794
510 511 -0.5091399094198934
510 550 -0.1598910342351061
511 512 -0.916178543926071
511 551 -0.4607360624897956
512 513 0.9539576083513603
512 552 0.9094688851422865
513 514 -0.6806884512001046
513 553 0.7204688828822265
514 515 -0.4671380178620106
514 554 -0.4232419522928741
515 516 0.542403890966785
515 555 -0.33515433196389677
516 517 0.6080003136147967
516 556 0.7893331288109657
517 518 0.4490114048063072
517 557 -0.45149371861398024
518 519 -0.445153668555055
518 558 0.35212243986182856
519 520 -0.43887337474011656
519 559 -0.5552903829687574
520 560 0.699419466735318
521 522 0.4052710377309039
521 561 -0.7762096562326466
522 523 0.6637054750311326
522 562 -0.9425347476223114
523 524 -0.18825126823949945
523 563 0.5528774023074037
524 525 -0.26135599149002897
524 564 -0.7830370694408342
525 526 -0.09596556598166694
525 565 -0.13678370045271104
526 527 0.10953854913638184
526 566 0.7646664710049345
527 528 0.3866941946820388
527 567 -0.0015742623732761807
528 529 -0.7595601919174322
528 568 -0.6699137596097846
529 530 0.444503887740876
529 569 -0.5535771923222299
530 531 -0.13011831127559326
530 570 -0.07685299557271552
531 532 0.5175412027572277
531 571 0.7630300009453348
532 533 0.7328891258403438
532 572 -0.2831877787964514
533 534 0.1919844971615159
533 573 -0.17883998241478882
534 535 -0.6952205151674593
534 574 -0.23920185568094698
535 536 -0.08917234753155245
535 575 0.6345663871629512
536 537 -0.11899077042981943
536 576 0.7653641656848047
537 538 0.9754555004566146
537 577 -0.5076750269746477
538 539 0.01761111358680112
538 578 0.12171463339159194
539 540 0.2100729801111616
539 579 0.019839694705400257
540 541 -0.9534200977833811
540 580 -0.2211415268039889
541 542 -0.47942100982167113
541 581 0.7284624344669342
542 543 -0.5397277267066227
542 582 0.44312971944393276
543 544 -0.18593398417470164
543 583 -0.044692322785851335
544 545 -0.8571984469144855
544 584 -0.6360061652285072
545 546 -0.7453208614500695
545 585 0.49651434961639684
546 547 0.12893053736099347
546 586 -0.3765034689358444
547 548 0.4436513041997485
547 587 -0.5206589381422055
548 549 0.5087891613252085
548 588 -0.33674076968578115
549 550 0.15100220583017876
549 589 -0.22989839485795027
550 551 0.035095742239382055
550 590 0.8784264947053471
551 552 0.128871926891589
551 591 0.015512744266221512
552 553 0.9653680991576017
552 592 -0.10034644923231206
553 554 -0.37620866350285587
553 593 -0.7753959678703606
554 555 0.5248456566725881
554 594 -0.3618887255620351
555 556 -0.7280603186905712
555 595 -0.7461605629505592
556 557 -0.18172993601989762
556 596 0.2305042458821136
557 558 0.9578775355058609
557 597 -0.022929104264157063
558 559 -0.40331698641924296
558 598 0.23161688966799
559 560 0.6276702260832621
559 599 -0.8619511870198022
560 600 0.3293490214220909
561 562 0.8465398516889009
561 601 0.9777725477266315
562 563 0.40859324120345164
562 602 0.525991823285638
563 564 -0.22375951230400792
563 603 0.327034280537406
564 565 -0.11800612291327917
564 604 -0.5335891294279749
565 566 -0.2752062022029307
565 605 0.19272159792883126
566 567 0.9699660259640341
566 606 0.38645930710442467
567 568 -0.7707532826909893
567 607 0.9036483016525374
568 569 -0.27049982077123214
568 608 -0.014555498623867402
569 570 -0.43833606933373614
569 609 -0.8125985489363694
570 571 -0.7397516860842752
570 610 0.44389815056924786
571 572 0.7657901948701074
571 611 -0.08162337156166566
572 573 -0.5711322268460555
572 612 0.7453210593152888
573 574 -0.5950425151651002
573 613 0.698162166769887
574 575 0.8346132726710107
574 614 -0.9200441092250979
575 576 -0.46628176144794153
575 615 0.9335492066001951
576 577 0.20587918619161427
576 616 0.9903118794555066
577 578 0.2902503485612278
577 617 -0.72798492172541
578 579 0.2252147789063692
578 618 0.44984162486154
579 580 -0.25790120450898013
579 619 -0.7645347917084861
580 581 0.6237000366793901
580 620 0.9378629290164657
581 582 0.029435775032307543
581 621 0.30635848874433536
582 583 -0.7007574720215419
582 622 -0.7192304361917354
583 584 -0.7252652924111951
583 623 0.8546289979899278
584 585 -0.741502541547161
584 624 0.05433058632065957
585 586 0.055659524546240347
585 625 -0.8774943019524091
586 587 0.7984920763505614
586 626 -0.19314647585373224
587 588 0.32095524354895644
587 627 -0.8812027748816555
588 589 -0.8304002789478913
588 628 -0.8446840598365977
589 590 -0.5424039587441003
589 629 -0.03902926527097317
590 591 -0.23208660080837484
590 630 0.6702382851130588
591 592 0.6383133932039151
591 631 0.49261152874189507
592 593 -0.6346133834877312
592 632 -0.4338388303578986
593 594 -0.864001689368266
593 633 0.2134750323281862
594 595 -0.5575943643036525
594 634 -0.2485810334588654
595 596 0.5677437804557854
595 635 -0.634071143460416
596 597 -0.025242273571341123
596 636 -0.25336569933194864
597 598 -0.9412324551886031
597 637 -0.31485135999948044
598 599 -0.5876546221287455
598 638 -0.8478795676157946
599 600 0.1721590735032008
599 639 0.05222632732981025
600 640 0.7262182843090661
601 602 0.35482154697608004
601 641 0.5903295509153057
602 603 -0.2081256340825901
602 642 -0.6131274751775388
603 604 -0.6360171768666545
603 643 0.6951919919028189
604 605 0.18755079738506408
604 644 0.8549551211859412
605 606 -0.2592018679683359
605 645 -0.5851767590010615
606 607 -0.0698107243059587
606 646 -0.2582958559020887
607 608 -0.33919206500115995
607 647 0.7211230496181946
608 609 0.36088091340124606
608 648 -0.8777730914880588
609 610 0.4084282426729595
609 649 -0.6486779494615691
610 611 0.5052538800413404
610 650 0.17213522374789947
611 612 0.7203687346125809
611 651 -0.5190985926863803
612 613 0.7375320041349478
612 652 -0.8406043984901677
613 614 -0.7360114748393913
613 653 -0.25775470894592467
614 615 -0.14230841095343827
614 654 0.520992411150873
615 616 -0.7537908717186541
615 655 0.1707683162196394
616 617 0.16642205866258508
616 656 -0.16223141990150358
617 618 -0.5387061024086923
617 657 -0.8989789462434097
618 619 -0.9458151511893904
618 658 -0.5091733860246186
619 620 0.29155653261360315
619 659 -0.7585580411964028
620 621 -0.7726512463326904
620 660 -0.31623910875288175
621 622 -0.4311609754588115
621 661 0.6666963953294851
622 623 0.7936967838092575
622 662 -0.10872521281945069
623 624 0.9370234069403423
623 663 -0.15998352805923854
624 625 0.7766469467984718
624 664 -0.9560859086801192
625 626 0.9533877815810456
625 665 0.9530870767934851
626 627 0.47560912839820757
626 666 -0.4620891551661539
627 628 -0.7822054397710303
627 667 -0.6476083181874346
628 629 0.8663518851162415
628 668 -0.4849595103213389
629 630 0.7971088276312932
629 669 0.6656776050797408
630 631 -0.9073341140439299
630 670 -0.7349878445214129
631 632 0.6133841033202931
631 671 -0.5834709055419438
632 633 0.7339169224233828
632 672 -0.35674086747346934
633 634 -0.04939584799203667
633 673 0.8388584418734157
634 635 0.8471455584620775
634 674 -0.381937942386001
635 636 0.9012082305567473
635 675 0.09042701528116903
636 637 0.5734358405242073
636 676 0.9877280714824375
637 638 0.8002158570324871
637 677 0.6367890441208397
638 639 0.9297924604431016
638 678 -0.3900023381860487
639 640 -0.5995345755378692
639 679 -0.9189120983540526
640 680 -0.39614950662118376
641 642 -0.9418473013238202
641 681 -0.6444818579285507
642 643 -0.6621538388917692
642 682 0.7789916761547244
643 644 0.6672072199077435
643 683 -0.07133648047372576
644 645 -0.8020007391622455
644 684 -0.8480558005560779
645 646 -0.5819847359736543
645 685 -0.4539155405382336
646 647 -0.11697606901227386
646 686 0.09115718896278624
647 648 -0.15540483175410502
647 687 0.8014826880501922
648 649 0.9571926179114227
648 688 0.024914806356233
649 650 -0.7533660511345948
649 689 0.9927452424534688
650 651 -0.3891825013092569
650 690 -0.2945596668219139
651 652 -0.18887891783131683
651 691 -0.7248047182686026
652 653 -0.12989698193443733
652 692 -0.8448389912245797
653 654 0.07718886037943351
653 693 -0.2934045136868699
654 655 -0.13696194956190277
654 694 -0.6213566211310964
655 656 0.2929684212640369
655 695 0.45351468235763504
656 657 0.7496903978264804
656 696 -0.9503829885586825
657 658 0.3759940700978499
657 697 0.6407241336512954
658 659 -0.3744677054600267
658 698 0.5243622665134058
659 660 -0.7261577976090794
659 699 0.03882358602456404
660 661 0.3593015693290762
660 700 -0.2683483528185433
661 662 -0.8166410268488469
661 701 -0.934670335171156
662 663 0.7374203053014667
662 702 0.19850842305013283
663 664 0.509409577655112
663 703 -0.11431415767969266
664 665 0.2970160579703318
664 704 0.1350568691945564
665 666 -0.8057184825141277
665 705 0.4081030756911379
666 667 -0.5732929628084931
666 706 -0.018102478254844012
667 668 -0.5732768412228775
667 707 -0.5796782081858727
668 669 -0.7667044165083428
668 708 -0.18028561595536385
669 670 -0.4331633607377283
669 709 0.18210697515201946
670 671 0.07990412870263497
670 710 -0.5617500774248967
671 672 0.06904763275478154
671 711 0.4748632294577966
672 673 0.9696209485590133
672 712 -0.12157896290462555
673 674 0.6499984371868677
673 713 0.5002781250801738
674 675 0.10164764126847303
674 714 -0.5665490598374145
675 676 0.40160721873327687
675 715 0.498581184988262
676 677 0.624412416183721
676 716 -0.7997476299889492
677 678 0.21123439789789122
677 717 -0.704876661271632
678 679 0.3062923465041165
678 718 -0.20466883356493715
679 680 0.19997746010523865
679 719 0.5365601034878889
680 720 -0.44108242499470296
681 682 0.749855490555434
681 721 0.48986415473723577
682 683 0.4618841761649646
682 722 0.7743880743076481
683 684 -0.5499941732805569
683 723 -0.9880009971604664
684 685 -0.8305113417025429
684 724 -0.2250646634244977
685 686 -0.3529346735240544
685 725 -0.6194662865650264
686 687 -0.8788207510232509
686 726 0.27224383243079897
687 688 0.6183187772760961
687 727 0.458072805041265
688 689 0.541285813774216
688 728 -0.5642827972655045
689 690 -0.9860977471896477
689 729 -0.1422873094409285
690 691 0.9328096508667083
690 730 0.8418638830954728
691 692 -0.7459670902931985
691 731 0.4894230682733183
692 693 0.9729436854555396
692 732 -0.5122141780546856
693 694 -0.0535624754105124
693 733 0.37685887318594813
694 695 0.6949405377746911
694 734 -0.979964141277522
695 696 -0.24938976880832397
695 735 0.36393790013299765
696 697 -0.4963107044535411
696 736 -0.03110171907650816
697 698 0.7604992464288456
697 737 -0.7392842607165873
698 699 0.8604612607523867
698 738 0.5579296408266863
699 700 0.7145784858963027
699 739 0.6798659007472967
700 701 -0.545802411735623
700 740 -0.939599869931862
701 702 -0.6517203980494941
701 741 -0.458563535677289
702 703 0.8998349245888198
702 742 -0.4510150606124004
703 704 0.05504076007928482
703 743 -0.11519731872347516
704 705 -0.826496274176368
704 744 -0.13239298064115324
705 706 -0.49982679712598443
705 745 -0.6454369403957774
706 707 0.25793110941055875
706 746 0.9070868562165679
707 708 -0.9628404835404618
707 747 -0.11362462657928352
708 709 -0.8978095162838349
708 748 -0.26349885922701843
709 710 0.7697216815483592
709 749 0.07546158096882083
710 711 -0.06532861954043434
710 750 0.7575407933056126
711 712 -0.5359778390020156
711 751 -0.05850311922731444
712 713 0.40783754535550143
712 752 0.8580951383799245
713 714 0.19252208191428832
713 753 -0.44448961058647196
714 715 0.022524886698978674
714 754 -0.11867744214269393
715 716 0.6202678456731163
715 755 -0.6997432231981793
716 717 -0.7202145781797293
716 756 0.09267170978561001
717 718 -0.08496089652856109
717 757 -0.4090413780751121
718 719 0.16988689118422196
718 758 0.5892968939380474
719 720 0.1762440311201885
719 759 -0.25803913826081004
720 760 -0.6250191932935205
721 722 0.016180326456343153
721 761 -0.7433321963444632
722 723 -0.46591126676431327
722 762 0.32763869599778905
723 724 0.08119430557505458
723 763 0.018395159684713835
724 725 -0.8541869527596224
724 764 -0.8329271489266983
725 726 0.21130836208486437
725 765 0.41333065754614395
726 727 0.7653221144934548
726 766 -0.6748396411929731
727 728 0.38922949968310827
727 767 0.1494029990603718
728 729 -0.39218381738147934
728 768 -0.8158587335747778
729 730 -0.7132206870513804
729 769 -0.5340703674112985
730 731 0.7988509779777266
730 770 -0.8952958998317055
731 732 0.40161610999170727
731 771 0.8848256155300565
732 733 -0.46020246768626816
732 772 0.4351935258447428
733 734 0.6714410394483792
733 773 0.3531939773677797
734 735 0.7048739857553183
734 774 -0.040862861235603454
735 736 -0.2928845514008038
735 775 0.8847842719139374
736 737 0.05335958831608578
736 776 0.676430093639337
737 738 0.43668666702256975
737 777 0.4965366900584962
738 739 -0.18915736452003573
738 778 0.5580625614600037
739 740 -0.9605811027683575
739 779 -0.03774530643996199
740 741 0.08039831636078065
740 780 -0.6546456715130891
741 742 0.3662152745293268
741 781 -0.38911003553011114
742 743 -0.2937994302366471
742 782 -0.42965905997945497
743 744 -0.11427692303099657
743 783 -0.9263508260728781
744 745 0.05748293075455768
744 784 -0.6029030364257668
745 746 0.6218630812505013
745 785 0.9415757266829765
746 747 0.25807226480741874
746 786 -0.6110617180460824
747 748 0.9415181996927684
747 787 0.6583958835010026
748 749 0.06084456876266042
748 788 0.9824109354039694
749 750 0.6172630645702482
749 789 0.9173204663692909
750 751 -0.7952706149789175
750 790 0.7225002348054652
751 752 -0.5740718415262023
751 791 0.9461496599629897
752 753 -0.5803386549198188
752 792 -0.1570740634465253
753 754 0.7231098383316328
753 793 0.01946473819280259
754 755 -0.43050425370386525
754 794 0.08655868121727028
755 756 0.4365695784071084
755 795 -0.09791151205818172
756 757 0.13063619408503668
756 796 0.4146600508442657
757 758 0.9430080148145552
757 797 0.799404301672451
758 759 -0.5247148662328778
758 798 0.27157209920982495
759 760 -0.5827061312393755
759 799 -0.24011552532968095
760 800 -0.45987108794086695
761 762 -0.0314315230937825
761 801 0.03154697569906295
762 763 -0.13002590609805176
762 802 0.02933700842160536
763 764 -0.9065660143674219
763 803 0.1384705359259648
764 765 0.2981830263823513
764 804 0.1735021434758841
765 766 -0.8467025405480726
765 805 0.25473136285235776
766 767 0.6279064998637884
766 806 0.8497124740111939
767 768 0.7675007815302237
767 807 0.41051658186048856
768 769 -0.8740655018699051
768 808 0.7968490871210456
769 770 0.3580783901237008
769 809 0.4729924121979163
770 771 -0.32545198587208013
770 810 -0.1650747590188868
771 772 0.8927494718701741
771 811 -0.689351846734626
772 773 -0.6858050317766313
772 812 -0.7100083883359745
773 774 -0.17511324384303162
773 813 -0.538753833423917
774 775 0.5987420510871344
774 814 -0.05423560849806752
775 776 0.5739789435994846
775 815 -0.7383754679741772
776 777 -0.6644704880272123
776 816 0.8686016762395206
777 778 0.8753691127638394
777 817 -0.28248964458445025
778 779 0.9385783920189641
778 818 -0.4698948923668109
779 780 0.12361626016034921
779 819 0.87502910114246
780 781 -0.9453920008392875
780 820 -0.29372179854981617
781 782 0.9503881916000834
781 821 0.8029916625723481
782 783 0.7827506770318746
782 822 -0.013444998178574696
783 784 -0.23592773408246903
783 823 -0.8034729506374474
784 785 -0.33431188683995305
784 824 0.3282244979635254
785 786 0.361495272590721
785 825 0.0783273750337401
786 787 -0.629578840648733
786 826 -0.38720907189669695
787 788 0.7354244290367322
787 827 -0.7406783450147949
788 789 0.24699677245593477
788 828 -0.782118179037834
789 790 -0.9968664403537522
789 829 0.5907806769174895
790 791 -0.21365229770700922
790 830 -0.5660206586396133
791 792 0.8659549264258892
791 831 -0.842408693353333
792 793 0.9345661918160013
792 832 0.006335477935180078
793 794 -0.9799906462937313
793 833 0.19543278188973057
794 795 0.5306681584839501
794 834 -0.7810324120261201
795 796 0.6455692629176857
795 835 0.1518345583584142
796 797 -0.07562089257476634
796 836 -0.7015642108394615
797 798 0.6392876928688958
797 837 -0.11300971295579365
798 799 0.7953440003818875
798 838 0.6898747212076928
799 800 -0.04113073204774076
799 839 -0.5452544617627462
800 840 0.105060178340602
801 802 -0.3774706731512312
801 841 -0.908676914802419
802 803 0.13079607097861135
802 842 -0.9309699657611088
803 804 0.9617329798865057
803 843 0.6152129105840711
804 805 -0.2566997387638119
804 844 0.26976134368111726
805 806 0.8408588466442448
805 845 0.46222376480318617
806 807 0.14521752255214881
806 846 0.4864516280235356
807 808 -0.6140597583058951
807 847 -0.06542454052336888
808 809 -0.9589359633750387
808 848 -0.6084109038028969
809 810 -0.9686841494750464
809 849 -0.40548523228318234
810 811 0.4890383221714538
810 850 -0.3903699011511095
811 812 0.9053294981837712
811 851 -0.5827791291757458
812 813 -0.5337383040075603
812 852 -0.4037181501161742
813 814 0.19059821790568243
813 853 -0.4477496152562539
814 815 0.2053898350553216
814 854 0.7820348943927145
815 816 0.6051959623877341
815 855 -0.28549216289486945
816 817 0.07957260784096909
816 856 0.15554095804567347
817 818 -0.7173643615815475
817 857 -0.18760308769209533
818 819 -0.9035276552310092
818 858 -0.45228562537679373
819 820 0.6146544958696749
819 859 0.7833249242846481
820 821 0.16491953779165192
820 860 0.025350678030014562
821 822 -0.5685691068532897
821 861 0.5444928938105558
822 823 0.8298699768459592
822 862 -0.9960023151785244
823 824 -0.5627658871249073
823 863 0.061609467826031494
824 825 -0.6661294041646257
824 864 -0.45991786334198137
825 826 -0.22804718276569003
825 865 0.07676933005321196
826 827 -0.5747267439574828
826 866 -0.5384774727033828
827 828 0.29691575911259505
827 867 -0.19891676886474285
828 829 0.5367518902179838
828 868 -0.6243380092238995
829 830 0.11607195381489821
829 869 0.7224089111778096
830 831 0.44259371156943317
830 870 0.3916100474248714
831 832 -0.25604953689609933
831 871 0.0011645530986927888
832 833 -0.8889914137762058
832 872 0.2617305179511231
833 834 -0.26489157384622564
833 873 -0.1577692085686686
834 835 0.3077910104575228
834 874 0.6647354218545689
835 836 0.07698850145116287
835 875 -0.2420790859134827
836 837 0.704848973373486
836 876 0.8071770234424105
837 838 -0.8837473252009711
837 877 0.7652727399204642
838 839 -0.3122975741295042
838 878 -0.057765752555662075
839 840 -0.16792240126846658
839 879 -0.5314683568039957
840 880 0.9337161735028847
841 842 -0.12463867983580079
841 881 -0.8082307801639177
842 843 0.7447728221734311
842 882 -0.2998491404493777
843 844 0.1805235325394865
843 883 0.5780215357453886
844 845 -0.8099254134990765
844 884 0.19697547311096408
845 846 -0.6869260440186586
845 885 -0.8375789616313143
846 847 0.36367954316082707
846 886 -0.9177708153404336
847 848 0.46440616297196247
847 887 -0.8139450709554823
848 849 0.37215646727280594
848 888 0.25749952898982587
849 850 -0.41435304216722924
849 889 0.3735681313872026
850 851 -0.394903956678494
850 890 -0.21981372376867436
851 852 0.7174252193079378
851 891 -0.4458934042903515
852 853 0.7084209859775856
852 892 0.2537728110016293
853 854 0.3634599517599948
853 893 -0.24624684584227907
854 855 -0.05429086900127267
854 894 -0.05723079259342678
855 856 0.999775950502451
855 895 0.8673528489517408
856 857 -0.4420069572222334
856 896 0.07260371598960047
857 858 -0.28301970407662225
857 897 0.6956059448748235
858 859 -0.055892988637472385
858 898 -0.5503609243824585
859 860 -0.6273235055916451
859 899 -0.8124588406229651
860 861 -0.06850024815187172
860 900 0.4476184748754808
861 862 0.7082159535831656
861 901 0.7030469215322661
862 863 0.6259446748548614
862 902 -0.4238471515451565
863 864 -0.7652729572093051
863 903 -0.8873486695749189
864 865 -0.4732133120656883
864 904 0.7117450836608061
865 866 -0.3089395418110381
865 905 0.006108055615169361
866 867 -0.9298021586780163
866 906 0.14454916867094392
867 868 -0.8064436916971323
867 907 0.007846091820716161
868 869 -0.3265036553136693
868 908 -0.7040077285047459
869 870 0.42192888348461666
869 909 -0.5883874660086443
870 871 -0.3516715102773962
870 910 -0.534522264848869
871 872 0.7345842443637383
871 911 -0.7777473845169187
872 873 -0.3268567190062104
872 912 0.5584276593818278
873 874 0.3985918205486405
873 913 0.9146636588552959
874 875 0.6769574886494172
874 914 -0.5024805581390481
875 876 0.9168314716550419
875 915 0.16682199234209483
876 877 0.9337758798208868
876 916 -0.687643829562745
877 878 -0.12826035228372
877 917 0.6630300564577938
878 879 0.03952128961665213
878 918 0.4581123024224578
879 880 -0.9072004831150664
879 919 0.6676169934369671
880 920 0.3068824251229625
881 882 -0.9095797761846129
881 921 0.3696574373342556
882 883 0.07780268581088023
882 922 -0.9851822640178136
883 884 0.5547863084937101
883 923 -0.10369817658835023
884 885 0.955403963926815
884 924 0.726957626335909
885 886 -0.49461337111154324
885 925 -0.3632914276112005
886 887 -0.9354676349992246
886 926 0.5141624673310312
887 888 0.03511337553382088
887 927 -0.198936021439438
888 889 -0.4795864110619936
888 928 0.3718538986755402
889 890 0.6513505944667966
889 929 0.992496243232383
890 891 0.7276046738555877
890 930 0.5347047724753629
891 892 -0.7456412107220796
891 931 0.574764200763086
892 893 -0.657006537160397
892 932 -0.16775423390521715
893 894 -0.4381572908726794
893 933 0.4791219666765201
894 895 0.8673202022978657
894 934 0.10249244753081754
895 896 0.6247154882723711
895 935 0.9736122988711495
896 897 -0.06277955490523546
896 936 -0.4429932243775543
897 898 -0.14997710953539567
897 937 -0.15831380674100926
898 899 0.23204406492279617
898 938 0.4307249016422583
899 900 -0.2850864163998008
899 939 -0.8636696467490614
900 901 0.08076688639704277
900 940 -0.5202861871972302
901 902 -0.04121325031033485
901 941 -0.8639288143143007
902 903 0.40958925215074404
902 942 -0.28087858100032403
903 904 -0.4933966127740814
903 943 -0.3429563371137665
904 905 -0.3440098285395592
904 944 0.4509751900316885
905 906 0.3020952238397392
905 945 0.6523157494823619
906 907 -0.44647517542353254
906 946 -0.6606163712529045
907 908 -0.002712546036634178
907 947 -0.5085279033928078
908 909 -0.6911890918629799
908 948 -0.32191103585358194
909 910 0.5288243657747458
909 949 0.2718619642412856
910 911 -0.02801049302649994
910 950 -0.2558900497411518
911 912 0.655253031870044
911 951 0.4194479464334906
912 913 -0.46958506080062
912 952 0.9597623481785822
913 914 0.5468472999790572
913 953 -0.1283961873795112
914 915 -0.8525380617245353
914 954 -0.4762791036047882
915 916 -0.35829986143813364
915 955 -0.5147586294132518
916 917 -0.7200280466290425
916 956 -0.9030262830728182
917 918 -0.4532499914680068
917 957 0.577604834853563
918 919 -0.1190293256847883
918 958 -0.31332088749993114
919 920 0.9591993394792644
919 959 0.3494893496172682
920 960 -0.4323311613983727
921 922 0.6983814904151582
921 961 -0.749585633613276
922 923 -0.9020890684974419
922 962 0.8666035893115362
923 924 -0.20936389428703817
923 963 0.2605809471199856
924 925 0.7692185011136023
924 964 -0.5066310542255663
925 926 -0.7822816338399903
925 965 0.3552592415293141
926 927 0.1297924436278457
926 966 -0.1010881226424023
927 928 0.5886566592524807
927 967 0.24326733559208336
928 929 -0.7642467854030612
928 968 -0.5132938074551892
929 930 -0.45759812499710706
929 969 0.12889012945620903
930 931 -0.45388697969064995
930 970 0.9882507563791503
931 932 0.7864571925289396
931 971 0.17477050750008383
932 933 -0.9523856848397978
932 972 -0.10612049232287402
933 934 0.944654645534243
933 973 0.6360745196217323
934 935 -0.15075551062495918
934 974 0.15715077459539506
935 936 -0.30359130982920823
935 975 -0.3934356507481518
936 937 0.014502285503151358
936 976 -0.49321729722747976
937 938 0.6100615158348408
937 977 0.9817343549948112
938 939 -0.6966397996728857
938 978 0.20571226039880708
939 940 -0.8906110655842647
939 979 -0.025675461621842643
940 941 -0.8079747863230236
940 980 -0.14718683732062
941 942 -0.06552730175835131
941 981 -0.7755160320588075
942 943 0.3694158227729931
942 982 -0.27049369563695413
943 944 0.08757678614348174
943 983 -0.6607135012176353
944 945 -0.4594393229158431
944 984 -0.8647891233839973
945 946 0.8836831994607475
945 985 -0.6609263687251175
946 947 0.8874229376576315
946 986 0.41524861660525025
947 948 -0.4095393047689593
947 987 0.101996610233684
948 949 -0.8273862784127888
948 988 -0.277773129219234
949 950 -0.08979822050641006
949 989 -0.5737630273548895
950 951 0.0851424223231505
950 990 -0.00375352058275924
951 952 -0.30738711458632717
951 991 -0.6257389495310073
952 953 0.5327997674513782
952 992 0.3437302286619519
953 954 0.4269154129099051
953 993 -0.9020729122286861
954 955 0.2030654902845932
954 994 0.38900281595182373
955 956 -0.13001284012879144
955 995 -0.951643766666828
956 957 0.7463174137370021
956 996 -0.22677102921473558
957 958 -0.4111584066994953
957 997 -0.6355693409196981
958 959 0.14683756434808815
958 998 0.38513030626025224
959 960 -0.7211102322195417
959 999 -0.8540047044745747
960 1000 -0.15258861251715228
961 962 -0.7418719855763276
961 1001 -0.05387999584868708
962 963 -0.5757942902157633
962 1002 0.44968138355686293
963 964 -0.8027337713800464
963 1003 -0.6184248508030095
964 965 0.9966185829809624
964 1004 -0.18173997427673183
965 966 0.009393631050857554
965 1005 -0.8678974796030667
966 967 -0.8674824413523172
966 1006 0.5430228399149724
967 968 0.5982232367658478
967 1007 0.24128421589998772
968 969 0.5068043289155013
968 1008 0.03306162765020515
969 970 0.16658579487094638
969 1009 0.14529192359584475
970 971 -0.8903596203998394
970 1010 0.9450219636354753
971 972 -0.42281031876299147
971 1011 -0.3414135205998565
972 973 -0.6912580174108429
972 1012 0.09242815642930968
973 974 0.4167623876264168
973 1013 0.8289600814768476
974 975 0.5197899763743956
974 1014 0.5921861950415737
975 976 0.9997324659138376
975 1015 -0.36744596753937864
976 977 0.2867324700248677
976 1016 0.6772101344826529
977 978 0.5712541230834185
977 1017 0.8729976992743087
978 979 0.1940816353359489
978 1018 0.6736572895480448
979 980 -0.5523018923015222
979 1019 0.29747113536310676
980 981 -0.8685046938011709
980 1020 0.9064971893651357
981 982 -0.4986585516750681
981 1021 0.7555820433646443
982 983 -0.5157254644453693
982 1022 -0.6981858786370503
983 984 0.8396040560785132
983 1023 -0.8181826662301066
984 985 0.022660871898174895
984 1024 -0.9641607372123957
985 986 0.46791311385262024
985 1025 0.437559907880108
986 987 -0.14547249278711005
986 1026 -0.8770148159493338
987 988 0.22519211033720632
987 1027 -0.8948745502883331
988 989 0.5094376406845409
988 1028 -0.20362658576400494
989 990 -0.9005881710964763
989 1029 -0.17144024181619533
990 991 0.6121623471108502
990 1030 -0.08723765929919924
991 992 -0.3997765439560963
991 1031 -0.06420651073127348
992 993 -0.9034393812412205
992 1032 -0.683678928949184
993 994 -0.04215894293106737
993 1033 0.4126963659837324
994 995 -0.47749314347407434
994 1034 0.1421325851147497
995 996 0.8071401026725789
995 1035 -0.2999858085287457
996 997 0.2892132211175873
996 1036 0.01070112112725119
997 998 0.5048865665528719
997 1037 -0.9947871002194058
998 999 0.27832990768854504
998 1038 0.8235081549877679
999 1000 0.11564972572800336
999 1039 0.9967300509698171
1000 1040 0.8493203681673522
1001 1002 -0.6048829816693218
1001 1041 0.5632454976538521
1002 1003 -0.20388968596321622
1002 1042 0.4721614689166662
1003 1004 -0.8288888891877793
1003 1043 0.9953686423584585
1004 1005 -0.7168343570302984
1004 1044 -0.8290659800735416
1005 1006 -0.7758313211172552
1005 1045 -0.03250621792182962
1006 1007 -0.5098004214110066
1006 1046 0.48855064039703966
1007 1008 -0.9652261834310194
1007 1047 0.3884380716036686
1008 1009 -0.3490206589829259
1008 1048 0.34639423682325
1009 1010 0.1879627452315864
1009 1049 0.517855413161932
1010 1011 0.008522693294674255
1010 1050 -0.30816217163194204
1011 1012 -0.4699602129436744
1011 1051 0.43114450552568306
1012 1013 -0.564604629135026
1012 1052 0.5805643040124815
1013 1014 -0.2132043790456044
1013 1053 -0.8948624995556784
1014 1015 0.16270505388874223
1014 1054 0.7303783393596739
1015 1016 0.3677550386981192
1015 1055 -0.6311001607863078
1016 1017 0.2552646634780815
1016 1056 0.39485519699912897
1017 1018 -0.45603034341990356
1017 1057 0.8611506876985271
1018 1019 0.4774011664015405
1018 1058 -0.5957340222169358
1019 1020 -0.5910506818302634
1019 1059 0.5893155090889679
1020 1021 -0.9813399870618431
1020 1060 -0.6653024755058268
1021 1022 -0.5190602683566599
1021 1061 -0.9017176871434782
1022 1023 0.2381273469795342
1022 1062 0.9968344437852608
1023 1024 0.6391921476592171
1023 1063 -0.6709336513426285
1024 1025 0.893238006834413
1024 1064 -0.20616986760005163
1025 1026 -0.7442135524136744
1025 1065 0.6532285139589187
1026 1027 -0.30556936598130546
1026 1066 -0.14075988498174308
1027 1028 -0.5295277054314573
1027 1067 -0.6489406896698184
1028 1029 -0.6979025120398716
1028 1068 0.16281441441997258
1029 1030 -0.30832587651307475
1029 1069 -0.8543769307883367
1030 1031 -0.8830259852996236
1030 1070 0.034758756163818516
1031 1032 -0.24806666150129364
1031 1071 -0.5352176783308318
1032 1033 -0.9929852044019323
1032 1072 0.7032625934300953
1033 1034 -0.947313856370281
1033 1073 0.9848535128335005
1034 1035 -0.29176109211146506
1034 1074 -0.2051985110377621
1035 1036 0.41912843129604505
1035 1075 0.1510735868709816
1036 1037 -0.7459672174141718
1036 1076 0.3613855472335572
1037 1038 -0.6151108041240032
1037 1077 0.7101107058647533
1038 1039 -0.31972913533251224
1038 1078 -0.1278298618614202
1039 1040 0.31920523645832155
1039 1079 0.3301258303816168
1040 1080 -0.18796216841235025
1041 1042 0.21482772628398328
1041 1081 -0.11299981144618254
1042 1043 0.30227533479900925
1042 1082 0.8500706427749152
1043 1044 0.6143289106838474
1043 1083 -0.09336288789638947
1044 1045 0.01749182679690331
1044 1084 0.12531410806768473
1045 1046 0.09389112151094281
1045 1085 0.46028657794168804
1046 1047 -0.8142586399265401
1046 1086 -0.9670859962560026
1047 1048 -0.93107316814574
1047 1087 0.26511458391994447
1048 1049 0.5773710983614266
1048 1088 0.7506570731574849
1049 1050 -0.18945357585720934
1049 1089 0.8860819972463663
1050 1051 0.5151756595308079
1050 1090 -0.732424677342993
1051 1052 0.7942471764744887
1051 1091 -0.7779149198695572
1052 1053 -0.17942819023308743
1052 1092 0.7730132529812681
1053 1054 -0.40160267670213945
1053 1093 -0.9353252912852426
1054 1055 -0.013210129085753586
1054 1094 -0.9942028365011795
1055 1056 -0.24927836757939237
1055 1095 -0.15204345867915925
1056 1057 -0.6768089303534262
1056 1096 0.6074512786549626
1057 1058 0.42659348415263354
1057 1097 -0.8401476444441651
1058 1059 -0.620622646471215
1058 1098 -0.34999040235689693
1059 1060 -0.0963290976615283
1059 1099 -0.8370688432529678
1060 1061 -0.33028330103101045
1060 1100 0.7773381838430871
1061 1062 0.7471863112111117
1061 1101 -0.6993111211950247
1062 1063 -0.22283321414904544
1062 1102 -0.7577706700422493
1063 1064 0.0248743665306288
1063 1103 -0.9717034146728907
1064 1065 -0.4089989134921148
1064 1104 -0.88228848720545
1065 1066 -0.12179355698699035
1065 1105 0.6309655098748319
1066 1067 0.6280716734143257
1066 1106 -0.057173691873183774
1067 1068 -0.4047463808157463
1067 1107 0.18042044898431553
1068 1069 -0.8289149169714878
1068 1108 0.1603782687765587
1069 1070 -0.17516040516757903
1069 1109 -0.610039203501882
1070 1071 0.540813619188766
1070 1110 0.2387581101876588
1071 1072 0.24832745501589915
1071 1111 -0.5895153823393517
1072 1073 0.5374004433802078
1072 1112 0.5076460201966118
1073 1074 0.09602342535794528
1073 1113 -0.023915054147030768
1074 1075 0.14787161020536033
1074 1114 0.8217957036166832
1075 1076 -0.3944005111946256
1075 1115 -0.43560097428236255
1076 1077 -0.9803471650374962
1076 1116 0.39121360078606626
1077 1078 0.11315990052996283
1077 1117 -0.33100851095438166
1078 1079 0.30476018597557
1078 1118 0.898039451340471
1079 1080 -0.5541894518896475
1079 1119 -0.15629179114825398
1080 1120 -0.33517728941859537
1081 1082 0.9640582171598069
1081 1121 0.41791082761226384
1082 1083 0.22821708537807295
1082 1122 -0.9258158010206403
1083 1084 -0.6388851681565795
1083 1123 -0.9911518858831527
1084 1085 -0.9302013774652047
1084 1124 0.1970191438210871
1085 1086 0.8345893705740244
1085 1125 -0.16595289869626284
1086 1087 0.6612652093992015
1086 1126 -0.5185871196368554
1087 1088 -0.5965373616148189
1087 1127 0.39557969012550465
1088 1089 -0.42858357244992185
1088 1128 -0.7581169927302129
1089 1090 0.5228990405166678
1089 1129 -0.4502476178153412
1090 1091 -0.3976305889259024
1090 1130 -0.6889758940916004
1091 1092 0.8287069069348327
1091 1131 -0.9556607494822293
1092 1093 -0.4437768903378396
1092 1132 -0.7426568128666318
1093 1094 -0.9793181229429482
1093 1133 0.6013208074124952
1094 1095 0.6345829192446515
1094 1134 0.22494868068986262
1095 1096 0.7711384011423563
1095 1135 0.08413716400865168
1096 1097 -0.3183735323735253
1096 1136 -0.7316757719720517
1097 1098 -0.6619708622584402
1097 1137 -0.5775164896538478
1098 1099 0.8787594585295455
1098 1138 0.4285821919709225
1099 1100 0.7946521680198984
1099 1139 -0.33064075649190205
1100 1101 0.4251428116780316
1100 1140 -0.11362302282720416
1101 1102 0.3212248503942181
1101 1141 0.6393411869512668
1102 1103 0.06701474571114319
1102 1142 0.32754735423600456
1103 1104 0.1143384570509891
1103 1143 0.27600590721843266
1104 1105 0.5955457483259796
1104 1144 -0.5075128423200295
1105 1106 -0.6194885093357734
1105 1145 0.4991738227559719
1106 1107 -0.6302240313266065
1106 1146 -0.7720360257600829
1107 1108 -0.1250378627694797
1107 1147 -0.2372600656995949
1108 1109 -0.27125935328011463
1108 1148 -0.3728309860023793
1109 1110 -0.42299206199592043
1109 1149 0.03863960032349767
1110 1111 0.16175236650544011
1110 1150 -0.635236269192222
1111 1112 -0.3174433908455181
1111 1151 0.8844549813152798
1112 1113 -0.7650285303320297
1112 1152 0.534053930192742
1113 1114 0.23875724337189874
1113 1153 0.12831545335390038
1114 1115 0.7160227705886797
1114 1154 0.47140381321897307
1115 1116 -0.08428611788030982
1115 1155 0.814515086793066
1116 1117 0.7103696612701427
1116 1156 0.4553572720406016
1117 1118 0.9067414854085283
1117 1157 0.3377063944141854
1118 1119 0.011801200266247536
1118 1158 0.8202884228411784
1119 1120 0.503062985708346
1119 1159 -0.31779897180521566
1120 1160 -0.04185993069387295
1121 1122 -0.5625391691560129
1121 1161 -0.6650234037148435
1122 1123 -0.7688472386767227
1122 1162 0.5128884660509851
1123 1124 0.3626289694840632
1123 1163 -0.11443683624566381
1124 1125 -0.8311314262550806
1124 1164 -0.6452337809505548
1125 1126 0.019985736411984867
1125 1165 0.5816056107060934
1126 1127 -0.6107960426672996
1126 1166 -0.4835076406388905
1127 1128 -0.2671093032120142
1127 1167 0.34986433197703914
1128 1129 -0.07133095084179697
1128 1168 0.6850602319581365
1129 1130 0.8061880607986411
1129 1169 0.8374098550746583
1130 1131 0.17969634476285612
1130 1170 -0.09353641060363205
1131 1132 -0.45744672598554303
1131 1171 -0.9285189861323477
1132 1133 0.6459928910365333
1132 1172 0.68096348284022
1133 1134 -0.43945908717156335
1133 1173 0.03057243629419437
1134 1135 -0.7212479482143548
1134 1174 0.7683953578942824
1135 1136 0.08326564978537498
1135 1175 -0.8051790727044992
1136 1137 -0.9392340914684716
1136 1176 -0.6136550400134513
1137 1138 0.1541366149824417
1137 1177 -0.6320785757081779
1138 1139 0.27423683476314653
1138 1178 -0.1853450807117294
1139 1140 -0.9529368262658331
1139 1179 0.6550971310034834
1140 1141 -0.17831238529363702
1140 1180 0.7506008500234127
1141 1142 0.05213531338660449
1141 1181 -0.5480299034982714
1142 1143 -0.7701445323740248
1142 1182 -0.473830835338902
1143 1144 -0.38254972249881747
1143 1183 -0.4518462645904262
1144 1145 -0.4319586757942824
1144 1184 0.12956613665282757
1145 1146 0.5329726113735602
1145 1185 -0.6224861457643311
1146 1147 -0.9042985925217408
1146 1186 0.5602227340116062
1147 1148 0.5022345882428805
1147 1187 -0.5477836111108791
1148 1149 -0.36167315320992355
1148 1188 0.16557232512577236
1149 1150 -0.8802507129204198
1149 1189 -0.18313958644685235
1150 1151 -0.46012287768137905
1150 1190 0.32673196367561963
1151 1152 -0.47318462962061325
1151 1191 0.14150999360619188
1152 1153 0.135288537310291
1152 1192 -0.5871812905446729
1153 1154 0.767279264691753
1153 1193 -0.4648387206527911
1154 1155 -0.3344857908062615
1154 1194 -0.1346853104823429
1155 1156 -0.0688664854284804
1155 1195 -0.8440560521594096
1156 1157 0.08248709293541512
1156 1196 0.41234212644403656
1157 1158 -0.8296699215649204
1157 1197 0.18616829965430792
1158 1159 -0.7249651033786038
1158 1198 -0.3049679104748029
1159 1160 0.39885512397404654
1159 1199 0.2119539626743887
1160 1200 -0.724779622835348
1161 1162 0.07753094619937406
1161 1201 -0.3731584235374428
1162 1163 -0.0964423513018402
1162 1202 0.20935008867812455
1163 1164 0.9119329059915147
1163 1203 0.06670994446449763
1164 1165 -0.4274509741321628
1164 1204 0.1874660787107736
1165 1166 -0.05093334189978482
1165 1205 -0.10750410156792412
1166 1167 -0.03293785894043344
1166 1206 0.7927940311232735
1167 1168 -0.15902932112772472
1167 1207 0.48841257594548626
1168 1169 -0.9121894921905462
1168 1208 -0.27063455483130383
1169 1170 -0.25425603059029234
1169 1209 0.6700657685403508
1170 1171 0.6382448377594152
1170 1210 0.473119484738062
1171 1172 -0.242732919580551
1171 1211 -0.06348873702034208
1172 1173 -0.4402979355804306
1172 1212 0.24952104279094578
1173 1174 -0.28057466985595636
1173 1213 0.5626221148681554
1174 1175 0.9573627548342398
1174 1214 -0.7413249898303365
1175 1176 0.044952835346146136
1175 1215 -0.8824425765159929
1176 1177 0.6776680731725837
1176 1216 -0.0314451200331991
1177 1178 -0.31994701186839913
1177 1217 0.4036357476921846
1178 1179 0.4544980298767809
1178 1218 -0.7350574690364637
1179 1180 -0.4464378943389886
1179 1219 -0.40210365272134685
1180 1181 0.09466291889384748
1180 1220 0.547147428672963
1181 1182 -0.7759016519331918
1181 1221 -0.5060329286541152
1182 1183 -0.9883549349556844
1182 1222 0.4621612037571907
1183 1184 0.8507400961061291
1183 1223 0.2765754294577778
1184 1185 0.5450075032617496
1184 1224 0.2900404214300756
1185 1186 -0.787064328543317
1185 1225 -0.49457870451613095
1186 1187 -0.3035077494496323
1186 1226 -0.540763190606455
1187 1188 -0.891106765941768
1187 1227 -0.767332499655113
1188 1189 -0.4374051701809549
1188 1228 -0.4014455364845564
1189 1190 0.737342304343725
1189 1229 0.05700263612790657
1190 1191 0.933123220871865
1190 1230 0.41842966914665336
1191 1192 0.2755191982264402
1191 1231 -0.9587652048160302
1192 1193 -0.5680436526188546
1192 1232 0.1888692931125524
1193 1194 0.9712310268979227
1193 1233 0.5379799061776158
1194 1195 0.33584609640830765
1194 1234 -0.741860492247326
1195 1196 0.9934688992790361
1195 1235 -0.6537635915085154
1196 1197 0.8526365614093796
1196 1236 0.9156155688485488
1197 1198 -0.08036849762384635
1197 1237 0.9088602758614126
1198 1199 0.7703923832296249
1198 1238 -0.9422732096339343
1199 1200 -0.9029064376526761
1199 1239 -0.5704870327794682
1200 1240 -0.8914954969314757
1201 1202 0.8230739947707553
1201 1241 -0.827488640461516
1202 1203 0.7274121100314568
1202 1242 0.0007629250824097156
1203 1204 -0.7320855146227727
1203 1243 0.2771247145463751
1204 1205 0.5035195103051018
1204 1244 0.4119446670658209
1205 1206 0.9406242563331775
1205 1245 -0.3180781874522003
1206 1207 0.5469402100643515
1206 1246 -0.9672312329429109
1207 1208 -0.6813291237256949
1207 1247 -0.28354236718920944
1208 1209 0.0024582284891063733
1208 1248 -0.055819710299148895
1209 1210 0.8892905572630434
1209 1249 -0.8002029334863325
1210 1211 0.1714837539511802
1210 1250 0.8417768689268688
1211 1212 0.42397557207908143
1211 1251 -0.8684640657558522
1212 1213 -0.3259963742093599
1212 1252 -0.7556605904963865
1213 1214 0.49924410466398395
1213 1253 -0.5842141379435701
1214 1215 -0.4076787084478304
1214 1254 -0.674240772819255
1215 1216 -0.3050197290415284
1215 1255 0.03344068091031316
1216 1217 -0.8324038254177337
1216 1256 0.9617319263149029
1217 1218 0.3665625881813621
1217 1257 -0.6807948968960262
1218 1219 0.9239435676765004
1218 1258 -0.532458123323662
1219 1220 0.5064254515023514
1219 1259 0.026147324060717514
1220 1221 0.8146177045624485
1220 1260 0.921877499426571
1221 1222 0.21937022635537584
1221 1261 -0.49222752761144317
1222 1223 -0.4981047482140888
1222 1262 0.24615947016430262
1223 1224 0.9602037210732457
1223 1263 -0.39427087412803874
1224 1225 -0.23211177629614377
1224 1264 -0.6277379312446587
1225 1226 0.7005536531307768
1225 1265 0.9422304877962571
1226 1227 -0.5218362399217704
1226 1266 0.4806303371254992
1227 1228 -0.4687769990135582
1227 1267 0.40000444155428516
1228 1229 0.5496926010936616
1228 1268 -0.5431060449123797
1229 1230 0.8882764719154539
1229 1269 -0.8421261705058558
1230 1231 -0.5913697982657693
1230 1270 0.8024689542945695
1231 1232 -0.94746742353614
1231 1271 -0.015026073879148338
1232 1233 -0.9233431828952354
1232 1272 -0.477853690202626
1233 1234 -0.227367552125759
1233 1273 0.5251673978280458
1234 1235 -0.23330545508983058
1234 1274 0.9558067898728002
1235 1236 -0.5056104186371093
1235 1275 0.10375749596133454
1236 1237 0.8903199121234415
1236 1276 -0.6633045299475238
1237 1238 -0.923966332159105
1237 1277 0.28719286489712514
1238 1239 -0.9523219680629036
1238 1278 -0.5925040789418943
1239 1240 0.2919085814456506
1239 1279 -0.4752642448091622
1240 1280 -0.7876735995911088
1241 1242 -0.3718519403067728
1241 1281 -0.5617252762713283
1242 1243 0.6338998298900331
1242 1282 0.2982776260051039
1243 1244 -0.9317336278054185
1243 1283 0.018196144323989527
1244 1245 0.3409456849179726
1244 1284 -0.16862133100136667
1245 1246 0.9630769179522838
1245 1285 -0.7939145609616287
1246 1247 0.6398567086924867
1246 1286 0.3086295417214924
1247 1248 0.698996647183721
1247 1287 -0.6964961385278725
1248 1249 0.23663794287755735
1248 1288 0.10811989657887211
1249 1250 -0.2075840845538437
1249 1289 -0.5307787198953273
1250 1251 0.23034194882987702
1250 1290 0.517945969412053
1251 1252 0.10085676559963441
1251 1291 -0.5430359181535904
1252 1253 -0.06314826616197622
1252 1292 -0.2657902498317033
1253 1254 0.3421141020285834
1253 1293 -0.19617720338240452
1254 1255 0.055630111583340636
1254 1294 -0.8381062214285016
1255 1256 -0.1282646055800769
1255 1295 0.5260401359274225
1256 1257 -0.7097300562312379
1256 1296 -0.2471164660989107
1257 1258 0.6566998409326443
1257 1297 0.5282404638371878
1258 1259 -0.6123576478184618
1258 1298 -0.5251711436158113
1259 1260 0.36553455166938553
1259 1299 -0.3812804457896868
1260 1261 0.9446054021866122
1260 1300 -0.33041284305847274
1261 1262 0.9584066335955899
1261 1301 0.9492970882186922
1262 1263 0.6146601335170052
1262 1302 0.6706956125101113
1263 1264 -0.9458895015971203
1263 1303 -0.6634666765955926
1264 1265 -0.6274710294203567
1264 1304 0.8789085307060025
1265 1266 -0.6220922133821853
1265 1305 -0.961097283628745
1266 1267 -0.8822184148588206
1266 1306 -0.8560770123610921
1267 1268 -0.8162260933357077
1267 1307 -0.1998226372458538
1268 1269 -0.7371749131091634
1268 1308 0.6818950444644909
1269 1270 -0.5327235564755319
1269 1309 -0.28636740661822113
1270 1271 0.39079104633314765
1270 1310 0.08817124150455236
1271 1272 0.8535667329907464
1271 1311 0.7219808765026887
1272 1273 -0.9379726094457757
1272 1312 0.8510028649554202
1273 1274 -0.7984019334733989
1273 1313 -0.44714410017543815
1274 1275 -0.43335230422224624
1274 1314 0.5021173040485551
1275 1276 -0.4649142196602516
1275 1315 0.36325109199528605
1276 1277 -0.7108806172594497
1276 1316 0.8865145975465505
1277 1278 0.06572577114447142
1277 1317 0.5640278353906498
1278 1279 0.8854974541889795
1278 1318 -0.6945663847753327
1279 1280 -0.5218691716941093
1279 1319 0.885649179920071
1280 1320 -0.7153731556909475
1281 1282 0.47333245903526233
1281 1321 0.6570807298940904
1282 1283 -0.08281675012868339
1282 1322 -0.542069881781831
1283 1284 0.6498038816142861
1283 1323 -0.12818252221946014
1284 1285 -0.05242667862598416
1284 1324 0.18598952398820634
1285 1286 0.7830657270217123
1285 1325 -0.6897622533058623
1286 1287 0.943280379530983
1286 1326 -0.7197268574920477
1287 1288 -0.21030852487121887
1287 1327 -0.17718133245500955
1288 1289 -0.8744052033095642
1288 1328 -0.8452910173495805
1289 1290 -0.7250399572259734
1289 1329 -0.4304460122161724
1290 1291 0.04186660672082709
1290 1330 0.1173685294502016
1291 1292 -0.2015754774939189
1291 1331 -0.5477214822165446
1292 1293 -0.760210104597612
1292 1332 0.34741207897816206
1293 1294 0.05109066679718466
1293 1333 0.6958128586688856
1294 1295 0.052521560509868115
1294 1334 -0.09565940696301878
1295 1296 0.5013672736396035
1295 1335 0.5814728981582735
1296 1297 -0.9293930173740486
1296 1336 0.787995263066553
1297 1298 0.0503592209422159
1297 1337 -0.8848991460165967
1298 1299 -0.7136623032881886
1298 1338 -0.3258405621048077
1299 1300 -0.07127335782403366
1299 1339 0.29695279971444677
1300 1301 -0.6669738338809101
1300 1340 -0.5749437228094378
1301 1302 -0.419277877700289
1301 1341 0.9948345185829313
1302 1303 0.7416156531671183
1302 1342 0.9164449722724288
1303 1304 -0.4441047422900928
1303 1343 -0.25466665014735246
1304 1305 0.3909607334893257
1304 1344 0.7867978353756839
1305 1306 0.8423118965721264
1305 1345 0.8775596930357543
1306 1307 -0.6880988772738632
1306 1346 -0.40952558445857146
1307 1308 0.6129646482153572
1307 1347 -0.3872311636631953
1308 1309 0.7777570751044989
1308 1348 -0.22631253784372207
1309 1310 -0.08560688180356157
1309 1349 0.7284788400256199
1310 1311 -0.5569501463642919
1310 1350 -0.5282677480646054
1311 1312 0.8551952342447373
1311 1351 -0.14166399485869663
1312 1313 0.10883919830876332
1312 1352 0.31816893835417637
1313 1314 -0.23573245598639736
1313 1353 0.7253667802410091
1314 1315 -0.20454555965592736
1314 1354 0.32080464609947645
1315 1316 0.42860008941398164
1315 1355 0.5989469961396694
1316 1317 -0.25985226239146164
1316 1356 -0.20813222325038327
1317 1318 0.2274360381704954
1317 1357 0.4371523444633425
1318 1319 0.3840463421860232
1318 1358 -0.7167878635309108
1319 1320 0.12394551772281481
1319 1359 0.42006110063297886
1320 1360 -0.22719052040453236
1321 1322 0.4891289259050182
1321 1361 -0.6449259241279057
1322 1323 0.6724945761664176
1322 1362 0.020765824439294533
1323 1324 -0.06178967015300563
1323 1363 0.8357816890238217
1324 1325 -0.29789415878759895
1324 1364 0.7154506283843458
1325 1326 0.1860068741058989
1325 1365 0.4985772874795249
1326 1327 -0.9714848448321267
1326 1366 0.9893714070278172
1327 1328 -0.5809512999747204
1327 1367 0.002401764333336054
1328 1329 -0.06549355045156191
1328 1368 0.16852738770242093
1329 1330 -0.14193420277159174
1329 1369 -0.17551811189103472
1330 1331 -0.1918200537491499
1330 1370 0.2539609595579506
1331 1332 0.3457544161305386
1331 1371 0.24729781960578667
1332 1333 -0.869296334287351
1332 1372 -0.17691157174749272
1333 1334 0.21479263663068893
1333 1373 0.1926391797418474
1334 1335 -0.7484158638438805
1334 1374 0.08584254173051309
1335 1336 0.29329070277415425
1335 1375 -0.268812868184372
1336 1337 -0.37246199951474535
1336 1376 -0.34688780098840044
1337 1338 -0.9500332030218048
1337 1377 -0.3531016718633049
1338 1339 0.6574074805942378
1338 1378 -0.7105644699884537
1339 1340 -0.048203477612180023
1339 1379 0.6918960578716684
1340 1341 -0.5954791702751117
1340 1380 -0.7307236651826632
1341 1342 0.9735145327638408
1341 1381 0.9813063847287438
1342 1343 0.3427462753874444
1342 1382 -0.9003987577425878
1343 1344 0.6355081477686211
1343 1383 -0.18890407024343947
1344 1345 0.9072592568445994
1344 1384 0.7140909366905575
1345 1346 0.7540663775210992
1345 1385 -0.8957252464355308
1346 1347 0.14118946405127653
1346 1386 0.19863748444148888
1347 1348 0.450989904314286
1347 1387 -0.5137033517652152
1348 1349 0.5693335911045614
1348 1388 -0.4862557145667621
1349 1350 0.4341390156019913
1349 1389 -0.9416480186200824
1350 1351 0.23091937653063654
1350 1390 0.8717608009834794
1351 1352 -0.44956314692208443
1351 1391 -0.1130778360873621
1352 1353 0.4847304610648784
1352 1392 0.746912653761115
1353 1354 -0.6431847330304588
1353 1393 -0.416599125630287
1354 1355 -0.32926213349615097
1354 1394 -0.09503436197570658
1355 1356 -0.20138594711815494
1355 1395 -0.5942569084758824
1356 1357 -0.05989980314974508
1356 1396 0.3498924700321413
1357 1358 -0.8090009674455136
1357 1397 -0.9624708142296219
1358 1359 0.9259262173629679
1358 1398 0.7729597722103885
1359 1360 0.016594317690329152
1359 1399 -0.9929657932413161
1360 1400 0.35766027802427214
1361 1362 0.7169063917074598
1361 1401 -0.9889751761928187
1362 1363 -0.9465661965032264
1362 1402 -0.690766287985243
1363 1364 0.44728269745850224
1363 1403 0.11826073889853417
1364 1365 0.6095169400911966
1364 1404 -0.38127577911557764
1365 1366 0.7738891811869115
1365 1405 -0.22706636776736766
1366 1367 0.7636992215603142
1366 1406 -0.7652684672697256
1367 1368 0.5448790345052554
1367 1407 0.2961389436546513
1368 1369 -0.9380872038920127
1368 1408 0.08237375538866898
1369 1370 0.42529015913818524
1369 1409 -0.0027117071771423085
1370 1371 -0.5612082662655336
1370 1410 -0.7105819243697116
1371 1372 0.6771115592489434
1371 1411 -0.12861940196202193
1372 1373 -0.7166900842020845
1372 1412 -0.09332028609662069
1373 1374 -0.43687337145902405
1373 1413 -0.07456625641762749
1374 1375 -0.7867834017884963
1374 1414 -0.5183592617699697
1375 1376 0.7791151903419644
1375 1415 0.7017869697836958
1376 1377 0.2686680128299499
1376 1416 -0.1416967517967216
1377 1378 0.22622121181399346
1377 1417 -0.8470235536784831
1378 1379 0.22217283120576514
1378 1418 -0.5589884518575279
1379 1380 -0.6995366497428179
1379 1419 0.8059007943159182
1380 1381 0.4221964161910534
1380 1420 0.9518470928920875
1381 1382 -0.8877011454279231
1381 1421 -0.8797029927890216
1382 1383 0.8509864588759928
1382 1422 -0.41507145999549966
1383 1384 -0.8559507977075518
1383 1423 0.30590054490670004
1384 1385 0.9603165862995442
1384 1424 -0.2844110262433077
1385 1386 -0.2434677887489589
1385 1425 0.05333565601493606
1386 1387 0.296316612252026
1386 1426 0.17610332337910206
1387 1388 0.5971077841948904
1387 1427 0.8785953475697148
1388 1389 0.7374280513216922
1388 1428 -0.4937373892146746
1389 1390 0.09130827291801302
1389 1429 -0.3970435429492838
1390 1391 -0.3525394014327763
1390 1430 -0.007265771053783343
1391 1392 -0.7174850824869112
1391 1431 -0.5535900998773962
1392 1393 0.8361458549294152
1392 1432 0.15314299954019073
1393 1394 0.6697464781383871
1393 1433 -0.1473168167356369
1394 1395 0.40676479946006605
1394 1434 0.9150023665061837
1395 1396 -0.8385582834113408
1395 1435 -0.31849851046295785
1396 1397 0.5500447697453994
1396 1436 -0.7129151216119294
1397 1398 0.17691455959940217
1397 1437 -0.53224690201898
1398 1399 -0.08090495030487999
1398 1438 0.26180037855345994
1399 1400 -0.37925081257196114
1399 1439 -0.14308490734376278
1400 1440 0.5273505731875379
1401 1402 -0.28471366051738434
1401 1441 0.906296497869709
1402 1403 0.8173632924179126
1402 1442 -0.9294862597641302
1403 1404 -0.8514763464379405
1403 1443 0.48767973959615385
1404 1405 -0.6069167782065428
1404 1444 0.2287703784342381
1405 1406 0.5934686783603507
1405 1445 -0.3527471792416079
1406 1407 0.7356496472634413
1406 1446 -0.9619256251310504
1407 1408 0.06417686947914181
1407 1447 -0.01019698426017035
1408 1409 -0.7052418207920128
1408 1448 0.24240696642167725
1409 1410 0.041008578450929534
1409 1449 -0.5589467902694192
1410 1411 -0.17874500503391832
1410 1450 -0.5330790572477044
1411 1412 0.5507263786124654
1411 1451 -0.47556943461563694
1412 1413 0.44273557487563675
1412 1452 0.535949675107219
1413 1414 -0.20069845968251743
1413 1453 -0.4945149300908942
1414 1415 -0.22732780029532873
1414 1454 -0.8495289768243921
1415 1416 -0.5691548002679481
1415 1455 -0.3062161457309456
1416 1417 0.10233160061799973
1416 1456 0.7300396972973187
1417 1418 0.0783935017168027
1417 1457 -0.6314539907665098
1418 1419 -0.38285271841916035
1418 1458 0.7905572418657685
1419 1420 -0.5448495624380045
1419 1459 -0.7337732580880834
1420 1421 -0.3498897156531495
1420 1460 -0.6844494732569053
1421 1422 0.3392309901653783
1421 1461 -0.5976294214412718
1422 1423 0.8802151865169625
1422 1462 -0.08980098584849094
1423 1424 -0.7782562152059753
1423 1463 -0.24833767492828995
1424 1425 0.574478038279528
1424 1464 -0.1143115700055175
1425 1426 -0.1274490930840837
1425 1465 -0.6246910367042111
1426 1427 0.4012522991322731
1426 1466 0.8090068632575762
1427 1428 0.8130457505461777
1427 1467 -0.21835984832165067
1428 1429 0.6777021235326073
1428 1468 -0.25660187375942756
1429 1430 -0.6016608328046493
1429 1469 0.05231985283979612
1430 1431 -0.8223291055239181
1430 1470 0.5666122584749387
1431 1432 0.1395395469481706
1431 1471 -0.6228522552705422
1432 1433 -0.6541304083774608
1432 1472 0.41263671867673857
1433 1434 -0.7986684148420307
1433 1473 -0.8202106158140905
1434 1435 0.521993142784273
1434 1474 0.03124731970439365
1435 1436 -0.3994555203743746
1435 1475 -0.4538049552131942
1436 1437 0.48601568899139247
1436 1476 0.3101300343605484
1437 1438 -0.2710075477972598
1437 1477 0.780840141724692
1438 1439 0.4385485085401055
1438 1478 0.26485663018707206
1439 1440 -0.2898691964660045
1439 1479 0.2790980722586618
1440 1480 0.6714390156667343
1441 1442 0.8835527721604057
1441 1481 -0.9539019746457418
1442 1443 -0.05688035043527617
1442 1482 -0.8422368173532329
1443 1444 -0.31772789952813696
1443 1483 0.7148932645503521
1444 1445 -0.6647902748150911
1444 1484 0.9224439062321286
1445 1446 0.9426848151903067
1445 1485 -0.52597642690112
1446 1447 0.3871904031621245
1446 1486 -0.1682018020058118
1447 1448 -0.7490467557896288
1447 1487 -0.0058815004323393705
1448 1449 0.7714462046597796
1448 1488 0.36562505426809344
1449 1450 0.5578618947901655
1449 1489 -0.7630435007668352
1450 1451 0.7056084073877624
1450 1490 0.9404081461836991
1451 1452 0.10376511156419177
1451 1491 -0.4631555308821018
1452 1453 0.46047549416338485
1452 1492 0.047998781458971296
1453 1454 0.4416276139107833
1453 1493 0.5429337489406285
1454 1455 -0.9959819951240558
1454 1494 0.47693256871249323
1455 1456 0.9872680517594024
1455 1495 0.29502355317060913
1456 1457 -0.5155618265932369
1456 1496 0.7533755171671754
1457 1458 0.17498524737216048
1457 1497 -0.14466403208806278
1458 1459 -0.9816583884530556
1458 1498 0.6992184708163229
1459 1460 -0.7180879985382955
1459 1499 -0.26109068913329936
1460 1461 -0.5035368324614451
1460 1500 -0.9127864213655683
1461 1462 0.9533725720786788
1461 1501 -0.8134329391691262
1462 1463 0.3688588028571538
1462 1502 -0.8422088937831202
1463 1464 -0.47694959626255695
1463 1503 0.13660156011765578
1464 1465 -0.939503652391747
1464 1504 0.5132109434749348
1465 1466 0.28895604844588507
1465 1505 0.49956655815508877
1466 1467 0.6762310311774808
1466 1506 0.4496428653881932
1467 1468 -0.3809178950901664
1467 1507 -0.17856201184456122
1468 1469 -0.9812123577726992
1468 1508 -0.8609460024409767
1469 1470 0.8194750102010513
1469 1509 -0.513147160245554
1470 1471 -0.815423106203043
1470 1510 -0.3376477175934287
1471 1472 -0.6158572532278728
1471 1511 0.9251378891188402
1472 1473 0.8958448065482929
1472 1512 0.024680322228520124
1473 1474 0.18509896108906032
1473 1513 -0.4481771123652212
1474 1475 -0.89987608773008
1474 1514 0.9670548814626454
1475 1476 -0.5415270938005265
1475 1515 0.7046330153622542
1476 1477 0.1778064576680638
1476 1516 0.44598648619767145
1477 1478 0.31436538313315054
1477 1517 -0.9774273375161948
1478 1479 0.45338454361746705
1478 1518 -0.6651298916767265
1479 1480 -0.7578047378246464
1479 1519 0.36441396309767615
1480 1520 0.1749320644204806
1481 1482 0.34603199405432794
1481 1521 -0.6717713331219974
1482 1483 0.07970976917871164
1482 1522 0.39027771980869885
1483 1484 0.23116347295492878
1483 1523 -0.12083058064840801
1484 1485 0.9819670959615485
1484 1524 -0.9286331304602271
1485 1486 0.1951073150099003
1485 1525 -0.1876260426232228
1486 1487 -0.39920838088795274
1486 1526 0.445182979303576
1487 1488 0.09381302167084682
1487 1527 0.368310915096282
1488 1489 0.4638414563161284
1488 1528 0.7027986424968602
1489 1490 0.7455385170833095
1489 1529 0.014020630456741845
1490 1491 -0.6526589281643953
1490 1530 -0.2640695270295128
1491 1492 -0.6784632869101419
1491 1531 -0.21249229393713454
1492 1493 -0.34531449944886705
1492 1532 0.8830411742140629
1493 1494 -0.9292221802825849
1493 1533 0.5400433032343055
1494 1495 0.017427796015520247
1494 1534 0.015438621168775812
1495 1496 0.3256144643515917
1495 1535 0.05145947986211463
1496 1497 -0.34250485256747054
1496 1536 -0.25643253770312247
1497 1498 -0.0048809648255780935
1497 1537 -0.5119232459159759
1498 1499 0.5517647244464179
1498 1538 0.6846061175734954
1499 1500 -0.8999679840664323
1499 1539 -0.1162686745493835
1500 1501 -0.26001633104828925
1500 1540 -0.24968118559381192
1501 1502 0.6786987421236399
1501 1541 0.29394267953995534
1502 1503 -0.8332033937523382
1502 1542 -0.05673939973209863
1503 1504 0.5817007269064209
1503 1543 -0.704197518433985
1504 1505 0.6993967433854167
1504 1544 0.8859036069819419
1505 1506 -0.7074482364540162
1505 1545 0.49348306106884965
1506 1507 -0.30328778905460463
1506 1546 0.2457699132159552
1507 1508 0.06610353332317565
1507 1547 0.042414392183762306
1508 1509 -0.19760402352208128
1508 1548 0.4295389037017783
1509 1510 -0.9451928386795425
1509 1549 0.6847772677013209
1510 1511 -0.7598620808822287
1510 1550 0.8486827076497174
1511 1512 0.4916812474666563
1511 1551 0.5432030038493993
1512 1513 0.6199540346685777
1512 1552 -0.08698803125260501
1513 1514 -0.06652902797344384
1513 1553 0.8651707792794461
1514 1515 0.3585689111291084
1514 1554 0.5576105809485294
1515 1516 -0.16016901839939934
1515 1555 -0.43228616640492756
1516 1517 -0.9249746433003838
1516 1556 0.9510978665004766
1517 1518 0.3084880488464381
1517 1557 -0.39060393318591635
1518 1519 0.7512258960947917
1518 1558 0.51905675491613
1519 1520 0.320345546341553
1519 1559 -0.3883653403934859
1520 1560 -0.8207923820501213
1521 1522 0.1362647406109243
1521 1561 -0.5157540866004231
1522 1523 -0.8960717917157839
1522 1562 0.8771145687606128
1523 1524 0.2450006299136358
1523 1563 -0.734553906785055
1524 1525 -0.8332467116118272
1524 1564 0.6964440615986869
1525 1526 0.7957653123884461
1525 1565 0.7951524257631657
1526 1527 0.12939453269125978
1526 1566 -0.6693490838895686
1527 1528 -0.06944041409100188
1527 1567 -0.9333219775669808
1528 1529 -0.11195202523950143
1528 1568 0.7305177027605252
1529 1530 -0.8728499115853228
1529 1569 0.0019166924861231394
1530 1531 -0.40496617453345074
1530 1570 0.6530186959074837
1531 1532 -0.7650123352428846
1531 1571 -0.5356668142300394
1532 1533 0.16279078952259396
1532 1572 0.9930061465095219
1533 1534 0.3050616728112283
1533 1573 0.011685139866619787
1534 1535 -0.8099357165068637
1534 1574 0.8554828369310061
1535 1536 -0.09898107054846594
1535 1575 0.053328341932212364
1536 1537 0.8700877311303372
1536 1576 0.12732883999807298
1537 1538 -0.1564264431392537
1537 1577 0.679589162452314
1538 1539 0.13560018656721629
1538 1578 0.8043496085074147
1539 1540 0.15659229754187143
1539 1579 0.21762311378082932
1540 1541 0.7971929264406561
1540 1580 0.4170924189970806
1541 1542 0.6269484651567632
1541 1581 -0.3926221224073063
1542 1543 0.6209007566102003
1542 1582 0.8973737650123919
1543 1544 0.6347057163354808
1543 1583 -0.5669300402422017
1544 1545 -0.8609517841293461
1544 1584 0.9009488450177052
1545 1546 -0.6372649007956128
1545 1585 0.6935020671938792
1546 1547 0.11589722803842539
1546 1586 -0.30964964442699605
1547 1548 0.05310203434703453
1547 1587 0.4335914449843028
1548 1549 0.5651205795968635
1548 1588 -0.6442496847496606
1549 1550 -0.008152570498885625
1549 1589 -0.6314505164675037
1550 1551 -0.6246964424296617
1550 1590 -0.5952134513822778
1551 1552 0.397568095296428
1551 1591 0.8898465152528248
1552 1553 0.9938474062184695
1552 1592 0.6333176350274374
1553 1554 -0.5844316322128147
1553 1593 -0.6815068389688235
1554 1555 -0.8997365043495547
1554 1594 -0.5898816477704869
1555 1556 0.355347228848784
1555 1595 -0.8215881816395594
1556 1557 0.4101549599156573
1556 1596 -0.3815858158338805
1557 1558 -0.7437448259272499
1557 1597 -0.025183037842935185
1558 1559 0.8945739852490513
1558 1598 -0.5376539747640909
1559 1560 -0.13490291724811132
1559 1599 -0.051853873730835165
1560 1600 -0.8501486201582649
1561 1562 -0.6842881716630156
1562 1563 -0.13823330409799173
1563 1564 -0.22870424872315942
1564 1565 -0.9098883725361688
1565 1566 0.7954448995793648
1566 1567 -0.7073459688337438
1567 1568 0.740641142438869
1568 1569 -0.03132962698647712
1569 1570 0.3590442535604539
1570 1571 -0.5612856710857999
1571 1572 0.8392634215559189
1572 1573 -0.12238247443148653
1573 1574 0.8285513011089711
1574 1575 0.016152361339145216
1575 1576 -0.11735878105855746
1576 1577 -0.3267616818156722
1577 1578 -0.612581995520556
1578 1579 0.9897764697602423
1579 1580 0.7170122821135949
1580 1581 -0.6847703083432783
1581 1582 -0.7957545596721398
1582 1583 0.40018494466109034
1583 1584 0.4513589606496542
1584 1585 0.8043899540930175
1585 1586 -0.23329776293925097
1586 1587 -0.5725644199926914
1587 1588 -0.620574007898036
1588 1589 -0.6054740171293698
1589 1590 0.293940623412968
1590 1591 0.21203792961650847
1591 1592 -0.25584007979763124
1592 1593 0.5099722357545735
1593 1594 0.247024054081324
1594 1595 0.13354584487077803
1595 1596 -0.5766461853246436
1596 1597 0.20491902171969256
1597 1598 0.4504082250125603
1598 1599 -0.941964453586061
1599 1600 0.6511571829784741
