1 2 -0.5534178416929223
1 41 0.046326682801352215
2 3 0.7407216835513775
2 42 0.9330523208053558
3 4 0.1468515264773531
3 43 0.1360702461191019
4 5 -0.9999911001857487
4 44 -0.9157110832493733
5 6 0.9891256247470388
5 45 0.17559366991696113
6 7 0.4747617191167042
6 46 -0.4537860506471276
7 8 -0.8059345604062675
7 47 0.47433769070459353
8 9 -0.5821689927896896
8 48 0.2003163975324549
9 10 -0.5891364826131771
9 49 -0.49123671473585384
10 11 0.9446620099219323
10 50 0.5684613804931056
11 12 0.28115308719861365
11 51 -0.038563032404510755
12 13 0.03865504822011845
12 52 0.12611523782525813
13 14 0.0015273654365453027
13 53 0.731154463772425
14 15 -0.55221568530969
14 54 -0.12401765964485167
15 16 -0.35530822916728444
15 55 -0.7403039384050449
16 17 -0.8947247031088579
16 56 -0.683659821773106
17 18 0.5526163674743376
17 57 0.46519007558445447
18 19 0.9229250134078908
18 58 0.1242046781413857
19 20 0.4448468433906261
19 59 0.24649038073728158
20 21 -0.77259159803499
20 60 0.5699485785737537
21 22 -0.136953007627866
21 61 0.29145138518160163
22 23 -0.3466597938952318
22 62 -0.2763627991083013
23 24 0.4108324403688757
23 63 -0.7410863028991905
24 25 0.7863736420671716
24 64 -0.77168389162695
25 26 -0.5550884319569651
25 65 -0.9350074708569369
26 27 0.949641176235196
26 66 -0.5724992809948757
27 28 0.0982959556307832
27 67 0.5255897974566162
28 29 0.07902945008826401
28 68 0.8892134066655932
29 30 -0.9205732914876448
29 69 0.7095474222765088
30 31 0.9721271720978621
30 70 -0.6670991084923743
31 32 0.28575938097447606
31 71 -0.34167541014307745
32 33 -0.8022712978779634
32 72 -0.18870079364951708
33 34 0.36769392700654757
33 73 -0.1720461577627319
34 35 -0.015180908724209852
34 74 0.0877827928245325
35 36 -0.014632227643799345
35 75 -0.20649283903336046
36 37 0.2658286703871324
36 76 -0.31642774078484703
37 38 0.7131181293473943
37 77 -0.9309596967142466
38 39 -0.23034780422084777
38 78 0.23773390203202238
39 40 0.034559138650683385
39 79 -0.36784080681504605
40 80 0.6742782748187521
41 42 0.10140291316236216
41 81 -0.9087960997343874
42 43 -0.0888702892955664
42 82 -0.1991540018566338
43 44 -0.3170149438694583
43 83 -0.7645466800583802
44 45 -0.36890831668212143
44 84 0.18466675301531676
45 46 0.5146615182929157
45 85 0.7011768940043703
46 47 0.33775912981452727
46 86 -0.09584282243761955
47 48 -0.08868060157037583
47 87 -0.6934644747037602
48 49 0.44187614461274216
48 88 -0.3531787497162975
49 50 -0.30017462866871414
49 89 -0.4240851859422923
50 51 -0.3794939773420134
50 90 -0.918952196235866
51 52 -0.8191057171638669
51 91 -0.9151645935236468
52 53 0.3831643618827718
52 92 -0.5179676474021313
53 54 0.2054036457757591
53 93 0.11848144816434503
54 55 0.0862912356075003
54 94 0.46765421272732466
55 56 0.5997040590389586
55 95 -0.6249117518749432
56 57 -0.6969140572883192
56 96 -0.2863599885640933
57 58 0.3388660168019617
57 97 -0.9074358766903263
58 59 -0.6487146143186406
58 98 0.3165582429081255
59 60 -0.36174791978720267
59 99 0.720139159629033
60 61 0.4967389193459808
60 100 -0.655497907809448
61 62 0.8947273916105674
61 101 -0.49161804513046325
62 63 0.08922307428069143
62 102 0.8658201095687925
63 64 -0.08550531659504856
63 103 0.9942616339222459
64 65 -0.3290348729256838
64 104 -0.9521001825061999
65 66 0.045985013066846436
65 105 -0.9466108221746845
66 67 -0.7742329955933394
66 106 -0.22567213416664855
67 68 0.36819632547085934
67 107 0.6014146163762841
68 69 -0.16480648250303354
68 108 0.12251249527695451
69 70 0.2110940733638007
69 109 -0.4208127698011681
70 71 0.10328053725060293
70 110 0.1989146104304087
71 72 0.22440347392250115
71 111 0.754155556680207
72 73 -0.5420588790337224
72 112 0.9509604316940967
73 74 -0.6782957432360905
73 113 -0.9718603151311209
74 75 0.07018424173863846
74 114 0.8967715123707027
75 76 0.14363450661338195
75 115 0.2838864628186859
76 77 -0.29831624220650443
76 116 -0.6492439362201237
77 78 -0.7047541406364535
77 117 -0.28736132587867336
78 79 -0.8587466141480569
78 118 -0.6043689909791985
79 80 -0.9540816224527493
79 119 0.9837634881228885
80 120 0.520420991973547
81 82 -0.27854232930445466
81 121 -0.5538381166174224
82 83 -0.4021207380731766
82 122 0.6567201334862367
83 84 0.08900728280904135
83 123 0.13572990918998928
84 85 -0.9448425682727348
84 124 -0.22253169399471484
85 86 -0.5267692182875348
85 125 0.4308429837121823
86 87 0.43937144639604275
86 126 0.3931508834108479
87 88 -0.1557883030500813
87 127 0.22073795532752682
88 89 0.6788000585029679
88 128 0.05646916169723637
89 90 0.6088624407708823
89 129 0.6293889121220264
90 91 -0.17966400151022377
90 130 -0.3200945090766769
91 92 -0.25331750293441524
91 131 0.89549872056672
92 93 0.6553995099338819
92 132 -0.3455290632024355
93 94 0.3212139925557227
93 133 -0.6031716233783393
94 95 -0.1904562725327319
94 134 -0.8612169667235947
95 96 0.2256837991788343
95 135 0.8591106889755449
96 97 0.29458392834193026
96 136 0.06331983147565423
97 98 -0.51568867771474
97 137 0.1499753756423381
98 99 0.1256668124701814
98 138 -0.20817369519831663
99 100 -0.934116724064658
99 139 -0.966875906959938
100 101 0.4626512479976268
100 140 0.8504480322666272
101 102 0.688523568077458
101 141 0.27636481229455123
102 103 -0.38651942425862673
102 142 0.6307444339046937
103 104 0.04047043314988552
103 143 0.5113140562342968
104 105 -0.6402181096513122
104 144 0.6164535313180679
105 106 0.9299876130102656
105 145 -0.4301907542934582
106 107 -0.4041863766491789
106 146 0.7843416081961707
107 108 -0.30943814905834266
107 147 0.6664611990566118
108 109 0.732211724057237
108 148 -0.14682114436122395
109 110 0.6094508992434831
109 149 -0.8113220846676343
110 111 -0.8750864785020018
110 150 0.8698006312849587
111 112 0.27832864524209766
111 151 -0.5239908548380503
112 113 -0.24285347502668353
112 152 -0.30657599750548514
113 114 0.1567750973966715
113 153 -0.19193850632392984
114 115 0.8353387708099134
114 154 0.5940163338175075
115 116 0.007032558354158613
115 155 0.638981915438618
116 117 0.10519456640899394
116 156 -0.8400751928102859
117 118 0.6798869819090947
117 157 0.23987491387942494
118 119 0.1337294594652525
118 158 0.24149914457681576
119 120 -0.6197518990838677
119 159 0.48746018509279665
120 160 -0.36279450089748067
121 122 0.377452323642713
121 161 -0.6725371499982016
122 123 0.8196823399815116
122 162 0.5322733505025901
123 124 0.8290795294590052
123 163 0.252801252383835
124 125 0.542968010536466
124 164 -0.9890696365105922
125 126 -0.2833577720572229
125 165 0.7729620803655579
126 127 -0.410941453517643
126 166 -0.10921252082273702
127 128 -0.34044160295309345
127 167 0.9044143304989616
128 129 -0.42618797294741406
128 168 0.8050910909915894
129 130 0.5260292390326109
129 169 -0.40820427581870855
130 131 -0.6875421735045435
130 170 0.4307305315628256
131 132 -0.5731626662782658
131 171 -0.021781383007613453
132 133 -0.33760244754741175
132 172 0.7208669228918174
133 134 -0.7725748882969656
133 173 -0.21508364774113464
134 135 0.3399556043962424
134 174 0.01264071433320213
135 136 0.5762770192095596
135 175 0.8379238414682784
136 137 -0.4641595355765149
136 176 0.2768650775604258
137 138 0.6615259188583813
137 177 0.7982482849506833
138 139 0.20375158153704187
138 178 -0.27419459791909784
139 140 0.7926022998982545
139 179 -0.5690120598516564
140 141 0.31624006771745705
140 180 -0.4925748122698814
141 142 0.7428581090535915
141 181 0.952454070155019
142 143 0.9537854946118014
142 182 0.47791966739941594
143 144 -0.38339650238324174
143 183 -0.8306356847716703
144 145 -0.9685984451765546
144 184 0.2924852838103782
145 146 -0.7355935054892777
145 185 0.30564523844590896
146 147 -0.17635965950415744
146 186 -0.8924476954055665
147 148 0.23200083602227295
147 187 0.757299824728529
148 149 -0.9184997383340401
148 188 0.6273759240267198
149 150 -0.8060493771453099
149 189 -0.21952255979335056
150 151 -0.666871820679227
150 190 0.8963319382214077
151 152 -0.5059044311289591
151 191 -0.1002173584681949
152 153 0.4893295146189438
152 192 0.31423861109059703
153 154 -0.006703620801902677
153 193 0.2207732122307584
154 155 0.9587016113613585
154 194 0.6687520281775101
155 156 0.9940988430900006
155 195 0.5991991868571944
156 157 -0.18617624986044956
156 196 -0.668668535874829
157 158 -0.4972254448618594
157 197 0.9988398161633054
158 159 -0.5888137009094763
158 198 -0.8042808244058637
159 160 0.7756087021973599
159 199 0.054905702716651295
160 200 0.7300779135831124
161 162 -0.8593502663889994
161 201 0.882021720491672
162 163 -0.86337043137215
162 202 0.2120530399516265
163 164 -0.008752175622826597
163 203 -0.6291109360156826
164 165 0.6649463538785858
164 204 0.48828953261383545
165 166 0.7900587828769139
165 205 0.6731911012099505
166 167 -0.30048798358313755
166 206 -0.8544800731268825
167 168 -0.44282215581319395
167 207 0.8118995752392282
168 169 0.011777573749411907
168 208 0.7702707143750338
169 170 -0.955306402046717
169 209 0.27488121815890865
170 171 -0.9324909288084606
170 210 0.44479569490604476
171 172 -0.8689703428554454
171 211 -0.4624166583723681
172 173 0.27171579419295
172 212 -0.4433618684168408
173 174 0.4340630331851203
173 213 -0.627660176092022
174 175 -0.7842126499977773
174 214 -0.562317542224259
175 176 0.3062751810926654
175 215 -0.879674833902153
176 177 -0.12091083447583229
176 216 -0.9499636833231675
177 178 -0.6986464992626298
177 217 0.027562872578025033
178 179 -0.3850580193694946
178 218 -0.2085218698326654
179 180 0.7795212116321033
179 219 -0.44177486459720994
180 181 0.5362196659025378
180 220 0.5008079161860912
181 182 0.9881938513140369
181 221 -0.8523133260042128
182 183 -0.8126584432287134
182 222 0.47363921001343057
183 184 0.6602058832448283
183 223 0.7034393165196262
184 185 -0.6349362445912334
184 224 -0.9050825115802197
185 186 0.8715399113292659
185 225 0.3671634838111304
186 187 -0.7647264150188435
186 226 -0.5684192902925118
187 188 0.4595176916900956
187 227 -0.5276491393706342
188 189 -0.6976051963836412
188 228 0.848685815980655
189 190 -0.368219686327546
189 229 0.6308627178244743
190 191 -0.11310735365460056
190 230 -0.4583252883854261
191 192 -0.02079919875232883
191 231 -0.8202605381470107
192 193 -0.1612294020632985
192 232 0.04523219271426937
193 194 -0.18511348380013226
193 233 0.8861686313883723
194 195 0.7614743905010539
194 234 0.531041898187667
195 196 0.21813430352967633
195 235 -0.39057105140617776
196 197 -0.532347122912892
196 236 -0.2573164014945313
197 198 -0.820866767590436
197 237 0.38912615994199085
198 199 -0.5450701647266518
198 238 -0.8981541481392172
199 200 -0.16118234433372636
199 239 0.8314127920889489
200 240 -0.31069673242300144
201 202 0.12736276046965056
201 241 -0.8440153212200259
202 203 0.8784322648567571
202 242 -0.795714684509865
203 204 -0.22244175217126294
203 243 0.14540858053651418
204 205 0.464105817387535
204 244 0.5649831362323523
205 206 -0.916285156195914
205 245 -0.005437640817683054
206 207 -0.8073597690555694
206 246 -0.34383158964864613
207 208 -0.8930521991293272
207 247 0.5191295176766344
208 209 0.6187943893494361
208 248 -0.16781965662448228
209 210 -0.9629447864316503
209 249 -0.38147831020033185
210 211 0.6683744394450761
210 250 0.22692648380678904
211 212 -0.06430984378118532
211 251 -0.9107846563169288
212 213 -0.7639436133858843
212 252 0.39676420386742484
213 214 0.9852144371529126
213 253 0.5244832046783106
214 215 0.7630257277007315
214 254 -0.4208651280118496
215 216 -0.39272431714527767
215 255 -0.1430776978095234
216 217 0.5263941090659643
216 256 -0.3866404383211328
217 218 -0.5523079349109605
217 257 -0.3414973353456894
218 219 -0.44635218525663056
218 258 -0.4776057929791635
219 220 0.21828075014591697
219 259 0.23291947106634625
220 221 0.3946739499327028
220 260 0.965814705295049
221 222 -0.7919594684510753
221 261 -0.14530533307254223
222 223 0.774452161978435
222 262 -0.02144115649234979
223 224 -0.3165235579186838
223 263 -0.690611490811853
224 225 0.7958259697761809
224 264 0.5066503400914442
225 226 0.14189101410076788
225 265 -0.8316648754718197
226 227 0.9326898472370648
226 266 -0.18677866010387212
227 228 -0.7254087909328593
227 267 -0.06670236275701269
228 229 0.3648263357014383
228 268 0.27389802756332515
229 230 0.7077404039180186
229 269 0.713322318433002
230 231 0.11214645935020995
230 270 0.14977763063855942
231 232 -0.9476557416520641
231 271 0.9898439897102256
232 233 0.7165324293288153
232 272 0.894393959983736
233 234 0.3137930370984918
233 273 0.12267618809889158
234 235 -0.7171288544422896
234 274 0.6951658384737309
235 236 -0.2308598391554324
235 275 0.6531722226441881
236 237 0.725484904394029
236 276 -0.8542738835974355
237 238 -0.5941726128768876
237 277 0.4974751875068024
238 239 0.5732756033611894
238 278 0.5232924519762312
239 240 0.9611303893854548
239 279 0.23558357611191072
240 280 0.7445320022835653
241 242 0.4452810222496797
241 281 -0.6830956529536671
242 243 0.9550790328799044
242 282 -0.2866225512510203
243 244 0.45458378043581615
243 283 0.9754669326636882
244 245 0.8485079843049239
244 284 0.15838310460669325
245 246 -0.39631217009310693
245 285 -0.7111062024730885
246 247 -0.5655650255294176
246 286 -0.47845582491440775
247 248 -0.9117798190876638
247 287 0.28252608181464
248 249 0.5423392360843444
248 288 -0.4033901799716253
249 250 -0.30233472458135124
249 289 -0.3170688843932963
250 251 0.9892416220806426
250 290 -0.5259568076182468
251 252 -0.6978651170837675
251 291 0.2838213213126872
252 253 0.05831303916336594
252 292 -0.3497716652109464
253 254 -0.20127555522595442
253 293 0.3988319519515031
254 255 -0.6442674125452348
254 294 0.22680107098433067
255 256 -0.20910081011640735
255 295 0.3155902410544462
256 257 0.12886577957507628
256 296 0.2869826727513709
257 258 -0.2249739163930804
257 297 0.7076690094036706
258 259 -0.09037171407312794
258 298 0.319676066604371
259 260 0.5655150298902683
259 299 0.39521184786347097
260 261 -0.7214968303718332
260 300 -0.7167751551609403
261 262 -0.8103990121012237
261 301 0.8860405899885486
262 263 -0.2498963828609304
262 302 0.2986422263940738
263 264 -0.8614064324275845
263 303 0.3768756341187005
264 265 0.9112372300907174
264 304 -0.14425904254248811
265 266 -0.49346014295171114
265 305 -0.23984694886258962
266 267 -0.018672240216415226
266 306 0.8946790446254567
267 268 0.8263987357091918
267 307 -0.934853545111969
268 269 0.9001919990835998
268 308 0.10157277030457856
269 270 -0.8029595512772942
269 309 0.6427085641713519
270 271 -0.1849666127941807
270 310 0.79714038705505
271 272 -0.9999395048531539
271 311 -0.4625172042270822
272 273 0.023405850341240875
272 312 -0.007984984158050823
273 274 -0.12563626533145134
273 313 0.8558171660652039
274 275 -0.9833720550492813
274 314 -0.5382732148180078
275 276 -0.18169418824882766
275 315 -0.7760208861850266
276 277 0.7210927021483462
276 316 -0.41962838265988545
277 278 -0.16552731400227305
277 317 -0.5975353560935108
278 279 -0.01355238703838868
278 318 -0.4132260241723469
279 280 -0.14289484897386684
279 319 -0.7870463302270991
280 320 -0.20220609750761032
281 282 -0.49943738651195324
281 321 -0.413025487795605
282 283 0.30837433667812064
282 322 -0.7544285874396095
283 284 -0.6164227961281241
283 323 0.3459680040385973
284 285 -0.6950327948039674
284 324 0.42694946820711266
285 286 0.8942281072138951
285 325 -0.7958543889450549
286 287 -0.07979889967312048
286 326 0.32251921451147636
287 288 -0.3386022649317959
287 327 0.5788267000272491
288 289 -0.637783631792888
288 328 0.1234340591128904
289 290 0.30964457646280064
289 329 -0.7485071411677338
290 291 -0.7884900852481134
290 330 0.07927227967367156
291 292 -0.6700484634179762
291 331 0.12926547127619026
292 293 0.6082327171273856
292 332 -0.46179544645847836
293 294 0.8599851882342493
293 333 0.9988521486697535
294 295 -0.33329210164367384
294 334 0.1921125583905985
295 296 0.13536531419628006
295 335 -0.7609326667325396
296 297 0.2085294914889333
296 336 0.14821368831647908
297 298 -0.2754136240364802
297 337 -0.6392607339058096
298 299 -0.8595196080827512
298 338 -0.7577925733374018
299 300 0.7179292682911338
299 339 0.010891333783250579
300 301 -0.27523609804195415
300 340 0.8069679768311528
301 302 0.7674242212076299
301 341 0.9920183892584968
302 303 0.6068539848752519
302 342 0.42854499665370493
303 304 -0.306468454146851
303 343 -0.09899267179127813
304 305 0.4140873190059553
304 344 0.4565216843064166
305 306 -0.7141341872105293
305 345 0.4966820683821169
306 307 0.4702994988721585
306 346 0.19718692101424118
307 308 0.2015640429361496
307 347 -0.3500884443068517
308 309 0.25431719970980926
308 348 0.6404937727663065
309 310 0.12511877571293706
309 349 -0.11255351410055114
310 311 0.5452025396204481
310 350 -0.38674478525085165
311 312 0.4239573617206043
311 351 0.22207608112060462
312 313 0.0268073405947431
312 352 0.1772214844042974
313 314 0.45159740010585736
313 353 0.2893452185787344
314 315 -0.49687750363330596
314 354 0.4622850131069922
315 316 0.9925834218220257
315 355 -0.43783106234707003
316 317 -0.7378125220324414
316 356 -0.5507525400403219
317 318 0.36586865978465566
317 357 0.32477067824304195
318 319 -0.14657200491448874
318 358 0.7014947758264898
319 320 0.8260751765868974
319 359 -0.6748908565475416
320 360 0.9965898346799928
321 322 0.39322142841718977
321 361 -0.07147182391969653
322 323 0.9227043868271638
322 362 0.3023628543432315
323 324 -0.16933237088724318
323 363 0.2730163508786929
324 325 -0.28141903421264014
324 364 0.7999580234956498
325 326 -0.4411275411337412
325 365 -0.4655993871509658
326 327 -0.11298688789362377
326 366 -0.02195822830950367
327 328 0.8035373419355842
327 367 0.9616966643551077
328 329 -0.7293303960290722
328 368 0.0022506370179513624
329 330 0.6136785939703346
329 369 -0.9285401478566062
330 331 -0.24256937876453954
330 370 -0.723034111001271
331 332 0.13840370861764972
331 371 0.48427305551899535
332 333 0.6508809399717572
332 372 -0.7572983345622395
333 334 -0.7930992906772942
333 373 -0.5611127999236605
334 335 -0.648917904318344
334 374 0.7721649887486732
335 336 -0.04912452625199881
335 375 -0.035685744733915614
336 337 0.07842809269061202
336 376 0.6517225865413003
337 338 0.9737453475327287
337 377 -0.2177416633274034
338 339 -0.7720429242769296
338 378 0.09274038615601743
339 340 0.1560466643094276
339 379 0.8010194637779668
340 341 -0.5138993645473833
340 380 -0.345707005180375
341 342 0.2786187424747668
341 381 0.4455951077013627
342 343 -0.2782649324715487
342 382 0.9084022164575529
343 344 -0.12268805153262385
343 383 0.5814647718647243
344 345 0.6252853515398331
344 384 0.42459666977767085
345 346 -0.9073862731669273
345 385 -0.47848537097267596
346 347 0.8370259651027869
346 386 0.9561966716716748
347 348 -0.09071268275370037
347 387 0.28999045816107505
348 349 0.2413825025405716
348 388 -0.12749720590658553
349 350 -0.3065453232991462
349 389 0.9608794351764463
350 351 0.2819623311741142
350 390 -0.6607458074305494
351 352 -0.1518125701090305
351 391 0.9891357896798005
352 353 -0.43807261800280206
352 392 -0.3449318972428568
353 354 -0.1791323756826304
353 393 0.35298252544121644
354 355 0.6405140013166215
354 394 0.806028872914575
355 356 -0.2789106589936281
355 395 -0.22359618185668917
356 357 0.5409282650081142
356 396 0.14740547467124143
357 358 -0.3282695430351532
357 397 -0.492700055431442
358 359 0.742257613392963
358 398 -0.13647737993577524
359 360 0.1422537605065919
359 399 0.8700448219348338
360 400 0.3277022256397
361 362 -0.569875712571321
361 401 -0.10634747584068482
362 363 0.8733556197886474
362 402 0.817654610548818
363 364 -0.9880592690960197
363 403 0.4665912047641243
364 365 0.6812616164908885
364 404 0.40954760943166435
365 366 -0.4329526562225747
365 405 -0.9168116807632802
366 367 0.2360514308061732
366 406 0.983374737155897
367 368 0.4237745327571236
367 407 -0.19762252735569907
368 369 0.12128099387467528
368 408 -0.886613727233307
369 370 0.21012778515127994
369 409 -0.8454545131886506
370 371 0.6506737488601755
370 410 0.16341915501431625
371 372 -0.025364932483949998
371 411 -0.31519088822378527
372 373 -0.45995365266753785
372 412 -0.616765860012384
373 374 0.3558868338807959
373 413 -0.515259111405753
374 375 0.6467306151964201
374 414 0.2519355251086073
375 376 -0.23528747460706745
375 415 -0.3110417099088243
376 377 -0.6268622401309962
376 416 -0.4476062761291779
377 378 -0.5923604217957665
377 417 -0.5022870823210184
378 379 0.010886049034786849
378 418 -0.7534477567936912
379 380 0.6383697137730981
379 419 -0.38759269195386037
380 381 0.5861252894869042
380 420 -0.5348846009154682
381 382 0.7273207529966921
381 421 -0.07061081384200052
382 383 0.2694413490279397
382 422 -0.16137927358436688
383 384 -0.29114282243262446
383 423 0.26241922264239403
384 385 0.29698214833634307
384 424 -0.1281353847317137
385 386 -0.9720831249870443
385 425 -0.5857046776209847
386 387 -0.3028241808603156
386 426 0.7957979374953086
387 388 -0.5943299062619989
387 427 -0.8396686142944052
388 389 -0.8044733177180166
388 428 0.7087006742830002
389 390 0.7181488718152853
389 429 0.35726939685912606
390 391 0.17790238035461314
390 430 0.012601703759536065
391 392 0.051037493402845246
391 431 0.34608353276027426
392 393 0.06915593577208834
392 432 -0.22466145166165763
393 394 -0.43849451540493645
393 433 0.9660398770212046
394 395 -0.14785170772058054
394 434 -0.9916609399960457
395 396 -0.7609892407945271
395 435 -0.47124998280954555
396 397 0.5018077516460242
396 436 0.4266326163671468
397 398 0.6217905131549983
397 437 -0.6901615015588416
398 399 0.07476637577130552
398 438 0.1266288185656117
399 400 0.6500212047876526
399 439 -0.647864391090168
400 440 0.6687400464993012
401 402 -0.7582424969220862
401 441 0.83537401548945
402 403 -0.12598437753173974
402 442 0.8665219187748021
403 404 0.6494009099542706
403 443 -0.9083764825813139
404 405 -0.7471483811477198
404 444 -0.24000702320993095
405 406 -0.34509282930398033
405 445 0.9972704109341408
406 407 -0.23300539470202675
406 446 0.8283581500172266
407 408 0.7683836892273501
407 447 -0.5530882561974069
408 409 -0.2858362716533551
408 448 0.18557340399548639
409 410 0.6692156366695501
409 449 -0.5978301314674381
410 411 -0.6241666903509293
410 450 -0.7923230466637123
411 412 0.2357735612762255
411 451 -0.04719610299409194
412 413 0.38927015909428486
412 452 0.19792019094466862
413 414 -0.898088562939676
413 453 0.3600667499328247
414 415 -0.03482758535446995
414 454 -0.5635520441209623
415 416 -0.06435228538594284
415 455 0.32040590697133786
416 417 0.7494980738125734
416 456 -0.7553409539894795
417 418 -0.7903866260713044
417 457 -0.8069740956667733
418 419 0.9404593797202718
418 458 -0.3707237416519089
419 420 0.16408271720531387
419 459 -0.7909424330549524
420 421 -0.047537584877517025
420 460 -0.8274085054906708
421 422 0.13092397224553554
421 461 0.10480583944089727
422 423 -0.8253818372705104
422 462 0.9961422368858965
423 424 0.7674736605756705
423 463 -0.2341900459249906
424 425 0.8259172188063306
424 464 0.6217123922764676
425 426 -0.9082768618088344
425 465 0.5608776170344243
426 427 -0.3970421819404184
426 466 0.2777971493494906
427 428 0.8212555850592933
427 467 0.8365602326114003
428 429 -0.11633525651904608
428 468 -0.642353316477827
429 430 0.25987210190957133
429 469 0.15193814785610926
430 431 0.39633094656955303
430 470 -0.5741509234861153
431 432 -0.867918683361983
431 471 -0.5861936319099532
432 433 -0.8436823000712697
432 472 -0.5485525951530466
433 434 -0.9179895782309004
433 473 -0.332164808981225
434 435 -0.5075172595343527
434 474 0.23439087298928607
435 436 0.8805254903119142
435 475 0.9293763403796775
436 437 -0.2374526419440166
436 476 0.8307248731027506
437 438 0.4907194613793473
437 477 -0.11612345463066687
438 439 -0.8803663025979074
438 478 -0.27406405395228983
439 440 0.7404063487610333
439 479 0.03682291213286759
440 480 -0.8906031933854239
441 442 0.13289265743839107
441 481 -0.05596136851614553
442 443 0.41243449688471534
442 482 -0.4657267385142949
443 444 -0.2873148715330349
443 483 -0.5591527172353177
444 445 -0.20477690724078235
444 484 0.7218709761579072
445 446 0.2264003630168625
445 485 -0.37762254316117816
446 447 -0.619761690583007
446 486 -0.5202237108971715
447 448 -0.4155536307329939
447 487 -0.5162575008341608
448 449 0.3638555016011982
448 488 0.7473791213324184
449 450 -0.16580700107285207
449 489 0.7598600976747527
450 451 -0.15932103243236106
450 490 0.9846178662535474
451 452 0.68967382541483
451 491 0.09192364088922256
452 453 -0.25761882106252876
452 492 0.18176064072567466
453 454 -0.5313088329201334
453 493 -0.6648132270219083
454 455 -0.8756796153629798
454 494 0.9411635669453597
455 456 0.23205912438542997
455 495 0.6304311437967036
456 457 -0.23315466212621994
456 496 0.31275648527044164
457 458 0.5374412485464244
457 497 -0.7207986587793451
458 459 -0.45867922891546664
458 498 -0.7665073992378695
459 460 0.1550662862498824
459 499 -0.45852608284906804
460 461 -0.1881433003387587
460 500 0.26161514932447827
461 462 0.47837352518198184
461 501 -0.16872883372859948
462 463 0.6705527952703005
462 502 0.4141273267493304
463 464 -0.8806921605466851
463 503 0.015728341044994876
464 465 0.548705557692788
464 504 0.38969134777198455
465 466 0.5020622755889481
465 505 0.6930873715105306
466 467 0.8361942500339841
466 506 0.4210523121200547
467 468 0.5661257886936533
467 507 -0.5808959703120458
468 469 0.11239914108840532
468 508 0.11434826936719578
469 470 -0.8419848483577952
469 509 -0.36362394357242667
470 471 0.7587491826759492
470 510 0.6634906779623302
471 472 0.15310066073276407
471 511 0.8740612615625731
472 473 0.10304203168336357
472 512 -0.793974821106078
473 474 -0.8849118736793273
473 513 0.6087758733789947
474 475 -0.086364645427911
474 514 0.8834022374828305
475 476 0.890426901088107
475 515 0.36874206135170184
476 477 -0.45664054742848137
476 516 -0.8601358492729221
477 478 0.25565495663533366
477 517 0.7265578147660818
478 479 0.3669991312011771
478 518 -0.9273842908011876
479 480 0.9066084866347557
479 519 -0.710130235437817
480 520 -0.8981038553967791
481 482 -0.37086715070557696
481 521 -0.9135685405267477
482 483 -0.6404671971680762
482 522 0.31110670971769516
483 484 0.2976885388221209
483 523 -0.8271853075126963
484 485 0.8172395671233323
484 524 -0.01538850028969474
485 486 0.02467734078274142
485 525 0.6111408592049348
486 487 0.524986182315804
486 526 -0.2917417377523741
487 488 0.6721306674921246
487 527 0.9633084817318336
488 489 0.6045852297504337
488 528 0.6288713626723732
489 490 0.9302399463546993
489 529 -0.7520618516069877
490 491 0.25985125395694264
490 530 -0.002247233630478851
491 492 0.3688829768976365
491 531 0.09061553379992793
492 493 0.9084610940235809
492 532 0.6469904659441286
493 494 -0.2826667732717205
493 533 0.00018875303863041815
494 495 0.7661254506760229
494 534 0.6567881246568208
495 496 0.7956742492761428
495 535 -0.0849995618291175
496 497 -0.596718952213253
496 536 -0.2414844269982852
497 498 0.0818665342097793
497 537 0.016615363468869937
498 499 0.2460879149927786
498 538 0.5651158330389225
499 500 -0.32607138271746483
499 539 0.5037701495778661
500 501 -0.7952046706051137
500 540 0.7756527351471032
501 502 -0.6764985685511875
501 541 0.43753215204923657
502 503 -0.1218676390160105
502 542 0.10258578999956258
503 504 0.7968683827299354
503 543 0.7947972393950564
504 505 0.047008194702267136
504 544 -0.5287751011878528
505 506 -0.41575342012485783
505 545 -0.7164870292795873
506 507 0.3326424370390506
506 546 0.038494802235383485
507 508 0.5515236303791369
507 547 -0.4043618977356367
508 509 0.2584032354841288
508 548 0.4671758639649266
509 510 0.800353569215736
509 549 -0.5315651416884288
510 511 -0.3098904974488996
510 550 -0.5340208673063496
511 512 0.2621032351525534
511 551 0.5385423757190786
512 513 0.42874637958650674
512 552 -0.20096527531734654
513 514 0.010373537445826475
513 553 -0.5853455326276391
514 515 -0.1165740346841262
514 554 -0.6097659559835207
515 516 -0.22229746931197814
515 555 0.6360447847121278
516 517 0.532948263385548
516 556 -0.7146167777951671
517 518 -0.2762237858478287
517 557 0.6250462081816697
518 519 0.648403212399725
518 558 -0.5383669100354096
519 520 -0.43721280011620345
519 559 -0.8092367067323203
520 560 0.24743100601145263
521 522 0.5048898339199461
521 561 0.08653808774263605
522 523 0.644055632533985
522 562 0.8158177341712622
523 524 -0.3218392012398139
523 563 0.3171495527436883
524 525 0.1104636079835346
524 564 -0.9128849500149361
525 526 0.9300298955304669
525 565 0.4156693337504498
526 527 -0.9330289316683891
526 566 -0.7424365689596581
527 528 -0.8175564235753352
527 567 0.07588962384678943
528 529 -0.7788965779253603
528 568 0.8933398205395042
529 530 -0.07773858089032304
529 569 -0.6149761493392039
530 531 0.12162388664202717
530 570 0.6201417466029702
531 532 -0.6439072442919711
531 571 0.4434186786825123
532 533 -0.576874203192292
532 572 -0.6700333172309247
533 534 -0.4885517471508245
533 573 0.5742268652001838
534 535 0.1715204955582479
534 574 -0.4200727614957511
535 536 -0.23479031376734638
535 575 -0.4209207080049371
536 537 0.7655193664115263
536 576 -0.38981752009446957
537 538 0.8456762597134269
537 577 0.13787340738324683
538 539 0.5916641076004667
538 578 0.11471729504745465
539 540 -0.749608545762048
539 579 0.5546279332836825
540 541 0.828154958154272
540 580 0.0764324502168714
541 542 -0.24296077150059192
541 581 0.6283490371028655
542 543 -0.09863402303089619
542 582 -0.7998219453373727
543 544 0.35840349996837695
543 583 0.14250477772404446
544 545 0.32533087528335636
544 584 0.8313470204846396
545 546 -0.07357504004972881
545 585 -0.6311940481078595
546 547 0.6251086202105585
546 586 -0.4435362572198782
547 548 0.27179817678837104
547 587 -0.5853060531394862
548 549 -0.9976528933461926
548 588 -0.6075141880994983
549 550 -0.08604734077884046
549 589 0.14017362175682768
550 551 0.02986601252265597
550 590 -0.14198208084846087
551 552 -0.5579177391343786
551 591 -0.5977307403494097
552 553 -0.5684618879535792
552 592 0.8205014037806782
553 554 -0.17374765601778974
553 593 0.2425960861813623
554 555 0.9990846606552088
554 594 -0.039513487634734945
555 556 -0.7923413150300238
555 595 -0.6599866071145819
556 557 0.04816158356898126
556 596 -0.008008676770420609
557 558 -0.6147263504327034
557 597 0.7042297859575379
558 559 -0.9027379256426455
558 598 0.1665345937018461
559 560 -0.9655861963386543
559 599 0.6998699691988508
560 600 0.953680052017992
561 562 0.5343808514294013
561 601 0.5808975324315737
562 563 0.2523514431062559
562 602 -0.6744549249012155
563 564 0.6608294740492997
563 603 -0.6220826831541246
564 565 -0.663222858977244
564 604 0.2895631688739466
565 566 0.025737014039908468
565 605 -0.5838305137830602
566 567 0.40709222718475346
566 606 -0.1021018977981476
567 568 -0.6938299550011413
567 607 -0.31212971618475693
568 569 0.9790693670001882
568 608 0.4648441800081924
569 570 0.38310125268927075
569 609 -0.7977467966792464
570 571 0.02930840015146452
570 610 -0.049859448121906125
571 572 0.9707065528816343
571 611 -0.9832557279908318
572 573 -0.9242188466793724
572 612 -0.9383851243742658
573 574 -0.5207073868848118
573 613 0.9093398410099938
574 575 0.8777654956356551
574 614 -0.19264682267399724
575 576 0.4298655623412846
575 615 -0.6086579309326676
576 577 0.06091236007935086
576 616 -0.6723960576076926
577 578 0.5772085200817216
577 617 -0.7868122888739337
578 579 0.8981101045650863
578 618 0.9957869064409031
579 580 0.3489886644436
579 619 -0.6114393457856424
580 581 -0.12081967958056716
580 620 -0.07670355090022274
581 582 -0.6110955453227178
581 621 -0.8912924909452238
582 583 -0.6813491887213825
582 622 -0.346708168754456
583 584 -0.06711412185661669
583 623 0.9226265597933085
584 585 0.22624742935845332
584 624 0.4623910205729047
585 586 -0.8231347300613014
585 625 0.20185458296050585
586 587 -0.8488612976883203
586 626 0.6376743818397834
587 588 -0.683185311537891
587 627 -0.9837790387149681
588 589 0.4294713210060035
588 628 0.12057784562143126
589 590 0.5802272492414022
589 629 -0.7252560516608939
590 591 -0.207364602026628
590 630 -0.13349337809593198
591 592 0.08943880587046382
591 631 -0.9661028696748564
592 593 -0.8087654886250959
592 632 -0.33775377176128396
593 594 -0.28819419186176587
593 633 -0.3008546639151306
594 595 0.24297706807314312
594 634 0.3545111266806935
595 596 0.43116983850058865
595 635 -0.4275452462564837
596 597 -0.4084395688683766
596 636 0.6142846731396998
597 598 0.20617868249584093
597 637 -0.984204968610561
598 599 -0.14469207440917242
598 638 -0.08581500454789115
599 600 -0.5060928809944063
599 639 -0.019963745482521444
600 640 0.3111552508372182
601 602 -0.8555572412507397
601 641 0.31943166881569507
602 603 -0.43670761373143496
602 642 0.17641814589723892
603 604 -0.9707342621926138
603 643 -0.5574577361242881
604 605 -0.0677660626524983
604 644 -0.8630975706125528
605 606 -0.25525131269817347
605 645 0.32475742540228336
606 607 -0.10024209079094337
606 646 0.6788872403225747
607 608 -0.7471299187459406
607 647 -0.21593528473659251
608 609 0.2472566585901228
608 648 0.38413501746168355
609 610 -0.6478868850062922
609 649 0.04326436936746014
610 611 0.13958259286418762
610 650 0.778933000955921
611 612 -0.8873207132788024
611 651 0.27649111780913715
612 613 -0.39333719312450466
612 652 -0.11908534542621596
613 614 -0.8281091860275933
613 653 -0.44110200868961225
614 615 -0.7244470865522328
614 654 -0.33542636603269216
615 616 0.040807577339824874
615 655 -0.8060895384634685
616 617 -0.23287197665977466
616 656 -0.44299995240797596
617 618 0.9435838790924806
617 657 -0.12159469651198251
618 619 -0.21787448201847748
618 658 0.8805361057875156
619 620 0.4195740264930121
619 659 -0.9049944394209808
620 621 0.09151851704485625
620 660 0.7373391380151173
621 622 0.5580193659109789
621 661 0.9248840179514943
622 623 0.002061118656761396
622 662 -0.08679444022369509
623 624 0.5257035615743333
623 663 0.3363812891861808
624 625 -0.16309414339696082
624 664 0.8312121430771096
625 626 0.6868689359917706
625 665 -0.1637528130349888
626 627 0.5396987429311573
626 666 0.4177932834393523
627 628 0.1871335135977803
627 667 0.5630898009012442
628 629 0.7413187488370858
628 668 -0.09093313034167472
629 630 -0.6809540286924716
629 669 -0.47264387474014113
630 631 -0.9184889883991356
630 670 -0.6798475114297402
631 632 -0.5351837325072397
631 671 -0.9326831408239709
632 633 -0.41059581060835826
632 672 0.6037219580885254
633 634 0.78136081089897
633 673 -0.5080898297273664
634 635 -0.19010077448454354
634 674 -0.6939946387151354
635 636 0.9221359285410846
635 675 -0.31098136077415006
636 637 -0.6868788616669614
636 676 0.9662655854268032
637 638 -0.8889066468507603
637 677 -0.4305222032494431
638 639 0.24912453637893894
638 678 0.9495482459239573
639 640 -0.29474204141065274
639 679 -0.09907117124342846
640 680 0.03086703544421221
641 642 -0.8934013233115059
641 681 0.3700489054454015
642 643 -0.7765011812575202
642 682 -0.46095543509259973
643 644 0.5600866849820552
643 683 -0.9918312804385114
644 645 -0.7930059265723357
644 684 -0.7972899682071102
645 646 0.17777583362706184
645 685 0.5536007267701244
646 647 0.3626577227743941
646 686 -0.43632448435342197
647 648 -0.33515499497068313
647 687 0.016311650250052656
648 649 0.972495081956511
648 688 -0.5705757798274795
649 650 0.5517608945029118
649 689 -0.7520321715578864
650 651 0.42042363649126724
650 690 -0.41174222929319604
651 652 -0.8466729762625158
651 691 -0.312612657978639
652 653 0.9349138778680686
652 692 0.424728754209283
653 654 0.2593601934805272
653 693 -0.4935402880869968
654 655 0.1648191847343674
654 694 -0.4459164330660015
655 656 -0.22457548781279857
655 695 -0.2904541499839719
656 657 0.43417163800083647
656 696 -0.5726925847127591
657 658 0.8655054371451452
657 697 0.8132388882260388
658 659 0.22738748062498293
658 698 -0.3797888715425959
659 660 0.9500520135137798
659 699 -0.5656968846681738
660 661 0.8463463769002415
660 700 -0.025411788949107006
661 662 -0.3196696584441474
661 701 -0.38117153393772196
662 663 -0.5887051483152297
662 702 -0.43964806563841097
663 664 -0.37037986270523815
663 703 -0.08514348865803156
664 665 -0.7450110408361938
664 704 0.6531312676851984
665 666 -0.16971409075435595
665 705 0.4160915487356385
666 667 -0.17544455741646825
666 706 -0.3204512885023765
667 668 0.35943481659600907
667 707 0.42642439169609614
668 669 0.4776703887052294
668 708 0.803989692011331
669 670 0.14454378930120626
669 709 -0.7799734538970287
670 671 0.14066764723940106
670 710 -0.8665142824842738
671 672 0.7357768891225869
671 711 -0.7908341354100505
672 673 -0.02789140452095884
672 712 0.6599538259834474
673 674 -0.8330611696490247
673 713 -0.36800370172632935
674 675 -0.0031852042861229
674 714 0.6750842407453639
675 676 0.369792165955114
675 715 0.6345028524058318
676 677 -0.36888501312546573
676 716 -0.8589303681454303
677 678 0.8443494046111581
677 717 -0.8249086118485438
678 679 -0.03945978173952369
678 718 -0.5573305619108393
679 680 0.32722334609645376
679 719 -0.18160787748837337
680 720 -0.5697866440236519
681 682 -0.1132980759734703
681 721 -0.06400770524007782
682 683 -0.9960311979084255
682 722 0.793126748094007
683 684 0.3798416430027025
683 723 -0.5804151769200283
684 685 -0.3480517472947635
684 724 0.18700426508762558
685 686 -0.8617405790968922
685 725 0.6128733362021344
686 687 -0.8804629476688453
686 726 -0.40819516399196365
687 688 0.643069537172698
687 727 0.7063987154669533
688 689 -0.933303970526117
688 728 0.8212694281395565
689 690 0.14591099685721054
689 729 0.8536282331136449
690 691 -0.09859244755052687
690 730 0.1288147959912942
691 692 0.484332969428362
691 731 -0.03458309746348531
692 693 -0.3819701071534838
692 732 0.9397622234485139
693 694 -0.3905848637210232
693 733 -0.7022791571278137
694 695 -0.6881341006484845
694 734 -0.9098080009234351
695 696 0.3564485748485544
695 735 -0.6442750492567726
696 697 -0.19819947679707162
696 736 0.5878000955330189
697 698 -0.9121321179604684
697 737 -0.7430435874759906
698 699 0.3972416583872649
698 738 -0.6225631751238669
699 700 -0.22381681786507523
699 739 -0.5105637122110223
700 701 -0.0013682645659849335
700 740 -0.886505963620472
701 702 -0.13218855685350772
701 741 0.6247966815456594
702 703 -0.9107428548961651
702 742 0.11341396841181828
703 704 -0.005427697703503265
703 743 -0.5805259117400856
704 705 -0.13199267758596323
704 744 0.6667001667951209
705 706 0.23908580700574222
705 745 0.7990303688776224
706 707 -0.94240339248352
706 746 -0.9063736898429726
707 708 -0.7606283706590202
707 747 -0.5496438946447977
708 709 0.3155521161629806
708 748 -0.07425402833504124
709 710 0.0016676690024060026
709 749 -0.8224377705181538
710 711 0.2707863599857354
710 750 -0.8561373366779741
711 712 0.024664790930278402
711 751 -0.3403633729573561
712 713 0.07005168933902839
712 752 0.8915699885587816
713 714 -0.2956923894690049
713 753 0.03477529254219158
714 715 -0.123723574251424
714 754 0.6463429153943983
715 716 0.622797952275896
715 755 0.5411620533862445
716 717 0.2802328948948627
716 756 0.7345294674098606
717 718 -0.49265999248821624
717 757 0.9225879119469065
718 719 -0.18656893524389084
718 758 -0.4261747489438965
719 720 0.8365344985777976
719 759 0.8028649091698647
720 760 0.6535330039324827
721 722 0.32211866952991897
721 761 0.3799332638532238
722 723 0.8606549164375583
722 762 -0.31953209432521024
723 724 0.6574830076704905
723 763 0.615837907664331
724 725 0.6112576797430189
724 764 0.481368008865807
725 726 0.0550438980395167
725 765 -0.2617558678412093
726 727 0.44717302653195246
726 766 0.14015085350837642
727 728 0.7967756535350718
727 767 0.8136479152718721
728 729 -0.3289410666661887
728 768 0.012863047660176319
729 730 -0.5421789713517113
729 769 -0.7958781794827061
730 731 -0.0068543236386608974
730 770 0.8039151748109885
731 732 -0.3315101522247166
731 771 0.9837101966955866
732 733 -0.4454371286401606
732 772 -0.1716253838600892
733 734 -0.14244985632809848
733 773 -0.00876152327336599
734 735 -0.7634553544445748
734 774 -0.40972548756761284
735 736 0.8852781504354352
735 775 -0.5339078930786398
736 737 -0.5453036258532489
736 776 0.07672837408964384
737 738 -0.4475212775859594
737 777 -0.5513206147803564
738 739 0.7255787596581931
738 778 0.5618156796931646
739 740 0.7183565339148652
739 779 0.9654218205063569
740 741 -0.7180653511061592
740 780 -0.5625090117364482
741 742 0.27897974024027294
741 781 0.3797774208654583
742 743 0.13422743778540003
742 782 -0.47952479519155156
743 744 -0.4807826552440919
743 783 0.5193598614911805
744 745 -0.6736972861660069
744 784 -0.025096053231164595
745 746 0.8163470674004876
745 785 0.4156587541757526
746 747 -0.3738353852093652
746 786 -0.3812204921058293
747 748 -0.7084292288985281
747 787 0.2459458162819732
748 749 0.1033368832591639
748 788 -0.09458176598347423
749 750 -0.3261257426342359
749 789 -0.5931385811236674
750 751 0.9009533090707125
750 790 -0.687543603323659
751 752 0.7140059889001626
751 791 -0.5072210284387297
752 753 -0.060273873217784324
752 792 -0.5904703861124061
753 754 -0.2734817235289697
753 793 0.24557964907049157
754 755 0.6904626183776732
754 794 -0.30183864005769556
755 756 0.22093232473843516
755 795 0.9481522390531485
756 757 0.25003327009834586
756 796 -0.36146635378112824
757 758 -0.3464263667789851
757 797 0.052738210744785796
758 759 -0.938692139755702
758 798 0.5707933063242867
759 760 -0.6714903774249483
759 799 0.8937367333925679
760 800 0.4436225557049469
761 762 -0.4733410311088724
761 801 -0.9770421324796503
762 763 -0.15483789828661543
762 802 0.3403927262924109
763 764 0.8830014104853869
763 803 -0.01057092902434209
764 765 -0.3344289134221101
764 804 -0.8539711704067743
765 766 -0.8292416499012194
765 805 0.484857415411446
766 767 0.3128549176601563
766 806 0.961482696817435
767 768 0.39565418555494336
767 807 -0.044713322700094205
768 769 0.9910235148617048
768 808 0.9891463982597799
769 770 -0.2505639086314153
769 809 0.43194705648517395
770 771 0.9206204914587581
770 810 0.4033048592864785
771 772 -0.2349226950228427
771 811 0.8394347562928903
772 773 -0.12159681930960886
772 812 0.6546990515599611
773 774 0.18341881188801046
773 813 0.5094868391270386
774 775 0.023290757135785656
774 814 -0.2682707340077062
775 776 -0.7788468647012676
775 815 -0.9637019525900188
776 777 0.019934851558826905
776 816 -0.6702959852181589
777 778 -0.16260846352967273
777 817 -0.16969309438545976
778 779 0.9513948131788357
778 818 -0.8121884454917392
779 780 0.7448525511233834
779 819 -0.20756524501920892
780 781 -0.6545436183968982
780 820 0.4847404122572341
781 782 -0.435511231114174
781 821 0.3445421289076227
782 783 0.3060614851141188
782 822 -0.8223473130429688
783 784 -0.8419568217707198
783 823 -0.2851659931832693
784 785 -0.3434362788271952
784 824 -0.1395259374660609
785 786 0.32289082495031907
785 825 -0.9449468689426102
786 787 -0.7417654704712178
786 826 -0.24005936126417926
787 788 0.8622741545223862
787 827 0.7111986658482532
788 789 0.7825705801658627
788 828 0.992881446695167
789 790 0.6730054380517247
789 829 -0.26460839548079407
790 791 -0.14385972735970398
790 830 -0.4919633844282303
791 792 0.5010363787288818
791 831 -0.0875953081903138
792 793 -0.9847259071955423
792 832 -0.6235265832157861
793 794 -0.5609099640784356
793 833 0.5928180408848163
794 795 -0.7147546825539346
794 834 -0.3688782914624382
795 796 -0.8653120919701727
795 835 -0.6557798551700253
796 797 -0.5180756550922498
796 836 -0.106428251661975
797 798 -0.58423099789994
797 837 0.2058283949758628
798 799 0.8118630084998113
798 838 -0.7256849023971139
799 800 0.790716020558899
799 839 -0.5443898303415133
800 840 -0.5340527706846827
801 802 0.5425888932495304
801 841 0.6322846525776988
802 803 0.22247718304056163
802 842 0.32184601225666576
803 804 -0.03747542309176244
803 843 0.636256264916347
804 805 -0.8600584953133581
804 844 -0.6823744336757303
805 806 -0.17158512592808672
805 845 -0.4876983148685936
806 807 0.7802895755671966
806 846 0.6541565901434396
807 808 0.6365568398275305
807 847 0.15812742634446253
808 809 0.19369305558282424
808 848 -0.9503411936949091
809 810 -0.39616765476885885
809 849 0.7695900371708779
810 811 -0.4546226901725483
810 850 0.2704313570825094
811 812 -0.9580810927830421
811 851 -0.37117072606040513
812 813 0.06337152225705545
812 852 0.45909530384031005
813 814 -0.0014970615724287928
813 853 -0.12263630336477616
814 815 0.6749409548727778
814 854 -0.9018270923243639
815 816 0.4774019078770617
815 855 -0.28737246975474307
816 817 -0.004314244917259957
816 856 0.9769401083724989
817 818 0.6334853470296553
817 857 0.03370950659051353
818 819 -0.7342425993148773
818 858 -0.15387390848098503
819 820 0.9183241253655694
819 859 0.5948586392890927
820 821 -0.18414372480579022
820 860 -0.997828526769009
821 822 -0.21164985699224514
821 861 0.4370893021542892
822 823 -0.7103265382947264
822 862 -0.3886998324281268
823 824 0.40515633761410563
823 863 0.0492918326488494
824 825 0.6306156075594507
824 864 -0.7126703760777857
825 826 0.5305756894784486
825 865 0.7456753238153457
826 827 0.0016499512343246536
826 866 -0.19195881643302037
827 828 0.32909557539543166
827 867 -0.9022545237030979
828 829 0.13426077012883098
828 868 0.6620803665823616
829 830 0.8185531723644575
829 869 -0.5597940262598899
830 831 0.7210841244981878
830 870 0.8081895143623168
831 832 -0.09768103673912454
831 871 -0.3941806112027053
832 833 -0.2478756832468929
832 872 0.9967354325294284
833 834 -0.47240763590001866
833 873 -0.1330761314208162
834 835 -0.7319892210852819
834 874 -0.9006740402584699
835 836 0.5595624885648114
835 875 -0.22719668370413948
836 837 0.755607802509759
836 876 -0.11451058134106651
837 838 0.6053669769721715
837 877 -0.9722785590051533
838 839 0.3919896430729455
838 878 -0.4948979510296889
839 840 -0.019949014189309944
839 879 -0.024852171117759614
840 880 0.26571144195123075
841 842 -0.7207167925034084
841 881 0.15601349114968222
842 843 0.014125608009941226
842 882 0.2699465098949414
843 844 0.11960265778383694
843 883 0.6645231879241347
844 845 0.16146607286176784
844 884 -0.40462705069350635
845 846 0.9011339103088294
845 885 0.7484969148547456
846 847 -0.10704127844928002
846 886 -0.18289590297044134
847 848 -0.02280836159696631
847 887 0.8024484305869797
848 849 -0.8376274734968163
848 888 0.0019235171432296916
849 850 -0.10790172799922249
849 889 0.9476920129576498
850 851 -0.5090655344691288
850 890 0.6870623804241882
851 852 0.7563993038679069
851 891 -0.4964365842693024
852 853 0.8931025221299331
852 892 -0.948029099244516
853 854 0.5484675759992508
853 893 0.9878038651650711
854 855 -0.12413324039793228
854 894 0.8497189394069058
855 856 -0.7476602134747181
855 895 0.5338761310748439
856 857 -0.6152800218633092
856 896 0.48096834096514884
857 858 -0.9272762659195815
857 897 0.07901987882252604
858 859 0.8763492757561442
858 898 0.22041225602274972
859 860 0.06379418193088893
859 899 0.282092092535958
860 861 0.9645732986074373
860 900 -0.8554546666366154
861 862 0.1420871620845785
861 901 -0.5521701275432398
862 863 -0.7431031085430329
862 902 0.5747619823583623
863 864 -0.3209955122696402
863 903 -0.9667478696895428
864 865 -0.25284928221253944
864 904 0.7042748623304593
865 866 0.37255018005015605
865 905 0.4023398041556303
866 867 -0.5232283545093723
866 906 -0.7415399043902442
867 868 -0.5328932550330032
867 907 -0.5390872053959941
868 869 0.5860491570022248
868 908 0.4866999305383548
869 870 0.6635447420538991
869 909 0.2918979916330837
870 871 -0.054205844628120836
870 910 0.4841553422850706
871 872 0.08231142257693458
871 911 0.16506941054586832
872 873 0.04871857277151159
872 912 0.3204601740274182
873 874 0.9614271476014014
873 913 0.6852468564918608
874 875 -0.45288280188416086
874 914 -0.28596436138702397
875 876 -0.4372934703650666
875 915 -0.21435127464137782
876 877 -0.6343530806595306
876 916 0.7899201953218249
877 878 0.6243473663273111
877 917 0.7193625263624477
878 879 0.18939880481586346
878 918 0.35350546873359234
879 880 -0.007462433752298381
879 919 -0.8192300383070987
880 920 0.09564840798764629
881 882 -0.3186514559116014
881 921 -0.535569025061867
882 883 -0.7835174969795935
882 922 0.9024014311513453
883 884 0.2223836966706143
883 923 -0.25698438457207606
884 885 0.25111654945602524
884 924 -0.848816686857877
885 886 -0.16374559930284227
885 925 0.43999493922894817
886 887 0.42649015488228503
886 926 -0.29365718781738637
887 888 -0.42933367780598286
887 927 -0.6852256903135368
888 889 -0.191587627185682
888 928 0.7194144403171228
889 890 -0.4335416256052511
889 929 0.27125738157787493
890 891 0.31614598139420935
890 930 -0.10274958619436458
891 892 0.9501418377170083
891 931 0.6177588698930461
892 893 0.6698960173820789
892 932 -0.6811676480211959
893 894 0.21280432134908112
893 933 -0.5244677562136422
894 895 -0.32028613454744814
894 934 -0.7839153782867192
895 896 -0.8950964812831241
895 935 -0.7544596816109561
896 897 0.4906385312440835
896 936 -0.645785173357355
897 898 -0.18544749799194316
897 937 -0.4325494439750035
898 899 -0.2855850268785114
898 938 -0.512328488090549
899 900 -0.910305012162155
899 939 0.8045729009665883
900 901 0.3806949241371158
900 940 0.8981598535349158
901 902 -0.9765457473897394
901 941 0.9779313534732965
902 903 0.033465795464453496
902 942 -0.4368428057007985
903 904 0.7763710289033585
903 943 -0.07648890288687071
904 905 -0.8511455586922858
904 944 -0.8172723703027232
905 906 -0.948057531072982
905 945 -0.0697231065126731
906 907 0.7533714747616251
906 946 0.7558690208010814
907 908 -0.023768156883286595
907 947 0.2734738584521792
908 909 -0.3014894963539727
908 948 0.09708073206588774
909 910 -0.11710745987837212
909 949 0.2867786833829731
910 911 -0.8154118782781159
910 950 0.6064820177680166
911 912 0.25166161092853123
911 951 -0.5022079522057055
912 913 -0.3085890588114557
912 952 0.7459073349391412
913 914 0.9506286175266645
913 953 0.8140137462108028
914 915 -0.4281399436001754
914 954 0.16723894101555103
915 916 -0.18149662764251828
915 955 -0.6708961619568745
916 917 0.7479556742660671
916 956 0.7839882109203375
917 918 -0.9430343346153487
917 957 -0.47705170015738885
918 919 0.14145625973268738
918 958 0.7832368937633336
919 920 0.4197714162933641
919 959 0.1409874671022462
920 960 0.8542979471960397
921 922 -0.6027124928297907
921 961 -0.4570184534226387
922 923 -0.9331369713482778
922 962 -0.8059820672082039
923 924 0.5797648702138674
923 963 0.16227944387439996
924 925 0.2969929302438452
924 964 -0.4426582172685489
925 926 0.14101874679285187
925 965 -0.5283151963192665
926 927 0.6789899956848551
926 966 -0.2280441460018814
927 928 -0.8503561361538909
927 967 -0.042145890902450134
928 929 0.16914630567013478
928 968 -0.6523201577703128
929 930 0.5978760321551166
929 969 -0.28356270383043314
930 931 0.19621674907948838
930 970 -0.8061425754080089
931 932 0.63404075691218
931 971 0.4349740532614639
932 933 0.3581588848435455
932 972 0.0005403234894250097
933 934 -0.08790460892172947
933 973 -0.4307472072694081
934 935 0.009037521634539303
934 974 0.39820127194182753
935 936 0.49220183453814714
935 975 0.5203671807789381
936 937 0.8400587169949991
936 976 0.6887543692354028
937 938 -0.8598837324425048
937 977 0.013704995650294372
938 939 0.8838421605301008
938 978 0.4780853535349934
939 940 -0.35401315375460496
939 979 0.7198008787129109
940 941 0.05852455483053465
940 980 -0.39610460120954927
941 942 0.32584212724989414
941 981 -0.5774142620458449
942 943 0.10819410335331603
942 982 -0.16039580054399116
943 944 0.5622156273351266
943 983 -0.5832099050541641
944 945 0.5993778070100304
944 984 -0.05029249748593512
945 946 0.43558510683896023
945 985 -0.30848297697099336
946 947 -0.9287802188827534
946 986 -0.25304446979516415
947 948 -0.4017673290577717
947 987 -0.5661916604413619
948 949 -0.6860449998338185
948 988 -0.22166510335645984
949 950 -0.8267904987987436
949 989 -0.24467711963965044
950 951 0.8138811539498079
950 990 -0.3321450467277587
951 952 0.9043898592267172
951 991 -0.3781004517552842
952 953 0.5143326411789846
952 992 0.911613094908434
953 954 0.8150595191829169
953 993 0.6785073930778418
954 955 -0.3083318600339535
954 994 -0.39277489274439814
955 956 -0.5005547220018494
955 995 0.3510793361149718
956 957 -0.2111534183675936
956 996 0.32997222020446926
957 958 0.7086937970873661
957 997 -0.7200296719178183
958 959 -0.9493955839888388
958 998 0.25835960616122366
959 960 0.6805086435691985
959 999 0.11851385120502966
960 1000 -0.0436695878092499
961 962 0.953705528021386
961 1001 -0.5691420434372769
962 963 0.6938935363417189
962 1002 0.22473750791601455
963 964 0.39692839268240676
963 1003 -0.8805165820807277
964 965 -0.7023658220612083
964 1004 0.922395096204303
965 966 -0.8640836955186535
965 1005 0.0560034895381154
966 967 -0.16748374953962553
966 1006 0.4883027673294962
967 968 0.7547926852840889
967 1007 -0.6540931609300342
968 969 0.04188344731521587
968 1008 -0.5755068915679229
969 970 -0.7735227172388617
969 1009 0.14235486880537285
970 971 0.060911500933919394
970 1010 0.2515136944829619
971 972 -0.7987442465997203
971 1011 0.5049768935312446
972 973 -0.4587673590986374
972 1012 0.34235474655583276
973 974 0.08830206750007186
973 1013 -0.7772701599371294
974 975 -0.40438603716143406
974 1014 0.9850483839817086
975 976 0.0804571902812421
975 1015 -0.38367604813617984
976 977 0.8834985224227263
976 1016 0.9097996188629669
977 978 -0.0013054965376650962
977 1017 0.9321609377457263
978 979 -0.7026115121121921
978 1018 0.7215021307581773
979 980 0.7178356162446295
979 1019 -0.07164382997304286
980 981 -0.6442117838503616
980 1020 0.728174470951084
981 982 -0.3324378101536771
981 1021 -0.4499251978961798
982 983 0.5194693437508149
982 1022 -0.8590872441604698
983 984 0.8061248331053168
983 1023 0.17258701172308744
984 985 0.4748796756330558
984 1024 0.52768319643105
985 986 -0.4269790320550384
985 1025 -0.3685549632602485
986 987 0.8059991351339499
986 1026 0.13663591257077323
987 988 0.4978245935296617
987 1027 0.5304167774354225
988 989 -0.8634774962591449
988 1028 0.7464401424510827
989 990 -0.036308325854230494
989 1029 0.11709577156501694
990 991 -0.3056537667237571
990 1030 0.9049066821010787
991 992 -0.6653364684237264
991 1031 -0.4785664086952084
992 993 0.8267189595165032
992 1032 -0.5516263031291171
993 994 0.08441293004881145
993 1033 -0.9960530839134101
994 995 -0.272020779405866
994 1034 -0.1984281742408347
995 996 0.5097488249983475
995 1035 0.3315413412478776
996 997 0.06706821501890392
996 1036 0.903869403558172
997 998 -0.04347266794519866
997 1037 -0.20950483609233395
998 999 -0.7819556677050317
998 1038 -0.5956144092134537
999 1000 0.019568950069011493
999 1039 -0.9663101116535078
1000 1040 0.08928127465617819
1001 1002 -0.28718516587580756
1001 1041 -0.9632001067387674
1002 1003 0.40030290793377854
1002 1042 0.10052025567236811
1003 1004 -0.6214698060325368
1003 1043 -0.20362793315062766
1004 1005 0.6807160263376086
1004 1044 -0.7749751443606807
1005 1006 -0.6752027166933809
1005 1045 0.4816312728772558
1006 1007 0.5985027251335471
1006 1046 -0.7948060283130618
1007 1008 0.17855358994556103
1007 1047 -0.7918761182301781
1008 1009 -0.9949587988937105
1008 1048 0.04078728815210786
1009 1010 -0.43395290888226423
1009 1049 0.791044056425884
1010 1011 -0.39275407209503577
1010 1050 -0.9212719534340414
1011 1012 0.06045731220486705
1011 1051 0.7355469639074226
1012 1013 0.6579705772587989
1012 1052 0.19434357894829257
1013 1014 -0.8526803341966807
1013 1053 -0.3042619965874871
1014 1015 0.37337392086400145
1014 1054 -0.2716311566641383
1015 1016 0.20334764469458277
1015 1055 0.23465855476804331
1016 1017 0.9724086694832879
1016 1056 0.8593214488124952
1017 1018 0.17495179061345234
1017 1057 0.6230211982241529
1018 1019 0.5137897249196022
1018 1058 0.7034854808127726
1019 1020 0.8387447393698557
1019 1059 -0.14951205904994724
1020 1021 -0.2612064150003839
1020 1060 -0.29438995883209995
1021 1022 0.8443780661777898
1021 1061 -0.11767587851248917
1022 1023 0.9809781466353098
1022 1062 0.2085412442973833
1023 1024 -0.3458178182624445
1023 1063 -0.802555060982165
1024 1025 -0.5292588189366421
1024 1064 0.07320634402158754
1025 1026 0.3877739014339059
1025 1065 0.7448874925834301
1026 1027 0.1790756057841676
1026 1066 -0.8165920318579873
1027 1028 -0.7819759846474161
1027 1067 -0.7677076877756543
1028 1029 -0.8221138627433573
1028 1068 0.5687526550711597
1029 1030 0.8301034033931725
1029 1069 -0.1333311999893687
1030 1031 0.5968913904685889
1030 1070 -0.7912588452005422
1031 1032 0.17019191553629898
1031 1071 -0.9541216578648679
1032 1033 -0.689889903079373
1032 1072 0.9202076802304555
1033 1034 -0.12121619906557601
1033 1073 0.8138171083199439
1034 1035 0.5264606504535105
1034 1074 -0.9329252760302309
1035 1036 -0.7975192405472495
1035 1075 0.737781256595563
1036 1037 0.5371250722883147
1036 1076 0.36878763749457355
1037 1038 0.0937618511569076
1037 1077 0.5937507927125991
1038 1039 -0.31257156665411645
1038 1078 0.7098235037619809
1039 1040 -0.6472829880315771
1039 1079 -0.013700487209574508
1040 1080 0.2117495820279105
1041 1042 0.2335805391900283
1041 1081 -0.5391892244378311
1042 1043 0.6228028307496731
1042 1082 0.2887641511978569
1043 1044 0.474105524222062
1043 1083 0.104433803087568
1044 1045 -0.20206385886086742
1044 1084 -0.8574343909289086
1045 1046 -0.7295866189010942
1045 1085 -0.27315817166465783
1046 1047 -0.2908826864992362
1046 1086 0.9113441187801148
1047 1048 0.44182034363739264
1047 1087 -0.2163948556521036
1048 1049 -0.7039822209323527
1048 1088 0.4090637216851374
1049 1050 -0.32282874293259733
1049 1089 0.4915647480497012
1050 1051 -0.5606636226774657
1050 1090 -0.1802569260126865
1051 1052 0.1645929683034666
1051 1091 0.39502429050694143
1052 1053 0.43052481125648945
1052 1092 -0.926324659936367
1053 1054 0.926811317945536
1053 1093 -0.2149440559720195
1054 1055 -0.2523075682439502
1054 1094 -0.06372251223094394
1055 1056 -0.323121168878747
1055 1095 -0.08514196730200085
1056 1057 -0.4258123669134477
1056 1096 -0.5451515495486545
1057 1058 -0.05498190920686907
1057 1097 0.7297414845788812
1058 1059 -0.9526615987611766
1058 1098 0.3690880439426383
1059 1060 -0.45298649063715923
1059 1099 0.31726839400343265
1060 1061 -0.10872472670431699
1060 1100 -0.17173288035488032
1061 1062 0.9968960863053671
1061 1101 0.34316429011063
1062 1063 -0.7578684447670272
1062 1102 0.42563784581892183
1063 1064 0.47802722868097547
1063 1103 0.1941556749278912
1064 1065 -0.123967153902941
1064 1104 -0.1603726789179345
1065 1066 0.018551487945983602
1065 1105 0.2515666842406805
1066 1067 -0.1893316411281496
1066 1106 0.15020348927949945
1067 1068 0.6823659417518813
1067 1107 0.20647917024183982
1068 1069 0.699801126179497
1068 1108 0.5216673782781522
1069 1070 -0.4613917576508184
1069 1109 -0.23716560992035496
1070 1071 0.4737007320898019
1070 1110 -0.38273327851665595
1071 1072 0.1156494427992325
1071 1111 0.6583701722940412
1072 1073 0.8991660209308991
1072 1112 -0.11672278717771278
1073 1074 -0.09580169010785866
1073 1113 0.2543707756519007
1074 1075 0.42586378511258327
1074 1114 0.3213989247090099
1075 1076 0.6877896308452258
1075 1115 -0.6565043450826842
1076 1077 0.09268709389008167
1076 1116 0.34321567413493415
1077 1078 0.11965238164313696
1077 1117 0.4009978069266653
1078 1079 0.7410831116514729
1078 1118 0.8951476453506206
1079 1080 0.10439305681660915
1079 1119 -0.44600455111671056
1080 1120 0.8678487990329589
1081 1082 0.4847034721316992
1081 1121 0.168500416789773
1082 1083 -0.6050456288620749
1082 1122 0.5466453239697793
1083 1084 -0.5185875317274034
1083 1123 0.8190184836657846
1084 1085 0.8725330027450469
1084 1124 0.6343476199634741
1085 1086 -0.06828495819707392
1085 1125 0.766073449316736
1086 1087 -0.3778470121818347
1086 1126 0.06277706876824296
1087 1088 0.18221174426000375
1087 1127 -0.7945156528029844
1088 1089 -0.5198269925978114
1088 1128 -0.5525824040135092
1089 1090 0.147505245357189
1089 1129 0.9061996435025299
1090 1091 -0.060660318392216306
1090 1130 -0.30775905551661564
1091 1092 0.010559625789038796
1091 1131 0.12667446426030948
1092 1093 0.8670782892559128
1092 1132 0.5250157108319264
1093 1094 0.3303599843781271
1093 1133 0.006356092727725082
1094 1095 0.7601834284871638
1094 1134 0.023849802519887442
1095 1096 -0.06570228599922445
1095 1135 -0.07664373913875266
1096 1097 0.920929957538571
1096 1136 0.5312424667703131
1097 1098 -0.22629421378013048
1097 1137 -0.423512969078941
1098 1099 0.944961040013498
1098 1138 -0.14695401018867038
1099 1100 -0.06327685697593366
1099 1139 -0.9960978430032335
1100 1101 -0.3851513526264594
1100 1140 -0.9443420094237702
1101 1102 0.26806672542524135
1101 1141 0.4587108045765007
1102 1103 0.5460506852062765
1102 1142 -0.811149497146286
1103 1104 0.5365020902606135
1103 1143 -0.5553578783983164
1104 1105 0.2531483491440494
1104 1144 -0.4772558976611643
1105 1106 -0.934077019419475
1105 1145 0.08106878205335
1106 1107 0.60631071905096
1106 1146 -0.7355192293445443
1107 1108 -0.017687600389570513
1107 1147 -0.7425088049835837
1108 1109 -0.2723252858893921
1108 1148 0.7384290715214725
1109 1110 0.04469570415147017
1109 1149 -0.05794937165353109
1110 1111 -0.43023345855782535
1110 1150 0.9408502610096303
1111 1112 0.674613717546547
1111 1151 0.8941482794652664
1112 1113 -0.8314934367360731
1112 1152 0.8431271156311377
1113 1114 0.6033396728980058
1113 1153 -0.00304076832344391
1114 1115 -0.02702572287815319
1114 1154 0.34212282805962
1115 1116 -0.01757549145888926
1115 1155 -0.8871299326890492
1116 1117 0.9945632151768746
1116 1156 -0.24451994484563966
1117 1118 0.04580731939923055
1117 1157 0.2229690633473509
1118 1119 -0.4869747075861961
1118 1158 0.9995356567445113
1119 1120 -0.30089137890414763
1119 1159 0.7815186087100161
1120 1160 -0.3403085439352509
1121 1122 -0.15979289082048598
1121 1161 0.41850566438972425
1122 1123 -0.3107915580566094
1122 1162 0.7008204675109508
1123 1124 -0.9495840500330022
1123 1163 -0.4186602075104702
1124 1125 0.15723431520587372
1124 1164 0.8618832108284302
1125 1126 0.3784537824047647
1125 1165 -0.2564095821634462
1126 1127 0.6253413908845917
1126 1166 0.8259123260286023
1127 1128 -0.12707723632216705
1127 1167 -0.022359095385401373
1128 1129 -0.4521075137006363
1128 1168 -0.008568730168077021
1129 1130 -0.5385049572406493
1129 1169 -0.2696495985349656
1130 1131 -0.0009666287950025332
1130 1170 -0.5464423440528476
1131 1132 0.11751502944598746
1131 1171 -0.8239161012284404
1132 1133 0.8261457757096371
1132 1172 0.024894073606283484
1133 1134 -0.30368578570047156
1133 1173 -0.37221035171142924
1134 1135 0.9644473659175041
1134 1174 0.917559443714755
1135 1136 0.877287941720273
1135 1175 -0.37768616385968157
1136 1137 0.29091768344386826
1136 1176 -0.8671855671725823
1137 1138 0.1698694697540355
1137 1177 -0.0910048569309243
1138 1139 -0.5135952636000456
1138 1178 -0.23879707943910744
1139 1140 0.4424693838477449
1139 1179 0.5637584689025481
1140 1141 0.3364633994077981
1140 1180 0.2979108686951637
1141 1142 0.8335219237697202
1141 1181 -0.813039037708887
1142 1143 0.968503405560216
1142 1182 -0.942672806681391
1143 1144 0.03730536743556678
1143 1183 0.30703015576995685
1144 1145 0.05075092939231918
1144 1184 0.14886481866148782
1145 1146 0.2276010663989132
1145 1185 -0.15949941704030057
1146 1147 -0.09843218468850834
1146 1186 0.6960343027458282
1147 1148 0.13825880149367076
1147 1187 -0.2094472952994908
1148 1149 0.9802573290515706
1148 1188 -0.15854297335247636
1149 1150 0.5147284681334918
1149 1189 -0.08158125643273828
1150 1151 0.06125446408810298
1150 1190 -0.27612972028143945
1151 1152 -0.4887411145855718
1151 1191 -0.6322885014483195
1152 1153 -0.5727720967907668
1152 1192 0.48524474235630555
1153 1154 0.9657545546598714
1153 1193 -0.7537943003083099
1154 1155 0.4375545905159466
1154 1194 -0.864547060180098
1155 1156 -0.40459163951059374
1155 1195 -0.42344763352101844
1156 1157 -0.007112164381890773
1156 1196 0.025687757088489915
1157 1158 0.6701368101074427
1157 1197 -0.4788392010836151
1158 1159 -0.09024482694904745
1158 1198 -0.8063897120864731
1159 1160 -0.06254586395462125
1159 1199 0.1161153228139169
1160 1200 -0.8694421653866091
1161 1162 0.9440910518067389
1161 1201 0.6200782353145564
1162 1163 -0.3174037097123865
1162 1202 0.9435332700341295
1163 1164 -0.5987683828604038
1163 1203 -0.2704861519635835
1164 1165 -0.03725987409872955
1164 1204 -0.7995138311475427
1165 1166 -0.44870878486814547
1165 1205 0.8395442834236835
1166 1167 -0.5055505572099122
1166 1206 -0.28736973008599276
1167 1168 -0.9695452398077085
1167 1207 0.9169210693038776
1168 1169 0.6519326002172585
1168 1208 -0.2986481824206424
1169 1170 0.43652036016333295
1169 1209 0.28688967839366386
1170 1171 0.7430811902367123
1170 1210 0.9870451729584295
1171 1172 -0.7086378797389745
1171 1211 -0.8955459597661861
1172 1173 -0.7695768568173162
1172 1212 -0.18646136620151466
1173 1174 -0.7236660207039709
1173 1213 -0.7726715759672063
1174 1175 -0.48568573392466297
1174 1214 -0.6220203470800238
1175 1176 0.1743166795597082
1175 1215 -0.11581267672870865
1176 1177 0.3034998060227381
1176 1216 0.9553618487148383
1177 1178 0.7417526420076404
1177 1217 -0.7932111487833193
1178 1179 0.5675676081188996
1178 1218 -0.9015109150942551
1179 1180 0.3140866012146053
1179 1219 0.8864017069370262
1180 1181 -0.0014278369564952875
1180 1220 0.09651180747559818
1181 1182 0.6227474875753338
1181 1221 -0.6129811281467172
1182 1183 -0.577564869774883
1182 1222 0.12230105887693665
1183 1184 0.6870472105592391
1183 1223 0.23536878385287752
1184 1185 -0.6744587213936495
1184 1224 0.9004866857294291
1185 1186 -0.17410141638485221
1185 1225 -0.07012535760912564
1186 1187 0.9455458073161767
1186 1226 0.45021730042908237
1187 1188 0.958182840614372
1187 1227 0.10857125383828192
1188 1189 0.9985333506078033
1188 1228 -0.5303577401147532
1189 1190 0.2806172002772851
1189 1229 -0.47311620454140546
1190 1191 0.3320520315817279
1190 1230 0.05682586819549251
1191 1192 -0.7214619361895827
1191 1231 0.5280736068688536
1192 1193 -0.09523400969779594
1192 1232 0.9768915309876891
1193 1194 0.3777978293713624
1193 1233 -0.37178438684272175
1194 1195 0.018274478726541643
1194 1234 0.483091394415335
1195 1196 0.09560535090119338
1195 1235 -0.23453030013940723
1196 1197 0.4590595116503886
1196 1236 -0.21457577686434948
1197 1198 -0.9505536147955158
1197 1237 -0.52648751174735
1198 1199 0.4021555969341801
1198 1238 -0.09257319050071766
1199 1200 -0.5908604842949656
1199 1239 -0.8293807268883444
1200 1240 0.4848108362660528
1201 1202 -0.13868964067662737
1201 1241 0.9154571996229015
1202 1203 -0.5531408522308381
1202 1242 0.2767998655895729
1203 1204 0.7692708775402664
1203 1243 0.37224808868226855
1204 1205 -0.2623441823631518
1204 1244 0.9228338173062016
1205 1206 -0.5327280601271593
1205 1245 0.4754804630964009
1206 1207 -0.44263753685016893
1206 1246 0.6250808617320236
1207 1208 -0.19742497211616206
1207 1247 -0.5726037132697164
1208 1209 -0.06818371148831792
1208 1248 0.6188918016963527
1209 1210 -0.3760635504022847
1209 1249 0.011044772805967273
1210 1211 -0.9497256810532153
1210 1250 0.8107303086552704
1211 1212 0.6901943394993841
1211 1251 0.6929241606234562
1212 1213 0.4292660868135876
1212 1252 -0.8029947257583416
1213 1214 0.9931873661353214
1213 1253 -0.8188767384489828
1214 1215 -0.11141298507883945
1214 1254 0.28014179921570026
1215 1216 0.6424890815281754
1215 1255 0.0881194638239402
1216 1217 0.3640632854010768
1216 1256 -0.28192582259764154
1217 1218 -0.659705466832011
1217 1257 -0.6279674677465266
1218 1219 -0.10688192465858082
1218 1258 -0.8238527184867954
1219 1220 0.9809298030678759
1219 1259 -0.9404520697646144
1220 1221 -0.40268015133073276
1220 1260 0.9862185519379238
1221 1222 -0.7159619213487203
1221 1261 -0.7867091601967158
1222 1223 0.9910762643092599
1222 1262 0.43109153709197323
1223 1224 -0.8542866694693085
1223 1263 0.4851813787188166
1224 1225 0.8218716903812489
1224 1264 0.758162871686854
1225 1226 -0.8772836268313695
1225 1265 -0.8297981593735613
1226 1227 0.029411596975043253
1226 1266 0.10193862013432886
1227 1228 0.8579141758320155
1227 1267 0.3859119023177362
1228 1229 0.8336210295666704
1228 1268 0.3022484336099083
1229 1230 -0.74019192516498
1229 1269 0.9624508559838327
1230 1231 -0.3602775688886397
1230 1270 -0.31669585887044627
1231 1232 0.6821018218530364
1231 1271 0.9119822482130981
1232 1233 -0.7709725651992689
1232 1272 0.5717118983998
1233 1234 -0.9647158279364876
1233 1273 0.8248483022754989
1234 1235 -0.14974060434589442
1234 1274 0.10860995930584227
1235 1236 -0.6795118988114464
1235 1275 0.7501342246278517
1236 1237 0.727501787531887
1236 1276 0.43201819549252085
1237 1238 0.12434938900341352
1237 1277 0.9559435852865372
1238 1239 0.12484928534235418
1238 1278 -0.4798378235860312
1239 1240 -0.34991049852452805
1239 1279 0.3728987977895106
1240 1280 -0.26609968902825787
1241 1242 -0.9044837977902083
1241 1281 0.46556360178337663
1242 1243 -0.7252857172015899
1242 1282 -0.7412018408044516
1243 1244 -0.7205219876458311
1243 1283 -0.624891396320554
1244 1245 -0.9481909826757542
1244 1284 -0.17029727548705798
1245 1246 -0.7505085373376537
1245 1285 -0.5815606591850977
1246 1247 -0.24818283648831918
1246 1286 -0.7664533966994445
1247 1248 0.43763309815586426
1247 1287 -0.2677512625309302
1248 1249 -0.08639198182167562
1248 1288 0.8033115659688039
1249 1250 0.10433869621397118
1249 1289 0.014154541073597038
1250 1251 0.6616068831230109
1250 1290 0.602175968143551
1251 1252 0.018945390109550653
1251 1291 -0.5204042931224022
1252 1253 0.8693455424823904
1252 1292 0.8139130839661257
1253 1254 -0.831866352670174
1253 1293 0.7181482131786057
1254 1255 -0.7911277365538383
1254 1294 0.9840830447732918
1255 1256 0.30617491384697737
1255 1295 -0.06282172476184877
1256 1257 -0.9173576544161202
1256 1296 0.631561828513691
1257 1258 0.6458192645958287
1257 1297 -0.537713016800494
1258 1259 -0.17323091725219553
1258 1298 -0.1605495090328326
1259 1260 -0.18414116793058066
1259 1299 0.06371843569997471
1260 1261 -0.5187010105282313
1260 1300 0.3651872023528757
1261 1262 0.02759627059073888
1261 1301 0.9017259732161835
1262 1263 -0.47906086382155033
1262 1302 0.0009936281869551422
1263 1264 0.2757513366725248
1263 1303 -0.7534355576075866
1264 1265 -0.30625510878147355
1264 1304 0.6097702775279799
1265 1266 0.36626716052730246
1265 1305 -0.33309101459601775
1266 1267 0.038373982785675276
1266 1306 -0.9891900381628662
1267 1268 -0.6302983291680662
1267 1307 0.21423066016737669
1268 1269 -0.7796502099709457
1268 1308 -0.7012428392275591
1269 1270 -0.5421126695598797
1269 1309 -0.28270295377582877
1270 1271 0.1850955272837711
1270 1310 0.738863030657926
1271 1272 -0.21828005186144095
1271 1311 -0.6382133347870944
1272 1273 0.8334978834814932
1272 1312 0.014015431545792323
1273 1274 -0.5663857190106216
1273 1313 -0.2694856069160221
1274 1275 0.2232587533377881
1274 1314 0.5447929219033245
1275 1276 0.03682728633590471
1275 1315 -0.37934051669866586
1276 1277 0.4312280889449216
1276 1316 0.024140454004154988
1277 1278 -0.957929245157709
1277 1317 0.8272004867264766
1278 1279 0.18644704542641777
1278 1318 -0.07037522353163195
1279 1280 -0.8868556102079246
1279 1319 -0.08328750297281884
1280 1320 0.5077940825585083
1281 1282 0.35133289856278926
1281 1321 0.05401033558831192
1282 1283 0.30255146121218757
1282 1322 0.4348328252113165
1283 1284 -0.9200352804234759
1283 1323 -0.6179480890698945
1284 1285 -0.5084977943697453
1284 1324 -0.8071540747511856
1285 1286 -0.2698191503059293
1285 1325 0.779800986704432
1286 1287 0.43894746897877135
1286 1326 0.23318812605457784
1287 1288 0.5180744580518739
1287 1327 -0.7404827313818192
1288 1289 0.6427663531407002
1288 1328 -0.7360109154306154
1289 1290 -0.2278430272705425
1289 1329 -0.17813144121599955
1290 1291 -0.09802744196660851
1290 1330 -0.4949027807282256
1291 1292 0.308545946918267
1291 1331 0.04738439419645557
1292 1293 -0.3884678807343942
1292 1332 0.8902260122749739
1293 1294 -0.4424893108304675
1293 1333 0.32453319401577607
1294 1295 -0.6288336260347698
1294 1334 0.7442419042671786
1295 1296 0.4543266742956211
1295 1335 0.5985085761468121
1296 1297 -0.1559013323249796
1296 1336 0.7108982349256054
1297 1298 0.4291090104835247
1297 1337 -0.41354837583955306
1298 1299 -0.4853145878551075
1298 1338 -0.8630551272979095
1299 1300 0.09676875224294457
1299 1339 0.24625103184251707
1300 1301 0.522841552461931
1300 1340 -0.15128428904819202
1301 1302 0.6189657628546519
1301 1341 -0.16069474605777434
1302 1303 -0.10427191974665528
1302 1342 -0.06439347308888244
1303 1304 0.6541849905557255
1303 1343 -0.5291453599771514
1304 1305 -0.8933859002807776
1304 1344 -0.44477812976115216
1305 1306 -0.17400323019478803
1305 1345 -0.2743608043075625
1306 1307 -0.40485708525769626
1306 1346 -0.9344766163212415
1307 1308 -0.7872922643374203
1307 1347 -0.4633017213472381
1308 1309 0.0023805826261051877
1308 1348 0.6012293913976168
1309 1310 0.3469684055098665
1309 1349 -0.33011494298828725
1310 1311 -0.7714843027103433
1310 1350 -0.627236431175155
1311 1312 -0.06543334906107545
1311 1351 -0.8224509683657566
1312 1313 -0.9920841319260629
1312 1352 -0.6517241437783845
1313 1314 0.38342389284002354
1313 1353 -0.9854858203855594
1314 1315 0.25441718806168856
1314 1354 0.5368270422184229
1315 1316 -0.5333311557211984
1315 1355 -0.5983441994619589
1316 1317 -0.04398330208044521
1316 1356 -0.7734491739463383
1317 1318 -0.8489217082404825
1317 1357 -0.12211041486533558
1318 1319 0.8773773821605131
1318 1358 -0.6839434292682316
1319 1320 0.6108924381794667
1319 1359 -0.4761264125717817
1320 1360 0.7225749714968821
1321 1322 0.1339749037447604
1321 1361 0.445890498494282
1322 1323 -0.8010240572240188
1322 1362 0.15505132828464085
1323 1324 -0.6420313863635729
1323 1363 -0.37586523921706627
1324 1325 0.24250992946030814
1324 1364 -0.7301953490525588
1325 1326 0.3057074245870659
1325 1365 0.9010809980695302
1326 1327 -0.8164609217200864
1326 1366 -0.8176933488708202
1327 1328 0.6372571619834277
1327 1367 -0.8338252106298578
1328 1329 -0.5690814190070157
1328 1368 -0.052287326253448896
1329 1330 0.8425792886136172
1329 1369 0.515765425722071
1330 1331 0.802442428096541
1330 1370 -0.17648191301868787
1331 1332 -0.7096221151759474
1331 1371 -0.6442353274992898
1332 1333 0.14101896812571857
1332 1372 -0.22126160319798793
1333 1334 0.6357422778760216
1333 1373 0.026546097158475
1334 1335 -0.010019270155705806
1334 1374 0.7666991104393766
1335 1336 -0.5180635475426474
1335 1375 -0.5477432852599449
1336 1337 0.06024926755248994
1336 1376 -0.029434692130789974
1337 1338 0.40768974463291574
1337 1377 0.576180508580588
1338 1339 -0.12373409743966102
1338 1378 0.3041640757497106
1339 1340 -0.6605255764629585
1339 1379 0.04543223175306177
1340 1341 -0.3678527401587828
1340 1380 -0.10959823680415992
1341 1342 -0.9830928145352724
1341 1381 0.807140865122862
1342 1343 0.3068419735833636
1342 1382 0.5429777763679706
1343 1344 -0.6435565977744409
1343 1383 0.9629310267293116
1344 1345 -0.7291492232354351
1344 1384 -0.23568388531385298
1345 1346 -0.6751318950882392
1345 1385 0.9535910495654036
1346 1347 -0.06649581629476442
1346 1386 0.9261950168562323
1347 1348 -0.6059653845986408
1347 1387 0.7888928686425998
1348 1349 -0.15900746274148836
1348 1388 -0.23644126862633463
1349 1350 -0.41389429897793106
1349 1389 0.7304240735129726
1350 1351 0.4303045858231944
1350 1390 0.8183493823941905
1351 1352 -0.6872264220783031
1351 1391 0.0683225756164132
1352 1353 0.3626942925130978
1352 1392 0.639808818619074
1353 1354 0.3586217126146265
1353 1393 0.6454772599502041
1354 1355 0.728391930124394
1354 1394 -0.5899361395779672
1355 1356 -0.4044376541110928
1355 1395 0.3621695958594098
1356 1357 -0.6470221166308538
1356 1396 0.025343498397941033
1357 1358 -0.5137720203987479
1357 1397 0.8233457682448646
1358 1359 -0.13690657076539092
1358 1398 0.918570080631737
1359 1360 0.4130163906100004
1359 1399 0.11816168342367472
1360 1400 -0.29696204824286654
1361 1362 0.3652067003305257
1361 1401 0.5906253601985791
1362 1363 -0.1709343440354727
1362 1402 -0.7296280388513319
1363 1364 0.2526594689717483
1363 1403 0.43468885575341054
1364 1365 -0.8810867579686497
1364 1404 -0.5905258377335609
1365 1366 -0.8914228671691029
1365 1405 0.10259665424747277
1366 1367 0.9921730610868451
1366 1406 0.44369173616312385
1367 1368 -0.990312486836636
1367 1407 -0.08145678121418198
1368 1369 -0.6473317819644957
1368 1408 -0.5833422486242557
1369 1370 0.7559997424972429
1369 1409 -0.5889738068259884
1370 1371 -0.4321295060810597
1370 1410 -0.8060126729028398
1371 1372 0.3142964540382158
1371 1411 0.21664812384895193
1372 1373 -0.49581778777616625
1372 1412 -0.7445879469197136
1373 1374 0.1473097672223449
1373 1413 -0.33559234560352746
1374 1375 0.8706765739987721
1374 1414 0.9154524793741547
1375 1376 -0.045208919641344325
1375 1415 0.18034416432111966
1376 1377 0.5710292919034696
1376 1416 -0.062194095866590526
1377 1378 0.7042121578508216
1377 1417 -0.6827447534062128
1378 1379 -0.767351451015668
1378 1418 0.2986224307827543
1379 1380 -0.5842171689450824
1379 1419 0.5568759565259251
1380 1381 -0.6216351533708926
1380 1420 0.4765325107158649
1381 1382 0.5986495343562295
1381 1421 -0.9318504810136239
1382 1383 -0.8768255824232345
1382 1422 0.6179272329360177
1383 1384 0.9909936041440504
1383 1423 0.9742568039158523
1384 1385 0.4621752692318788
1384 1424 -0.9364336468618393
1385 1386 0.5628463946659632
1385 1425 -0.6494571392115751
1386 1387 0.7602240003951912
1386 1426 -0.0321485930414096
1387 1388 0.348878743347131
1387 1427 0.9362858535758529
1388 1389 -0.5682467257779369
1388 1428 0.8863372792030126
1389 1390 -0.9452857439983078
1389 1429 -0.2273101005768221
1390 1391 -0.9078833213046822
1390 1430 0.7227785631125285
1391 1392 -0.858238376497525
1391 1431 0.623093935172824
1392 1393 0.34161244806817215
1392 1432 0.21099196914771912
1393 1394 -0.1648742946891213
1393 1433 0.5979115009394107
1394 1395 -0.9799550338078087
1394 1434 0.4665963429722235
1395 1396 0.020223837209747186
1395 1435 0.2295186189817029
1396 1397 0.14264685376280029
1396 1436 -0.4016061685336312
1397 1398 0.1273116048338201
1397 1437 0.3993220840497005
1398 1399 0.2446550835448329
1398 1438 0.6906213622266248
1399 1400 -0.048110750814133185
1399 1439 -0.1470789701455928
1400 1440 -0.5683257648608011
1401 1402 -0.7743089555964124
1401 1441 -0.6016747356572583
1402 1403 0.03522771750395237
1402 1442 -0.8705504627968308
1403 1404 -0.7385230314783913
1403 1443 0.08239817052911147
1404 1405 -0.6601023667038215
1404 1444 0.5672824154523286
1405 1406 -0.3588389220731598
1405 1445 0.07953866889683048
1406 1407 -0.17615620737176685
1406 1446 -0.7038035814957697
1407 1408 0.9457768953439634
1407 1447 -0.07550461080191195
1408 1409 -0.8413621302978658
1408 1448 -0.38415410912789016
1409 1410 0.8148077000900156
1409 1449 0.7091381247590851
1410 1411 0.14830268629847576
1410 1450 -0.5309676537440329
1411 1412 0.3278695356701222
1411 1451 0.5005973257098351
1412 1413 0.4522673497398788
1412 1452 -0.5422702403297592
1413 1414 -0.07734778978803969
1413 1453 0.398842585165863
1414 1415 0.4089094900236243
1414 1454 -0.18599919319277736
1415 1416 0.6435673214374136
1415 1455 0.26868220127604703
1416 1417 0.5529463934297882
1416 1456 0.7886697297959258
1417 1418 -0.5613636238329991
1417 1457 0.7375236820235056
1418 1419 -0.5096710814596455
1418 1458 -0.0774474914523644
1419 1420 0.2823731065858841
1419 1459 0.7849020051838873
1420 1421 0.6818975667907792
1420 1460 0.19708365898527758
1421 1422 -0.10887312131160187
1421 1461 -0.13542431651996423
1422 1423 -0.7179984356825759
1422 1462 0.10355788490596396
1423 1424 -0.1919889802192618
1423 1463 -0.7562154228257802
1424 1425 0.7740024931342835
1424 1464 0.306940597139268
1425 1426 -0.12341252011980486
1425 1465 -0.3927586829544911
1426 1427 0.11835599974371847
1426 1466 -0.0014644994766828123
1427 1428 0.9971412028340632
1427 1467 0.9536949038428071
1428 1429 0.1969839275638119
1428 1468 0.14846744591400807
1429 1430 -0.7355235061129497
1429 1469 -0.30531500645766063
1430 1431 -0.18045342969487854
1430 1470 -0.273872150130527
1431 1432 -0.20176573676774345
1431 1471 -0.7310860475070826
1432 1433 0.6647271949937366
1432 1472 0.7537450989525947
1433 1434 -0.6671816518460734
1433 1473 -0.9498318610803325
1434 1435 0.10181578737487507
1434 1474 0.49631023432087784
1435 1436 -0.5202267544510855
1435 1475 -0.432648421509074
1436 1437 0.7093980688741419
1436 1476 -0.3392151103783878
1437 1438 0.10512425651256785
1437 1477 0.36136221659713574
1438 1439 0.28717660055120353
1438 1478 -0.17163316551286512
1439 1440 0.13253585473230367
1439 1479 0.7674928783672705
1440 1480 -0.9646628221849647
1441 1442 0.44263845794550716
1441 1481 -0.21226535503433608
1442 1443 0.7964160613190279
1442 1482 -0.8111254245821189
1443 1444 0.6712680043436743
1443 1483 -0.2724857228750692
1444 1445 0.9301995117332269
1444 1484 -0.7378186735649168
1445 1446 -0.36980669766573193
1445 1485 -0.16219505020733704
1446 1447 -0.35280888656005693
1446 1486 0.6294416067809394
1447 1448 -0.7164478370812539
1447 1487 0.2530869426854052
1448 1449 -0.8202976363894525
1448 1488 0.44354207390168887
1449 1450 -0.24427345571051862
1449 1489 0.2508873150882116
1450 1451 -0.9250986703268467
1450 1490 0.0224246374467143
1451 1452 -0.1918211552365201
1451 1491 0.7499037375899003
1452 1453 0.7409595989796016
1452 1492 -0.33342401575497904
1453 1454 -0.06740468446350611
1453 1493 -0.08257072101586771
1454 1455 0.24848263791856895
1454 1494 -0.9644427684956882
1455 1456 0.4965268962844791
1455 1495 -0.8107003527709238
1456 1457 -0.06229445235470976
1456 1496 0.8873797862217965
1457 1458 -0.8154375526386528
1457 1497 0.42631985283290774
1458 1459 0.9490734344261182
1458 1498 0.14012012616128855
1459 1460 0.02026487932866794
1459 1499 -0.31336737472645004
1460 1461 0.531680410515581
1460 1500 -0.8588677234107149
1461 1462 0.10704718582231454
1461 1501 0.29301643042444536
1462 1463 0.015871015806232736
1462 1502 0.0023905873421756763
1463 1464 0.9246144585388072
1463 1503 -0.43799075510964225
1464 1465 0.3952384514133034
1464 1504 -0.29767090255897943
1465 1466 0.7764498805673314
1465 1505 -0.09905315250065327
1466 1467 -0.0015959082150807102
1466 1506 0.19309711000344731
1467 1468 -0.3896091605119132
1467 1507 -0.09344801245518775
1468 1469 0.6867319695962606
1468 1508 -0.06768588031877654
1469 1470 -0.2695098298562424
1469 1509 -0.8769038009613683
1470 1471 -0.5371402745545832
1470 1510 0.12426378406627592
1471 1472 -0.8246679262698824
1471 1511 -0.5389278225530008
1472 1473 0.9166927087678856
1472 1512 -0.531113813699917
1473 1474 0.9902244242122762
1473 1513 0.634673816281148
1474 1475 0.23016500224886194
1474 1514 0.4132355438152657
1475 1476 0.21308226283442977
1475 1515 -0.03254073972224347
1476 1477 -0.5126465689745032
1476 1516 -0.2601977924606256
1477 1478 -0.2785190706600069
1477 1517 0.6005408552416212
1478 1479 -0.7654549087579205
1478 1518 0.6433899064394764
1479 1480 0.7718857672279469
1479 1519 -0.6317597763819816
1480 1520 0.6812332001452979
1481 1482 -0.3216291937643605
1481 1521 -0.6931086278567578
1482 1483 0.7257071617767945
1482 1522 0.47694416094714853
1483 1484 0.12088496497375312
1483 1523 0.04517245064379338
1484 1485 -0.5200327928014064
1484 1524 -0.6703242299023933
1485 1486 0.5806065393271447
1485 1525 -0.8658293091853528
1486 1487 -0.08651832301587148
1486 1526 0.6344472976765427
1487 1488 -0.9226520394081836
1487 1527 -0.16289136447002428
1488 1489 0.9948411568544904
1488 1528 -0.7089781298934219
1489 1490 0.18087255605435404
1489 1529 0.2182759933927736
1490 1491 -0.9105175882516905
1490 1530 -0.1936962761807246
1491 1492 0.8522131079210684
1491 1531 0.7836619267253031
1492 1493 0.8845087705501025
1492 1532 0.4652018278555792
1493 1494 0.30374817377773744
1493 1533 -0.1597303148450986
1494 1495 -0.5126943620090434
1494 1534 0.233258491439571
1495 1496 0.5098843201731558
1495 1535 0.3813084829273483
1496 1497 0.44932132559693283
1496 1536 0.5737873653644301
1497 1498 -0.7298017868072779
1497 1537 0.3994150633324085
1498 1499 -0.9227379009107219
1498 1538 0.7915675988336031
1499 1500 -0.34094908499345045
1499 1539 -0.1679154340783251
1500 1501 0.29062848241252004
1500 1540 0.4387032455602988
1501 1502 -0.027616930820600905
1501 1541 -0.3195321805397693
1502 1503 -0.2933685792371108
1502 1542 -0.006760251635278047
1503 1504 -0.9906602639083664
1503 1543 0.6034410058447177
1504 1505 -0.6793681236819433
1504 1544 0.9989926773567492
1505 1506 -0.31072809388261935
1505 1545 -0.6597480410160903
1506 1507 -0.17934096261032528
1506 1546 -0.7291993600909281
1507 1508 -0.7627500341125724
1507 1547 0.8532704163746292
1508 1509 -0.32027003270079435
1508 1548 0.7639458800365648
1509 1510 -0.8905621369791548
1509 1549 -0.8585951886695808
1510 1511 0.21713358210152323
1510 1550 -0.03572506357252436
1511 1512 0.3179684298541019
1511 1551 0.08861103773448664
1512 1513 0.2808320258748469
1512 1552 0.014147305529011334
1513 1514 -0.13939751234651543
1513 1553 -0.5292143183736697
1514 1515 -0.047696462864053046
1514 1554 -0.2743513385922933
1515 1516 0.178902998959529
1515 1555 0.26978509515959526
1516 1517 0.8558326903241646
1516 1556 0.7141298468881825
1517 1518 0.06726714908675802
1517 1557 0.8475684879106029
1518 1519 0.3659107126877559
1518 1558 -0.4938360660530303
1519 1520 -0.11153528433469284
1519 1559 0.7030499999792876
1520 1560 -0.06560749253167186
1521 1522 -0.798851970777563
1521 1561 -0.1855057862898446
1522 1523 -0.770976947824699
1522 1562 0.0853750818407768
1523 1524 0.13674991110511958
1523 1563 0.8057216766203104
1524 1525 0.1626821711783084
1524 1564 -0.8676855157540875
1525 1526 0.5798133265795218
1525 1565 0.5141431227057891
1526 1527 0.28333258096590064
1526 1566 0.3858095811391453
1527 1528 -0.9587819746075508
1527 1567 0.10469089452612135
1528 1529 -0.8624986221929625
1528 1568 0.17673719744085914
1529 1530 -0.05612669014033611
1529 1569 0.32327103231578325
1530 1531 0.38489279159607115
1530 1570 0.43607860527344555
1531 1532 -0.9228817118859138
1531 1571 -0.8357948346890482
1532 1533 -0.600198837556265
1532 1572 -0.20910739381136878
1533 1534 -0.8258848632291982
1533 1573 0.4453737874184964
1534 1535 0.5570124075040885
1534 1574 -0.7932522844857088
1535 1536 -0.080157697609476
1535 1575 0.357562657045577
1536 1537 -0.40196387445435633
1536 1576 -0.8256699962373968
1537 1538 0.5946196368330168
1537 1577 0.5702056884640307
1538 1539 -0.9276171808967906
1538 1578 -0.4276387576003462
1539 1540 0.5421839857223552
1539 1579 -0.6015999100714196
1540 1541 0.19472354565158234
1540 1580 -0.20895343861804627
1541 1542 -0.9091477456496802
1541 1581 -0.4112001039375708
1542 1543 0.3879366499613417
1542 1582 -0.29432737310716206
1543 1544 0.30334413097865376
1543 1583 -0.01819380805395343
1544 1545 0.5273219056642362
1544 1584 0.4477973759283407
1545 1546 0.05861169933831967
1545 1585 -0.7425030906463859
1546 1547 0.36096767811390174
1546 1586 0.3587317608069842
1547 1548 0.10942297308976956
1547 1587 -0.926063180780812
1548 1549 -0.4704453613523494
1548 1588 -0.05460619966788083
1549 1550 0.17555712658035416
1549 1589 -0.5847695326560964
1550 1551 -0.2085411393089649
1550 1590 -0.8769698490757416
1551 1552 -0.9176543634309942
1551 1591 0.34679523657529177
1552 1553 0.4411411094929165
1552 1592 -0.4936013652682758
1553 1554 -0.4541690479662952
1553 1593 0.3860831735927701
1554 1555 0.021631504040826588
1554 1594 -0.17214882578194612
1555 1556 0.4753077195658524
1555 1595 -0.9956853266576815
1556 1557 -0.8950627908058022
1556 1596 0.6220888275048553
1557 1558 -0.7543502767864996
1557 1597 -0.01233822388696093
1558 1559 -0.6979050122276378
1558 1598 0.21487156010067054
1559 1560 -0.4443815514118281
1559 1599 -0.43455535612572693
1560 1600 0.6430029020567312
1561 1562 0.16583092893300755
1562 1563 0.9403013445905344
1563 1564 -0.44704404071715587
1564 1565 -0.4987034711735634
1565 1566 0.18684847144698047
1566 1567 -0.5141955767910513
1567 1568 -0.7686597091102618
1568 1569 0.8979824714306255
1569 1570 -0.7355547545815602
1570 1571 -0.37489143179209283
1571 1572 -0.3152484005192162
1572 1573 0.8623798508400542
1573 1574 0.190173044862733
1574 1575 -0.7400614237308825
1575 1576 0.43279893143778914
1576 1577 0.5442531835985831
1577 1578 -0.3166169467305615
1578 1579 0.21220765750408166
1579 1580 -0.6830310548964715
1580 1581 0.8850982531774734
1581 1582 -0.009220097514174519
1582 1583 -0.7216009201594797
1583 1584 -0.048795654827511914
1584 1585 0.503021167163781
1585 1586 0.44255422287207646
1586 1587 -0.1452193747197399
1587 1588 0.8568683449957422
1588 1589 -0.5417342871707822
1589 1590 -0.12509380445354124
1590 1591 -0.09712542703848515
1591 1592 0.9849362073920831
1592 1593 -0.7769587538885612
1593 1594 0.8098032560581212
1594 1595 -0.6877159108997015
1595 1596 0.9950698504329234
1596 1597 0.8379390915190186
1597 1598 -0.33008971740360593
1598 1599 -0.9270992400559932
1599 1600 0.8894992315736543
