1 2 -0.4106699946257806
1 41 0.06117351121058823
2 3 -0.5596158619125251
2 42 -0.5092552190805
3 4 0.8928771083091038
3 43 0.8714674228096466
4 5 0.5276014629709149
4 44 0.9995667672992334
5 6 -0.7518797485981896
5 45 0.3977218249327874
6 7 -0.6967963435655631
6 46 -0.18937918523621833
7 8 0.39047119745145764
7 47 0.31064046209123886
8 9 -0.8549786917672666
8 48 -0.1373132433250761
9 10 -0.1798116276784527
9 49 0.48294938286474065
10 11 0.9224913208850887
10 50 -0.25082030502845654
11 12 -0.11464801351562981
11 51 0.027484661638856656
12 13 0.6450480727466366
12 52 -0.10913265392222327
13 14 -0.29454784081519714
13 53 0.9936008324273138
14 15 -0.5606329749430763
14 54 -0.7382732010111892
15 16 0.5780722415633337
15 55 0.19407286084247466
16 17 0.7950976030730648
16 56 -0.2791035323862632
17 18 -0.3572614648720447
17 57 -0.5712246086945432
18 19 -0.1045411322141363
18 58 0.11836223724755368
19 20 -0.33959595489012795
19 59 0.5142520943945543
20 21 -0.5664255533217717
20 60 0.02710747191391416
21 22 -0.1532936390622457
21 61 -0.6202342053503593
22 23 0.9133349596132236
22 62 0.8144437549227928
23 24 -0.7590313892663441
23 63 0.9918812992910844
24 25 0.29850619923175037
24 64 -0.18953338554238508
25 26 0.5409877056761705
25 65 0.6937514345149509
26 27 0.7112517125054874
26 66 -0.23732083476030974
27 28 0.5931621329809786
27 67 0.9310916569180026
28 29 -0.7814402174258386
28 68 0.06379028604494796
29 30 -0.2724114698916571
29 69 -0.7907823865791139
30 31 0.802484768787747
30 70 0.55127327767831
31 32 0.649676567649617
31 71 -0.26462300732059263
32 33 0.24536597985883946
32 72 -0.2741438487900598
33 34 0.44614995014028724
33 73 -0.8778643803653987
34 35 0.19538089917656398
34 74 0.8127564148398703
35 36 -0.9191940991605199
35 75 0.551803350014213
36 37 0.5332899926202759
36 76 -0.20937539531484317
37 38 0.22025670856883783
37 77 0.8578028683643941
38 39 0.9485106387219318
38 78 -0.1892159965178648
39 40 -0.529672486031971
39 79 0.4819055886942534
40 80 -0.5386121208577794
41 42 -0.6169584261050103
41 81 -0.8641992836174173
42 43 0.45482503114846184
42 82 -0.8717444541955821
43 44 -0.013924136125794018
43 83 0.201036551115646
44 45 0.635850193245846
44 84 -0.12208371654509209
45 46 -0.12120822043594215
45 85 0.3115740383499337
46 47 -0.7364446149334425
46 86 0.6141098596871373
47 48 0.9193798515607954
47 87 -0.6860822064038807
48 49 -0.05432439018014956
48 88 0.2635688102952023
49 50 0.15885742552797844
49 89 0.8540133640952394
50 51 -0.1281111775982815
50 90 0.13897439946419365
51 52 -0.6169619611093102
51 91 -0.38301366854874597
52 53 -0.39727306165951726
52 92 -0.05963291522517311
53 54 -0.38690689476542595
53 93 0.5917385109100102
54 55 -0.4982022859175417
54 94 -0.7726256788908947
55 56 -0.6401320836412652
55 95 -0.8834429228996368
56 57 0.8341184192063997
56 96 -0.13791248358319108
57 58 -0.18842771312819262
57 97 0.4424210210243795
58 59 -0.3745258278836181
58 98 0.32628890385351084
59 60 0.33520843733045735
59 99 0.41021185815005423
60 61 -0.521567430988032
60 100 -0.5853243708949423
61 62 -0.37469355660462167
61 101 -0.14424199450183717
62 63 -0.37923354861116
62 102 -0.3410254567591613
63 64 0.5221002445428797
63 103 -0.44571831436174025
64 65 -0.33899827631264534
64 104 -0.9981899474911504
65 66 -0.9196484213787315
65 105 -0.03620307776515963
66 67 0.5723169302330706
66 106 -0.12089025577537904
67 68 -0.9473847934159016
67 107 0.40808862453612393
68 69 0.4434084700195857
68 108 0.13382554580546313
69 70 -0.9774984800219535
69 109 -0.14371133341086262
70 71 -0.893555445167799
70 110 -0.8756143081099916
71 72 0.6103437608150812
71 111 -0.5356298922468548
72 73 0.16193359259140339
72 112 -0.7689140786721473
73 74 0.08721321164719353
73 113 0.14968259703897457
74 75 -0.9489066493028722
74 114 -0.322568050272805
75 76 -0.7203695261836647
75 115 0.11881842224766381
76 77 -0.7918116191322699
76 116 0.33551125513062696
77 78 -0.03401507920919
77 117 0.9767906727284497
78 79 0.8723100114901088
78 118 -0.8540048167610317
79 80 0.716380869241618
79 119 -0.9759402027545998
80 120 0.10326602782040517
81 82 0.5739709199998266
81 121 0.31266704355171093
82 83 -0.09252507611558625
82 122 -0.02464534106290328
83 84 -0.5856597997196369
83 123 0.9123765440902281
84 85 -0.31604678783146656
84 124 -0.32797662568899977
85 86 0.5939007557107097
85 125 0.09678792691692006
86 87 -0.12271169495628365
86 126 -0.5960868048215358
87 88 0.814174916684824
87 127 0.05418840899710187
88 89 0.2214210231338103
88 128 -0.28230203993673664
89 90 -0.9000978202755912
89 129 0.20306459569315072
90 91 -0.07461363557766743
90 130 0.8890189603622993
91 92 0.122593734785305
91 131 0.6653041021739274
92 93 -0.3297757034230142
92 132 -0.08433423179525468
93 94 0.19318076655598349
93 133 0.4562741974463269
94 95 -0.8151679004618755
94 134 0.18955444748059236
95 96 0.7491859578617568
95 135 -0.24145516759178265
96 97 0.7836810830092396
96 136 0.5054908613771258
97 98 0.5160499167547739
97 137 -0.7892853887898228
98 99 0.5529501363913965
98 138 -0.9036239651004307
99 100 -0.456940545593866
99 139 0.031410027913440386
100 101 -0.18022582689886923
100 140 -0.6744588569908399
101 102 0.7211988297402561
101 141 0.7180982205531359
102 103 0.8065994781909993
102 142 -0.8611863295990363
103 104 -0.35845139927020453
103 143 -0.1953773338814524
104 105 0.46100090119701753
104 144 0.7395981262996476
105 106 -0.32393558292283586
105 145 0.49681059653692694
106 107 0.5123241059125758
106 146 0.5742951946672432
107 108 -0.6708739345523036
107 147 -0.9765132165206423
108 109 0.2220285546479175
108 148 -0.03521110545688089
109 110 -0.36319334287720517
109 149 0.5510640603874011
110 111 0.9526306341728885
110 150 0.5770105790155744
111 112 0.6022906994520476
111 151 0.2846126543156786
112 113 0.6812145213304059
112 152 -0.19037130685018733
113 114 -0.11931991946641185
113 153 0.7643645379797317
114 115 -0.7169168823186374
114 154 0.7777461456598378
115 116 0.8644524766940658
115 155 0.9490927771912114
116 117 -0.6734340202601243
116 156 -0.5814140292319807
117 118 -0.7758038520126536
117 157 -0.2830372886389503
118 119 -0.860503287402631
118 158 -0.9212962713437933
119 120 0.996358187359802
119 159 -0.4982652800491807
120 160 -0.5385358542526384
121 122 0.27504179208727164
121 161 0.15120578750606795
122 123 0.2817496588889896
122 162 -0.7876622952733225
123 124 0.9736209183626945
123 163 0.658757686706906
124 125 0.7589259568779425
124 164 0.5031212108488823
125 126 -0.38949762693611056
125 165 -0.3415788709891556
126 127 -0.5820351531208674
126 166 -0.9359770163429919
127 128 -0.9502094912390142
127 167 -0.16248319670679923
128 129 -0.3469309211145435
128 168 -0.938546453174776
129 130 -0.05530186980812268
129 169 0.4656392566983325
130 131 0.6732299938878965
130 170 -0.9734680184276829
131 132 0.9963225243065896
131 171 -0.0048633626759757576
132 133 0.8256962090810855
132 172 0.3313451606983395
133 134 -0.9077338987415875
133 173 -0.4061104649491196
134 135 0.3840390409563341
134 174 0.20038566838063931
135 136 -0.32092198394164484
135 175 -0.560139478953535
136 137 0.9853100437333624
136 176 0.32564579696232143
137 138 -0.29202176470207375
137 177 -0.14104885456288052
138 139 -0.27876159305842707
138 178 0.2255941500984946
139 140 0.3981212961385303
139 179 0.19407293829233674
140 141 0.9007832223307424
140 180 -0.2218142683983264
141 142 0.676444256169056
141 181 0.01903960653104453
142 143 -0.5515708094322043
142 182 0.23013236931572245
143 144 -0.5392354562954775
143 183 -0.7230184142924065
144 145 0.6013489989559011
144 184 -0.0395718130880629
145 146 -0.9647385124332579
145 185 0.8050954806524477
146 147 -0.07675662408794759
146 186 0.6818717311958105
147 148 0.36847821640143286
147 187 -0.36558505366676464
148 149 0.225150188995763
148 188 -0.21690902020051483
149 150 -0.6613223579842908
149 189 0.05263754327260006
150 151 0.6380384070613319
150 190 0.9541681694084734
151 152 0.8055703270849925
151 191 0.3614153128439752
152 153 0.05600596366810673
152 192 -0.5160345522446066
153 154 -0.5436598937249437
153 193 -0.050041696772097355
154 155 -0.019956882766324124
154 194 -0.1634868367909239
155 156 -0.7790149162120246
155 195 0.6713753606084563
156 157 0.4656078057117168
156 196 -0.1633580794208611
157 158 0.9788232894935649
157 197 -0.38208091780232745
158 159 0.29245947946502393
158 198 -0.6168622903535499
159 160 0.2912885323965795
159 199 0.8127053648929794
160 200 0.09555174118167509
161 162 -0.921874167622267
161 201 -0.28437279103290214
162 163 0.14721987560207506
162 202 0.9206915880480888
163 164 0.0757789193836036
163 203 -0.8329247592279765
164 165 -0.8457590866686271
164 204 0.05248926326553405
165 166 -0.5792078517405312
165 205 0.5749168001132499
166 167 0.4030490082214302
166 206 0.4055269529190204
167 168 0.27434085041177747
167 207 0.5180980923933682
168 169 -0.3014717501657058
168 208 -0.9559530235935079
169 170 0.7244645409146908
169 209 0.5417694476298942
170 171 -0.11765605571470705
170 210 0.05208703030012307
171 172 -0.866491671315321
171 211 0.9469330065641812
172 173 -0.20905551804703792
172 212 -0.36427445125075586
173 174 0.062090601143097945
173 213 -0.9660492409497874
174 175 -0.049808958359057964
174 214 0.5823774768584586
175 176 -0.6079006147387966
175 215 -0.8894806130914383
176 177 -0.8642256553578926
176 216 -0.37734839989551605
177 178 0.6010281708177501
177 217 0.08586482916405758
178 179 0.03061499581766247
178 218 -0.17882872047621268
179 180 0.5397996679816157
179 219 -0.908396672070874
180 181 -0.311342591052272
180 220 -0.45173412100566623
181 182 0.6372145305885724
181 221 0.7317439342051792
182 183 0.2583828719680257
182 222 -0.07884272700480377
183 184 0.3740050817150409
183 223 -0.2515862959827473
184 185 -0.9667939565357395
184 224 -0.06744759666732536
185 186 0.819497710374981
185 225 0.10621843839870526
186 187 0.5913743444215755
186 226 0.43712648505586116
187 188 0.36657150225773294
187 227 0.01873484804510417
188 189 -0.3345513732900909
188 228 -0.6650330429515581
189 190 -0.13952219990103165
189 229 -0.9245417181119007
190 191 0.7163039117707761
190 230 0.8350258173329193
191 192 0.1187906207379521
191 231 -0.28282818837168744
192 193 -0.32325407193752786
192 232 0.6101875255546354
193 194 0.9350323892149581
193 233 0.3986601462669839
194 195 -0.3976390119549402
194 234 -0.653006354709087
195 196 -0.6398767052346248
195 235 0.8063415477755371
196 197 0.1396210285252646
196 236 0.012275358915791346
197 198 -0.7104285772991488
197 237 -0.9947989609050676
198 199 0.6155779871379754
198 238 0.7627890124950114
199 200 -0.6316859921387872
199 239 0.5255645598281871
200 240 -0.32274708806206065
201 202 0.8913663736368151
201 241 -0.8799106393692293
202 203 0.03136116039507986
202 242 0.13965009178969368
203 204 -0.3722250219961407
203 243 -0.7877731015408389
204 205 0.3461348454089508
204 244 -0.024758143622084727
205 206 -0.19163553157370528
205 245 0.4197327548219112
206 207 0.5450961184079526
206 246 0.892076448575368
207 208 -0.7979813643588585
207 247 0.9726533741994681
208 209 0.4654255635458395
208 248 -0.685757936185462
209 210 -0.8455097177643787
209 249 -0.18599026325668544
210 211 0.3024436041973626
210 250 0.9467252729138314
211 212 0.32647976336199824
211 251 -0.8087719816516346
212 213 -0.14008738893622796
212 252 -0.9960387499378149
213 214 -0.5638201295480072
213 253 -0.10769332370706808
214 215 0.12085189516126094
214 254 -0.36985899179284876
215 216 0.4232157080228913
215 255 0.2760833768740132
216 217 0.18928609703289911
216 256 0.9690745579594244
217 218 -0.5791820124704525
217 257 -0.16351452359445395
218 219 0.6203361838372208
218 258 -0.9892221756845216
219 220 0.6333698749085619
219 259 0.3046932641797937
220 221 0.20414121080038816
220 260 -0.97642158699219
221 222 0.9864023387959162
221 261 -0.42675852108747026
222 223 -0.796191216773855
222 262 -0.3372009862935337
223 224 -0.25248802464942566
223 263 -0.2940635911725651
224 225 -0.4875962889576524
224 264 -0.42784617311202644
225 226 -0.6975443012242033
225 265 -0.8403258862283756
226 227 0.7481957227187681
226 266 -0.30102184778859664
227 228 -0.390251760495151
227 267 0.03732539881207697
228 229 0.39910346050151846
228 268 -0.2905618719565439
229 230 0.22760600752798732
229 269 -0.5780880828416055
230 231 -0.6729551262054119
230 270 0.9389493697695219
231 232 0.9244846889198526
231 271 -0.13815477339435867
232 233 0.011117257151232796
232 272 -0.47401661833167097
233 234 -0.14518806212364077
233 273 0.0350656782097416
234 235 -0.22123710396812446
234 274 0.520889194990156
235 236 0.003990094746284756
235 275 0.6428503192921926
236 237 0.5745384806926077
236 276 -0.12393493043295378
237 238 0.9057877662206311
237 277 -0.5716710852089564
238 239 -0.9791715902196905
238 278 -0.8497217837703219
239 240 -0.42955442617680784
239 279 0.9429181608784662
240 280 -0.33834078471079043
241 242 0.728084207092422
241 281 0.7545810522960605
242 243 0.9760133231428527
242 282 0.6657418701381255
243 244 -0.5901827084122597
243 283 -0.34896320737543984
244 245 0.04792523637022206
244 284 0.7177340770690956
245 246 -0.42476989712891866
245 285 -0.4277491942187248
246 247 -0.023999222930634945
246 286 0.9025573259937105
247 248 -0.8868966179713285
247 287 0.1368028874925693
248 249 -0.5277771198761851
248 288 0.13460670776432315
249 250 0.008592177813355306
249 289 -0.40646276475174825
250 251 0.05730598625625172
250 290 -0.5482945583358076
251 252 -0.31026258224275094
251 291 -0.49703638566161956
252 253 0.9141930775797573
252 292 0.23221120474150658
253 254 0.05732505717434466
253 293 -0.09972035152342373
254 255 0.6493084795167128
254 294 0.4312796343142382
255 256 -0.6415024346524623
255 295 -0.1779155224078104
256 257 0.7002248615893545
256 296 0.47733138534988107
257 258 -0.3069766435217496
257 297 0.026322377165325372
258 259 -0.09929606373954969
258 298 -0.6152697260823852
259 260 0.022572376311388975
259 299 0.08767376208779032
260 261 0.04839441759827512
260 300 -0.8535107008967184
261 262 0.4196668855929644
261 301 -0.8959346873501473
262 263 -0.9892299276296166
262 302 -0.859058903792778
263 264 0.0896376350552075
263 303 -0.23210841119970826
264 265 -0.6741218178721016
264 304 0.5479386341256538
265 266 0.5686518274460399
265 305 -0.4725812776047247
266 267 0.5746985866202905
266 306 0.7143526617513152
267 268 -0.05464902945395034
267 307 0.20865138784682302
268 269 -0.908107826584508
268 308 0.9625868457231055
269 270 -0.31916457348201255
269 309 -0.9305217743569691
270 271 0.19569432886799043
270 310 0.6663690024125499
271 272 0.7757006108795226
271 311 -0.9203181715034046
272 273 0.9204802919890727
272 312 -0.9176636019063984
273 274 0.024167968594948075
273 313 0.5304178314553478
274 275 -0.8259768343407827
274 314 -0.8383947473371798
275 276 0.3331740911651586
275 315 -0.38829863320266944
276 277 -0.4087788647503745
276 316 -0.38153643362345213
277 278 0.5875098373877037
277 317 0.8912078876849383
278 279 0.082380855682755
278 318 -0.5565740991978518
279 280 0.1563612818680431
279 319 -0.34992232905572007
280 320 -0.3256823629481209
281 282 -0.8976126687590926
281 321 0.30483723093130966
282 283 -0.003712635792007646
282 322 -0.8396973242719401
283 284 0.00321797451023742
283 323 0.7566375076218281
284 285 -0.3287026515406546
284 324 -0.7296891366230474
285 286 -0.3333679777098897
285 325 0.010851941257801423
286 287 -0.5572249134996152
286 326 0.7954503330540139
287 288 0.6972151630728121
287 327 0.5228057191634747
288 289 0.9290648760366931
288 328 0.022031547292434173
289 290 -0.1541562026765464
289 329 -0.712274706788413
290 291 0.5349066005339542
290 330 -0.8100390206437635
291 292 -0.23592982037564458
291 331 0.5703515296624013
292 293 -0.4550553799346848
292 332 0.12188500019141202
293 294 0.20435589850549296
293 333 0.7143958206244212
294 295 -0.9851520181517948
294 334 -0.6114244065453349
295 296 -0.21007904674313016
295 335 0.5723531515584166
296 297 -0.7186414538991988
296 336 -0.5193795569709347
297 298 -0.7296770758910716
297 337 0.29206253690494766
298 299 -0.47000407253405285
298 338 -0.2887582329853342
299 300 0.5926350214391674
299 339 -0.398931443489847
300 301 0.9860156823866162
300 340 0.07000664618515429
301 302 0.5353811756310671
301 341 -0.4567165628815286
302 303 -0.3112817162225854
302 342 -0.6061926462600824
303 304 -0.14926366382197975
303 343 0.21883668167646197
304 305 0.15489117213607106
304 344 0.4380651112971934
305 306 -0.980949079159704
305 345 0.7306016221981004
306 307 0.8395923189001304
306 346 -0.35764995837670077
307 308 -0.055116098453231066
307 347 -0.7981323494712753
308 309 -0.3331392857785591
308 348 0.38974138777148193
309 310 -0.9549021033685829
309 349 0.6780359349678027
310 311 0.8835450660362678
310 350 -0.2930547420624203
311 312 0.7626119794405708
311 351 0.4014516790434486
312 313 0.9991473908991451
312 352 -0.9124248731744304
313 314 -0.9657607102096033
313 353 -0.36854167587392883
314 315 0.5518236443928972
314 354 0.2776720970923452
315 316 0.7481853230044375
315 355 0.42267002324141467
316 317 -0.775147548821032
316 356 0.05420716159991534
317 318 0.36159225009309637
317 357 -0.2835831963347204
318 319 0.02158777768513387
318 358 -0.7916958893300385
319 320 -0.32568142452098514
319 359 0.7905370504410671
320 360 0.8683647832487864
321 322 0.10350273726975057
321 361 0.19502650647810205
322 323 0.7420939881299249
322 362 0.42617281797484874
323 324 -0.477982113277742
323 363 0.06027354510571681
324 325 0.2193943601526156
324 364 0.3204399151164823
325 326 0.8436396371513104
325 365 0.4434099596991987
326 327 -0.8395761313235259
326 366 -0.9954669335961079
327 328 0.33303129030835854
327 367 -0.9261389137431602
328 329 0.32273233507745713
328 368 -0.5343071414594986
329 330 0.5112152961450229
329 369 0.3768988992458968
330 331 -0.642325025009512
330 370 0.33874080828491504
331 332 0.12471806474640679
331 371 -0.35439202745687326
332 333 -0.023256528885080785
332 372 -0.43030750154053643
333 334 -0.10265640284967126
333 373 0.013982817871467601
334 335 -0.3266919932182766
334 374 -0.8476116849194553
335 336 0.43832671044367233
335 375 -0.8719614459861855
336 337 0.9321160915511957
336 376 -0.015006132062228339
337 338 0.5437930878926218
337 377 -0.024385281658157565
338 339 -0.7416959458811263
338 378 -0.6223195335378986
339 340 -0.1769183697201575
339 379 -0.6806410457728973
340 341 0.4195253076693519
340 380 -0.9023569376415939
341 342 0.3919305960595192
341 381 0.08182286500064295
342 343 -0.5222041033137164
342 382 -0.5995482027333099
343 344 0.6183963349925752
343 383 -0.2883268569723241
344 345 0.8053554924555244
344 384 -0.8606369976288213
345 346 0.21162635288937515
345 385 0.7193491273608774
346 347 -0.9570795622876782
346 386 0.46174603920750457
347 348 0.05637684126120934
347 387 -0.03741811440522458
348 349 -0.02114293449459881
348 388 -0.9990878759836799
349 350 0.41225475873807715
349 389 -0.7856655771809622
350 351 0.7723293695437987
350 390 0.06021711243189487
351 352 0.18447945225710405
351 391 0.8384998324007555
352 353 0.4854015081169012
352 392 -0.26617855119975053
353 354 0.9409247650678947
353 393 0.7995697600332572
354 355 -0.26898244241112
354 394 0.5374366312984016
355 356 0.7862314799763235
355 395 0.1578705842612469
356 357 -0.4148319709230641
356 396 -0.06883739914048959
357 358 0.16952291312227463
357 397 0.2344840208701935
358 359 0.8557454759228889
358 398 -0.3442270958224751
359 360 0.36934705381919297
359 399 -0.10767865162200985
360 400 -0.8840949022410309
361 362 -0.032942751379995805
361 401 -0.4340236782860176
362 363 0.464224087069268
362 402 0.6472399740400305
363 364 0.6877252842337609
363 403 -0.7268710271907668
364 365 0.9540641322389372
364 404 0.6444433143500721
365 366 -0.4660886160150304
365 405 -0.9251207697233639
366 367 -0.8255878928602587
366 406 0.06253542600450279
367 368 0.7292158887739943
367 407 -0.9568198670143231
368 369 0.5919782223364036
368 408 0.805526959012109
369 370 -0.27562671745332423
369 409 0.9536509486210507
370 371 0.6452531083281854
370 410 -0.6723397258081758
371 372 -0.5150189223162065
371 411 0.07318425340805068
372 373 -0.44347316026817807
372 412 0.1377136644236845
373 374 -0.9185157917224973
373 413 0.4074664028281638
374 375 -0.8602175472594868
374 414 0.7871767171007902
375 376 -0.847390777782965
375 415 0.8599275750684594
376 377 0.9366966545834519
376 416 -0.21137036957909516
377 378 -0.2641902942849508
377 417 0.9856438003201522
378 379 0.08792894532260687
378 418 -0.47318136583775017
379 380 -0.16126812324684225
379 419 -0.6810314291433659
380 381 -0.7723705018109226
380 420 -0.9056278335391474
381 382 -0.054989215236473266
381 421 -0.10835645988836462
382 383 -0.7481659563009964
382 422 0.7322997128448965
383 384 -0.4946379116793773
383 423 0.7257079117371745
384 385 -0.5244357844310747
384 424 -0.6201403349007946
385 386 -0.7513336688509498
385 425 0.3539204412441779
386 387 -0.46262884055178843
386 426 0.6940331224341856
387 388 -0.171670156644264
387 427 0.6579050348206874
388 389 0.8600824262907678
388 428 0.10660680780688825
389 390 -0.11375618468324533
389 429 0.9346948529208086
390 391 -0.10330319320302195
390 430 0.5791334967319965
391 392 0.6232958447513215
391 431 0.3643284174046588
392 393 0.5865281540547551
392 432 -0.6835967354369148
393 394 -0.9076259224634786
393 433 0.8423333165302642
394 395 -0.6021414381293857
394 434 -0.45037675208969863
395 396 -0.6335881752708419
395 435 0.24402856605804724
396 397 -0.04851575430804811
396 436 0.6553154591777233
397 398 -0.2712527032926366
397 437 -0.9814268444759147
398 399 0.4327556171817648
398 438 0.11505279392889256
399 400 -0.1355313090354664
399 439 -0.6372045346254125
400 440 0.9032516644385291
401 402 -0.40454856339645673
401 441 0.12301781065272221
402 403 0.48995842243361265
402 442 -0.1738747438082846
403 404 -0.1995519794214009
403 443 0.13697057311159466
404 405 0.5573144401648302
404 444 0.8857044849480198
405 406 -0.11545074179318737
405 445 -0.4204798252531554
406 407 -0.37580711759784746
406 446 0.5390379499583349
407 408 -0.9732156395595841
407 447 0.6354478035752493
408 409 0.2514973362069475
408 448 0.6450514002553271
409 410 0.4902125839539335
409 449 0.6324378798872283
410 411 -0.6397571181448163
410 450 -0.9936980647511287
411 412 0.0332388969685149
411 451 -0.9793209167088721
412 413 -0.48573263888414786
412 452 -0.37637791313181634
413 414 0.2482516908177006
413 453 -0.6282004162606667
414 415 -0.53540987673079
414 454 0.2370956462916105
415 416 0.02375083746829465
415 455 0.36374921666444915
416 417 0.44292666951214565
416 456 0.3258042046626122
417 418 0.988508378965949
417 457 0.14741214609316255
418 419 0.30488552058383345
418 458 0.9751830683234421
419 420 0.7318444562410795
419 459 -0.4275964333410216
420 421 0.5662512545357694
420 460 0.2810059137836376
421 422 -0.6326323638955031
421 461 -0.9947005216905946
422 423 -0.3198026699166314
422 462 0.7529397646951859
423 424 -0.05022367554979046
423 463 -0.005458845744790608
424 425 0.5872245799764144
424 464 0.5293240002725248
425 426 -0.5355371512707725
425 465 0.05875731841090115
426 427 -0.38040774080508566
426 466 0.42948842585983127
427 428 -0.10774999351429115
427 467 0.2191589278208308
428 429 0.5092452636725957
428 468 -0.9292844847448105
429 430 -0.6994761200096682
429 469 -0.8125661315948043
430 431 -0.32480788720357934
430 470 -0.4609428293145057
431 432 0.6467821262517583
431 471 0.1114316313692969
432 433 -0.5247527938816459
432 472 -0.5713343892537857
433 434 0.40190876642029894
433 473 -0.34796898661460585
434 435 -0.9303318927887028
434 474 0.1367416315190566
435 436 -0.05466970738616639
435 475 0.8496467368152001
436 437 -0.0581159163514644
436 476 0.2413865316885726
437 438 0.870034108571403
437 477 0.7284507936300633
438 439 0.38530871204603745
438 478 -0.14218106664204377
439 440 -0.8000039372659637
439 479 -0.5164303739840717
440 480 -0.4038068179945993
441 442 -0.20790512790594695
441 481 0.5774014193577992
442 443 0.0294106677512318
442 482 0.6930829902341005
443 444 -0.6279175748798884
443 483 -0.9725681334139373
444 445 -0.20256669846105746
444 484 -0.39552377526151283
445 446 0.5437426877425549
445 485 -0.1988039375934223
446 447 -0.16239241198192822
446 486 0.10613165792785462
447 448 -0.4979275017295428
447 487 0.08146899583417677
448 449 -0.7502425463841567
448 488 0.7313467515637109
449 450 -0.346884475743533
449 489 -0.9866501305339335
450 451 0.047718207921729094
450 490 0.11245265479247335
451 452 0.049788507269499904
451 491 -0.3172206194108895
452 453 -0.945425867634208
452 492 -0.12422359422208218
453 454 -0.32264611234579355
453 493 -0.6996146305809632
454 455 -0.3473842268998091
454 494 -0.5746325141550634
455 456 0.22120138999747274
455 495 0.7142866887703303
456 457 0.4411718696401483
456 496 0.21400399510604173
457 458 0.4783958872899077
457 497 0.16210906168179307
458 459 0.7655137797968203
458 498 0.4487076418311673
459 460 -0.7512402389793478
459 499 -0.8142559277480279
460 461 0.6231564895534405
460 500 0.2509662204224845
461 462 -0.3348721268013888
461 501 -0.42866453692911466
462 463 0.8323899898150486
462 502 -0.6980135013852016
463 464 0.03333150176374766
463 503 0.19094498898091117
464 465 0.8921914404956184
464 504 0.00033071409203899726
465 466 -0.0344007443945773
465 505 -0.9605484953979049
466 467 0.3759552961502659
466 506 -0.691812807999157
467 468 -0.4374630048887038
467 507 0.8859253032384777
468 469 -0.08269165518593691
468 508 0.6171686794120055
469 470 -0.5330505577486888
469 509 -0.3761598799326311
470 471 0.8069948569832248
470 510 0.6172624922837853
471 472 -0.9687864576474725
471 511 0.05621633527844949
472 473 -0.06236964409845536
472 512 -0.4208970167562749
473 474 -0.861820246241235
473 513 0.004892272653879592
474 475 -0.4946833759724456
474 514 -0.8033663194339757
475 476 0.2515351989369139
475 515 -0.2745040293978156
476 477 -0.8533867628009018
476 516 0.3233983666729354
477 478 -0.19774274123965108
477 517 0.7357584379455608
478 479 -0.4092076950699417
478 518 0.831754774860133
479 480 -0.2803537480505405
479 519 0.13783830635781769
480 520 -0.3479479540575898
481 482 -0.1630312293082461
481 521 -0.7121921584493442
482 483 0.7177241136937931
482 522 -0.37899277211361704
483 484 0.1855781114952595
483 523 -0.9685695358203694
484 485 0.38663441786496433
484 524 0.11880109697692731
485 486 -0.6275471219281468
485 525 0.7766329337143878
486 487 -0.10285987220326942
486 526 -0.9216776520544534
487 488 0.1693219875226153
487 527 0.39070102000222673
488 489 -0.4884350348245903
488 528 -0.44916502856043095
489 490 -0.257549429540453
489 529 0.4293670499623812
490 491 0.3863599250985217
490 530 -0.1851926592383224
491 492 -0.9356406615495565
491 531 -0.7286679410836989
492 493 0.684061318956461
492 532 0.5545266309622736
493 494 -0.7712392667026291
493 533 -0.7383205427202539
494 495 -0.11801516172147464
494 534 -0.9598932606424175
495 496 0.9622067203533056
495 535 0.9145992888004733
496 497 -0.3035968612238713
496 536 0.18648944608096296
497 498 0.49881670946814016
497 537 -0.6306995457370619
498 499 0.7458792224843407
498 538 -0.015891306965555074
499 500 -0.38397108483553954
499 539 -0.057992051826469826
500 501 0.44077011808297994
500 540 0.0025424751267741907
501 502 0.7237805408281306
501 541 -0.8782748999698073
502 503 -0.2920006304985352
502 542 -0.44709445510659296
503 504 0.353664727888527
503 543 0.7716142218916135
504 505 -0.06832091914628746
504 544 -0.7660516749936561
505 506 0.6326704221919317
505 545 -0.20561968361245686
506 507 -0.3464755821444667
506 546 -0.7320623204228747
507 508 -0.8506573608550809
507 547 0.254794350207316
508 509 0.3733223244788566
508 548 -0.2700286326151151
509 510 0.3222785154694934
509 549 0.9422190980551999
510 511 -0.16550786585249955
510 550 0.56582600656558
511 512 0.5310628012276228
511 551 -0.7654948901419014
512 513 -0.45547087196810776
512 552 -0.899515021350755
513 514 -0.7732222453384667
513 553 0.10855415269772073
514 515 0.46682001518849847
514 554 -0.37252988642843765
515 516 0.3749338971523779
515 555 0.6923376985737271
516 517 -0.8959557198234103
516 556 -0.1494074086915902
517 518 -0.08437376855668988
517 557 0.8868563927450337
518 519 -0.5266633057409218
518 558 0.10346108940767573
519 520 0.5853332485040015
519 559 -0.5545751053333259
520 560 0.541293328211855
521 522 -0.6981866111586459
521 561 -0.8895172995683525
522 523 -0.7612272120428933
522 562 0.04191896266100148
523 524 0.17198744714424308
523 563 -0.18267419736855062
524 525 0.031693439349625985
524 564 -0.5546015368103707
525 526 0.6186810035542638
525 565 -0.3157031552724703
526 527 -0.4786097276397443
526 566 -0.8980850653497192
527 528 0.14424591052613178
527 567 -0.2061864567883236
528 529 -0.228842220042222
528 568 0.7755990890219266
529 530 -0.40099274070403923
529 569 0.6810818177941202
530 531 -0.9777095868929879
530 570 0.013839331364430274
531 532 0.02099930078422152
531 571 -0.3404876074583545
532 533 0.17043662502070123
532 572 0.633350219213165
533 534 0.554113250175736
533 573 -0.979932227008931
534 535 0.6040643436231445
534 574 -0.8061992357770018
535 536 0.5377409526573034
535 575 -0.4406536311927256
536 537 0.40192565253138635
536 576 -0.8348747555817435
537 538 -0.6685408675838025
537 577 -0.08268487442832972
538 539 0.39400093719731966
538 578 0.32389446889978
539 540 0.992606381545571
539 579 0.29346800682393215
540 541 -0.027407842503192503
540 580 -0.6824819295335345
541 542 0.5348200247542434
541 581 0.559712270872603
542 543 0.6624132921683712
542 582 -0.9715934736549969
543 544 -0.21049957824603704
543 583 0.34807392032148843
544 545 0.27948604522612075
544 584 -0.3786808011413296
545 546 0.13193328503413104
545 585 0.7399584583200387
546 547 -0.8985166650214886
546 586 0.8333109092462574
547 548 -0.4390257066131593
547 587 0.4809070189626703
548 549 -0.046471645355402824
548 588 0.769922254696445
549 550 0.13859136316723686
549 589 -0.45398235402570175
550 551 0.8428103272835215
550 590 -0.7655331996553445
551 552 0.7033679842531473
551 591 0.6674408689336684
552 553 0.6667377293959798
552 592 0.30151934109181866
553 554 0.7276877219607021
553 593 -0.4791713374168953
554 555 0.11084259933416374
554 594 -0.7477887944356076
555 556 -0.569326631569413
555 595 0.035341890924897035
556 557 0.44767331627565765
556 596 -0.4488594608708045
557 558 -0.7709427700725355
557 597 0.9636355153711615
558 559 -0.34289715355213146
558 598 0.44343980935305516
559 560 -0.09693252174547595
559 599 0.9527141266627797
560 600 -0.21258366810129092
561 562 0.43607438740729143
561 601 -0.4153652909917229
562 563 -0.10209986340594313
562 602 0.7945745498636183
563 564 -0.5427521162425901
563 603 -0.6202325242585569
564 565 0.29971985166223214
564 604 0.3547533126936795
565 566 -0.4246174911460141
565 605 0.23978493436371195
566 567 -0.7944629164167443
566 606 0.670212687252997
567 568 -0.5118539730203329
567 607 0.5583398287626424
568 569 -0.27477316724838374
568 608 -0.9953370034276199
569 570 -0.2830746471476153
569 609 0.5684355256107183
570 571 0.9600629155394105
570 610 -0.044443026614455095
571 572 0.9030443225289615
571 611 -0.529356643459429
572 573 -0.9941329747498862
572 612 0.5700767426960935
573 574 0.6413173093505702
573 613 0.9010671183691183
574 575 -0.5191844687173566
574 614 0.653419403132814
575 576 0.47391185531525903
575 615 0.7734369041627498
576 577 -0.12442585716670229
576 616 0.5187076259396184
577 578 -0.5828185079906234
577 617 -0.21689922702900555
578 579 0.9664062488691871
578 618 -0.66349455024395
579 580 0.13811689818556783
579 619 -0.10173520141424319
580 581 -0.46359690944367293
580 620 0.2676713028839275
581 582 -0.9248202453195755
581 621 0.12400477596069037
582 583 -0.9294474553034595
582 622 -0.8309531404216792
583 584 -0.5633708687421526
583 623 0.8022101065852774
584 585 0.5854146411017467
584 624 -0.1304330208297373
585 586 -0.21755887144456887
585 625 0.21695490288068386
586 587 0.47789230358458923
586 626 -0.19139091766036853
587 588 0.45744626658329457
587 627 0.40468490775458377
588 589 0.8564031154846043
588 628 0.6468850971871487
589 590 0.24165310063191625
589 629 0.44748109990608187
590 591 -0.5887856357598233
590 630 -0.60736662418336
591 592 0.010281719383548715
591 631 -0.23742681487040995
592 593 0.580824539115915
592 632 -0.48300691346536384
593 594 -0.3223209519722905
593 633 0.22732870363847457
594 595 -0.8456446461318616
594 634 0.9655051821636866
595 596 0.5155690054710096
595 635 -0.20274343340036527
596 597 0.9995945036325975
596 636 0.37742873825505674
597 598 -0.7341269858986903
597 637 0.536017577396058
598 599 -0.5086221113542524
598 638 -0.2104003647127688
599 600 0.09053005891766097
599 639 0.3019287063844176
600 640 0.6387875658070992
601 602 -0.6024522555993139
601 641 0.6627278446210421
602 603 -0.013795322826946732
602 642 0.008955035983182258
603 604 0.8266058399294518
603 643 0.18044074377053554
604 605 -0.227304152174576
604 644 -0.4771755317756654
605 606 0.5424373824790132
605 645 0.40422387289180817
606 607 0.5594470725312262
606 646 0.5106968902951554
607 608 -0.0005831115782710672
607 647 -0.7573196094843826
608 609 -0.9225637342388047
608 648 -0.11836738737170371
609 610 0.3562489167065499
609 649 -0.4963927064713729
610 611 -0.40752825376178237
610 650 0.14422889308960962
611 612 0.754112985502712
611 651 0.16383068280548807
612 613 0.8724548890101189
612 652 0.007196156421702238
613 614 0.1394202055202518
613 653 0.5090088328405871
614 615 -0.07030928269314307
614 654 -0.8720861981501371
615 616 -0.49052409980869127
615 655 -0.9648086890291516
616 617 -0.08496192221710741
616 656 -0.5778412284120129
617 618 -0.3233976647916217
617 657 -0.6526127778579047
618 619 0.40375985589021224
618 658 0.4559596020671577
619 620 -0.8526737250164995
619 659 -0.7076051787422486
620 621 0.06613074654935125
620 660 -0.1915431878738343
621 622 -0.6501636922304952
621 661 -0.6285008447928937
622 623 0.737909305766629
622 662 0.22992382454757854
623 624 0.28367631275377936
623 663 -0.07481677427253519
624 625 -0.9774385417016451
624 664 -0.23652969939789759
625 626 0.47809493747016174
625 665 -0.7040847506867947
626 627 -0.5905862699196511
626 666 -0.47234126631016427
627 628 -0.9153582940346987
627 667 0.6244054269188148
628 629 0.17927626128598106
628 668 0.2991825133008632
629 630 -0.7291780822140252
629 669 -0.12564606424965286
630 631 0.7851834118172305
630 670 0.17394275753647293
631 632 -0.42086610803317925
631 671 0.9457477659649187
632 633 0.8462088600674444
632 672 -0.9444567084051816
633 634 0.8008003617294011
633 673 0.2219478080609658
634 635 0.9900760568994063
634 674 -0.027061833997976237
635 636 0.6501009954402306
635 675 0.1010915453591017
636 637 0.48041203118914466
636 676 -0.9540743706589223
637 638 -0.005675263203000602
637 677 0.7475522938051709
638 639 -0.6162029845268164
638 678 0.407550231607015
639 640 -0.7739344475947034
639 679 -0.27692750556508505
640 680 0.9725850983179176
641 642 0.13598223944926202
641 681 -0.8353205015750385
642 643 -0.2697527012191878
642 682 0.5660122421842815
643 644 -0.6576113054378179
643 683 0.428948955481286
644 645 0.9975229005804349
644 684 -0.47116859330826055
645 646 0.7583103343460318
645 685 0.17560748695137862
646 647 0.7033431018596057
646 686 -0.45084471935593373
647 648 0.36165761255859863
647 687 -0.7741879983377662
648 649 -0.30948895579476576
648 688 0.8478278403543351
649 650 0.36656970073364237
649 689 0.4309872096365117
650 651 0.6841927596713193
650 690 0.17742928916517386
651 652 0.5760815065783038
651 691 0.20963383981928807
652 653 0.10524404745794946
652 692 -0.976760882201136
653 654 0.5348533577784056
653 693 -0.8520918296338187
654 655 -0.8892826339301927
654 694 -0.2777520673880802
655 656 0.30114088441478715
655 695 -0.013081778277513889
656 657 -0.8372990767805863
656 696 0.46082371307621406
657 658 -0.2652013931866961
657 697 0.5466831186833068
658 659 0.35680347188568606
658 698 -0.0361854603222056
659 660 0.40898838801147086
659 699 0.5446489009360176
660 661 0.686884054135052
660 700 -0.856904615155869
661 662 0.8743165091216372
661 701 -0.7997797267040971
662 663 0.4419886512542399
662 702 -0.5997473066772079
663 664 0.6548158912372493
663 703 -0.5261065454706999
664 665 -0.5717870441479951
664 704 -0.2988401783652992
665 666 -0.6037582569292979
665 705 0.11026128653000833
666 667 -0.5254253915200455
666 706 0.8586474681895397
667 668 -0.7349064928249098
667 707 -0.3277486461409356
668 669 0.648596126055341
668 708 0.25741160192020107
669 670 -0.7624834360398993
669 709 -0.13735649736008804
670 671 -0.8273118380795705
670 710 -0.5840525359773052
671 672 -0.5299523578021745
671 711 0.8606910607553926
672 673 0.32215191966494694
672 712 -0.9627438189896809
673 674 0.27114200493473173
673 713 0.36692553531288574
674 675 -0.9570966516796633
674 714 -0.6543823761050778
675 676 0.026505741654355264
675 715 0.6359817249049895
676 677 0.9782946547587772
676 716 0.9394349539347013
677 678 0.6653818209351021
677 717 0.5045450755419143
678 679 -0.6263200534469124
678 718 -0.12540698300684716
679 680 0.896121583219951
679 719 0.13733308450239168
680 720 -0.8044086048627734
681 682 0.08999714786144075
681 721 -0.6820825108654491
682 683 0.895846038417131
682 722 -0.7399699738524912
683 684 -0.5231078822713935
683 723 0.8436102864987896
684 685 -0.6704965184935345
684 724 0.5663959330563522
685 686 -0.43513714790393365
685 725 0.20879546580539987
686 687 -0.2610443252804162
686 726 0.8179890611770289
687 688 -0.22845583482455445
687 727 0.23719738303907212
688 689 0.3468562096572305
688 728 -0.7957098490950509
689 690 0.921289098612631
689 729 0.7275876884031076
690 691 0.6867814086704433
690 730 -0.1808980650223746
691 692 0.7020828790421434
691 731 0.5669581468272487
692 693 -0.5220485483275223
692 732 0.2770426334377778
693 694 0.5683597306087658
693 733 -0.7950116235628335
694 695 -0.6344526426777344
694 734 0.25664350150483406
695 696 0.6617448482586581
695 735 0.4207369593658896
696 697 -0.3692827077909353
696 736 0.7935236250591227
697 698 0.5614281115195989
697 737 0.43472908788192055
698 699 -0.8399384765019451
698 738 0.1951461097024101
699 700 -0.25565774777858796
699 739 0.09650236839398363
700 701 0.2793177537504956
700 740 0.17858945106147073
701 702 0.3809105697853421
701 741 -0.608380081916706
702 703 0.4860622356038202
702 742 0.2908453563369058
703 704 0.9370945239160244
703 743 0.4336421112729498
704 705 -0.5405807049550768
704 744 0.7646356469884781
705 706 -0.05413971073268642
705 745 0.6625797975792391
706 707 0.34422123901084967
706 746 -0.15702282142564084
707 708 -0.06951615937239075
707 747 0.024297690983634324
708 709 -0.010516926334215748
708 748 0.5924084552282152
709 710 -0.1127248555441751
709 749 0.20592132110135042
710 711 -0.9479379697991062
710 750 0.6962034007660967
711 712 0.41736178386355705
711 751 -0.23876384505967896
712 713 -0.14365367901786041
712 752 0.4069397389932814
713 714 -0.8148098605452323
713 753 0.38746781940222874
714 715 0.22537077177775533
714 754 0.714020452820576
715 716 -0.536205606196885
715 755 0.4101522340954078
716 717 -0.06259941557421023
716 756 0.9877051408234598
717 718 0.9640437966555744
717 757 -0.7028152412481738
718 719 0.3985814922076012
718 758 0.4348536914420904
719 720 0.904821175801519
719 759 0.02679705189344128
720 760 0.33971042618689795
721 722 0.35352477140592087
721 761 -0.7630554702418471
722 723 0.32222534705214145
722 762 -0.6725353830196645
723 724 0.4425477334991237
723 763 0.3538459581753377
724 725 -0.03953617429644951
724 764 0.9066361265501734
725 726 0.28868931503112893
725 765 -0.852512992625788
726 727 -0.9825586532457471
726 766 -0.38540624045213234
727 728 0.5151229206312
727 767 -0.009696206741314661
728 729 0.17354813685948
728 768 0.031166054695325185
729 730 0.6344086703378915
729 769 -0.5333513422295015
730 731 -0.7937370581877341
730 770 0.11436134700225864
731 732 0.9447751139697025
731 771 0.7965237357148578
732 733 0.25962683943495013
732 772 0.2872418157847323
733 734 -0.5802688049628792
733 773 -0.6415553256524444
734 735 0.3881300894335371
734 774 -0.9883273064525409
735 736 0.4839375156595167
735 775 0.8655984540278738
736 737 -0.7670153624520706
736 776 0.11707670546571869
737 738 -0.5314547281414819
737 777 0.8149656018940696
738 739 -0.1028380145352572
738 778 -0.47480953368102696
739 740 -0.7423746108527969
739 779 -0.65345676113349
740 741 0.06959694555029627
740 780 0.14458747730826826
741 742 0.11842823807522329
741 781 0.23584683960228459
742 743 -0.1552566158141404
742 782 -0.9931043920214777
743 744 -0.7272775877826738
743 783 0.8779063601422039
744 745 0.4367704863488342
744 784 0.3252231517169255
745 746 0.3560313051759425
745 785 -0.8986712217351867
746 747 0.5477720651848599
746 786 0.6645240354810154
747 748 -0.8706052087913796
747 787 -0.098468054071011
748 749 0.3771601171559471
748 788 -0.7079297844431724
749 750 -0.7212728569207163
749 789 0.6911044432989486
750 751 0.6493066325633814
750 790 -0.6471826763031963
751 752 0.5815342992003303
751 791 -0.27577039624197264
752 753 0.2615632245114443
752 792 -0.9565421697503116
753 754 0.05725188688588756
753 793 -0.1491092446672615
754 755 -0.224418084776153
754 794 0.6058031768956558
755 756 -0.5497528725851741
755 795 0.32887366458482314
756 757 0.16113792775525115
756 796 0.17061086314498786
757 758 -0.14290596979059123
757 797 -0.3080901427785747
758 759 -0.4863214724469056
758 798 0.7610461277940233
759 760 -0.9399666301742406
759 799 0.22018214623848809
760 800 0.2904782653516307
761 762 -0.11000786775986238
761 801 0.775964868314398
762 763 -0.3821224711851041
762 802 0.933260308545161
763 764 0.9736211126860983
763 803 0.07949039299498106
764 765 -0.27432379867656076
764 804 0.2060716908133533
765 766 -0.8039309311662504
765 805 -0.1750060352328222
766 767 -0.44889626395939586
766 806 0.20770477518066688
767 768 0.06606189688098141
767 807 0.3524747716094916
768 769 0.37525962950734226
768 808 -0.3788215035897151
769 770 0.17805265344555954
769 809 0.47030179412691187
770 771 -0.2154482919884677
770 810 0.5082050590033478
771 772 -0.9717917708365715
771 811 0.2982525099285034
772 773 0.22288829210066097
772 812 -0.5211839192003624
773 774 -0.6170323270508169
773 813 -0.3496048645012173
774 775 0.7824878206176749
774 814 0.3847914739195655
775 776 0.4583443893170307
775 815 -0.5689231184063965
776 777 0.5849934877911604
776 816 -0.185127504931204
777 778 0.6055308647549815
777 817 -0.5370140885888572
778 779 0.23542479435861008
778 818 0.7520144700313618
779 780 0.5898758101680837
779 819 -0.4308094665422648
780 781 -0.16866669644400734
780 820 -0.9509239980544921
781 782 0.013067376769215322
781 821 0.5030608795219542
782 783 -0.7695871180579534
782 822 -0.5674165186000866
783 784 0.20833019822781962
783 823 0.4387100422946697
784 785 0.5230285327699602
784 824 -0.09853001614470891
785 786 0.8740143297520169
785 825 -0.9880960299174624
786 787 0.07433676643420029
786 826 0.49392831724318875
787 788 -0.2080900684110205
787 827 0.6229692610280604
788 789 -0.804905162654795
788 828 0.9375076210172124
789 790 0.5127971517020447
789 829 0.6316475288449337
790 791 -0.208061574058384
790 830 -0.5136149853604628
791 792 0.6524282350931767
791 831 0.4146884617023714
792 793 -0.22748001160378317
792 832 0.8773240940052554
793 794 -0.17400052784753361
793 833 0.9221199054534204
794 795 0.841971077573108
794 834 -0.07135658141567136
795 796 -0.829250094860476
795 835 -0.6778050306325698
796 797 0.4379021411829467
796 836 0.47215535847765855
797 798 0.5277577690469071
797 837 -0.2897740729301146
798 799 0.00565741235298467
798 838 -0.8510894407310454
799 800 -0.3723450315147574
799 839 -0.9344130158769011
800 840 -0.24151898150848217
801 802 0.5945354599906203
801 841 -0.8640425434727472
802 803 -0.034290650669107414
802 842 0.08149489038858615
803 804 -0.005385844554999242
803 843 0.796254756010246
804 805 -0.9809770338496584
804 844 0.5363590414920252
805 806 -0.32439374578264246
805 845 -0.3106367653603257
806 807 0.6296937157075335
806 846 -0.5199304764873014
807 808 0.602058893606132
807 847 -0.5806158852155217
808 809 0.03950051454336223
808 848 -0.9012239285016788
809 810 0.8488853414125821
809 849 0.41823954131613905
810 811 0.9618702360347051
810 850 0.971414969779802
811 812 0.6644436660232711
811 851 0.5891410961555303
812 813 -0.7265794113432502
812 852 -0.5279592323460576
813 814 0.6518423641084536
813 853 -0.34687861836587985
814 815 0.9008769153713612
814 854 0.07979143289424373
815 816 -0.13327460481506526
815 855 0.7836267217014841
816 817 -0.6749034343278859
816 856 0.1692252822938798
817 818 -0.1673670067379216
817 857 0.7984322021580867
818 819 -0.1388267119863107
818 858 -0.5407537702259446
819 820 0.5712357518288811
819 859 0.050443838813239994
820 821 -0.41903388808440245
820 860 0.4930107180281038
821 822 -0.16287976567232176
821 861 -0.6539344767461579
822 823 -0.9403318337831803
822 862 -0.8620599524796602
823 824 -0.5633456277674878
823 863 0.8521666853124001
824 825 -0.07186776600372702
824 864 0.3914828625967033
825 826 -0.06418823670090767
825 865 0.522527362223894
826 827 0.07288723359817317
826 866 -0.5451807208699275
827 828 -0.5052382860718405
827 867 -0.2086255243751134
828 829 0.2055486323171576
828 868 0.869076171161429
829 830 0.98576563238178
829 869 0.5026243560163388
830 831 -0.16294295256818248
830 870 -0.456069299707599
831 832 0.15971043442436716
831 871 0.5292213553918823
832 833 -0.7496099771966733
832 872 0.941777297540952
833 834 -0.011278331343567372
833 873 0.44126936910235637
834 835 -0.20309926158039038
834 874 -0.0851601267906048
835 836 -0.7200148070859567
835 875 0.5444300301411176
836 837 -0.9582417955304954
836 876 -0.08804821356669956
837 838 -0.32730220297257917
837 877 -0.19501217412766825
838 839 0.32258901094254333
838 878 -0.8343967213637025
839 840 0.08011713936782416
839 879 -0.6129362850548574
840 880 -0.40907438553938547
841 842 0.9215755129335563
841 881 0.31841078475204343
842 843 0.4223462701376377
842 882 0.3748634881325974
843 844 0.9230537024349339
843 883 -0.9955898130286862
844 845 0.9317736590425794
844 884 0.37159642241703805
845 846 -0.013566600577700871
845 885 -0.367409750136763
846 847 0.8997685533866382
846 886 -0.33595287465515167
847 848 -0.48339373202479297
847 887 -0.4782352708130999
848 849 0.2528438806520157
848 888 0.7906843535840415
849 850 0.4840232695665143
849 889 0.25634527644456373
850 851 0.8172843713249269
850 890 -0.3780835956281279
851 852 0.2628237088301242
851 891 0.5631995968311156
852 853 -0.438010254525669
852 892 -0.10220693865936248
853 854 0.7921011961320314
853 893 -0.18225333841029911
854 855 0.28105969199106196
854 894 0.0639585748052176
855 856 0.9249680492688226
855 895 -0.9614773599100139
856 857 0.12274208379268292
856 896 -0.29359384621951756
857 858 0.08940374501668158
857 897 -0.5351269075970355
858 859 0.356017880737179
858 898 0.416767931965347
859 860 -0.8711733183027606
859 899 0.08181923483146147
860 861 -0.6963247286407361
860 900 -0.5029986565546272
861 862 -0.745668900714094
861 901 -0.24324262254247264
862 863 -0.8055018359894108
862 902 0.9914627535001561
863 864 0.9359264782661865
863 903 0.5733740290308897
864 865 -0.7817559010948225
864 904 -0.2911501456080927
865 866 -0.38426401763301365
865 905 -0.4339056711333271
866 867 0.2605731819460082
866 906 -0.002866659063602617
867 868 -0.7505648572788959
867 907 -0.9998099949437529
868 869 0.913995953389173
868 908 0.8253913078713155
869 870 0.3965984501324791
869 909 -0.6300795359764237
870 871 0.7952575668521553
870 910 0.29071329702138216
871 872 0.018461571527945475
871 911 -0.837582158578515
872 873 0.6808222993340698
872 912 0.26881861625011494
873 874 0.4293343499406381
873 913 -0.438012908216699
874 875 -0.012267422441472942
874 914 -0.2657602900676834
875 876 0.04241531726616765
875 915 -0.2285552458572908
876 877 -0.43443371749839477
876 916 0.7384888630404369
877 878 0.1448989035926933
877 917 -0.24125579536141606
878 879 -0.5140078923287559
878 918 -0.30983127258089005
879 880 -0.7927124828620251
879 919 -0.00562317178229832
880 920 -0.8956100621029599
881 882 0.4375521664488693
881 921 0.4871535302681931
882 883 -0.9260617048699238
882 922 0.7763411319117142
883 884 0.6622036560083386
883 923 0.11452223557287033
884 885 0.6746285402965158
884 924 -0.793956030299199
885 886 -0.6052997452676285
885 925 -0.12317967010835895
886 887 -0.008703730230306128
886 926 -0.8411547172669962
887 888 0.10010678376179283
887 927 0.6458574479460442
888 889 0.17208066125275634
888 928 0.5631067580193108
889 890 -0.2768831917111896
889 929 0.6143861045900838
890 891 0.6548132163157281
890 930 0.6113707834200224
891 892 0.8087044575597211
891 931 -0.9610390353555323
892 893 0.4670731904698957
892 932 0.2896908412394794
893 894 0.14370128544077088
893 933 0.3332468283292893
894 895 -0.4378170231906251
894 934 0.17621798594612437
895 896 -0.1874039284861304
895 935 0.06721719435967666
896 897 0.1796482486242892
896 936 -0.8287266379019012
897 898 0.7054047854542687
897 937 -0.7647859205985008
898 899 -0.5999917741284417
898 938 -0.7218599504655359
899 900 -0.658905149846243
899 939 0.03031490497697953
900 901 -0.8120371250545297
900 940 0.020131125917476345
901 902 -0.3372990317473361
901 941 0.8348837562136242
902 903 -0.573696896734337
902 942 0.172442949436741
903 904 -0.6734263940939349
903 943 0.482727849590332
904 905 -0.2925868591468668
904 944 -0.5834569956948783
905 906 -0.043337773486124
905 945 0.7379717450399725
906 907 -0.5165212238852519
906 946 0.7931922165847853
907 908 0.20941157808791888
907 947 -0.3199115832083035
908 909 -0.5827460709303871
908 948 -0.42685777706212846
909 910 -0.2784892134836867
909 949 -0.5707020984711235
910 911 -0.4568050543416473
910 950 -0.6863841774423609
911 912 -0.24646754127574377
911 951 0.2964817926501868
912 913 0.3117563027223338
912 952 -0.8325225025134677
913 914 0.3492534086935246
913 953 -0.5792745849634229
914 915 0.787968142719844
914 954 -0.6686863909067746
915 916 0.5252608012230611
915 955 -0.7554920308154742
916 917 0.5850826587584259
916 956 0.4432533970274142
917 918 -0.6715129546614582
917 957 0.6331576029914532
918 919 0.26953034578955815
918 958 0.00025222356208254304
919 920 -0.6653515614591616
919 959 0.5367790849484815
920 960 -0.678976854427833
921 922 0.7754727037712739
921 961 -0.7321086648484141
922 923 -0.6228315839337368
922 962 0.5640555160560894
923 924 0.8700333912560725
923 963 0.43688248299390087
924 925 0.5765234463148974
924 964 -0.138801789686956
925 926 -0.6203671525266192
925 965 0.372474658546039
926 927 -0.36198510284605234
926 966 -0.27556523722990023
927 928 -0.6253556559510178
927 967 0.32024512975099073
928 929 -0.3047698319940122
928 968 -0.9386515320559403
929 930 0.14175811487812418
929 969 -0.29714100057563675
930 931 0.033340870312003945
930 970 0.5156701941738819
931 932 0.9677007447963373
931 971 -0.8561090266316085
932 933 -0.8207555908152182
932 972 -0.10315548483800119
933 934 0.6486607029957221
933 973 -0.9000075073201002
934 935 -0.7236099249295715
934 974 -0.404996304803251
935 936 -0.16031994037168862
935 975 0.684276349242154
936 937 0.4679340531602383
936 976 -0.5225931395337018
937 938 -0.425071995371064
937 977 0.8402036933069115
938 939 0.23710542607908458
938 978 0.3796698658911315
939 940 -0.006108335310095914
939 979 0.01654676293434365
940 941 0.6303394484221703
940 980 -0.19384800046868533
941 942 -0.818580543101205
941 981 0.8055830119883332
942 943 -0.7418359082178974
942 982 -0.8975558080448043
943 944 0.22923051045024434
943 983 0.7314198840301094
944 945 -0.9175108535570982
944 984 -0.48985058415704996
945 946 -0.4875889924184085
945 985 0.3873857021811178
946 947 -0.5583734980406516
946 986 -0.7512657419216335
947 948 0.6838148475766921
947 987 -0.6168960678331834
948 949 0.799149321796073
948 988 0.11665403703764521
949 950 0.13114114581645953
949 989 0.31690125389051693
950 951 -0.7475341623997338
950 990 -0.04520216682467115
951 952 0.4244743865080427
951 991 -0.8058321110086772
952 953 0.11079382658581283
952 992 -0.8791265580289935
953 954 -0.09442896455786043
953 993 -0.7665647759406315
954 955 0.7079799129759436
954 994 -0.3895296226182805
955 956 -0.5359214935578915
955 995 -0.8474937879280737
956 957 0.37517820938661317
956 996 -0.10558925923257534
957 958 0.8495135416869839
957 997 -0.49223542444981794
958 959 -0.4646301167060458
958 998 0.3974442467952062
959 960 0.49466806180365364
959 999 0.8610448598579197
960 1000 0.22183912553602947
961 962 0.5539491612111604
961 1001 0.6759830243906502
962 963 0.2878522439442768
962 1002 -0.029202027796205732
963 964 0.9161696177244503
963 1003 0.5183009803980823
964 965 -0.6494840865911369
964 1004 0.8007553331242085
965 966 -0.2077843311733556
965 1005 -0.2687187930389763
966 967 0.37273855273061596
966 1006 -0.3745717602868712
967 968 -0.729239813966456
967 1007 -0.553213211062231
968 969 0.6845604657102733
968 1008 -0.8836961089543547
969 970 -0.1325118745888445
969 1009 -0.579698216492263
970 971 -0.12351326090801251
970 1010 -0.7045356512067673
971 972 0.9880601181428701
971 1011 -0.6648144325919831
972 973 -0.9426170301469985
972 1012 0.5511208992069434
973 974 -0.8051188942901251
973 1013 -0.9581063387721929
974 975 -0.4734505573981991
974 1014 0.6176515957582491
975 976 -0.6470533216058625
975 1015 -0.9275000810302203
976 977 0.5936609926472551
976 1016 -0.8494714908382797
977 978 0.40571107926036887
977 1017 -0.837376577873868
978 979 -0.02555396845215241
978 1018 -0.006755762864341097
979 980 -0.49188362546355524
979 1019 -0.5189445269841235
980 981 -0.9427426463041058
980 1020 -0.3656154587425158
981 982 0.5163220894156231
981 1021 -0.6418101541351415
982 983 0.7633360284668729
982 1022 0.2891370981014185
983 984 -0.08759754458773505
983 1023 0.919307673854395
984 985 0.27510176034704115
984 1024 0.9039683322341261
985 986 -0.06878422857119326
985 1025 -0.8232804107437413
986 987 0.6447403527501185
986 1026 -0.9335465835999235
987 988 0.7227435785104446
987 1027 0.11276389988627233
988 989 0.6279360620132854
988 1028 -0.24366575459554984
989 990 -0.8261841036144844
989 1029 0.4075592333699196
990 991 0.8433999244066013
990 1030 0.43779270791176206
991 992 -0.2914524902918467
991 1031 -0.6959390771501344
992 993 0.8085703775743798
992 1032 -0.8622551037780883
993 994 -0.7495548284883589
993 1033 -0.5186832489795528
994 995 -0.19292206603994466
994 1034 0.052277924262050135
995 996 -0.16736668839986812
995 1035 0.8677106395006542
996 997 0.3274904879611542
996 1036 0.7519366039845063
997 998 -0.8751638617127582
997 1037 -0.5584280321257828
998 999 -0.8694734017241021
998 1038 0.2754851530991147
999 1000 -0.03779133536366763
999 1039 0.8227923468741409
1000 1040 0.08374562795463114
1001 1002 0.6586095278168564
1001 1041 -0.9416860069603823
1002 1003 0.8580898901983913
1002 1042 -0.4602371746096745
1003 1004 -0.4722115482193501
1003 1043 -0.7284969354646496
1004 1005 0.32603878509680917
1004 1044 -0.5685280644997543
1005 1006 0.1905565258371673
1005 1045 -0.718422670233507
1006 1007 0.636132886811773
1006 1046 -0.5794837354605757
1007 1008 0.3300649737699004
1007 1047 -0.6872015510548302
1008 1009 0.6878459841630669
1008 1048 -0.8450244271541916
1009 1010 0.2722140453035429
1009 1049 -0.29734924886374037
1010 1011 -0.7739950172639931
1010 1050 -0.32042751975117567
1011 1012 0.07175941656838836
1011 1051 0.994566866486978
1012 1013 -0.04100141084980202
1012 1052 -0.7474822861284385
1013 1014 -0.04686865743609947
1013 1053 -0.18308333792226295
1014 1015 0.995778680309565
1014 1054 -0.5687260422485265
1015 1016 -0.5747230836367767
1015 1055 -0.5574795755565569
1016 1017 -0.730734799423931
1016 1056 0.22401918293223488
1017 1018 -0.7580945207707839
1017 1057 -0.3100511321518875
1018 1019 0.32874458555177344
1018 1058 -0.5958502532118088
1019 1020 -0.03804741385516763
1019 1059 0.3727734815740642
1020 1021 0.24152703456150237
1020 1060 0.5332076416485974
1021 1022 0.2254635341096176
1021 1061 -0.7123720748747073
1022 1023 0.4835296132774223
1022 1062 -0.2615721415546646
1023 1024 0.9974074857101805
1023 1063 -0.19784342768645113
1024 1025 0.008221535619267417
1024 1064 0.5616787836574839
1025 1026 -0.1682671539367453
1025 1065 -0.10842322321367615
1026 1027 -0.6644064592294061
1026 1066 -0.850412189042344
1027 1028 -0.5419064083460701
1027 1067 -0.7713499946977367
1028 1029 -0.39287350824932843
1028 1068 0.6455728993771734
1029 1030 -0.2027028479307309
1029 1069 -0.7750491922695608
1030 1031 0.8783300472131177
1030 1070 -0.3876006773583518
1031 1032 -0.6356884403279144
1031 1071 0.6343809324827125
1032 1033 -0.5563278311480322
1032 1072 -0.6902364325735424
1033 1034 -0.2635838842271694
1033 1073 -0.13899057717236785
1034 1035 -0.8026790701440862
1034 1074 -0.22651938918311298
1035 1036 -0.8531259253919348
1035 1075 -0.105456482145174
1036 1037 -0.15812294261394144
1036 1076 0.05719495931148488
1037 1038 -0.25136209946899424
1037 1077 0.031853514634385016
1038 1039 -0.8348598843537609
1038 1078 0.6601657489892587
1039 1040 0.6838694053636836
1039 1079 0.20890104586875036
1040 1080 -0.773656983807884
1041 1042 -0.21925101744683095
1041 1081 -0.12549601566391821
1042 1043 0.6283579719492689
1042 1082 0.39008414680823766
1043 1044 0.8031788915684546
1043 1083 0.032146495833309086
1044 1045 -0.46550820099851187
1044 1084 -0.6894237318780165
1045 1046 0.29814469987261716
1045 1085 -0.7660708932099265
1046 1047 -0.1804653935290177
1046 1086 -0.5237951155746465
1047 1048 -0.7949681229474295
1047 1087 0.14975533904066696
1048 1049 -0.7355340191554174
1048 1088 0.8461508006553695
1049 1050 -0.3194595342659676
1049 1089 -0.5825371452236954
1050 1051 -0.11999595938378804
1050 1090 -0.9234905213059168
1051 1052 0.12669747830028544
1051 1091 -0.5592883323405995
1052 1053 -0.6423540622060282
1052 1092 0.18157465324285815
1053 1054 0.5844091833187821
1053 1093 0.2481326585650332
1054 1055 0.4027316630074045
1054 1094 0.9907203001856468
1055 1056 -0.1938451804376884
1055 1095 -0.6847826771189098
1056 1057 -0.7777068587193312
1056 1096 -0.2667811396535382
1057 1058 0.9925359224846024
1057 1097 0.06534412564514303
1058 1059 0.3314362053887381
1058 1098 -0.7383200720729877
1059 1060 -0.8235506931298355
1059 1099 0.24789632084249447
1060 1061 0.3889138123890383
1060 1100 0.405981251619169
1061 1062 0.5824776601893742
1061 1101 0.4222803155856987
1062 1063 0.285974304390088
1062 1102 -0.30310061402360033
1063 1064 0.44194360233441965
1063 1103 0.9572468889262538
1064 1065 -0.25001362987135867
1064 1104 0.7621237732344104
1065 1066 0.8792730279769134
1065 1105 0.6256790882003624
1066 1067 -0.07860149043724918
1066 1106 -0.39429739133729336
1067 1068 -0.34178149412978476
1067 1107 0.2816081254994216
1068 1069 0.9572647489808483
1068 1108 0.020240621884529464
1069 1070 -0.9204456506741827
1069 1109 -0.6394452387164618
1070 1071 -0.2855516696713305
1070 1110 0.24098568061028836
1071 1072 -0.16565450048799923
1071 1111 0.42922325838596964
1072 1073 0.07878178543196701
1072 1112 0.11326123040328118
1073 1074 -0.7073282317181733
1073 1113 0.5592714647330359
1074 1075 -0.23920472091185596
1074 1114 0.8390646511080062
1075 1076 0.4689401849601871
1075 1115 0.5613595743901678
1076 1077 -0.44381636983221595
1076 1116 -0.8899600893317108
1077 1078 0.9077787309340855
1077 1117 0.45485018248947107
1078 1079 -0.7397823485838668
1078 1118 -0.4370973346306146
1079 1080 0.25506908283271024
1079 1119 0.7990972521181221
1080 1120 -0.12266095177732605
1081 1082 0.04127012702266364
1081 1121 -0.014254651668631713
1082 1083 -0.5289376162111754
1082 1122 0.9066053836820716
1083 1084 0.6988729777544138
1083 1123 -0.8894056850498862
1084 1085 0.3061748132104518
1084 1124 0.4187017761180325
1085 1086 0.6264201974158514
1085 1125 -0.05247014920501014
1086 1087 0.045408403458188085
1086 1126 0.8620479049898251
1087 1088 -0.29486601831157166
1087 1127 0.6877658247941938
1088 1089 -0.015621590304053301
1088 1128 -0.05547736491527311
1089 1090 0.5183662298601937
1089 1129 0.5592785241963276
1090 1091 -0.18828408256765816
1090 1130 0.19842777288672853
1091 1092 -0.1754972424125889
1091 1131 0.12434387995609053
1092 1093 -0.9021758605797514
1092 1132 -0.7446207203887487
1093 1094 0.11425076827896463
1093 1133 -0.05381604363058967
1094 1095 0.8934804609693539
1094 1134 0.7023934962060387
1095 1096 -0.7645571167657697
1095 1135 0.3532407903640826
1096 1097 -0.5332944249936438
1096 1136 -0.8095261064169348
1097 1098 0.8121288134282583
1097 1137 -0.049156916265676864
1098 1099 -0.6910336987857761
1098 1138 -0.6798230207710041
1099 1100 -0.4977168900932625
1099 1139 0.45841983463041536
1100 1101 0.1396401256616715
1100 1140 0.37773486967741055
1101 1102 -0.8690987798198924
1101 1141 0.7444788760683254
1102 1103 -0.9489929193403923
1102 1142 -0.9758829450822839
1103 1104 0.6073096236082902
1103 1143 -0.2760098114876366
1104 1105 -0.7367153705908296
1104 1144 0.47772649969063474
1105 1106 0.46003458035464395
1105 1145 0.4795965067378889
1106 1107 -0.9448530521984118
1106 1146 0.6229078410545701
1107 1108 0.41178679131669993
1107 1147 0.3000672273548921
1108 1109 0.7499099077338727
1108 1148 0.42914748619367926
1109 1110 -0.6781469746971645
1109 1149 0.20734620882560573
1110 1111 0.1945644469795753
1110 1150 -0.5538728915800613
1111 1112 0.13088155559727221
1111 1151 -0.8922759818996959
1112 1113 0.24622195466173968
1112 1152 0.23809116559248955
1113 1114 -0.9525263042462677
1113 1153 0.3738744278544448
1114 1115 0.685856683234344
1114 1154 -0.676476984353301
1115 1116 -0.3685716260722576
1115 1155 -0.7274749059239045
1116 1117 0.7099640989741907
1116 1156 0.8013018757346997
1117 1118 0.8618042665550523
1117 1157 -0.47093578565239436
1118 1119 0.23745005225694293
1118 1158 0.9714781070226595
1119 1120 -0.06561279508881723
1119 1159 0.5352279892503231
1120 1160 0.4329715968040668
1121 1122 -0.7391414355827619
1121 1161 0.9687670619889444
1122 1123 0.17087141707945208
1122 1162 0.16613293735070656
1123 1124 -0.14009600415413237
1123 1163 -0.5888658636521351
1124 1125 -0.8758945598349026
1124 1164 0.9520584257659475
1125 1126 -0.851765227960799
1125 1165 -0.12876105511951064
1126 1127 0.9770508830678566
1126 1166 0.9121989063448144
1127 1128 -0.247249039062033
1127 1167 -0.5605171696591267
1128 1129 0.6799602752516221
1128 1168 0.36089903185315664
1129 1130 -0.23409392891525083
1129 1169 -0.22522269457220334
1130 1131 0.4361257161301575
1130 1170 -0.3847465487798212
1131 1132 -0.4101284331880022
1131 1171 -0.9353388116400025
1132 1133 -0.5966709986210101
1132 1172 0.06360745540263735
1133 1134 0.45883589517239587
1133 1173 -0.38621335544562063
1134 1135 0.13391259476904227
1134 1174 -0.47723060290701813
1135 1136 -0.009458955252109158
1135 1175 0.99243281983293
1136 1137 0.4381829789910334
1136 1176 -0.9382730668857153
1137 1138 -0.5116423521613
1137 1177 -0.37362189910104227
1138 1139 -0.9683390937504694
1138 1178 0.4159356076512877
1139 1140 0.6418193379381034
1139 1179 -0.41171766632794893
1140 1141 0.3121515259668832
1140 1180 -0.39444057754162176
1141 1142 0.24027891716677674
1141 1181 0.17111589133393923
1142 1143 -0.5159860254677202
1142 1182 -0.14057565820901874
1143 1144 0.5777233617436488
1143 1183 0.1490859746501192
1144 1145 -0.22630486949899598
1144 1184 -0.0984807309466742
1145 1146 -0.9716200516890379
1145 1185 -0.04225989636402061
1146 1147 -0.39812439755544227
1146 1186 -0.11218751182626474
1147 1148 0.13062327811620444
1147 1187 0.8653754731294594
1148 1149 0.15718844769539375
1148 1188 0.033546238411312324
1149 1150 -0.6098858009455035
1149 1189 -0.8042341077250348
1150 1151 -0.22560601983580653
1150 1190 -0.28540620107058357
1151 1152 0.12042009319015157
1151 1191 -0.11973143863355551
1152 1153 0.02332495898673037
1152 1192 0.45221175760923993
1153 1154 0.25820854692828754
1153 1193 0.12080664490507043
1154 1155 0.2700334810610441
1154 1194 0.02822535673186266
1155 1156 -0.014906569867177089
1155 1195 -0.62175778189165
1156 1157 -0.5889318135167809
1156 1196 0.6717603355651445
1157 1158 -0.49117290202943287
1157 1197 0.012640378639343863
1158 1159 -0.82506525682401
1158 1198 -0.6150360286603409
1159 1160 -0.7776059140608773
1159 1199 -0.4830663455241002
1160 1200 -0.596826573780046
1161 1162 -0.8685953561638293
1161 1201 0.15856815548813996
1162 1163 -0.6855809151321108
1162 1202 -0.149519071826828
1163 1164 0.7411825984264024
1163 1203 0.3880679832886398
1164 1165 -0.3964944562080459
1164 1204 0.31375921758929093
1165 1166 -0.008373250440286473
1165 1205 -0.147935253756444
1166 1167 -0.23111067732568746
1166 1206 0.015625771110792552
1167 1168 -0.027155087565187364
1167 1207 0.9953492848935306
1168 1169 0.5929723404523624
1168 1208 0.5972801590128032
1169 1170 0.7097205196299412
1169 1209 0.8631623244291207
1170 1171 0.0878844061785462
1170 1210 0.1191748156992849
1171 1172 -0.08317991043037143
1171 1211 0.7298660199293883
1172 1173 -0.6045310365597147
1172 1212 -0.17191132247540186
1173 1174 0.9507250561451179
1173 1213 -0.2865926481534189
1174 1175 -0.26115577758573316
1174 1214 -0.48825755755277167
1175 1176 -0.09565061874629577
1175 1215 -0.6845778311763542
1176 1177 -0.7486283615900995
1176 1216 0.6575346091764172
1177 1178 0.1946708106234898
1177 1217 -0.004119987421121074
1178 1179 -0.9907035746817661
1178 1218 -0.3687272038678242
1179 1180 0.481689604090092
1179 1219 0.05816412703867546
1180 1181 -0.013823612742275726
1180 1220 -0.9325869777911042
1181 1182 0.8788816282023293
1181 1221 -0.4462820630802027
1182 1183 -0.46944243423150667
1182 1222 -0.4668379744267308
1183 1184 -0.10601278255958047
1183 1223 0.8769433887246239
1184 1185 -0.5307135858201375
1184 1224 -0.22586140237316465
1185 1186 0.3521915429557989
1185 1225 0.2619487673744805
1186 1187 0.9680039932996034
1186 1226 0.14501645394213036
1187 1188 0.4835624418692359
1187 1227 0.6328870191077596
1188 1189 -0.966088231905746
1188 1228 0.39323004295322805
1189 1190 0.5929702449338785
1189 1229 -0.05040914021598719
1190 1191 0.2422585810056519
1190 1230 0.15392930757092316
1191 1192 -0.507450714365042
1191 1231 -0.9404472657321401
1192 1193 -0.8027234766689717
1192 1232 -0.1923896493517061
1193 1194 -0.23960300122020795
1193 1233 0.007602095647258
1194 1195 0.44437773375242484
1194 1234 0.9933217434085464
1195 1196 -0.32467187847658097
1195 1235 -0.20917614211949975
1196 1197 0.7193686605078426
1196 1236 -0.2540785099806906
1197 1198 0.561708567704124
1197 1237 0.6531907800090189
1198 1199 0.929090216966209
1198 1238 0.769582929109583
1199 1200 -0.7981032605602736
1199 1239 0.3939955484473405
1200 1240 0.3391781435449941
1201 1202 0.1615496501734559
1201 1241 0.9086757311138485
1202 1203 -0.5299561713575194
1202 1242 0.20101465323947254
1203 1204 -0.8751415976709411
1203 1243 0.22952612238133896
1204 1205 0.5908865980929745
1204 1244 0.7501878882664126
1205 1206 -0.7984696550077472
1205 1245 0.8742687617506388
1206 1207 0.016541121751357135
1206 1246 0.1581222625537293
1207 1208 -0.963649884089782
1207 1247 -0.8540230299872802
1208 1209 0.2718877717216437
1208 1248 -0.04686080966338646
1209 1210 0.43717649671919734
1209 1249 0.2515941684555356
1210 1211 0.22547815760344547
1210 1250 0.2306047845710657
1211 1212 0.7225319319644514
1211 1251 -0.508326333956234
1212 1213 -0.06680770437286276
1212 1252 -0.17281993529612394
1213 1214 -0.7076405219058286
1213 1253 -0.35886700825905304
1214 1215 0.8377872495839589
1214 1254 -0.26646689602869045
1215 1216 0.6211320671285936
1215 1255 0.5818814126612153
1216 1217 -0.08690339744447284
1216 1256 0.2630062752260105
1217 1218 0.5449399899440757
1217 1257 0.8755121424536847
1218 1219 -0.24417677018306794
1218 1258 -0.8990219534481003
1219 1220 0.738447647157461
1219 1259 0.3504896107031785
1220 1221 -0.5916482136876697
1220 1260 -0.36613069610996485
1221 1222 0.4750705320116726
1221 1261 -0.8350642622528899
1222 1223 0.6012059227773354
1222 1262 0.8508085780656285
1223 1224 0.8917756524697302
1223 1263 0.8450774430893038
1224 1225 0.07129685280764675
1224 1264 0.38844280599942627
1225 1226 0.3775566397671395
1225 1265 0.22920326604687147
1226 1227 0.39607027952692864
1226 1266 -0.734812400933524
1227 1228 -0.896357043999072
1227 1267 -0.7958474011328311
1228 1229 -0.1010891877934661
1228 1268 0.8724219219699161
1229 1230 0.7336537781470089
1229 1269 0.588237299817145
1230 1231 -0.4167840799025082
1230 1270 -0.11549073209085536
1231 1232 -0.32792690026844373
1231 1271 -0.5395439159782989
1232 1233 -0.8815593013417551
1232 1272 0.08968511350303765
1233 1234 0.6028128038278684
1233 1273 -0.026443400437892617
1234 1235 0.4570567509337553
1234 1274 0.6931057827563809
1235 1236 -0.5098153893150195
1235 1275 -0.17133804469155267
1236 1237 0.42231425715744675
1236 1276 -0.4206547342630713
1237 1238 0.9085060734306512
1237 1277 -0.7598459584504809
1238 1239 -0.5341722909422928
1238 1278 -0.3768134505754046
1239 1240 -0.7004252683491858
1239 1279 -0.14397383992644341
1240 1280 0.3087787870684724
1241 1242 -0.6051124449726495
1241 1281 -0.8333491987391899
1242 1243 -0.27878315499159245
1242 1282 -0.6622531032941128
1243 1244 0.6785695194795525
1243 1283 -0.932435387784019
1244 1245 0.4119092730960441
1244 1284 0.32658066564803745
1245 1246 -0.09417352358381059
1245 1285 0.8295604299337409
1246 1247 -0.09265467123032578
1246 1286 -0.5318733197041852
1247 1248 0.7508583117007521
1247 1287 -0.35660930001280544
1248 1249 0.027676112024289656
1248 1288 -0.2244778092768711
1249 1250 0.5086501331089301
1249 1289 0.6163612837016599
1250 1251 -0.007934830729730225
1250 1290 0.674842470660884
1251 1252 0.006509757918948367
1251 1291 0.014186192640863071
1252 1253 0.19858157744424254
1252 1292 0.5554160054206845
1253 1254 0.4741140927019989
1253 1293 -0.6473963294001892
1254 1255 -0.9018543501770138
1254 1294 -0.15236641448211619
1255 1256 0.7596614969224735
1255 1295 0.8474402601932987
1256 1257 -0.3219173706913485
1256 1296 -0.09955666176218192
1257 1258 -0.9271011193961931
1257 1297 0.63218627930108
1258 1259 -0.9180201555400989
1258 1298 0.013059230061073235
1259 1260 0.04073891675524677
1259 1299 0.8768811737619508
1260 1261 -0.49334106317768245
1260 1300 0.6004674683686677
1261 1262 0.5377343623118298
1261 1301 0.16403944999463893
1262 1263 -0.48648361030913057
1262 1302 0.4536213074247255
1263 1264 -0.3627896640122221
1263 1303 0.6252735177344484
1264 1265 0.45662138081355197
1264 1304 -0.3535844625368547
1265 1266 0.6750681467946806
1265 1305 -0.599445745500607
1266 1267 -0.8089913164261726
1266 1306 0.4608490483524865
1267 1268 -0.9871486563664114
1267 1307 0.6957078406050099
1268 1269 -0.6852622012729497
1268 1308 0.7957272444728563
1269 1270 0.7836956276463101
1269 1309 0.7835891165413063
1270 1271 -0.7187360053698975
1270 1310 0.77544554729234
1271 1272 -0.6287563469206028
1271 1311 0.021928567569436064
1272 1273 0.1813281059119407
1272 1312 -0.1508254965265563
1273 1274 0.25794597787105067
1273 1313 0.43277101524332173
1274 1275 -0.8084347212856053
1274 1314 0.11669603652659233
1275 1276 0.9279212578854541
1275 1315 -0.36451145546664154
1276 1277 0.6167301683934678
1276 1316 -0.06042936822368117
1277 1278 0.36935427928256903
1277 1317 -0.690608988833002
1278 1279 -0.24625047106724218
1278 1318 -0.6494028671170311
1279 1280 0.5867071470821066
1279 1319 0.5243401582188805
1280 1320 0.9384697566224209
1281 1282 0.7677284354664744
1281 1321 -0.9686076140981126
1282 1283 -0.30550710196553643
1282 1322 -0.5709659606284498
1283 1284 0.22523019848852166
1283 1323 0.8516341860524532
1284 1285 -0.041834394478877046
1284 1324 -0.2820431687949123
1285 1286 0.9666487503117875
1285 1325 -0.16414392415099632
1286 1287 0.2687181924015365
1286 1326 -0.7213372006078005
1287 1288 -0.4793193493295618
1287 1327 0.11969461666652603
1288 1289 0.14165306901862618
1288 1328 -0.5947747442310429
1289 1290 0.27988438822347517
1289 1329 -0.1302731442825682
1290 1291 -0.7752252246887226
1290 1330 0.10089749853818586
1291 1292 -0.11266352787852241
1291 1331 -0.993358213921248
1292 1293 0.22444007032568014
1292 1332 0.5516758890741762
1293 1294 0.17146367616187574
1293 1333 -0.825780985058691
1294 1295 -0.14118727051844737
1294 1334 0.7950657214934309
1295 1296 0.13019080540526184
1295 1335 -0.4595115939658825
1296 1297 0.7506910083284573
1296 1336 -0.434297143515463
1297 1298 0.421950895973324
1297 1337 -0.42362638475751746
1298 1299 -0.26781562371364886
1298 1338 -0.21838572372716247
1299 1300 -0.6302815081893414
1299 1339 0.19261468988942831
1300 1301 0.11035493483488179
1300 1340 0.09810403954987446
1301 1302 -0.1729910209031491
1301 1341 0.5250169854515065
1302 1303 -0.702486111589308
1302 1342 0.25732918751607436
1303 1304 0.07854285356723123
1303 1343 0.46231207315750833
1304 1305 0.9871744126343946
1304 1344 -0.3100354186687484
1305 1306 -0.2511626798006126
1305 1345 -0.12090711763375994
1306 1307 -0.2372620940456862
1306 1346 0.06728027402456571
1307 1308 0.35282560752496894
1307 1347 0.5667178348142736
1308 1309 0.18266264840696134
1308 1348 -0.6867857518215807
1309 1310 -0.36388016926186384
1309 1349 0.6099721728311822
1310 1311 -0.7491751201225085
1310 1350 -0.20641992154983368
1311 1312 0.5246315178191505
1311 1351 0.6419985934846901
1312 1313 -0.7326539623004804
1312 1352 0.21499619967408612
1313 1314 -0.8789059962475105
1313 1353 0.05230526569058225
1314 1315 -0.349258244636822
1314 1354 -0.46207335131347405
1315 1316 -0.055007277112625985
1315 1355 0.19331488418405174
1316 1317 0.946244849717206
1316 1356 -0.7011100972114948
1317 1318 -0.5716525884539083
1317 1357 -0.13135036302155756
1318 1319 -0.6559085051494558
1318 1358 0.05495348165190861
1319 1320 -0.6309321899976013
1319 1359 -0.923134141688787
1320 1360 -0.2135407781438543
1321 1322 0.5911892947070487
1321 1361 0.5363808788566244
1322 1323 0.5890565859930517
1322 1362 0.5834186361929072
1323 1324 -0.6970784129552277
1323 1363 0.45587273292868047
1324 1325 0.9087352837083358
1324 1364 0.21834100061121853
1325 1326 0.9018126150088268
1325 1365 -0.2104800556963613
1326 1327 0.2037883438072492
1326 1366 -0.7215277655335997
1327 1328 0.04971763324273559
1327 1367 -0.01839433556483616
1328 1329 0.9096298585988307
1328 1368 -0.46258251081813695
1329 1330 0.34936822001914747
1329 1369 -0.325001854597067
1330 1331 0.07952964465136403
1330 1370 -0.8945434885544568
1331 1332 6.764260268865563e-05
1331 1371 -0.08860419677160358
1332 1333 -0.5900145420383753
1332 1372 0.3961950179771745
1333 1334 0.508136985227621
1333 1373 -0.3202730192994574
1334 1335 -0.7057425295423618
1334 1374 0.003044295445986389
1335 1336 -0.5840650571929575
1335 1375 -0.5637679478467397
1336 1337 0.6291616701980625
1336 1376 -0.5166283448642695
1337 1338 -0.37313361372703735
1337 1377 0.148294431816147
1338 1339 -0.48809794112242133
1338 1378 0.23687174875801276
1339 1340 -0.5032912159680529
1339 1379 -0.9016828667730343
1340 1341 -0.8492371118283095
1340 1380 -0.7876237509705601
1341 1342 0.5057282963805589
1341 1381 -0.40548719654824983
1342 1343 0.2701690398129708
1342 1382 0.8409698454287495
1343 1344 0.9460313204289574
1343 1383 0.1031296772647936
1344 1345 -0.005640263029724535
1344 1384 0.2757144496361861
1345 1346 0.516598304395973
1345 1385 0.9278028157243725
1346 1347 0.05454099373043819
1346 1386 0.38262510008898176
1347 1348 -0.14991350440445683
1347 1387 0.5469368269715469
1348 1349 0.40825273104936133
1348 1388 -0.6086680809039555
1349 1350 0.22672256270322855
1349 1389 -0.07876036608951886
1350 1351 0.5659321476584327
1350 1390 0.4754022789996253
1351 1352 -0.7725083066263536
1351 1391 0.9498573420590222
1352 1353 -0.5300086474543138
1352 1392 -0.6618828627870124
1353 1354 0.9499329142387698
1353 1393 0.2388837809743063
1354 1355 -0.7487872894704388
1354 1394 -0.38197427053415045
1355 1356 -0.6018725477713907
1355 1395 -0.3708633821653433
1356 1357 -0.5321128672834883
1356 1396 0.6926205337895655
1357 1358 -0.46018116837406264
1357 1397 0.11269487915225196
1358 1359 -0.9903636925884778
1358 1398 -0.6913663231135461
1359 1360 0.6154679094345696
1359 1399 -0.3425534527068852
1360 1400 0.61589384471379
1361 1362 0.7440875719063409
1361 1401 0.8322201727791105
1362 1363 -0.6709192862711428
1362 1402 0.5007280970245247
1363 1364 -0.6983586310855698
1363 1403 0.6799036803231662
1364 1365 0.7139506605179353
1364 1404 0.7608537207128574
1365 1366 -0.19451558735397523
1365 1405 -0.8099850096830084
1366 1367 -0.8006816955208031
1366 1406 0.40108571984524644
1367 1368 -0.1633878487433924
1367 1407 0.18916646433545936
1368 1369 -0.4454956918948989
1368 1408 0.5847541643670531
1369 1370 -0.6676112741069864
1369 1409 -0.5115342587152265
1370 1371 -0.7358860129780325
1370 1410 -0.6178781650269125
1371 1372 -0.18677236315042522
1371 1411 0.14695611985621815
1372 1373 -0.8914647621114091
1372 1412 -0.7173082615065622
1373 1374 0.2905368683469447
1373 1413 -0.060286453673200846
1374 1375 -0.09635825200115122
1374 1414 -0.48860841777036
1375 1376 -0.7258143334238105
1375 1415 0.8630939666603226
1376 1377 -0.9259002790841047
1376 1416 0.40374464605773475
1377 1378 0.005470250123572606
1377 1417 0.8387713052935697
1378 1379 0.3064422665371489
1378 1418 -0.3573212540781232
1379 1380 0.47970132276653143
1379 1419 0.6017583833965952
1380 1381 0.6102189319671407
1380 1420 -0.6978657960724022
1381 1382 -0.1560550986063225
1381 1421 -0.628253757353165
1382 1383 0.018050179571075242
1382 1422 0.4429468255986926
1383 1384 -0.1315822044255397
1383 1423 0.47603767475291203
1384 1385 0.5965676605930228
1384 1424 -0.46761912849177256
1385 1386 0.3649744304737308
1385 1425 -0.7936966509563179
1386 1387 -0.8136026234570359
1386 1426 0.6199086463867667
1387 1388 -0.6516952812783268
1387 1427 -0.35207800018127244
1388 1389 0.14734580902358085
1388 1428 0.5379365038802739
1389 1390 0.9123121489926633
1389 1429 -0.8218810244457848
1390 1391 0.022724222254887128
1390 1430 0.6349665482686695
1391 1392 -0.3487778609440819
1391 1431 0.07864000032710017
1392 1393 -0.10344243899254413
1392 1432 -0.23986380596810686
1393 1394 0.8101120768935106
1393 1433 0.6047012794801621
1394 1395 0.13038823643727504
1394 1434 -0.8228904135401192
1395 1396 -0.4193577798844239
1395 1435 -0.008321880344285493
1396 1397 0.07854243090786084
1396 1436 -0.9827096450634012
1397 1398 0.6005470078161608
1397 1437 -0.7971821045923135
1398 1399 0.4278972321290755
1398 1438 -0.9140914717330229
1399 1400 0.8707980204008987
1399 1439 -0.4476108701329291
1400 1440 -0.7146989941524
1401 1402 -0.45237361416443145
1401 1441 -0.5272377472348011
1402 1403 -0.8882067623079732
1402 1442 -0.5350591487965597
1403 1404 -0.6347644787671523
1403 1443 -0.21779322671374235
1404 1405 -0.6415884582362887
1404 1444 -0.5663046551051174
1405 1406 0.6449293916544874
1405 1445 -0.39799436680824574
1406 1407 -0.050956808272754506
1406 1446 0.9148842952254763
1407 1408 -0.07385664445969975
1407 1447 0.23719520250388104
1408 1409 -0.3048554558071439
1408 1448 -0.3280885067605108
1409 1410 -0.8864177547002503
1409 1449 -0.0489159404566184
1410 1411 -0.8814496654118855
1410 1450 0.8901158757456424
1411 1412 0.5559413329190546
1411 1451 0.5007072894493418
1412 1413 -0.8859607937662555
1412 1452 -0.7601050931023929
1413 1414 -0.3018004571737267
1413 1453 0.05850180490165302
1414 1415 0.19736181948918818
1414 1454 0.21411690485580515
1415 1416 0.4928943996844297
1415 1455 -0.504261365414667
1416 1417 0.2674241830895556
1416 1456 0.4307216026801286
1417 1418 -0.41190750041012447
1417 1457 0.5160890718880453
1418 1419 -0.23937798335638538
1418 1458 0.0597153788818614
1419 1420 0.8841847134198753
1419 1459 0.8951266226783534
1420 1421 -0.3576953395943576
1420 1460 0.06627433017432449
1421 1422 0.08094831867019181
1421 1461 0.3072020551501977
1422 1423 0.27839658703488124
1422 1462 0.3780414370170546
1423 1424 -0.11103691646027469
1423 1463 0.32409602797340176
1424 1425 0.9861416555757196
1424 1464 0.9669691556530771
1425 1426 0.29389311882588687
1425 1465 0.8527678610108125
1426 1427 0.26440302065403554
1426 1466 0.2383206359003236
1427 1428 0.22759746839662043
1427 1467 0.531444097706459
1428 1429 -0.48428307900528944
1428 1468 0.4187245607845158
1429 1430 0.7219935736497198
1429 1469 0.8039033220551022
1430 1431 -0.9828941409967389
1430 1470 -0.6220459902983255
1431 1432 -0.005574596429244849
1431 1471 0.6537802148623584
1432 1433 0.888907200902753
1432 1472 -0.9151325418628131
1433 1434 0.4423139483582461
1433 1473 0.3019958432672334
1434 1435 -0.009238427333631671
1434 1474 -0.03455994755794212
1435 1436 0.6473926296933015
1435 1475 -0.857625198998518
1436 1437 -0.6323964958014514
1436 1476 -0.8752274393147577
1437 1438 0.1636945974217754
1437 1477 -0.6985047087827061
1438 1439 -0.16983652638377555
1438 1478 0.5162713969148645
1439 1440 0.6800613534515483
1439 1479 -0.4336532005085203
1440 1480 -0.2089376819764408
1441 1442 -0.3789603127092247
1441 1481 0.43128651783694805
1442 1443 0.3001928629897379
1442 1482 0.43648352784972877
1443 1444 -0.27959384644813645
1443 1483 -0.20411567400083452
1444 1445 -0.9292707671046321
1444 1484 -0.6990229429437091
1445 1446 0.19939809128100316
1445 1485 0.1920292926528111
1446 1447 -0.13608036624937436
1446 1486 -0.8869717257897676
1447 1448 -0.5431254032130455
1447 1487 -0.7332523899236185
1448 1449 -0.9199191995606981
1448 1488 0.8162302087510116
1449 1450 0.7267746697762973
1449 1489 0.020089444295382286
1450 1451 0.28522822393154557
1450 1490 -0.2788321841666468
1451 1452 -0.2040223359530513
1451 1491 0.10935077547671268
1452 1453 -0.3060974295500367
1452 1492 0.4167907451225277
1453 1454 0.7445411925994487
1453 1493 -0.6607225144269495
1454 1455 -0.46512264753495125
1454 1494 -0.16031126145353425
1455 1456 -0.6873828227155883
1455 1495 -0.8171785480800449
1456 1457 0.5407614200020412
1456 1496 0.5060189059840408
1457 1458 0.9854573633858814
1457 1497 0.23158655480884427
1458 1459 -0.21465042343172414
1458 1498 -0.2573991548538819
1459 1460 0.03727125638465001
1459 1499 0.3519771137168506
1460 1461 0.5876459312411269
1460 1500 0.2413431135852493
1461 1462 0.11709590478774956
1461 1501 -0.9011736426315216
1462 1463 0.12753868947418212
1462 1502 0.4844207473588744
1463 1464 0.056631015549035935
1463 1503 -0.8293467541231259
1464 1465 0.08676058971612943
1464 1504 0.4193879321457472
1465 1466 -0.7972490649111137
1465 1505 0.14877087039738934
1466 1467 0.06784208687258086
1466 1506 -0.19014193634132281
1467 1468 0.03624037600611607
1467 1507 -0.4430881327724012
1468 1469 -0.4965190746852228
1468 1508 0.10972356254195459
1469 1470 0.5253666407637119
1469 1509 -0.9592679714820593
1470 1471 0.2303719747337003
1470 1510 0.41023232011004485
1471 1472 0.415824656586832
1471 1511 0.8879394317246387
1472 1473 -0.832558313120378
1472 1512 0.8073918377296792
1473 1474 -0.6737858017324565
1473 1513 -0.6744022205350704
1474 1475 -0.470663839338467
1474 1514 0.012000780841179282
1475 1476 0.04414941848883469
1475 1515 -0.8515404556965076
1476 1477 0.8017586118761721
1476 1516 0.6526939193597527
1477 1478 -0.8588523787883455
1477 1517 -0.8153813855789749
1478 1479 0.5584730079131384
1478 1518 -0.6887112463042688
1479 1480 0.5092903597537848
1479 1519 0.8766506877138072
1480 1520 -0.7211173858036235
1481 1482 -0.8345290214931933
1481 1521 0.350972886008853
1482 1483 -0.039901072998890896
1482 1522 -0.32477066468524707
1483 1484 0.9804337109910777
1483 1523 -0.6025148325272902
1484 1485 -0.7692354502035705
1484 1524 0.8073696231270342
1485 1486 -0.03289815028540022
1485 1525 -0.9442967170593277
1486 1487 -0.9660779168093208
1486 1526 -0.22955410573016488
1487 1488 0.48455629722079196
1487 1527 0.07779396112786285
1488 1489 -0.4092178643468263
1488 1528 -0.09678491569001357
1489 1490 0.3868923559887887
1489 1529 0.7360645958967253
1490 1491 0.3924263464479414
1490 1530 -0.17584533402805813
1491 1492 0.021468028100284142
1491 1531 0.45775189786364723
1492 1493 0.210989937900683
1492 1532 0.13357615953544166
1493 1494 -0.23042829722552005
1493 1533 0.9170181272013775
1494 1495 -0.19424149409558122
1494 1534 0.9361736807315122
1495 1496 -0.36797969588600443
1495 1535 -0.37488220167831576
1496 1497 0.14691743817551228
1496 1536 0.3860264375307445
1497 1498 0.17919714436651635
1497 1537 0.7090691922019323
1498 1499 0.5693687370227789
1498 1538 -0.19120015221981412
1499 1500 0.482109398141199
1499 1539 -0.9172176051768486
1500 1501 -0.016756719792412555
1500 1540 0.7479441685276644
1501 1502 -0.9850153864311848
1501 1541 -0.8854101512460237
1502 1503 -0.6817512441260662
1502 1542 -0.5470527383995487
1503 1504 0.09025806249432455
1503 1543 -0.7652589878199529
1504 1505 -0.9137514396854318
1504 1544 0.9561942907395873
1505 1506 -0.058260587875497594
1505 1545 -0.1471389277129198
1506 1507 -0.8730386351737058
1506 1546 0.3947830360289388
1507 1508 -0.4578669318715811
1507 1547 -0.717276154898822
1508 1509 -0.540465221373593
1508 1548 0.7326662988257788
1509 1510 -0.6125738357477406
1509 1549 -0.8285966219239529
1510 1511 -0.6435517436830445
1510 1550 0.9839591134756684
1511 1512 -0.17269335679838105
1511 1551 0.18668710581824133
1512 1513 -0.4798045597173872
1512 1552 -0.6164919185313884
1513 1514 0.33732926310231237
1513 1553 -0.4220108492972654
1514 1515 -0.38714486473701726
1514 1554 0.7431535155621523
1515 1516 -0.6596367843582407
1515 1555 0.3898136851151057
1516 1517 0.30938670937501556
1516 1556 -0.8541169468463978
1517 1518 -0.08140410395258857
1517 1557 0.6555867578375558
1518 1519 -0.5820552606229898
1518 1558 0.5740911682138479
1519 1520 0.04989659032200966
1519 1559 0.651812444111155
1520 1560 -0.14803749920032394
1521 1522 0.7170493377550542
1521 1561 0.38579376823301215
1522 1523 -0.2205874213565373
1522 1562 0.7175943876900068
1523 1524 -0.26149337965897224
1523 1563 0.5387884493026656
1524 1525 0.9602449287805501
1524 1564 0.019823732345472855
1525 1526 -0.407469973195568
1525 1565 0.8161782944518645
1526 1527 -0.9725876206123394
1526 1566 0.05886055380009925
1527 1528 0.21714230185093641
1527 1567 0.22343795532148736
1528 1529 -0.08123896661230989
1528 1568 0.49490029173306893
1529 1530 0.9756328994619217
1529 1569 0.6165471071041368
1530 1531 0.4318607423874665
1530 1570 -0.15531167186322326
1531 1532 -0.9224479786462423
1531 1571 0.8286801871024718
1532 1533 -0.46842744166804895
1532 1572 0.45325104638037406
1533 1534 0.09181883156592385
1533 1573 0.6349088489670554
1534 1535 -0.06255244837316454
1534 1574 -0.6798673473905441
1535 1536 -0.21487215192689324
1535 1575 0.3754464859737452
1536 1537 0.28386056881220134
1536 1576 0.5261754435356061
1537 1538 0.2670765389280776
1537 1577 0.12074533329684578
1538 1539 0.4537793699559305
1538 1578 0.6461369397325738
1539 1540 -0.48140794921967767
1539 1579 -0.6125423916817334
1540 1541 -0.6567646262509923
1540 1580 -0.47472783453808987
1541 1542 0.7179272981943643
1541 1581 -0.7083095505505721
1542 1543 0.990292522200088
1542 1582 0.7941470573651106
1543 1544 -0.9843163429040345
1543 1583 0.25609775565637727
1544 1545 -0.9521465732962098
1544 1584 0.18437831497927437
1545 1546 0.41537575545390903
1545 1585 0.39228654980940325
1546 1547 -0.9417088294525053
1546 1586 0.3135606435229723
1547 1548 0.3278210576964107
1547 1587 0.44020278373722466
1548 1549 -0.042483317129001996
1548 1588 0.43780304508682066
1549 1550 0.8968787812344297
1549 1589 -0.8766781473337719
1550 1551 -0.37905412734763666
1550 1590 0.9036684822338592
1551 1552 0.08400185221542733
1551 1591 0.4895541530818295
1552 1553 0.657988953198593
1552 1592 -0.5266159116170623
1553 1554 0.5527284998803152
1553 1593 0.8169316720547741
1554 1555 0.20891178222585705
1554 1594 -0.4786272678597412
1555 1556 -0.23765566557527884
1555 1595 -0.030186338413436653
1556 1557 0.7954596879260258
1556 1596 0.896906566190212
1557 1558 0.9953040221019447
1557 1597 0.3310770505434488
1558 1559 0.3293066130316109
1558 1598 -0.1673336107557255
1559 1560 0.0740203830485684
1559 1599 0.4151493121211922
1560 1600 -0.8482931484114626
1561 1562 0.570167382527859
1562 1563 0.02277122225759931
1563 1564 -0.10905908555445776
1564 1565 -0.10714292205419795
1565 1566 0.07788607207176867
1566 1567 0.10784604140624032
1567 1568 0.49208432919407197
1568 1569 -0.8586038484680372
1569 1570 0.820154623688178
1570 1571 0.7534631609708147
1571 1572 -0.8933774657725162
1572 1573 -0.894329893212441
1573 1574 -0.254466634373971
1574 1575 0.7873890747479615
1575 1576 0.9217160437452576
1576 1577 -0.7122365816717968
1577 1578 0.5456265723947846
1578 1579 0.5114287260074506
1579 1580 -0.29803115123542545
1580 1581 0.1371869926260585
1581 1582 0.812913570613127
1582 1583 0.32126040560857905
1583 1584 0.6493725012415299
1584 1585 0.7911744428776584
1585 1586 0.41522559409161186
1586 1587 0.8669614723790813
1587 1588 -0.5172399017768807
1588 1589 -0.8435333525876507
1589 1590 0.13174762074890678
1590 1591 -0.5675835069820625
1591 1592 0.8372940566449074
1592 1593 -0.7256533730039048
1593 1594 0.32496340846294713
1594 1595 0.7012392066528288
1595 1596 0.3240911180744861
1596 1597 -0.9589092634190477
1597 1598 -0.8416413943237844
1598 1599 -0.792791919162928
1599 1600 -0.043644510982747686
