1 2 0.30074848347918337
1 41 0.010906747469685785
2 3 0.046484226850247
2 42 0.7883486254709491
3 4 0.48222237088168374
3 43 -0.21494907584984557
4 5 0.8984184826120731
4 44 -0.5519841131987178
5 6 0.29295703672861806
5 45 0.7128056319537672
6 7 0.5161697958382461
6 46 0.6854297089230983
7 8 0.4855748479974995
7 47 -0.030085652132850305
8 9 0.14289785275721134
8 48 0.19108861169332547
9 10 -0.14930809084630692
9 49 0.9475475675455898
10 11 -0.12859342857544864
10 50 -0.5646208535803336
11 12 -0.39596521022437337
11 51 -0.0739577008479182
12 13 -0.8480526616032504
12 52 -0.26787576071272756
13 14 0.8886378491238487
13 53 -0.5169162629511233
14 15 -0.7710039897970569
14 54 0.17493734998724553
15 16 -0.018070529719124817
15 55 0.6939678860618717
16 17 0.026708760612706106
16 56 -0.282124164359437
17 18 0.8036563349326611
17 57 -0.7896142485980822
18 19 0.6409938391123822
18 58 -0.6597631234604169
19 20 0.3014411731712212
19 59 -0.15047385558287796
20 21 0.2571146964853235
20 60 0.03413381895265877
21 22 -0.9313712850893314
21 61 0.2389032320111506
22 23 -0.9190291814166234
22 62 -0.7216757491418355
23 24 -0.395192345858989
23 63 -0.7192802493118085
24 25 -0.23177060677479266
24 64 0.03131513537063313
25 26 0.9313308675769245
25 65 0.5328065121924823
26 27 0.37731067775969684
26 66 0.6950237136154565
27 28 0.21071540797031418
27 67 0.35123986853836175
28 29 -0.1034297163191269
28 68 0.12152652262948749
29 30 0.36620678302321674
29 69 0.6488308282811177
30 31 -0.4966187916830387
30 70 0.3433021954261677
31 32 0.08911854740726555
31 71 0.5573277937875609
32 33 0.05320747622656152
32 72 0.17561584915159423
33 34 -0.31869423734891966
33 73 -0.7025361165306938
34 35 0.6800232888733082
34 74 0.7926093675201848
35 36 0.90380019683339
35 75 -0.6815915551222516
36 37 -0.41854674555417604
36 76 0.43377818593022144
37 38 0.535801980731401
37 77 0.6732814540107244
38 39 -0.23524198680936048
38 78 -0.3229473100723175
39 40 -0.27114421279858036
39 79 0.7105876621560145
40 80 -0.5428313705339005
41 42 0.7572029418431039
41 81 -0.6363195492569311
42 43 0.5888314543408302
42 82 0.2587062678393883
43 44 -0.41100291199604766
43 83 0.2864722063278047
44 45 0.1599736581869302
44 84 -0.8473180222266803
45 46 0.0703632068548612
45 85 -0.9532474492669538
46 47 0.2036375141402429
46 86 -0.5927859071399488
47 48 0.034529694527080546
47 87 -0.7497311508159239
48 49 -0.5302117423837007
48 88 -0.536383602535381
49 50 -0.4932234961399118
49 89 -0.10173913718309402
50 51 0.9662233707562753
50 90 -0.7861645974825802
51 52 -0.7750090862264709
51 91 -0.9634989501225637
52 53 -0.07134392374172038
52 92 -0.010545598393003397
53 54 -0.13633208915113348
53 93 -0.3900648869927448
54 55 -0.28445601415316446
54 94 -0.505209896890036
55 56 0.29385859767137035
55 95 0.1321322573263688
56 57 0.1813301614226419
56 96 -0.7680053784362386
57 58 0.7707346047937698
57 97 0.12368819843975509
58 59 0.5730865213773821
58 98 -0.2795492920071858
59 60 -0.45273900895403907
59 99 0.7646820650760482
60 61 -0.26129722559012003
60 100 0.3751568936162717
61 62 -0.90652062660405
61 101 -0.9610386735676304
62 63 -0.7643672686315637
62 102 -0.500332639904312
63 64 0.08065760652995912
63 103 -0.45610297523639853
64 65 -0.07293899362221534
64 104 -0.6525571820279008
65 66 -0.22702052063463696
65 105 -0.5992201751857889
66 67 -0.8522719176857305
66 106 0.31587755510273197
67 68 0.871321183089639
67 107 0.7424657367001588
68 69 0.7434969212172085
68 108 0.18440873272552505
69 70 -0.26424273471114645
69 109 0.8915014817898657
70 71 -0.07087663810918299
70 110 0.8482849067442739
71 72 -0.9336763413775064
71 111 0.47663564274501535
72 73 0.2721278399224538
72 112 0.296185168184236
73 74 0.23222568112928244
73 113 -0.08503271183110539
74 75 -0.9178838531221569
74 114 0.06000684571289838
75 76 0.22465040186091945
75 115 -0.9037431445591719
76 77 -0.4096305619028062
76 116 0.33925669194049024
77 78 -0.5573605511935935
77 117 -0.3773419459793441
78 79 -0.11761558956282547
78 118 -0.7492245340765129
79 80 0.4340588897614286
79 119 -0.21793751460758837
80 120 -0.5312971496879224
81 82 0.7044661373491943
81 121 0.5002725722120214
82 83 -0.8657460277015503
82 122 0.574540026255767
83 84 0.8065284718653503
83 123 0.5322372627440171
84 85 0.5706547445671442
84 124 -0.012861143097679717
85 86 0.502882518462364
85 125 -0.3887008182019056
86 87 -0.544130869927067
86 126 -0.8797489696868928
87 88 0.534909179127399
87 127 0.19207640848939023
88 89 -0.34817081091068247
88 128 -0.805194804801421
89 90 -0.22970737601330504
89 129 -0.8298517460579509
90 91 0.3875457326985088
90 130 0.9464669426889265
91 92 0.90821177051715
91 131 -0.17433699420790694
92 93 -0.48485421027445796
92 132 -0.7416042155048745
93 94 0.21400433218713832
93 133 -0.7667226462938197
94 95 0.9676003658423897
94 134 0.35919138378770166
95 96 -0.0011243637435318643
95 135 0.3811156441280754
96 97 -0.6706373546850573
96 136 -0.06178470188600982
97 98 -0.7412169807411781
97 137 0.6376284825117968
98 99 -0.06697251047991859
98 138 0.8988125665681346
99 100 -0.061095120976624395
99 139 0.6659767713535105
100 101 0.03544012100380911
100 140 -0.3896228012414724
101 102 -0.08299927283468023
101 141 -0.9452911893216571
102 103 -0.846956641308364
102 142 -0.9012802294595039
103 104 0.33796542502250637
103 143 0.4738670413680466
104 105 -0.4307557163331197
104 144 0.35234431713385805
105 106 -0.09411529596398105
105 145 0.7576891209325542
106 107 0.0914190129734016
106 146 0.7580513160879241
107 108 -0.16617827921633066
107 147 -0.6748103688117788
108 109 -0.37518823360677844
108 148 -0.7926895480613885
109 110 -0.2925786276545126
109 149 0.34504036049887876
110 111 -0.9183391969250916
110 150 -0.9289628010689208
111 112 -0.5821631814622943
111 151 -0.25898817813333364
112 113 -0.6382093597884597
112 152 0.29338646777191957
113 114 0.7431285385087556
113 153 -0.9428585702546222
114 115 0.019351633603813312
114 154 -0.9354500214158568
115 116 -0.6974217549465171
115 155 0.13235703815436195
116 117 0.11743960144557564
116 156 0.5637275965704265
117 118 -0.584135069145935
117 157 -0.029474037770274464
118 119 -0.18880156611208676
118 158 -0.15972983533493146
119 120 0.9729241548269987
119 159 0.04663155274450026
120 160 -0.20851282045683717
121 122 0.33220333497064525
121 161 0.9757908965519244
122 123 -0.2421479479544857
122 162 -0.058755226559064955
123 124 0.9907656719022526
123 163 0.9648794364952256
124 125 0.08397404097764194
124 164 0.4599406225007814
125 126 0.021328633353877136
125 165 0.6099771667943064
126 127 -0.8779119653428216
126 166 -0.06920555744806567
127 128 0.024238521168874927
127 167 0.9065995410185186
128 129 0.7967269328563653
128 168 -0.42173255482336125
129 130 0.05176654387805879
129 169 0.8695400516240279
130 131 0.03383014551881769
130 170 0.8009841615565025
131 132 0.5121438945523236
131 171 0.20798022776179148
132 133 -0.32480823738854836
132 172 -0.14941681772411353
133 134 -0.5058620765260196
133 173 0.17067528988177716
134 135 0.5878950899626343
134 174 -0.7146518775200774
135 136 -0.7329173104158868
135 175 -0.8187079927906615
136 137 0.4421432948278561
136 176 -0.044947261450846154
137 138 -0.743493704026096
137 177 -0.738277329983601
138 139 -0.9032197646171665
138 178 -0.541370064038889
139 140 0.07052767768495283
139 179 -0.5253965687287294
140 141 0.7347269567584167
140 180 -0.13417635581415022
141 142 0.5160276806891544
141 181 0.36690392160326235
142 143 0.3409052910418935
142 182 0.5525901880839514
143 144 -0.7134219087666283
143 183 -0.9916762483495711
144 145 0.02093870070491821
144 184 -0.710674050448554
145 146 0.31080234949176133
145 185 -0.17896222306488418
146 147 0.47497434021127094
146 186 0.799388618381685
147 148 0.0364711852562829
147 187 0.7720005928138136
148 149 -0.49501672394241414
148 188 -0.7744831955905616
149 150 0.7126278640875752
149 189 -0.11231198213331806
150 151 0.06437118238544803
150 190 -0.28409649801553116
151 152 -0.6407116943036169
151 191 0.3966810127968672
152 153 -0.23759825581052252
152 192 -0.4965606328027705
153 154 -0.18431312612526285
153 193 0.6725386069615442
154 155 -0.12786616154190522
154 194 0.3848038679946193
155 156 0.8493556197440773
155 195 -0.10915012184221795
156 157 -0.8212409160541352
156 196 0.8009703835762392
157 158 -0.6196152908756518
157 197 0.40607426519413337
158 159 -0.3562642878139539
158 198 0.23935996396173853
159 160 0.6513689958182425
159 199 -0.6918423929721502
160 200 0.7632520979886985
161 162 -0.48606315479233975
161 201 -0.9433881494550038
162 163 -0.8417986542164069
162 202 -0.6931670916778285
163 164 0.7501894546171395
163 203 0.8910725180835735
164 165 -0.9597135856781471
164 204 0.9132845009254233
165 166 -0.06239212207510869
165 205 0.8523991057393212
166 167 0.18688661492028324
166 206 -0.9215017768795442
167 168 -0.5212059707292538
167 207 -0.4022102483040535
168 169 0.37542673247773894
168 208 0.8268459032566124
169 170 -0.22257697376055452
169 209 0.11108078000408939
170 171 0.03727339415232023
170 210 -0.2569981636340979
171 172 -0.8652742362641277
171 211 -0.07574905212510119
172 173 0.5702322359865368
172 212 0.01855422921009109
173 174 -0.8718711370718621
173 213 -0.10750875491011147
174 175 0.3230371185436547
174 214 -0.21754333911190327
175 176 -0.48206857665791714
175 215 0.7017248223017085
176 177 0.03086344093546045
176 216 -0.4109817764982464
177 178 -0.7461598049606899
177 217 -0.5467886275316236
178 179 0.5004275128568001
178 218 0.17825344571994628
179 180 -0.8755745582089725
179 219 -0.2597302571976079
180 181 -0.2291604583691118
180 220 -0.4056885899914284
181 182 -0.9425926225936374
181 221 -0.40447843728038224
182 183 0.5212438715553647
182 222 0.3759527054449523
183 184 0.519882498373075
183 223 0.023427427731240957
184 185 0.8856620124857122
184 224 -0.00492822863601039
185 186 -0.5926289167745047
185 225 0.7097266147086758
186 187 -0.10940906921968008
186 226 -0.304649737842257
187 188 -0.06544080631434745
187 227 -0.20439996092996804
188 189 0.49153911702456354
188 228 0.9545670933555952
189 190 -0.2680882307709309
189 229 -0.521171701208625
190 191 -0.5741205083529439
190 230 -0.9563391658634666
191 192 -0.8565813762674985
191 231 -0.11118561875036925
192 193 0.5077763936183981
192 232 -0.3370143038403173
193 194 0.1695309567285217
193 233 0.6919372597946061
194 195 0.041739362281671744
194 234 -0.9258171920609282
195 196 0.3056836237995919
195 235 0.2804337549323981
196 197 -0.6238171291375763
196 236 -0.061055437948037694
197 198 -0.40569016664967483
197 237 -0.24185877935796785
198 199 -0.4865850489313328
198 238 -0.9849681994776183
199 200 -0.9249763642650324
199 239 0.8295844965520061
200 240 0.8940404842164242
201 202 0.27143823092200337
201 241 0.6946247749732524
202 203 -0.2456316177429707
202 242 -0.2974931536419816
203 204 0.41195372550251075
203 243 0.7068691989499227
204 205 0.3332472196810814
204 244 -0.8213631342863068
205 206 -0.6467671641502057
205 245 -0.5955626485915939
206 207 -0.5330431056600957
206 246 -0.6979949957910743
207 208 0.9049467541276957
207 247 0.684523898851602
208 209 -0.9029767710703125
208 248 -0.7817433268521798
209 210 -0.20413349447759987
209 249 -0.42488204127588935
210 211 -0.6561514890126272
210 250 0.9417818015341344
211 212 -0.7365839820393578
211 251 0.24362102999015844
212 213 0.008997943013236087
212 252 0.3833514690238371
213 214 0.6438059212329514
213 253 -0.9258417131129333
214 215 0.3363603062141536
214 254 0.7255650297130098
215 216 0.35719698772120134
215 255 -0.4966083850256806
216 217 0.9934996453164107
216 256 -0.5483339075387796
217 218 0.0848444067539047
217 257 -0.32350248982550345
218 219 -0.5991068350314832
218 258 -0.9139348453536993
219 220 0.32378470991073316
219 259 0.013731686415114908
220 221 0.017029092798539036
220 260 0.6262339000613333
221 222 -0.01929318996628515
221 261 0.2324270391364356
222 223 0.9893557532215473
222 262 0.4022799575798708
223 224 0.5260388700745733
223 263 0.9589713646410545
224 225 0.11982728029197354
224 264 0.9684639647547126
225 226 -0.056242242730909275
225 265 0.5899394630230095
226 227 -0.9410328262755303
226 266 0.5137755857177495
227 228 0.7502835387674616
227 267 -0.22453523467525205
228 229 0.41755413455923174
228 268 -0.461738111732102
229 230 0.8304399979872945
229 269 0.3722114323543104
230 231 -0.5350907806760263
230 270 0.27466316872170204
231 232 0.7124918167349796
231 271 -0.37323431955883035
232 233 0.7500446342368208
232 272 0.7444012585710769
233 234 0.5596246957192317
233 273 0.5248159143825539
234 235 -0.7532713715016506
234 274 -0.7713657097221147
235 236 -0.7250076387817097
235 275 -0.717525634808891
236 237 -0.8570169958888496
236 276 -0.8640043486937317
237 238 0.6358788536687123
237 277 -0.08208220049367765
238 239 -0.8892729832343271
238 278 -0.00835183343864232
239 240 0.24537940210579245
239 279 0.4890896895842818
240 280 0.919702804461352
241 242 0.47234925023202146
241 281 -0.9583857761530192
242 243 -0.9049898098745572
242 282 -0.5253496273586136
243 244 -0.3310269921392901
243 283 0.032332943114089074
244 245 0.3478326098144524
244 284 0.5253143554771125
245 246 -0.645097900862722
245 285 -0.9352056729303093
246 247 0.5998037029275978
246 286 -0.823322718677965
247 248 0.5599333602420238
247 287 -0.8705446106554224
248 249 0.5959561251888714
248 288 0.404255321859327
249 250 -0.061630338693721365
249 289 -0.558918070253257
250 251 -0.04967657562274197
250 290 -0.7711245666754798
251 252 0.09096696563106144
251 291 0.0707515281350235
252 253 0.13741429333930744
252 292 0.5852205555490491
253 254 -0.16911775871964085
253 293 -0.6368145069576527
254 255 -0.6711689796703881
254 294 0.8574761204349413
255 256 0.6365745791134876
255 295 0.38840640759805845
256 257 0.126752795957352
256 296 0.6204422059360486
257 258 -0.31066992290536866
257 297 -0.4513042229075577
258 259 -0.1869606451107082
258 298 -0.8497574710205984
259 260 0.04822965063733187
259 299 -0.9147994750854462
260 261 -0.034273511179867544
260 300 -0.06491097389704437
261 262 -0.06986529550917941
261 301 -0.28391972334063476
262 263 5.505802327232523e-05
262 302 0.28253649896975497
263 264 0.8323687242312212
263 303 -0.3588198413956245
264 265 0.2597409020164061
264 304 0.010139207000690487
265 266 -0.1750807002526409
265 305 -0.7631486652333221
266 267 0.32146653768602995
266 306 0.758633781232795
267 268 -0.1571318692147805
267 307 -0.7689080693772745
268 269 -0.10280168997681982
268 308 0.178876271099359
269 270 0.11527719945242487
269 309 -0.6651810281273611
270 271 0.23761538126207382
270 310 0.419841233737696
271 272 -0.13082391892953438
271 311 0.16761652807569694
272 273 -0.6585134414214562
272 312 -0.3644468628034636
273 274 -0.37725115426869493
273 313 0.031058640921671987
274 275 -0.3352487969707558
274 314 -0.697623321828629
275 276 -0.44686077385475254
275 315 -0.4965111376030922
276 277 0.7114166869380802
276 316 0.10185800035482417
277 278 0.44579631822149457
277 317 0.7445869468520987
278 279 -0.014530562187694551
278 318 0.4228017091178835
279 280 0.4623838790624766
279 319 0.6721310670775511
280 320 0.20724796656113598
281 282 -0.7767937386699344
281 321 -0.4045525162882804
282 283 -0.6071101059563613
282 322 -0.22709871083615485
283 284 -0.23725959815013198
283 323 0.7413306856565345
284 285 0.45139226526759924
284 324 -0.6025021760060754
285 286 -0.2913108086031504
285 325 -0.4833431246808395
286 287 -0.8700486434997858
286 326 -0.797999270869086
287 288 0.09992746123236729
287 327 -0.852322734086659
288 289 -0.4611481719153445
288 328 0.7293128588382063
289 290 0.06152825149040142
289 329 0.47290357052478327
290 291 -0.1849914513928006
290 330 0.6503488180058565
291 292 -0.4689467477425606
291 331 -0.7387406067379851
292 293 0.17578607692010673
292 332 0.17328358251231912
293 294 0.5899391328368893
293 333 -0.782883459907677
294 295 0.25037532354905156
294 334 -0.45258887567781336
295 296 -0.21450764776197162
295 335 -0.6469779156289204
296 297 -0.26652185861786437
296 336 -0.20248319896058287
297 298 -0.5752859607320011
297 337 0.5673716240382076
298 299 0.9331970386474815
298 338 -0.30654830966050395
299 300 0.928868210215313
299 339 0.5170706335511999
300 301 0.5736193161089707
300 340 -0.8843731888474211
301 302 0.5430595562607969
301 341 0.3650743081026915
302 303 0.738529121390241
302 342 0.9562822003170051
303 304 0.879492924204601
303 343 -0.9166555938499192
304 305 0.27765295699211046
304 344 -0.7238356755213649
305 306 -0.747518268658071
305 345 0.80266398124949
306 307 0.6497495986882253
306 346 0.35263080726215135
307 308 0.8481708849507856
307 347 -0.3678557545999821
308 309 0.6597551898165943
308 348 0.6272546501837037
309 310 0.6070461710074715
309 349 -0.7863808971395345
310 311 0.13927775056438718
310 350 0.7559768121742123
311 312 -0.3002950642867852
311 351 -0.6300177418289636
312 313 0.6775298920655715
312 352 -0.6861559335847189
313 314 -0.6207848256681796
313 353 -0.40024451456591414
314 315 0.31245477851111003
314 354 0.1321049351380308
315 316 -0.7112066645777484
315 355 -0.9299156869065024
316 317 -0.5917774279170538
316 356 -0.9866776885460491
317 318 0.4044103207017482
317 357 0.03953148425348352
318 319 -0.2084621473729349
318 358 -0.3563301644426069
319 320 -0.4576847393757544
319 359 -0.7861560329131856
320 360 -0.002696478896415
321 322 0.37394038267968743
321 361 0.7232521120032924
322 323 0.6675815996839058
322 362 0.5498925598008377
323 324 -0.4342276709300448
323 363 0.9979278364338806
324 325 0.3598759667296061
324 364 0.832196545259174
325 326 0.5246546780609065
325 365 -0.9828651245043944
326 327 0.02861499342968199
326 366 -0.9263998091508803
327 328 0.5687797553622007
327 367 0.24813533868281912
328 329 0.111471551294547
328 368 0.5150492720414683
329 330 0.9603785619079455
329 369 0.15331746583159434
330 331 -0.10502540982424313
330 370 0.775617404132517
331 332 0.7348041710384754
331 371 0.6858438146911456
332 333 0.05898873979626362
332 372 0.38506585983617825
333 334 0.4633664882165882
333 373 -0.9944863759220068
334 335 -0.29859827613173606
334 374 -0.24938054316608094
335 336 -0.37206094719753824
335 375 0.17030358223274722
336 337 0.505954865051865
336 376 -0.4760329996002002
337 338 -0.1048981720503126
337 377 0.8686201697925506
338 339 -0.6276167452108141
338 378 -0.6977356378940953
339 340 0.862968423545108
339 379 -0.9203084843667524
340 341 0.9191731015601476
340 380 -0.25324221969428673
341 342 -0.8844427797042409
341 381 0.2823951133896112
342 343 -0.7891564358460006
342 382 0.1832826567630006
343 344 0.32751800014246024
343 383 -0.7017160727812755
344 345 -0.31595244310087245
344 384 0.16365705050403734
345 346 0.5232120249636512
345 385 0.007961624938829681
346 347 -0.3222820095861174
346 386 0.3501556590378436
347 348 0.8991101146658731
347 387 -0.21005075500623094
348 349 0.06706507063151368
348 388 0.7367087727859494
349 350 0.331322747432663
349 389 -0.3658906780027602
350 351 0.17934173832378586
350 390 -0.5827225372267146
351 352 0.5200120768415839
351 391 0.07054299160779576
352 353 -0.681681786919432
352 392 -0.15203681464504926
353 354 0.7273255107584475
353 393 -0.31467643621997077
354 355 -0.4250210088950894
354 394 -0.9646941717395348
355 356 0.21268714739484218
355 395 -0.48689622646584585
356 357 0.03228628493185437
356 396 -0.4990617216260649
357 358 -0.5367128073271372
357 397 0.10433320981271721
358 359 -0.6418849710609573
358 398 0.03658924910243977
359 360 0.752169793911923
359 399 0.2583747883095122
360 400 -0.5223982952841715
361 362 -0.6027312816324382
361 401 0.3143780612208451
362 363 0.6070684727193645
362 402 -0.6170344236008138
363 364 0.35059420390674956
363 403 0.8759378514148588
364 365 0.6731426391959183
364 404 0.1300385114149436
365 366 0.18193011436109896
365 405 0.2037878589804316
366 367 0.888174167391623
366 406 0.9858434706389949
367 368 -0.4879442299396033
367 407 0.873912217221605
368 369 -0.967921742714499
368 408 -0.8416388906559331
369 370 0.8708840055538525
369 409 -0.1426906621935038
370 371 -0.5876467170841639
370 410 0.4877059646296018
371 372 -0.5074641765194212
371 411 0.8653155610700829
372 373 0.6979130805288261
372 412 -0.03441016631676819
373 374 0.292137471739188
373 413 -0.04709080979129032
374 375 0.18699769116250664
374 414 -0.03581786583187774
375 376 -0.1480241671175926
375 415 0.2823903150531948
376 377 0.0026039174531728992
376 416 -0.4498141159470923
377 378 -0.7698867904425537
377 417 0.22564027093507266
378 379 -0.5803913170617627
378 418 -0.7094624575780812
379 380 0.12057800788472894
379 419 0.5824596808224163
380 381 0.5481032941029904
380 420 0.6758134515530461
381 382 0.6002554739581927
381 421 -0.32147871823604346
382 383 0.5629357277706035
382 422 -0.8481094627826451
383 384 0.09586055211215538
383 423 0.7035357736455878
384 385 -0.21470585863728542
384 424 0.3896700785538203
385 386 -0.9085185369735229
385 425 0.1898554038621274
386 387 -0.38782919501008184
386 426 0.9802682834039516
387 388 -0.26263821923588515
387 427 -0.3152001045939379
388 389 0.09358711152940291
388 428 0.8838390335584856
389 390 0.8266406993066571
389 429 0.8063408357710273
390 391 -0.6272512684471103
390 430 -0.23391822975846766
391 392 0.13812899694196368
391 431 0.889505792808025
392 393 0.977235566445066
392 432 0.6293763954147551
393 394 -0.23364365670766052
393 433 0.8247301204894018
394 395 0.09775074037916553
394 434 -0.2877503240129724
395 396 -0.32774970226634115
395 435 -0.9238666525127979
396 397 0.881918036665978
396 436 0.17829837044447916
397 398 -0.641438711322565
397 437 0.9261449444746768
398 399 -0.9321111610860089
398 438 0.05240900303234963
399 400 -0.4923086794457552
399 439 0.2772484335819194
400 440 0.021792846345710437
401 402 0.3993112579841902
401 441 -0.2952150624843075
402 403 0.3174551567371564
402 442 0.0729301829896647
403 404 0.400669088280609
403 443 0.1260898471847265
404 405 -0.36886861608807187
404 444 -0.3503414352526366
405 406 -0.8705411907285534
405 445 0.40940796213068964
406 407 -0.6910730130902372
406 446 -0.8833715331419163
407 408 -0.2732826458383586
407 447 -0.4034693520806951
408 409 0.36292890430605995
408 448 -0.8378995037963133
409 410 0.47685931288235484
409 449 0.6535065993796407
410 411 0.595364535162237
410 450 -0.9254680764611232
411 412 0.06106168776616694
411 451 0.07394464539339274
412 413 0.42422283573734765
412 452 -0.7219058413769124
413 414 -0.32450824248330035
413 453 -0.7243509209796897
414 415 -0.8902133132919374
414 454 -0.6356881512718882
415 416 -0.6180215567928031
415 455 0.8245306330787934
416 417 -0.09969911035373014
416 456 -0.7772105615304583
417 418 0.010452367201988944
417 457 0.5377711469200308
418 419 -0.3053915362220476
418 458 -0.9430206416230467
419 420 -0.5861287054178028
419 459 -0.030676127564724487
420 421 -0.8969553365649616
420 460 0.010534564605335861
421 422 0.23577515086385814
421 461 0.2677407653332555
422 423 0.8081790574872776
422 462 -0.6529789257291252
423 424 0.93077898063242
423 463 0.5126616552118137
424 425 -0.174506030529624
424 464 0.821751648549655
425 426 -0.7673690842928667
425 465 -0.27536984032299205
426 427 -0.47764997785421026
426 466 0.06683420883057267
427 428 -0.9489663891728641
427 467 0.6806566031424006
428 429 0.43173325854999955
428 468 0.5730047816685826
429 430 -0.7942926092172449
429 469 0.40684632471303583
430 431 -0.1835525870500787
430 470 -0.04333816825264947
431 432 -0.19259533547398267
431 471 0.5083998543252743
432 433 0.27877845172474425
432 472 -0.9970742550477443
433 434 0.4020917345864947
433 473 -0.8670805901358336
434 435 0.42494478519211776
434 474 0.733048632557979
435 436 0.17399332026217595
435 475 0.3441754857273054
436 437 -0.8373613929382933
436 476 0.6753375277826263
437 438 0.7220318212985481
437 477 -0.8432736142933039
438 439 -0.040119042991295206
438 478 -0.10516032256713492
439 440 0.19914129733445973
439 479 0.3673925568668852
440 480 -0.6874023434816625
441 442 0.5799210956506131
441 481 0.6280958762340969
442 443 -0.04794704966765728
442 482 0.29478100295700016
443 444 0.23817550747595329
443 483 -0.918099825114236
444 445 0.4206879931096854
444 484 0.6533457869488388
445 446 0.1347879759342534
445 485 0.9746061100124734
446 447 -0.012426760980678297
446 486 0.6809776719036698
447 448 -0.96996731260412
447 487 0.1858785803537013
448 449 0.6004717481295463
448 488 -0.8785483825961897
449 450 0.3939260514702587
449 489 0.16442112899716377
450 451 -0.1276381482170308
450 490 -0.11294755029791004
451 452 0.005000244285118471
451 491 -0.5990474093876208
452 453 0.8988780702158861
452 492 -0.28671107663376594
453 454 -0.5620908834125748
453 493 0.8108856897671823
454 455 0.5823933709977871
454 494 0.7258420009130833
455 456 0.7751284574958401
455 495 0.18154452206029803
456 457 -0.7949302310673061
456 496 -0.7283055946899477
457 458 0.6635358830592313
457 497 0.8701841841294502
458 459 -0.6145724950203177
458 498 -0.9020872004981342
459 460 -0.40176224806062333
459 499 -0.9272497889794096
460 461 0.3868831105016073
460 500 0.3524485212908792
461 462 0.30907497397853456
461 501 0.7336177296081634
462 463 -0.5644915016711709
462 502 -0.9833426708034394
463 464 0.04140706905377445
463 503 -0.8829049369249948
464 465 -0.10737608682989497
464 504 0.5534532341756908
465 466 -0.6302486602574
465 505 0.3509906054177363
466 467 -0.7172645737222938
466 506 -0.47479397188981687
467 468 0.8095743246624456
467 507 -0.9409767337553459
468 469 0.05559874024930567
468 508 0.7179123123762983
469 470 0.7500017550158478
469 509 0.025160565481721298
470 471 -0.6119717198421384
470 510 -0.38796043287932824
471 472 -0.6449380852987807
471 511 0.9878785134230306
472 473 -0.7477505337601196
472 512 -0.779658217093437
473 474 -0.8199182207666871
473 513 -0.6434004225349335
474 475 -0.21877815693979774
474 514 -0.7647164268374194
475 476 -0.19009581339025972
475 515 0.013140404892488577
476 477 -0.44358798018551937
476 516 -0.9868944744935131
477 478 0.23407302140428343
477 517 0.4225065183638199
478 479 0.8381097574148271
478 518 0.7687903952615864
479 480 -0.13153108347752696
479 519 -0.8967249222368914
480 520 0.193117424477377
481 482 -0.6051574309957339
481 521 0.8989105883919648
482 483 -0.023463559521856636
482 522 0.07869019817219303
483 484 0.5952121777447197
483 523 0.07468924040108593
484 485 -0.6976988318617998
484 524 -0.4359084353122169
485 486 -0.09304323032828266
485 525 -0.09347257618547622
486 487 -0.5705392952807391
486 526 -0.806727032908175
487 488 0.37278703033308025
487 527 -0.19923836882605106
488 489 -0.10302908809634226
488 528 -0.6351596992879665
489 490 -0.746544507318901
489 529 -0.7891697576662509
490 491 0.1735652971389936
490 530 -0.24777735779026822
491 492 0.9731834583684886
491 531 0.6912756460360892
492 493 0.4516585786664331
492 532 0.9354618889891844
493 494 -0.0501454494755309
493 533 -0.6247726942539074
494 495 0.16266843970814882
494 534 0.46490068829854825
495 496 -0.5542159144854379
495 535 0.38479457006864215
496 497 -0.19855456572113628
496 536 0.384827955726996
497 498 -0.5509334663012655
497 537 0.8696042004680169
498 499 0.48593832952552907
498 538 0.5256954889906866
499 500 0.6576351512897654
499 539 0.16948279365787733
500 501 -0.6679819214632141
500 540 -0.9290147300189782
501 502 0.11242847305307313
501 541 0.1321351503550079
502 503 -0.6722512267595804
502 542 -0.6212361027073918
503 504 -0.8045429033752918
503 543 -0.6421781106799072
504 505 0.9254675436646937
504 544 -0.9135098524773966
505 506 -0.3583979777378621
505 545 0.9200383795457552
506 507 0.8478591430030862
506 546 -0.39803196825399323
507 508 0.1333882736136538
507 547 -0.03215421499162652
508 509 -0.7080588388701323
508 548 -0.9784465968014207
509 510 0.48656362256974095
509 549 -0.8933866073579471
510 511 -0.5271112125009938
510 550 -0.25889806816687777
511 512 0.5663051874060461
511 551 0.2503970393841497
512 513 -0.8468367291694199
512 552 0.9521760540872242
513 514 0.7482986973055721
513 553 0.24432775495167336
514 515 0.763729342022738
514 554 0.3870056722544337
515 516 -0.1320597109157191
515 555 -0.8508312096164672
516 517 -0.1462053933253189
516 556 0.5146033268249735
517 518 -0.8192141315657113
517 557 -0.3144174707582359
518 519 0.7960980751459761
518 558 -0.41539374822246034
519 520 -0.6466095513102323
519 559 0.929835343384759
520 560 0.34049806869695787
521 522 -0.046799228029125395
521 561 0.33320069596312796
522 523 0.8382256799202958
522 562 -0.08888741137876965
523 524 -0.3677368591931143
523 563 0.23241592522013943
524 525 0.3314347373729152
524 564 -0.27783040941142234
525 526 -0.9261514767996426
525 565 -0.9323427118884271
526 527 -0.35623979419674545
526 566 0.6308726607744599
527 528 -0.9592734685900692
527 567 -0.13030932471317125
528 529 -0.9731604347447615
528 568 -0.2468271752625535
529 530 0.6078102615214358
529 569 -0.6953394693141395
530 531 -0.29688612568346606
530 570 0.6467679126814374
531 532 -0.1763516832209402
531 571 -0.4624017276516892
532 533 -0.8898926954292368
532 572 -0.12805694272899393
533 534 0.32730056358672455
533 573 -0.9714496194492606
534 535 -0.08778727587908253
534 574 -0.7781751657269596
535 536 0.2793392260103944
535 575 0.8947971451779
536 537 0.03685705217025159
536 576 -0.07596403447096867
537 538 0.9453235768092765
537 577 0.39432638061833925
538 539 0.49353256861868644
538 578 0.5093822903001579
539 540 -0.09051947021121443
539 579 0.32682140890821043
540 541 -0.17703826105103704
540 580 -0.9433626302028697
541 542 -0.8899783737042986
541 581 0.5802615013057615
542 543 0.7603733576469363
542 582 0.7571979537247489
543 544 0.7896568458732132
543 583 0.9478097138538841
544 545 -0.008815425564547175
544 584 0.7738762858499977
545 546 0.22844183146065689
545 585 0.05025584104243297
546 547 -0.8739694254420072
546 586 0.07375521722699352
547 548 -0.27324624102544837
547 587 0.790784024147257
548 549 -0.6381287869007457
548 588 0.9917945313284833
549 550 -0.7037945377369923
549 589 0.16547445576591802
550 551 -0.38877271939687086
550 590 -0.5824615129685036
551 552 -0.8571005227722084
551 591 0.9444381823173158
552 553 0.538228504848407
552 592 0.14040512228587887
553 554 0.7973264582789443
553 593 -0.05742749659709889
554 555 -0.2775556648961157
554 594 0.3778358130125099
555 556 0.1402800590296447
555 595 0.950338362246913
556 557 -0.37749542941339254
556 596 -0.783284142427288
557 558 -0.41200855375616263
557 597 -0.8981961178484785
558 559 0.19053828034989984
558 598 0.616465915963234
559 560 0.7115928070785833
559 599 -0.9364631270989776
560 600 -0.6627897793938118
561 562 -0.5773759254971995
561 601 0.6150526476989571
562 563 0.27348494478577123
562 602 0.20671932784404956
563 564 0.9939143591352506
563 603 -0.22885433298490176
564 565 -0.41797933833640655
564 604 0.7506417494723585
565 566 -0.07122230827747988
565 605 0.6967293868588744
566 567 -0.28017214214075037
566 606 -0.30743693071141753
567 568 0.3653797948127331
567 607 0.0021345859802237577
568 569 0.5810208706987685
568 608 -0.18201259473316656
569 570 0.6113106053017228
569 609 -0.13826864638067748
570 571 -0.8310515094362798
570 610 -0.908548673981715
571 572 0.8611547434979197
571 611 0.062158634664980505
572 573 -0.3892791374584852
572 612 0.46621667247158394
573 574 0.34186216380015355
573 613 0.09245648466806733
574 575 -0.22442481695841487
574 614 0.9961349381210567
575 576 0.08763420256666232
575 615 0.9930906899879883
576 577 0.9656972946952447
576 616 0.3235992984028655
577 578 0.8248227115265097
577 617 -0.2450322823024358
578 579 0.8576920237638435
578 618 0.545799877098607
579 580 0.8687434747290144
579 619 -0.5789184243653338
580 581 0.07180865973930617
580 620 -0.6197199786630552
581 582 -0.8516306810987884
581 621 0.22128420861932008
582 583 0.49422165873268464
582 622 -0.41197435137534866
583 584 -0.35896914005068403
583 623 -0.11799002106825829
584 585 -0.8748901809884997
584 624 0.41647419272579667
585 586 0.2944339913986178
585 625 -0.4104816477314892
586 587 -0.07928985201893779
586 626 -0.6623310732860404
587 588 -0.7332317113923472
587 627 0.8485827408256839
588 589 0.34892929539523365
588 628 -0.8698108951275143
589 590 0.7582839453114913
589 629 -0.6974546693208732
590 591 -0.10975007966734096
590 630 0.5816644044185995
591 592 -0.6471333636272942
591 631 -0.48377810162636137
592 593 -0.005142541106035514
592 632 -0.3581962749477958
593 594 -0.05249269821392799
593 633 -0.34389340348275854
594 595 0.6997480818017281
594 634 -0.4198468830190407
595 596 -0.7323934596284676
595 635 0.41270563245516545
596 597 -0.8373669522124172
596 636 0.07062121935612353
597 598 -0.8626336283664255
597 637 -0.06742474258295172
598 599 -0.4033166071495973
598 638 0.16566210066282783
599 600 -0.9346156685820695
599 639 0.3154397190465761
600 640 0.7043683157600813
601 602 -0.360627758885135
601 641 -0.4121280505964231
602 603 -0.487293491509704
602 642 0.5183573278739522
603 604 -0.10724571341815659
603 643 -0.7463436931307821
604 605 0.05324715369894473
604 644 0.37861593940812543
605 606 0.17345595052929808
605 645 -0.5061421670716766
606 607 0.5842515028032325
606 646 0.2567705885967986
607 608 -0.16613146105746113
607 647 0.722513864913795
608 609 0.24864028400064409
608 648 -0.6960076185366852
609 610 -0.2141594104680813
609 649 -0.45427949941988177
610 611 -0.5020851784968152
610 650 -0.7394124422312707
611 612 0.6705695523230477
611 651 0.1422220980761817
612 613 -0.33247393569411354
612 652 -0.8246967006816579
613 614 0.07286425403250374
613 653 -0.6923744754713732
614 615 0.17428688861988073
614 654 -0.5147373982118855
615 616 -0.11945076426035905
615 655 0.10878763338349273
616 617 -0.2701481206747376
616 656 0.42439600897841223
617 618 0.4513823649035149
617 657 0.27122541966391034
618 619 -0.25133573062956494
618 658 -0.902565272208105
619 620 -0.8027257289520835
619 659 -0.9737978512434255
620 621 0.7488276021312854
620 660 -0.5537979513526792
621 622 -0.8085851044829617
621 661 -0.8538959952478706
622 623 0.11602349918351318
622 662 0.5909039048110183
623 624 -0.15069440485990815
623 663 0.3656054265571653
624 625 0.9500178793338536
624 664 0.4941137769639816
625 626 -0.12714928041249451
625 665 -0.704536579054005
626 627 0.9261782372757057
626 666 0.10135633303515257
627 628 -0.5314808286141253
627 667 -0.46077475773082677
628 629 0.7784116607231426
628 668 -0.1889232635412068
629 630 -0.7249986968514106
629 669 -0.7214585971909393
630 631 -0.9373598802643399
630 670 -0.8109982029749931
631 632 0.3071473517148213
631 671 0.16449347032212347
632 633 -0.39456359515302863
632 672 -0.45798881683194104
633 634 0.05395355719174022
633 673 -0.250030781964234
634 635 0.22172042326538932
634 674 -0.7864358740259312
635 636 0.8766689790178326
635 675 0.6262983118981582
636 637 0.729421569596189
636 676 -0.032203705735057486
637 638 -0.28135167911732517
637 677 -0.8056518283399738
638 639 0.7078452480854014
638 678 -0.22029935207641627
639 640 0.09965098938683314
639 679 0.5823145373053051
640 680 0.5178941697263835
641 642 -0.39616364469950893
641 681 0.655778803623501
642 643 0.08217007918772912
642 682 -0.4171140003413907
643 644 -0.23377553481181046
643 683 0.8288808615912919
644 645 0.685127682493851
644 684 -0.507391061282038
645 646 0.9157628230193589
645 685 0.8663748885316127
646 647 -0.08914378519373667
646 686 -0.4577646338763408
647 648 0.6193080402548015
647 687 -0.13963713804774014
648 649 0.5287900179930418
648 688 -0.8488860500159576
649 650 0.16626031403740438
649 689 -0.4766102915575121
650 651 0.9970284173319375
650 690 -0.10844078823502223
651 652 0.1537143189822645
651 691 0.3871579362136299
652 653 0.371365718202074
652 692 -0.8309503615320029
653 654 0.9115374291070073
653 693 -0.8990198194840318
654 655 -0.5234611990115694
654 694 0.7371211313348942
655 656 -0.6845243820175324
655 695 0.2546244752220339
656 657 -0.7677522825230123
656 696 0.1794695781021476
657 658 -0.8232973859373733
657 697 -0.2753776326819939
658 659 0.3033416652070251
658 698 -0.1769265299461693
659 660 -0.8814258492356628
659 699 0.8305695599023424
660 661 -0.5009570939318158
660 700 0.03774714462617612
661 662 0.9462333677645767
661 701 0.9572813231086732
662 663 0.5473979393854529
662 702 0.3139331928301543
663 664 -0.6051527436570212
663 703 -0.41181906116126643
664 665 -0.6914955895693111
664 704 0.7821842631742768
665 666 -0.4273215905242871
665 705 -0.7572695825103131
666 667 0.763954632626588
666 706 -0.6649303383155565
667 668 -0.2977124644412301
667 707 -0.7935221021117149
668 669 -0.38095470580415514
668 708 0.3942398954402928
669 670 -0.7746533091434422
669 709 0.593395358526146
670 671 0.11677813834132844
670 710 0.9340948052181726
671 672 -0.742210867316752
671 711 -0.7361915254666049
672 673 0.5281160229511326
672 712 -0.5349801284222993
673 674 -0.7846372365280117
673 713 0.2850897622960542
674 675 -0.3410700024821445
674 714 -0.01760261208123204
675 676 0.1699341921919455
675 715 -0.08629505985092045
676 677 0.9037721669215453
676 716 0.0795637070807067
677 678 0.6641905928382561
677 717 0.6906569585915727
678 679 0.34142201783248805
678 718 0.2338653340056207
679 680 -0.24113741497194052
679 719 0.9911552676728097
680 720 -0.131269300015042
681 682 0.10506737770442509
681 721 -0.6166451901346817
682 683 0.7341864636227586
682 722 -0.9767017351642879
683 684 -0.3574444288094474
683 723 -0.027035738894795935
684 685 -0.6414484134321636
684 724 -0.5046469555606126
685 686 -0.10377979357393508
685 725 -0.10231653587643108
686 687 0.5254621963888144
686 726 0.3466550595550604
687 688 0.9369520934083855
687 727 -0.9302970771003278
688 689 0.4904364367549905
688 728 0.4245513577047155
689 690 -0.24167742312432172
689 729 0.6718523172178663
690 691 -0.2543861049936078
690 730 -0.37154989895597557
691 692 0.3293770567990597
691 731 0.0007989557993743901
692 693 0.9623798309411906
692 732 0.8434383792020026
693 694 -0.9451227713268102
693 733 0.11910092092079694
694 695 0.22247072851635585
694 734 0.20912990220977856
695 696 -0.9626460796278484
695 735 0.8838419839747151
696 697 -0.9990211961953761
696 736 0.8139489657210801
697 698 -0.46366009343962156
697 737 0.38219262618142236
698 699 -0.48537575703583213
698 738 0.8106202533569709
699 700 -0.0463859093656247
699 739 -0.516240011054095
700 701 -0.6607270063358015
700 740 -0.6157933793565269
701 702 0.6134340443945412
701 741 -0.5668082878024616
702 703 0.09584382441368189
702 742 0.6809652859916899
703 704 0.38604312788631856
703 743 0.3225850039807485
704 705 0.08217311426029972
704 744 -0.7971401512093379
705 706 -0.8865704454338641
705 745 0.8113446422980797
706 707 0.37704894837120073
706 746 -0.5380153461771846
707 708 0.19125393837359894
707 747 0.09390573856081486
708 709 -0.1971834409683504
708 748 -0.2938079109916396
709 710 0.8321360293654487
709 749 -0.593221831785508
710 711 -0.6713853636718237
710 750 -0.9781904244651392
711 712 0.8704968435923792
711 751 0.2442316881667821
712 713 0.8351065971678364
712 752 -0.7171562273893373
713 714 0.44160818027320903
713 753 -0.30845742951674926
714 715 0.5946989823369175
714 754 0.256469734032456
715 716 -0.14697621420948126
715 755 -0.7238258456303568
716 717 0.9082491160523494
716 756 0.33150430365862094
717 718 0.560266851670649
717 757 0.5877173601933117
718 719 -0.04529627372335221
718 758 -0.7214865228278322
719 720 -0.5171184275391321
719 759 0.24249113607133643
720 760 0.7149583539510702
721 722 0.42851348139328094
721 761 0.2797407144419508
722 723 -0.41362482519084165
722 762 0.977766144278561
723 724 -0.6226660085617566
723 763 -0.42572011145663824
724 725 -0.2684576612918457
724 764 0.7978195646884447
725 726 -0.411876195653337
725 765 -0.9826644260081532
726 727 -0.009262629709404058
726 766 -0.08551147951996585
727 728 0.910334563751217
727 767 -0.8718212971072172
728 729 0.24450732152690247
728 768 0.6316738291262414
729 730 -0.6085693887233392
729 769 -0.6770630682511061
730 731 -0.3285490526286241
730 770 0.11780691938836396
731 732 -0.1467607690929218
731 771 -0.9661460119115701
732 733 0.7679757633533588
732 772 0.9809162930935815
733 734 -0.2768456760317721
733 773 0.8247665242250626
734 735 -0.9476899079102088
734 774 0.25871860105142264
735 736 0.5272733855733487
735 775 0.9639785202274747
736 737 0.046579561216893994
736 776 -0.3637682697313709
737 738 0.10382485763340776
737 777 -0.3203990704245079
738 739 -0.44799104270162804
738 778 -0.4828685735099627
739 740 0.7689651020209567
739 779 0.36400043278853733
740 741 0.9894155274454408
740 780 0.5049006390508006
741 742 -0.24860865120599795
741 781 0.46708552796000524
742 743 0.3883239366312361
742 782 -0.3381511772398127
743 744 -0.1779711666512589
743 783 -0.8924736791706971
744 745 -0.35788518054552676
744 784 0.6725321808572522
745 746 0.09955734175924102
745 785 0.5528947141371632
746 747 -0.8801198615545405
746 786 0.17322530196447405
747 748 -0.08314669869582736
747 787 -0.7072710858534343
748 749 -0.005123813252371878
748 788 0.12181241434011025
749 750 -0.023801944322334512
749 789 0.3919191448038266
750 751 0.4963560261469526
750 790 -0.5020758871906448
751 752 -0.5125810740128618
751 791 0.2814110566187047
752 753 -0.4563444324380872
752 792 -0.4685303273179089
753 754 -0.939585853033029
753 793 0.6874669853328566
754 755 0.354683846703697
754 794 -0.7757938904018344
755 756 0.33570386221106685
755 795 0.4061668553655904
756 757 -0.4787917319061721
756 796 -0.8487759506757937
757 758 -0.3400597494720483
757 797 0.5941571661825977
758 759 0.07325995800816343
758 798 0.310696708243104
759 760 0.6829901576278341
759 799 -0.21182444383604326
760 800 -0.9503868466722747
761 762 0.06640766269324927
761 801 0.1450558267259825
762 763 -0.02949193727656474
762 802 0.1680407509519608
763 764 -0.11541191503244153
763 803 0.8966850113057216
764 765 0.0006867976278317478
764 804 0.8895768128100046
765 766 -0.9192656508582797
765 805 0.7019642594236808
766 767 -0.3510743500729725
766 806 0.1212062067831976
767 768 -0.3818448594423822
767 807 -0.14704001605460104
768 769 -0.663394512692393
768 808 0.7411171419312299
769 770 -0.739651882629413
769 809 -0.5271411975394555
770 771 -0.8409297644546398
770 810 -0.5863729940832565
771 772 -0.43553881193286337
771 811 -0.12179481574975459
772 773 0.8178747757288436
772 812 -0.9800375028554111
773 774 0.953253659870837
773 813 -0.4298439245809904
774 775 -0.09707898223678701
774 814 -0.9309800122055238
775 776 -0.8336767302499455
775 815 -0.763473752357352
776 777 -0.4457714475904344
776 816 -0.23858084183565142
777 778 0.18319747460553892
777 817 0.5954194838222682
778 779 -0.15435324094169411
778 818 0.23055866849898243
779 780 0.22685840948393432
779 819 0.14356114809048726
780 781 -0.1565526154253467
780 820 0.041980204127231247
781 782 -0.6857662507392883
781 821 -0.6802478325069738
782 783 -0.9886139659967021
782 822 0.9318634625962521
783 784 -0.6956911297560546
783 823 -0.00633006265306757
784 785 0.5794829697112289
784 824 0.38344993001474426
785 786 0.6150345571896736
785 825 -0.9430191168331272
786 787 0.8265855596560441
786 826 -0.9767135185608178
787 788 -0.9783740327954469
787 827 -0.18963322985077724
788 789 -0.2811940243346833
788 828 0.11742914913889568
789 790 0.051416619407071984
789 829 0.44745713024382927
790 791 0.3252786641011214
790 830 0.0969199559938625
791 792 0.2907892932752254
791 831 -0.8008814321813427
792 793 0.6058463512745673
792 832 0.17255011141998744
793 794 0.23188277682184477
793 833 0.3316959827898973
794 795 0.018330690289763973
794 834 0.005438699502310795
795 796 0.24677605012611092
795 835 -0.3667668773221664
796 797 0.5139917231177811
796 836 0.8854544272610543
797 798 -0.04927276736913533
797 837 0.3320759846438379
798 799 0.25412708487729097
798 838 0.10378080048780935
799 800 0.996546726532386
799 839 -0.9183846260714374
800 840 -0.16836224969564917
801 802 -0.9753349250341588
801 841 0.3904759566089304
802 803 -0.9636718873479002
802 842 0.7812068154370808
803 804 -0.8126779313600005
803 843 -0.5557259540494637
804 805 0.18895938777339016
804 844 -0.5644962976246921
805 806 0.9977022407054625
805 845 0.1861798938324115
806 807 -0.003824847411525667
806 846 0.01564700275280395
807 808 0.49231169120873153
807 847 -0.7594303297999156
808 809 -0.3234005976346217
808 848 -0.12440953356979612
809 810 0.5579248628551674
809 849 0.9159952175128767
810 811 0.24059793559970144
810 850 0.7583994897455315
811 812 -0.7949188820243669
811 851 0.2747810275718643
812 813 -0.6300183598720912
812 852 0.3655376077999457
813 814 0.4658675163477255
813 853 0.16165093773460382
814 815 -0.9746950335037219
814 854 0.5530520384329738
815 816 0.4861637877271696
815 855 -0.6917643896041359
816 817 0.9702689710429553
816 856 -0.7562225574407382
817 818 -0.4489440425151101
817 857 -0.6280971832175775
818 819 -0.5165988510426163
818 858 0.5439073758228139
819 820 0.848943829539355
819 859 0.6306238375539521
820 821 0.29413438328882324
820 860 0.9162522185837969
821 822 -0.7123243271219062
821 861 0.2969450408609513
822 823 0.317625660517487
822 862 0.2055886593755618
823 824 -0.812167340952741
823 863 -0.28309117947107754
824 825 -0.8696086992923866
824 864 0.3627765766220874
825 826 -0.26718641023534784
825 865 0.28995111066779655
826 827 -0.5744744426737718
826 866 0.00398566563953362
827 828 -0.6381053230044778
827 867 0.10580619727364371
828 829 -0.13868787648646785
828 868 0.6657331963472157
829 830 0.7239673000431444
829 869 0.7294839446464783
830 831 -0.30714247167740494
830 870 0.8019530679461961
831 832 -0.09046359242767488
831 871 0.7904839373923072
832 833 0.4671414981119355
832 872 0.9203595323880596
833 834 0.43068385411620813
833 873 -0.8603067543211211
834 835 0.9118994042850996
834 874 0.7932452753586503
835 836 -0.861155811921825
835 875 0.2867063251442523
836 837 -0.5533760374919019
836 876 0.7056166639043855
837 838 0.41917160406930565
837 877 0.6662583069583976
838 839 0.10723153696955356
838 878 0.6624844548604814
839 840 -0.1646016216130406
839 879 0.24487570747019127
840 880 -0.024188382193738756
841 842 0.06931842074099426
841 881 -0.8417305654331682
842 843 -0.7573608936081795
842 882 0.272275481460138
843 844 0.14085402852853224
843 883 0.9431529418147815
844 845 -0.2610439043115633
844 884 0.4090580999636426
845 846 -0.05946720295975427
845 885 0.5790060880739356
846 847 0.1547840724236833
846 886 0.6634420007537214
847 848 -0.36240298223871803
847 887 0.6969170602559307
848 849 -0.549534295289619
848 888 0.8813537740110604
849 850 0.5000808195024231
849 889 0.9440690838637016
850 851 -0.307641201490912
850 890 -0.29347790978663224
851 852 -0.4395011704698595
851 891 0.28799056224291597
852 853 -0.6441120710087094
852 892 -0.4918454446726346
853 854 0.11407795000550114
853 893 0.36504764105893317
854 855 -0.3814251842962526
854 894 0.8991189337178083
855 856 0.7736531023312081
855 895 -0.4071754267637131
856 857 0.7097504075298335
856 896 0.8691410621716436
857 858 0.34602794171429396
857 897 -0.9828175915014952
858 859 -0.36616963377254086
858 898 0.6399307060722867
859 860 -0.9869884914104528
859 899 -0.4464919059623649
860 861 0.7019460773133774
860 900 -0.8668952233725942
861 862 -0.797920857594655
861 901 0.49680610531203273
862 863 -0.7835693164894604
862 902 -0.668492448254385
863 864 -0.23268007356499942
863 903 -0.021870696542759083
864 865 -0.4458653803588648
864 904 0.8597909604663536
865 866 -0.2800863979060617
865 905 0.2763390677048716
866 867 -0.5333648627830898
866 906 0.20913237528360828
867 868 -0.9710852543534239
867 907 -0.3992687569148399
868 869 -0.4140515680189927
868 908 0.812713654849317
869 870 -0.1668518016583156
869 909 -0.9045085642070054
870 871 -0.8774307175251852
870 910 0.9519011442483154
871 872 0.7430328513140847
871 911 0.8707848326870418
872 873 -0.9598513945960263
872 912 0.9175452871389314
873 874 -0.4450497956793149
873 913 -0.4494616861430343
874 875 -0.005968080910480289
874 914 0.2012566474494022
875 876 0.24273950992136517
875 915 0.5416370108211663
876 877 -0.11829113421510051
876 916 0.4990800279015537
877 878 0.5947209280833508
877 917 -0.39897897794911286
878 879 -0.8660710537634959
878 918 -0.9037605842896095
879 880 -0.5497179671612582
879 919 0.4392311577205137
880 920 -0.6759610017333502
881 882 -0.9727249965117055
881 921 -0.4442939199065459
882 883 0.7723090312974288
882 922 -0.6985481169695287
883 884 -0.7687257566674137
883 923 0.4137266743094976
884 885 -0.7860109504293318
884 924 0.08400364753927603
885 886 -0.029870409706163947
885 925 -0.291123900077249
886 887 0.19663264014505843
886 926 0.057030251147007105
887 888 -0.9692896743448238
887 927 0.8489362097270441
888 889 -0.7389874633336002
888 928 -0.7433469861929756
889 890 0.23102010637325399
889 929 0.20000427571767565
890 891 -0.17240155656274592
890 930 0.1540079675757664
891 892 0.6161913944660307
891 931 0.008060826568858426
892 893 -0.5680627064503312
892 932 0.24244985236755157
893 894 -0.8150759755594417
893 933 -0.4967977497814293
894 895 0.3939689424566002
894 934 0.03319009167320619
895 896 0.12511883697349635
895 935 -0.9837765772089198
896 897 0.3552366256439392
896 936 -0.9831646150388422
897 898 0.9483913103281896
897 937 -0.7368799674058686
898 899 -0.5106190504898596
898 938 0.7007694459918401
899 900 0.2284454411119352
899 939 0.31393296026660544
900 901 0.988938275623005
900 940 0.6828307903933959
901 902 -0.5537721965206255
901 941 -0.9961557374749508
902 903 0.7950682702024117
902 942 0.7181725992346784
903 904 0.4797730706140828
903 943 0.16661270638557757
904 905 0.021020157898861136
904 944 0.6122041541839163
905 906 -0.767035022588832
905 945 0.8350200671093346
906 907 -0.009776534295165229
906 946 0.6525346576971331
907 908 -0.9941761409623546
907 947 -0.2878633767459726
908 909 -0.7749310036135386
908 948 -0.17570909997367878
909 910 -0.8853927945478721
909 949 -0.05993007220230928
910 911 0.48618643307697096
910 950 -0.9643910356773806
911 912 0.5012641077544926
911 951 -0.31633315195924805
912 913 0.41049022558072124
912 952 0.4546660611732045
913 914 -0.32935831624533374
913 953 0.69384139946398
914 915 -0.5711704063618208
914 954 0.4818164844241224
915 916 0.9407119224444944
915 955 -0.6987065752782917
916 917 0.8220710906104598
916 956 0.30431719239233646
917 918 -0.5900971455630355
917 957 0.22425105470587536
918 919 0.047357632644929426
918 958 -0.9965277992741031
919 920 0.34764626597364057
919 959 -0.5295038563037493
920 960 0.5578007408911112
921 922 0.9947705649592935
921 961 -0.5487987240935381
922 923 -0.21054581162542552
922 962 0.097844150116003
923 924 0.5155897143916113
923 963 0.019631363642514277
924 925 0.28941010054609184
924 964 0.8329778600839453
925 926 -0.9009369270922911
925 965 0.9837294926542166
926 927 0.6832087082684675
926 966 -0.6875174242272442
927 928 -0.21718741717078127
927 967 0.34239573104424026
928 929 0.3470051770191753
928 968 0.3669484005280741
929 930 -0.08503255645996921
929 969 0.7346750870889291
930 931 -0.24951030458826962
930 970 0.7628006929219402
931 932 -0.7728310611405904
931 971 0.07937584499313699
932 933 0.3586443004547675
932 972 -0.21354040755759285
933 934 0.23430791441881405
933 973 0.32697509016943416
934 935 -0.013071916466179445
934 974 -0.052010682165972266
935 936 0.534103364874313
935 975 0.17133296415451915
936 937 -0.3325764717984243
936 976 0.10976968234377105
937 938 0.2146357805348078
937 977 -0.5142504370596652
938 939 -0.7320266934110027
938 978 0.6971651626321931
939 940 -0.7918301683422622
939 979 0.8363927383634373
940 941 0.9754904161705817
940 980 -0.6238744807537462
941 942 0.2871933965514488
941 981 0.5991535913374526
942 943 -0.743902353199617
942 982 -0.3225290593321968
943 944 -0.49810572283066445
943 983 0.22916637892378344
944 945 -0.535061676101213
944 984 -0.8195014811571129
945 946 0.29508014909338454
945 985 -0.316924758269989
946 947 0.4909592440230419
946 986 -0.5760316474979419
947 948 0.8367003226228864
947 987 0.07521843449022292
948 949 -0.13783063546085939
948 988 0.4953048577785335
949 950 0.7725546489518704
949 989 0.7911517526158109
950 951 0.7661937019344289
950 990 -0.7471665327311467
951 952 0.6926788521962852
951 991 -0.43380724891697686
952 953 0.8697704384559286
952 992 0.0017125584791393145
953 954 -0.3585160288924598
953 993 -0.5113185266426825
954 955 -0.0170913205661114
954 994 -0.14343451656717554
955 956 -0.753007161621652
955 995 -0.11392480911161806
956 957 0.22631356514369583
956 996 -0.9738603257204066
957 958 -0.9575996177691581
957 997 0.9900691928168213
958 959 0.5194067611989466
958 998 -0.8580352879812809
959 960 -0.5317617483181449
959 999 0.29868609208061203
960 1000 -0.6607428086555975
961 962 -0.789969293567951
961 1001 -0.9673984425516127
962 963 -0.05505484133007399
962 1002 0.4927120012642585
963 964 0.47749521202941314
963 1003 0.8591456254984928
964 965 -0.6107803795267224
964 1004 0.336776580174434
965 966 0.9194932463483261
965 1005 -0.6858791060270235
966 967 0.5876621778085904
966 1006 0.6063086461633924
967 968 0.34253787874568653
967 1007 -0.7817426496891058
968 969 0.4491528557136697
968 1008 -0.2554348298340403
969 970 0.8178207963630102
969 1009 -0.41649341487145786
970 971 0.7029314442791337
970 1010 0.10800489401635671
971 972 0.7792120817559613
971 1011 -0.5737200947515824
972 973 0.7570165840266521
972 1012 -0.7018724515164951
973 974 -0.33449663142425545
973 1013 -0.2789918817640904
974 975 0.9634522655979403
974 1014 0.1558363294166205
975 976 -0.20511860804742277
975 1015 -0.4865002815855002
976 977 0.09738445628561543
976 1016 0.5167397726070901
977 978 -0.09377610657054047
977 1017 0.07161240085040887
978 979 0.7584869017580882
978 1018 -0.08595347687921184
979 980 -0.6143241565826216
979 1019 0.9957905033236516
980 981 0.9124800141458336
980 1020 0.7886028153872666
981 982 -0.785633591917118
981 1021 0.746196399068493
982 983 -0.5502131990739685
982 1022 -0.16547530299774738
983 984 0.3066981179282653
983 1023 -0.3062750653905335
984 985 -0.2151022454972269
984 1024 -0.6275842554548301
985 986 -0.47570202717926535
985 1025 -0.9407564308365315
986 987 0.02594015685863682
986 1026 0.7590245350311065
987 988 0.02528669972269415
987 1027 0.2352712894916793
988 989 0.0319756039799437
988 1028 0.47348472264587715
989 990 0.9588991750663334
989 1029 -0.040524198252215315
990 991 0.3679070577996122
990 1030 -0.0896897921667621
991 992 0.3515010847762732
991 1031 -0.5604228826702629
992 993 -0.6545103607226559
992 1032 0.6589334114614067
993 994 -0.5925310670975732
993 1033 0.39669199693148216
994 995 0.7900961331638319
994 1034 0.1335106075137651
995 996 -0.9516513741856705
995 1035 0.06577514222242176
996 997 -0.40977308906179877
996 1036 -0.30649140616180226
997 998 0.08054029277541774
997 1037 -0.7093002689863936
998 999 -0.40780731047526864
998 1038 -0.10318186288037645
999 1000 -0.7503207062085968
999 1039 0.48491295903384257
1000 1040 -0.0036553479823604462
1001 1002 -0.31674509540551776
1001 1041 0.6163961174802766
1002 1003 0.155015364934036
1002 1042 0.07827416798353393
1003 1004 -0.5571243645682527
1003 1043 0.2564596861988693
1004 1005 0.4408011336461197
1004 1044 -0.410247175673369
1005 1006 -0.4636856797321254
1005 1045 -0.30725413794448087
1006 1007 0.5610996869222837
1006 1046 0.3242805823192254
1007 1008 -0.43481286728775737
1007 1047 -0.3354011782033508
1008 1009 -0.04809291686263317
1008 1048 -0.9496472598272683
1009 1010 -0.740410013817153
1009 1049 0.6179073213893644
1010 1011 0.7779753645305212
1010 1050 -0.14124406950369828
1011 1012 -0.4050851319220601
1011 1051 -0.1408957896366112
1012 1013 0.8325297984190829
1012 1052 0.06251393692237972
1013 1014 0.32247295520385766
1013 1053 -0.503458457119023
1014 1015 -0.43276777691970225
1014 1054 -0.8664034201812925
1015 1016 -0.0858784592786086
1015 1055 -0.4454895637831011
1016 1017 -0.11290636687374711
1016 1056 0.8444517028294476
1017 1018 0.0724796362575919
1017 1057 -0.9681874347123038
1018 1019 0.7184872020237127
1018 1058 -0.9561197511965736
1019 1020 -0.32948349269727073
1019 1059 0.4136812549168545
1020 1021 -0.24904025231098514
1020 1060 -0.2825464608464896
1021 1022 -0.7752488630160739
1021 1061 0.8502606077399835
1022 1023 0.8932229928639697
1022 1062 -0.5533280568880117
1023 1024 0.20503481061533102
1023 1063 0.059462342615912434
1024 1025 -0.06176888019323279
1024 1064 0.33547538621359574
1025 1026 0.13738326445429805
1025 1065 -0.752139524411005
1026 1027 -0.20141805682180425
1026 1066 0.5258128698426292
1027 1028 -0.5410343095941466
1027 1067 -0.8357515897681358
1028 1029 0.18712651764227206
1028 1068 0.4956562015608066
1029 1030 -0.4195277984474022
1029 1069 -0.8779449611728467
1030 1031 0.8348091991350433
1030 1070 -0.44154847569221056
1031 1032 0.7140155136878235
1031 1071 0.2360894101529436
1032 1033 -0.2587064546896458
1032 1072 -0.022434463555796924
1033 1034 -0.9600568604736146
1033 1073 -0.47425898191116467
1034 1035 -0.934089668906237
1034 1074 -0.7069340839771334
1035 1036 0.4665410527417295
1035 1075 -0.061642918447325945
1036 1037 -0.08814203054407233
1036 1076 -0.954734975076466
1037 1038 0.14103068746022873
1037 1077 -0.49223522405302833
1038 1039 -0.3619318090081811
1038 1078 0.08037845063972116
1039 1040 -0.1624752832427383
1039 1079 -0.5080429223766716
1040 1080 0.688149531958254
1041 1042 -0.5653607541975334
1041 1081 0.8692099357280154
1042 1043 -0.16956622629879337
1042 1082 -0.4730153673258599
1043 1044 0.40001815247883443
1043 1083 -0.17659660908106378
1044 1045 -0.6108857650358084
1044 1084 0.028715899491057906
1045 1046 0.11829959161047277
1045 1085 -0.8192265527199116
1046 1047 -0.9394612796072732
1046 1086 -0.25377590357335467
1047 1048 0.6978471965528139
1047 1087 0.8169053205942007
1048 1049 0.8772499292327367
1048 1088 0.23389495603174892
1049 1050 -0.3775018199363871
1049 1089 0.18671539331774967
1050 1051 -0.5428542593107761
1050 1090 -0.5311416503834867
1051 1052 -0.6474993773275699
1051 1091 -0.8279236825048673
1052 1053 -0.10261714555395551
1052 1092 -0.9929046078413795
1053 1054 -0.9215706826837453
1053 1093 -0.20340216345153994
1054 1055 0.3316889013697728
1054 1094 -0.5188224440622646
1055 1056 -0.21172991949410913
1055 1095 -0.5759069421517271
1056 1057 0.5684018932728341
1056 1096 0.19899238146063625
1057 1058 -0.12731607201548822
1057 1097 -0.9595257535455437
1058 1059 0.32734027315841985
1058 1098 -0.15810707061994544
1059 1060 0.673973282518763
1059 1099 -0.36356265127250054
1060 1061 -0.45838690811623817
1060 1100 -0.22259073560242593
1061 1062 0.24110793874862568
1061 1101 -0.8300995386871797
1062 1063 -0.10686154076264787
1062 1102 0.2785066844568802
1063 1064 0.05119652283136111
1063 1103 -0.5855181986422884
1064 1065 0.32518227328288685
1064 1104 0.7866337808878578
1065 1066 0.33811517885689923
1065 1105 -0.6297059365928119
1066 1067 0.2821521748679727
1066 1106 -0.9472455605682744
1067 1068 -0.008739220278206838
1067 1107 0.9483637664063493
1068 1069 -0.5905189035051777
1068 1108 0.3414077988094011
1069 1070 0.019898962413119392
1069 1109 0.5079548644536795
1070 1071 0.7991348380349506
1070 1110 -0.41313411973929237
1071 1072 -0.4320886735143572
1071 1111 0.41695531700120947
1072 1073 0.04073582505685169
1072 1112 -0.022129191601327314
1073 1074 0.41375051684145836
1073 1113 -0.03498084170267357
1074 1075 0.1126177804202515
1074 1114 -0.46196688233769145
1075 1076 0.4925547827974839
1075 1115 0.04985902511743223
1076 1077 0.8261180424159711
1076 1116 0.6179377039519416
1077 1078 -0.6321526563328097
1077 1117 0.9360251846009435
1078 1079 0.5300863719638258
1078 1118 0.14264208680523915
1079 1080 -0.37055229580219207
1079 1119 -0.07527174029589845
1080 1120 0.25622108309981306
1081 1082 0.9769957520878496
1081 1121 -0.9779666102920201
1082 1083 -0.9190680321396563
1082 1122 0.6319753648731556
1083 1084 0.9304318586522826
1083 1123 -0.7556573381167093
1084 1085 0.1545309655112337
1084 1124 0.21393731296863905
1085 1086 0.4552996600241017
1085 1125 -0.9765110970726301
1086 1087 0.14253601428850393
1086 1126 -0.16252213778601954
1087 1088 -0.5770927221777991
1087 1127 -0.14070501700270177
1088 1089 0.07844661179107915
1088 1128 -0.8319675923529297
1089 1090 0.9259522359064551
1089 1129 -0.4642842557104043
1090 1091 -0.24897094946352571
1090 1130 -0.20837228154647258
1091 1092 -0.9902736416330808
1091 1131 0.8558706338799655
1092 1093 0.869266460182264
1092 1132 0.837149218536509
1093 1094 0.4148039846803373
1093 1133 -0.1288368239269171
1094 1095 -0.8063029706298213
1094 1134 -0.9869731076785211
1095 1096 -0.4095139241195396
1095 1135 0.3041221032166952
1096 1097 0.10669930257181859
1096 1136 -0.6063010248953433
1097 1098 0.756333604903606
1097 1137 0.39920654690307433
1098 1099 -0.9943557805948005
1098 1138 -0.2707930821511999
1099 1100 0.42493251702269075
1099 1139 0.5592730713661525
1100 1101 0.2838464563769241
1100 1140 -0.6416060269119463
1101 1102 0.3709582802870337
1101 1141 0.4674410726129783
1102 1103 -0.36213727299426
1102 1142 -0.5106401340068878
1103 1104 -0.2253716439049367
1103 1143 0.30382127352251187
1104 1105 -0.5226341536745573
1104 1144 -0.6549940168153117
1105 1106 -0.0946051707826634
1105 1145 -0.2857129725861387
1106 1107 -0.17668101425582794
1106 1146 0.7881232309977249
1107 1108 0.12085006157560696
1107 1147 0.7970758578004535
1108 1109 -0.3691647741230042
1108 1148 0.5066747153574189
1109 1110 0.005959245891059117
1109 1149 -0.25640647193520927
1110 1111 0.7384275064803578
1110 1150 0.6035908142131814
1111 1112 -0.12043653295463685
1111 1151 -0.527153107584795
1112 1113 0.833507903246165
1112 1152 -0.9851689104767496
1113 1114 -0.3609950750005051
1113 1153 -0.4254770420240399
1114 1115 -0.005260164153294999
1114 1154 0.6271350159217999
1115 1116 -0.49120534749446176
1115 1155 0.11993509319205709
1116 1117 0.8111013665124822
1116 1156 -0.018252941771418785
1117 1118 -0.21176880583039548
1117 1157 0.07922815834368557
1118 1119 -0.8683550439659693
1118 1158 0.6407908373054143
1119 1120 0.6488106140448984
1119 1159 0.25004324484879215
1120 1160 0.343069032820009
1121 1122 0.5698055078368045
1121 1161 0.37072723762482207
1122 1123 0.3187613980121198
1122 1162 -0.5142861271594101
1123 1124 -0.9049293204781172
1123 1163 -0.03428068586594346
1124 1125 0.26546589674686594
1124 1164 0.6876764645888185
1125 1126 -0.07216890963400169
1125 1165 -0.3904133415794271
1126 1127 0.7416769156042882
1126 1166 0.8250702576575968
1127 1128 0.07434945296235429
1127 1167 -0.9389146882095463
1128 1129 -0.7718197911837661
1128 1168 0.4657302520560147
1129 1130 -0.31097941601184975
1129 1169 0.7036026767249774
1130 1131 0.3359987825391233
1130 1170 -0.22821632776249667
1131 1132 -0.19743649714482658
1131 1171 -0.5761241971663311
1132 1133 0.8709879986213362
1132 1172 -0.40697841644252186
1133 1134 0.1606864478988259
1133 1173 0.23286835379670912
1134 1135 -0.9493629161310895
1134 1174 -0.9870838031069504
1135 1136 -0.04623138414460448
1135 1175 -0.5999312694071661
1136 1137 -0.7429645962296876
1136 1176 -0.47440932529153845
1137 1138 0.930388202087086
1137 1177 0.42138186143949263
1138 1139 0.45042818231322146
1138 1178 -0.5082454565021721
1139 1140 0.7854585633539928
1139 1179 0.32813798983475206
1140 1141 0.7066903552568038
1140 1180 -0.1682550197945205
1141 1142 0.2151231442112722
1141 1181 0.9785762451605993
1142 1143 0.12275677580914501
1142 1182 -0.953641331282491
1143 1144 0.6005632258959377
1143 1183 0.019113750141797947
1144 1145 -0.5843070293053212
1144 1184 -0.04883315470725935
1145 1146 0.10571424823863373
1145 1185 -0.27164212387498465
1146 1147 -0.5358145376212968
1146 1186 -0.859116254188178
1147 1148 0.46952840032649146
1147 1187 -0.6573323943420559
1148 1149 -0.2527064983649532
1148 1188 0.5771251956276386
1149 1150 -0.34018796979647137
1149 1189 0.9810014906142779
1150 1151 0.630672955870184
1150 1190 0.5700399756288863
1151 1152 0.7015441319641178
1151 1191 0.8818845043027406
1152 1153 -0.950738024409691
1152 1192 0.06940724628232564
1153 1154 -0.03237586719289487
1153 1193 0.8370257790856506
1154 1155 0.12390385360194478
1154 1194 -0.9815962929930784
1155 1156 -0.609128014531479
1155 1195 0.6651732865295878
1156 1157 0.43264022014232584
1156 1196 -0.4261420806633822
1157 1158 0.6423356479151703
1157 1197 -0.6120472879909487
1158 1159 -0.959461180632776
1158 1198 0.8398198284528622
1159 1160 0.06141893315801861
1159 1199 -0.6099872464445211
1160 1200 0.08128962717803256
1161 1162 0.0312879753220745
1161 1201 -0.46177365884147825
1162 1163 0.329055145909235
1162 1202 0.5377630330336998
1163 1164 -0.5455585382642263
1163 1203 0.9376201203212349
1164 1165 -0.6301289281891276
1164 1204 0.11913803977928028
1165 1166 0.2881391340222519
1165 1205 0.9788782530838509
1166 1167 -0.5446205479522432
1166 1206 0.24858557785695834
1167 1168 -0.3755625164182925
1167 1207 -0.6922004119689633
1168 1169 -0.563086407071629
1168 1208 -0.158669184598625
1169 1170 -0.6076205385745346
1169 1209 -0.15956892503466968
1170 1171 -0.6008394004571105
1170 1210 -0.9295020977522928
1171 1172 -0.354425496700854
1171 1211 0.05684622265355843
1172 1173 0.030857313666946995
1172 1212 0.9392342039487305
1173 1174 0.9278907943005643
1173 1213 0.24243689538725532
1174 1175 0.6579412418070378
1174 1214 0.935415999684156
1175 1176 0.639228031604363
1175 1215 0.3094831133207143
1176 1177 0.9666046202042577
1176 1216 -0.2604599437164079
1177 1178 -0.1188538718887584
1177 1217 -0.8011567584866235
1178 1179 0.707975637692718
1178 1218 -0.9281866687669169
1179 1180 -0.5191169721184827
1179 1219 0.2100362317701545
1180 1181 0.3599130955055121
1180 1220 0.016063395607334385
1181 1182 0.47236352368790446
1181 1221 -0.07078587337347386
1182 1183 -0.9778500684720017
1182 1222 0.12197868237162734
1183 1184 -0.10558922994626974
1183 1223 0.7800096590909287
1184 1185 0.6074635102496064
1184 1224 -0.02371056965867968
1185 1186 -0.7417280736167788
1185 1225 0.4109340278497913
1186 1187 -0.2263303404755208
1186 1226 -0.6299054358367662
1187 1188 0.4031570721708819
1187 1227 -0.4455477136654442
1188 1189 -0.4765694167051091
1188 1228 -0.9523340766452599
1189 1190 -0.39368755001198186
1189 1229 0.576076112252615
1190 1191 0.12461128172213587
1190 1230 0.0728942907948591
1191 1192 -0.6072845264000384
1191 1231 -0.7557125214508436
1192 1193 -0.10987535903230872
1192 1232 -0.1495468324465381
1193 1194 0.45314694682743184
1193 1233 -0.3387074623489039
1194 1195 0.5970809088955538
1194 1234 0.8132578482528836
1195 1196 0.17109092483666366
1195 1235 0.28716954868930755
1196 1197 0.733412384679152
1196 1236 -0.8134958624407498
1197 1198 0.583815863324767
1197 1237 -0.2696355827228507
1198 1199 -0.4351906141329247
1198 1238 -0.3534683340710938
1199 1200 -0.9588771570140073
1199 1239 -0.793465995083219
1200 1240 -0.2193541391255862
1201 1202 0.32956294158781696
1201 1241 0.5542489055926545
1202 1203 0.05955706209532363
1202 1242 0.6918133155284094
1203 1204 0.8657707148880049
1203 1243 -0.9560450094451158
1204 1205 -0.9195903337531763
1204 1244 -0.1002839960977484
1205 1206 -0.7104941836376601
1205 1245 0.2477826749108356
1206 1207 0.14777970981985433
1206 1246 0.176810496717013
1207 1208 -0.043325674173605
1207 1247 0.8332210473512198
1208 1209 -0.4461885511950783
1208 1248 0.9406220547524677
1209 1210 -0.31505563612006426
1209 1249 -0.6401210122846652
1210 1211 -0.2757784863189192
1210 1250 -0.29841101263270997
1211 1212 -0.6896612619119895
1211 1251 -0.4758805773413852
1212 1213 0.8105499764585848
1212 1252 0.5863439009122906
1213 1214 -0.06846101191406428
1213 1253 -0.43952381641410065
1214 1215 -0.1746191973183473
1214 1254 -0.6539720728524137
1215 1216 -0.9324714674195604
1215 1255 0.7982929635726062
1216 1217 0.12951941085389285
1216 1256 -0.3270709782843584
1217 1218 -0.6251867729300595
1217 1257 0.6061819663959049
1218 1219 0.8610292653520222
1218 1258 0.27713640948917306
1219 1220 -0.40344804784970223
1219 1259 0.9897817077517463
1220 1221 0.5336757735080702
1220 1260 0.266003852509199
1221 1222 0.32621830528730844
1221 1261 -0.639763046593812
1222 1223 0.06841433521065254
1222 1262 0.5228538764821715
1223 1224 -0.17015356374419022
1223 1263 -0.9074316292499185
1224 1225 0.6303810531051932
1224 1264 0.622968111828563
1225 1226 -0.29693484052951247
1225 1265 0.4560835277882669
1226 1227 0.24398360153860965
1226 1266 -0.4597404420006683
1227 1228 -0.5519642948496988
1227 1267 -0.9799897846021739
1228 1229 -0.17234071404601314
1228 1268 -0.15825156835193388
1229 1230 -0.5810341548438069
1229 1269 -0.4543204708719033
1230 1231 0.170385474557053
1230 1270 0.6346394003627487
1231 1232 0.10143930614836516
1231 1271 -0.49625212599694213
1232 1233 -0.6081565359395875
1232 1272 -0.6623750135944331
1233 1234 -0.34481326891514374
1233 1273 -0.7201726781860818
1234 1235 -0.5401376609835031
1234 1274 -0.6390952028668453
1235 1236 0.2855545781060205
1235 1275 -0.07000756394709762
1236 1237 -0.21583626343644746
1236 1276 0.9740323237121393
1237 1238 0.23142164691314826
1237 1277 -0.25100680237048234
1238 1239 -0.9163909045113818
1238 1278 -0.6695856013871688
1239 1240 -0.6933213543751158
1239 1279 -0.9638002620577084
1240 1280 0.38233452863810946
1241 1242 -0.04866858942717944
1241 1281 0.9755724837720374
1242 1243 -0.34717842065565074
1242 1282 -0.7025172265655515
1243 1244 -0.9362755695965026
1243 1283 -0.3309081891545127
1244 1245 -0.25615973201818076
1244 1284 0.4184654910043546
1245 1246 -0.1326153897260638
1245 1285 0.9804964301967549
1246 1247 0.9642783274466589
1246 1286 -0.8015146694240827
1247 1248 -0.856383980251767
1247 1287 0.8976386110161478
1248 1249 0.6687887593552495
1248 1288 0.8473499086209444
1249 1250 -0.21680146596546646
1249 1289 -0.06173475425823738
1250 1251 0.36097844814649505
1250 1290 -0.04755868864127821
1251 1252 -0.08623265593047691
1251 1291 0.5019749158212863
1252 1253 -0.47198990669273355
1252 1292 -0.9275074690043903
1253 1254 -0.2309917217185693
1253 1293 -0.4357900907712202
1254 1255 0.5065855446724639
1254 1294 0.3103978370664813
1255 1256 0.3599090889885348
1255 1295 -0.08072745206885856
1256 1257 -0.43569495643958556
1256 1296 -0.31132275742753346
1257 1258 0.20053153557462755
1257 1297 -0.7513672011889965
1258 1259 -0.13959541439323497
1258 1298 0.4461807241609703
1259 1260 0.0649641954955531
1259 1299 -0.9935814618447685
1260 1261 0.43225395618864737
1260 1300 -0.01536560568461276
1261 1262 -0.7605044432135666
1261 1301 -0.8174484432965208
1262 1263 0.4161386145044743
1262 1302 0.5786199428629546
1263 1264 -0.1774689099393283
1263 1303 0.2284436750578016
1264 1265 -0.2703079024585968
1264 1304 -0.8342647522371625
1265 1266 0.779091039074058
1265 1305 0.45626941011840594
1266 1267 -0.6420146068694379
1266 1306 -0.874463666001557
1267 1268 -0.6422701662660417
1267 1307 0.5273855041337949
1268 1269 0.0028380868802497794
1268 1308 -0.4081955897765088
1269 1270 0.8496294636554143
1269 1309 -0.9687126026735573
1270 1271 0.44258499861367984
1270 1310 -0.22762052464563975
1271 1272 0.7895147795368127
1271 1311 0.7409330580142186
1272 1273 0.6249037466427594
1272 1312 -0.37869069121643584
1273 1274 0.8128496690677478
1273 1313 -0.8660565999361385
1274 1275 -0.7585065198663705
1274 1314 -0.7406613852255237
1275 1276 -0.17707843721018945
1275 1315 -0.3434215403278853
1276 1277 -0.5800779658465276
1276 1316 0.6901175252825713
1277 1278 0.8670581267843367
1277 1317 0.9737218892865773
1278 1279 0.6534318701154014
1278 1318 -0.261991429754572
1279 1280 0.7362803373898201
1279 1319 0.47494069712026366
1280 1320 -0.9374011843294112
1281 1282 -0.007509220224948043
1281 1321 0.34304417547059085
1282 1283 0.567048603506209
1282 1322 0.7634649121571739
1283 1284 0.4622816437531454
1283 1323 -0.8678103959680878
1284 1285 0.08352567816307221
1284 1324 0.6419199586774915
1285 1286 0.7310117844917805
1285 1325 0.4215520960549384
1286 1287 0.8765375717602124
1286 1326 -0.5836135369797117
1287 1288 0.6178864372457895
1287 1327 -0.2839000184881353
1288 1289 -0.48105006905860326
1288 1328 0.7904391259288102
1289 1290 0.053479572747890725
1289 1329 0.6160348827388085
1290 1291 0.8133941808000305
1290 1330 -0.11392239769077728
1291 1292 0.6612222540540682
1291 1331 0.3308445759447096
1292 1293 0.22628885843715874
1292 1332 -0.2852578735552427
1293 1294 -0.8299088139852322
1293 1333 0.981487694815818
1294 1295 0.25256536063282753
1294 1334 0.02985609510520648
1295 1296 -0.9137923800594037
1295 1335 -0.3898214483261939
1296 1297 -0.9947867173039275
1296 1336 -0.13571564279435622
1297 1298 0.8862826236614547
1297 1337 -0.5434322753846295
1298 1299 0.696673874021873
1298 1338 0.40743520466526073
1299 1300 -0.8885153236269419
1299 1339 -0.19323835042113835
1300 1301 0.27546038216385504
1300 1340 -0.9895665431946932
1301 1302 -0.8227338549591117
1301 1341 0.03869036921962943
1302 1303 -0.14071918763019453
1302 1342 -0.42977475085576566
1303 1304 0.14116792205808104
1303 1343 -0.8216682475874084
1304 1305 -0.5466534364240785
1304 1344 0.8362198186784613
1305 1306 -0.12303632773940598
1305 1345 -0.6103820072548709
1306 1307 -0.7418828090221916
1306 1346 0.30986970112763523
1307 1308 0.06522100869257552
1307 1347 -0.1440724502530002
1308 1309 -0.9723854381706305
1308 1348 -0.7775041508447731
1309 1310 0.7341564636718461
1309 1349 0.4492183955606053
1310 1311 0.08172784367754105
1310 1350 0.2820198305874595
1311 1312 -0.8868381067760707
1311 1351 0.36014445902223713
1312 1313 -0.20985623516397323
1312 1352 0.10113270839937782
1313 1314 0.1909412982645322
1313 1353 0.42099303903414786
1314 1315 0.2051495753594743
1314 1354 0.33829825822498183
1315 1316 -0.9008054397126835
1315 1355 0.36652061401985114
1316 1317 0.8076247245041213
1316 1356 -0.6856354395521056
1317 1318 -0.8038426725706911
1317 1357 -0.475516040620924
1318 1319 -0.6418322270198553
1318 1358 -0.516830568916004
1319 1320 0.12623514967832739
1319 1359 -0.7231735602208662
1320 1360 -0.6365652464574565
1321 1322 -0.1394814372670654
1321 1361 -0.4780445144750407
1322 1323 0.6387813014839656
1322 1362 -0.0014059997787387868
1323 1324 -0.36554740607760317
1323 1363 -0.6135887427159026
1324 1325 0.760656728226841
1324 1364 -0.7503707967491868
1325 1326 0.32049698569306817
1325 1365 -0.47815226293926805
1326 1327 0.17542474823830578
1326 1366 -0.3394458728322911
1327 1328 0.6706354074562231
1327 1367 -0.5175120787486025
1328 1329 -0.8517875796225252
1328 1368 0.6802483632588601
1329 1330 0.703126779068683
1329 1369 0.5269474541946175
1330 1331 -0.6720157830633724
1330 1370 -0.9971381171457514
1331 1332 0.7223823411849173
1331 1371 -0.924562554259257
1332 1333 0.0029788269168413706
1332 1372 0.3693299825906271
1333 1334 -0.34648733424022904
1333 1373 0.28956621852214837
1334 1335 0.015036707123736504
1334 1374 -0.48290457682313015
1335 1336 0.6477674323439422
1335 1375 -0.23159741100038955
1336 1337 -0.8315626216483696
1336 1376 -0.5264129022215431
1337 1338 -0.6127338417184909
1337 1377 0.92410108555143
1338 1339 0.38384497968791087
1338 1378 -0.6184437821888753
1339 1340 -0.5177664595410685
1339 1379 -0.6464678327938997
1340 1341 -0.584516435058748
1340 1380 0.13608670838948256
1341 1342 -0.3007876412877897
1341 1381 0.12908223459366597
1342 1343 0.28915408080126825
1342 1382 0.7238209572102277
1343 1344 0.6914680598935088
1343 1383 -0.9850007680823918
1344 1345 0.20993098308289593
1344 1384 -0.5132932094770102
1345 1346 -0.6092984098511476
1345 1385 -0.9430837013288065
1346 1347 -0.626651126598057
1346 1386 -0.11704773251553946
1347 1348 0.28541484107408843
1347 1387 -0.029207475604971833
1348 1349 0.6406471606468347
1348 1388 0.3186384363471486
1349 1350 -0.884562410143509
1349 1389 0.3119357904477371
1350 1351 -0.4428353535078213
1350 1390 -0.8555437901667364
1351 1352 0.07182159131583687
1351 1391 0.030630941218991792
1352 1353 0.458594837734831
1352 1392 -0.17380422064492662
1353 1354 -0.5057829242613043
1353 1393 0.4523634157749499
1354 1355 -0.49067038270852525
1354 1394 0.6715229415651889
1355 1356 -0.10369861455596574
1355 1395 0.7507342802065071
1356 1357 0.29241042630556446
1356 1396 0.4890711970438697
1357 1358 -0.32376909318697433
1357 1397 -0.7196232349899576
1358 1359 0.002782747701799204
1358 1398 0.8115311534593284
1359 1360 0.905816147060345
1359 1399 0.8039827680139735
1360 1400 -0.969429798601009
1361 1362 0.888392723904786
1361 1401 0.3742626013659045
1362 1363 -0.13517286256463112
1362 1402 -0.3443384995892045
1363 1364 -0.41210584498963687
1363 1403 0.04325779110451311
1364 1365 -0.34399378390446333
1364 1404 0.3989426280106889
1365 1366 -0.5851024715173012
1365 1405 -0.10613442591537914
1366 1367 -0.6227196107904722
1366 1406 -0.3704691198689747
1367 1368 -0.7109063246533518
1367 1407 0.04003738676129465
1368 1369 -0.7958241703709821
1368 1408 -0.497466154549711
1369 1370 -0.46414081215291314
1369 1409 0.958332795477022
1370 1371 0.7177449725634046
1370 1410 -0.6088937819243341
1371 1372 0.8220169315810868
1371 1411 0.7683347132323526
1372 1373 0.3304481666307175
1372 1412 -0.07066532524508617
1373 1374 0.31696235868742817
1373 1413 0.6382249142031289
1374 1375 0.24288730810299275
1374 1414 0.3469775431809574
1375 1376 0.7765968765554145
1375 1415 0.46060443709013543
1376 1377 0.37168383236160496
1376 1416 -0.688226197002112
1377 1378 -0.8972120210138916
1377 1417 -0.6539777358272472
1378 1379 -0.536612752869476
1378 1418 0.5272199030105555
1379 1380 -0.5169938455073
1379 1419 0.19016478451347485
1380 1381 0.5556443024483879
1380 1420 0.2694874088185386
1381 1382 0.7160349462761237
1381 1421 0.21463013788706964
1382 1383 -0.5689375132372956
1382 1422 -0.18106910787175967
1383 1384 0.19052681845795738
1383 1423 0.2122687127365812
1384 1385 -0.7096702385641493
1384 1424 -0.23501910065939646
1385 1386 -0.9256510261227993
1385 1425 -0.7609705145837138
1386 1387 -0.9340528497197784
1386 1426 -0.53854449715527
1387 1388 -0.8756176088139336
1387 1427 -0.060491646667861776
1388 1389 -0.9724418940716577
1388 1428 0.5708610841852073
1389 1390 0.668100503001235
1389 1429 0.4909917822249106
1390 1391 0.3067639153748145
1390 1430 -0.4272160164585721
1391 1392 -0.255411240058921
1391 1431 -0.588323140658582
1392 1393 0.6461240106509143
1392 1432 0.8732368177741368
1393 1394 0.49791627155035467
1393 1433 0.3115022795025295
1394 1395 -0.2369069353740294
1394 1434 -0.7752084714213872
1395 1396 0.6889158142325498
1395 1435 0.3316610143157399
1396 1397 -0.7037468990101281
1396 1436 -0.8804972047077617
1397 1398 -0.14628902657028386
1397 1437 0.12784186482307658
1398 1399 -0.5111022080795689
1398 1438 0.9466870784573513
1399 1400 0.624303683684581
1399 1439 -0.23225488698711083
1400 1440 -0.5700540675581798
1401 1402 0.3193107912241431
1401 1441 -0.9292622281194065
1402 1403 0.061410358501322815
1402 1442 0.9383895482444395
1403 1404 -0.1103515102316801
1403 1443 -0.9728112005808323
1404 1405 -0.08828913823360973
1404 1444 -0.388087663157483
1405 1406 -0.241105670738198
1405 1445 -0.4047381428483656
1406 1407 0.15360111920578645
1406 1446 -0.3415643182077901
1407 1408 -0.8484746611680096
1407 1447 0.8354197994664196
1408 1409 -0.9715278741396975
1408 1448 0.6371212693314645
1409 1410 -0.9126824077973454
1409 1449 0.845886975271684
1410 1411 -0.5646560064058845
1410 1450 0.7345430520600218
1411 1412 -0.154353772095025
1411 1451 0.03387487220078178
1412 1413 -0.1089375063694682
1412 1452 0.39751416147138463
1413 1414 -0.5309272737404753
1413 1453 -0.1410868160690919
1414 1415 -0.43655773167112666
1414 1454 0.9696638621079072
1415 1416 -0.35908044346006096
1415 1455 0.7350389011552074
1416 1417 0.9769955815203288
1416 1456 0.20934858010772528
1417 1418 -0.17066255228445137
1417 1457 -0.6622705157023476
1418 1419 0.43384054886474077
1418 1458 0.25346660635073426
1419 1420 0.3105076777130844
1419 1459 -0.5074685135498498
1420 1421 -0.802746419477854
1420 1460 0.9411817646692862
1421 1422 -0.6127705534545236
1421 1461 0.03155391489234516
1422 1423 0.5560231888628022
1422 1462 0.6880257833015953
1423 1424 -0.7127396148651337
1423 1463 -0.9300524972037734
1424 1425 0.6646724162973119
1424 1464 0.18944976777046496
1425 1426 0.720347122426009
1425 1465 0.9854718956576665
1426 1427 0.8284328039767483
1426 1466 -0.3730243043967554
1427 1428 0.21416153698322682
1427 1467 0.32985253376582535
1428 1429 -0.7363079675503503
1428 1468 0.5424444292681005
1429 1430 -0.20313460576981957
1429 1469 -0.6449763741804158
1430 1431 -0.604713971129706
1430 1470 0.6759649414188351
1431 1432 -0.20081456246558327
1431 1471 0.7310547482307304
1432 1433 -0.4903251822824988
1432 1472 -0.4717670371715956
1433 1434 0.36218183204984755
1433 1473 0.441039802354974
1434 1435 -0.5340367899343927
1434 1474 -0.7351212764270765
1435 1436 -0.6825373982378973
1435 1475 0.1075205093825835
1436 1437 0.12153504123474779
1436 1476 -0.025216338309687947
1437 1438 -0.17126197491512274
1437 1477 0.05501645017863677
1438 1439 0.9072748040762291
1438 1478 0.8866882162717118
1439 1440 0.05495617954985055
1439 1479 0.258693580883153
1440 1480 -0.4002742825421606
1441 1442 0.812397527967174
1441 1481 -0.16250935698713875
1442 1443 0.8604561966760664
1442 1482 0.7462418118419079
1443 1444 0.20013386946791156
1443 1483 -0.2702982573635706
1444 1445 0.5518904694736695
1444 1484 0.9887314950845323
1445 1446 -0.6684931338990949
1445 1485 0.2678170715381898
1446 1447 0.21956526235405782
1446 1486 -0.31793820571082954
1447 1448 0.8773564959791074
1447 1487 -0.6281140074178819
1448 1449 -0.48260793463232843
1448 1488 0.33087140538223236
1449 1450 0.39743433618835433
1449 1489 0.5530360040633893
1450 1451 0.023870054982258138
1450 1490 -0.0021682291385094477
1451 1452 0.827368863665972
1451 1491 0.03761839240219356
1452 1453 -0.6485923462419243
1452 1492 -0.13881458736918706
1453 1454 0.1337259788060321
1453 1493 0.21513246105963657
1454 1455 0.8418168651451878
1454 1494 0.012314441343150406
1455 1456 -0.5533052174238264
1455 1495 -0.02876554299477796
1456 1457 0.5883872219731172
1456 1496 -0.574823751794405
1457 1458 -0.22832771467422175
1457 1497 0.3102487970696779
1458 1459 -0.09423652202059607
1458 1498 -0.3654119197636281
1459 1460 -0.8064416988253529
1459 1499 0.1620245223175123
1460 1461 -0.37972555382709916
1460 1500 0.48957557845608224
1461 1462 -0.5631426302024045
1461 1501 -0.10216356006926164
1462 1463 0.5292402147236142
1462 1502 -0.45776076629430396
1463 1464 0.8540860945050819
1463 1503 -0.5074334234385771
1464 1465 -0.9326664971805216
1464 1504 0.2377430663118354
1465 1466 0.9875238249484566
1465 1505 0.18261425995538905
1466 1467 -0.10041366728210299
1466 1506 0.9434193135500539
1467 1468 0.9089574191585972
1467 1507 0.8870343273443846
1468 1469 0.40139275093703675
1468 1508 0.7894014867780192
1469 1470 0.9905206551375234
1469 1509 -0.3852723402001039
1470 1471 -0.7444978614907933
1470 1510 0.3841290291833379
1471 1472 -0.9977609404550691
1471 1511 0.7078413124958418
1472 1473 0.6439980987133034
1472 1512 0.17267846421557032
1473 1474 0.9647613967823019
1473 1513 0.34630180012487743
1474 1475 -0.03491045329199327
1474 1514 0.7803431798841904
1475 1476 -0.7582169668487431
1475 1515 0.45086257788945217
1476 1477 -0.1767819211317172
1476 1516 0.46967358926368785
1477 1478 -0.7052659155622978
1477 1517 -0.36945724851592576
1478 1479 -0.6739292982269689
1478 1518 -0.6484987709920316
1479 1480 0.5589130523238923
1479 1519 0.40269744744952884
1480 1520 -0.7379045070245749
1481 1482 -0.048113009455449385
1481 1521 -0.7287325635243227
1482 1483 -0.3207756775118018
1482 1522 0.6264346767753237
1483 1484 -0.9619789999985664
1483 1523 -0.9808474544716295
1484 1485 -0.8306488425877965
1484 1524 0.5874208890630834
1485 1486 -0.41232293703515444
1485 1525 -0.023686100789103604
1486 1487 0.7151026531800724
1486 1526 -0.930243919803071
1487 1488 -0.5484340307056432
1487 1527 0.49851471704590344
1488 1489 -0.12080970932575341
1488 1528 0.015594784082124002
1489 1490 -0.2990956550844801
1489 1529 0.21223912513357557
1490 1491 0.2246297278939906
1490 1530 -0.8890184336879627
1491 1492 -0.3901567957832486
1491 1531 -0.4234568293761207
1492 1493 -0.16599365846540026
1492 1532 -0.2817792242058612
1493 1494 -0.02621623306886489
1493 1533 0.833246854280628
1494 1495 0.4647625935482831
1494 1534 0.6157270229219594
1495 1496 0.33223175705563834
1495 1535 -0.7116056517532712
1496 1497 0.41063464357173096
1496 1536 0.7635970900450759
1497 1498 0.7000347525736728
1497 1537 -0.4543452627683906
1498 1499 0.24305456093697897
1498 1538 0.0980356601977832
1499 1500 -0.16176389921389256
1499 1539 0.3755834129251412
1500 1501 -0.9851155848736608
1500 1540 -0.32442831785966475
1501 1502 -0.17422922499681892
1501 1541 -0.43846360720982513
1502 1503 0.455016099376492
1502 1542 0.580856017558905
1503 1504 -0.9728981780618051
1503 1543 0.018401387175221995
1504 1505 -0.8074893509999053
1504 1544 0.03289439917547732
1505 1506 -0.47382043421161746
1505 1545 0.8636471238156347
1506 1507 0.8848486330088572
1506 1546 -0.13942281196129902
1507 1508 -0.5864526008745656
1507 1547 -0.14837388984590283
1508 1509 -0.9398589234719181
1508 1548 -0.07985409753635864
1509 1510 0.8771674749936571
1509 1549 0.03306337948277838
1510 1511 -0.21325469344893389
1510 1550 -0.4085721998220988
1511 1512 -0.7350177356825975
1511 1551 -0.04513955778975687
1512 1513 -0.2198716029304677
1512 1552 -0.7318613141121502
1513 1514 0.19622428516141066
1513 1553 0.20968182229322818
1514 1515 -0.2609180140421956
1514 1554 -0.8819969746655931
1515 1516 0.021172274641116262
1515 1555 0.8130414891979316
1516 1517 0.21010294158822984
1516 1556 -0.5967700830197351
1517 1518 -0.8369815236042757
1517 1557 0.36602598166989675
1518 1519 0.048296660691436566
1518 1558 0.8632883617544982
1519 1520 0.7645498629971208
1519 1559 0.7850681925906906
1520 1560 0.513317614262502
1521 1522 -0.27551427748637436
1521 1561 -0.3476726381372828
1522 1523 -0.24003666438665872
1522 1562 -0.9845726653653311
1523 1524 -0.715943858201967
1523 1563 0.7570185382533867
1524 1525 0.4772326368227606
1524 1564 -0.7707588026311962
1525 1526 -0.5694225942870685
1525 1565 0.4102871761194844
1526 1527 0.668095746347771
1526 1566 -0.9647087391345155
1527 1528 0.3748994628787159
1527 1567 -0.037893621475363126
1528 1529 0.6337188210202509
1528 1568 0.22206908371646472
1529 1530 0.8220419979710445
1529 1569 0.3763508676407141
1530 1531 -0.025764721006024338
1530 1570 -0.7960871094898512
1531 1532 0.2572283137767635
1531 1571 0.005969835690598391
1532 1533 0.12195164433404337
1532 1572 -0.2200795742755166
1533 1534 -0.7746641721023559
1533 1573 0.7023988806851773
1534 1535 -0.6433883133040463
1534 1574 0.16212488530787295
1535 1536 -0.7609459803671232
1535 1575 0.2550964010638921
1536 1537 0.08895728284755267
1536 1576 0.884689394632945
1537 1538 -0.31926485704072727
1537 1577 -0.4233681162067999
1538 1539 -0.7567935313612275
1538 1578 0.4078998947864869
1539 1540 -0.11548036353435709
1539 1579 -0.6929618749377411
1540 1541 -0.9027548593735184
1540 1580 0.4750007287475517
1541 1542 0.1555835509473793
1541 1581 0.2888143514830852
1542 1543 0.309535629857995
1542 1582 0.11622677945772919
1543 1544 0.2521216690910357
1543 1583 -0.9876433050456876
1544 1545 0.35283803688693993
1544 1584 -0.5215646987835312
1545 1546 -0.6116776434521873
1545 1585 0.3162136742827151
1546 1547 -0.296273939469232
1546 1586 0.6925314517104078
1547 1548 0.595968800037646
1547 1587 -0.7121185019092466
1548 1549 -0.07850561431096814
1548 1588 -0.740835152321788
1549 1550 -0.20775203984943014
1549 1589 0.6119328801112329
1550 1551 -0.8813863240462039
1550 1590 -0.36299838761955905
1551 1552 0.40113349354617545
1551 1591 -0.4499766624346828
1552 1553 -0.7142346249767371
1552 1592 -0.769745460234939
1553 1554 0.41168883198581785
1553 1593 -0.2550461328849798
1554 1555 0.8262360861587339
1554 1594 -0.9385840161639245
1555 1556 -0.36893302796204064
1555 1595 -0.4891031939547812
1556 1557 -0.5437921569959374
1556 1596 -0.24376687540996267
1557 1558 -0.6335322458593697
1557 1597 -0.5657113570225905
1558 1559 0.6049414864861669
1558 1598 -0.2894853643500901
1559 1560 0.6121677260371707
1559 1599 -0.19904208314033722
1560 1600 -0.8109559315833592
1561 1562 -0.7039643191843017
1562 1563 -0.7723023029982234
1563 1564 0.4488368940792602
1564 1565 -0.5945430760519534
1565 1566 -0.3961870146389028
1566 1567 -0.3803137676976269
1567 1568 0.9575664631674412
1568 1569 0.3386794130185289
1569 1570 -0.8096005436641691
1570 1571 -0.360543848387898
1571 1572 -0.2509410908226448
1572 1573 -0.8940954281931881
1573 1574 -0.3352110629281211
1574 1575 -0.6844080612939587
1575 1576 0.5473003984434954
1576 1577 -0.25148045716772605
1577 1578 -0.23916608736348488
1578 1579 -0.1886719634302383
1579 1580 0.36722907248053094
1580 1581 -0.004863669754567201
1581 1582 0.36500161609431525
1582 1583 -0.5214624861931942
1583 1584 0.22551348438069607
1584 1585 0.03118156645629333
1585 1586 -0.41407219623454705
1586 1587 -0.8608678707703923
1587 1588 0.2909256644971341
1588 1589 0.4592834777583008
1589 1590 -0.38843599176392396
1590 1591 -0.7805251117261891
1591 1592 0.2921390602010343
1592 1593 0.6095538484526799
1593 1594 0.40077710134581035
1594 1595 0.893305929578353
1595 1596 0.7852431490037148
1596 1597 0.5447963783753074
1597 1598 0.7463931384205724
1598 1599 -0.04742601245769995
1599 1600 0.8514601825530794
