1 2 -0.6394606222464616
1 41 -0.9610495170247508
2 3 -0.0944816710160048
2 42 0.24566801530597915
3 4 -0.8898303357884281
3 43 0.6929939542947174
4 5 0.8750083687455297
4 44 -0.39867785140309375
5 6 0.20905447854911974
5 45 -0.9685678838516216
6 7 -0.30894439739879
6 46 0.7876545032580589
7 8 0.10178549006299953
7 47 0.5387259146643948
8 9 0.986510369195241
8 48 -0.040091934508528215
9 10 0.2047153945484892
9 49 -0.4635569739559662
10 11 0.37641462356773414
10 50 -0.9073006624585311
11 12 0.5248687827737684
11 51 -0.5688825577393872
12 13 -0.6844366935060189
12 52 -0.7604973001514208
13 14 0.16169997060689445
13 53 0.02384751805973373
14 15 0.4747413241930938
14 54 -0.11190235390622139
15 16 0.7300032211678917
15 55 -0.7330673756738475
16 17 -0.08854465170387682
16 56 -0.7898669907277736
17 18 0.8765895344521248
17 57 -0.3769232195773917
18 19 0.27616338210066416
18 58 0.613634361853624
19 20 -0.4676909296756433
19 59 -0.8920587772172965
20 21 -0.11572431678152229
20 60 -0.0082944522925823
21 22 -0.4882643199056129
21 61 0.48173596533124385
22 23 0.8084936091061996
22 62 0.5711896767673375
23 24 -0.3027851331213174
23 63 0.2444049894201885
24 25 0.37537996476382207
24 64 -0.8277111685705003
25 26 0.3699865769451849
25 65 -0.6005053688881936
26 27 0.5879995610963387
26 66 -0.7144061028212583
27 28 0.9295053851306379
27 67 -0.46556691035516273
28 29 0.7162960920178212
28 68 0.8851547422229131
29 30 -0.6012886995939832
29 69 0.7761714213098219
30 31 0.6090891076258649
30 70 0.8359063548849655
31 32 -0.24508924703537338
31 71 0.33509073168039416
32 33 -0.8740670705524058
32 72 0.23880324039606027
33 34 0.26764400877820527
33 73 0.019399775613243797
34 35 0.20243768026585718
34 74 0.7360000487082003
35 36 0.5667975036849324
35 75 -0.9459584365514635
36 37 0.9426419006461493
36 76 0.10087444629606646
37 38 0.570360546366101
37 77 -0.17688864438265872
38 39 0.23253654573920257
38 78 0.5444488435201145
39 40 0.44178217407796727
39 79 0.7404603165953278
40 80 0.07731654747399364
41 42 -0.07356294700331079
41 81 0.44986785838429566
42 43 0.4799030355957894
42 82 -0.16267313963631835
43 44 0.9781623231587118
43 83 -0.5044007150335956
44 45 0.18643171917824564
44 84 0.17486844759442444
45 46 -0.06775896580671126
45 85 0.764009298935783
46 47 -0.06239887871677863
46 86 -0.13206014296573154
47 48 0.7236848410214449
47 87 -0.48803976481741373
48 49 0.7699337947489364
48 88 0.0417819257107066
49 50 0.07745787140650684
49 89 -0.1902995720981575
50 51 0.7518300816877486
50 90 -0.7727052436549717
51 52 0.1896103981183428
51 91 -0.09624613201927001
52 53 -0.17760721000969015
52 92 0.9696068907854385
53 54 -0.7297945689168419
53 93 -0.7618940709376423
54 55 0.673357684186989
54 94 0.429963180446989
55 56 -0.42244851899626035
55 95 -0.2603814750647413
56 57 0.7633667401160853
56 96 0.6759193240256842
57 58 0.0385972618289776
57 97 -0.40530155105270826
58 59 -0.25643296819422856
58 98 -0.4022562576219779
59 60 0.4839464831886684
59 99 -0.46931021475809787
60 61 0.028038650804250276
60 100 0.9400348872435584
61 62 -0.7088497589516951
61 101 0.9085712515818147
62 63 -0.3036085251345291
62 102 0.28264560099539393
63 64 -0.696708781932232
63 103 0.5467166306312159
64 65 -0.2526206438258001
64 104 -0.8012977044508964
65 66 0.9937618204327558
65 105 -0.787099094230254
66 67 0.07764951653835483
66 106 0.27428014209433615
67 68 0.6319247132181163
67 107 -0.753233828748278
68 69 0.45700783145466195
68 108 0.7519395439395027
69 70 0.6276936958143877
69 109 0.32989120709774844
70 71 -0.1281044139299956
70 110 0.21957242393614074
71 72 0.5907230975174786
71 111 0.572307161867442
72 73 -0.7781766260441447
72 112 0.11158120792127546
73 74 -0.605121971126334
73 113 -0.28129945687823343
74 75 0.2397795673433738
74 114 -0.7274657577573957
75 76 -0.497709446050945
75 115 0.8487973985206139
76 77 -0.41934372997532265
76 116 0.8359703594385028
77 78 -0.6514698440696756
77 117 0.48889957041321286
78 79 -0.49471566930172317
78 118 0.09423940601997982
79 80 0.5724057918480545
79 119 0.36851988356579923
80 120 -0.2119920564045601
81 82 -0.15959279082454514
81 121 -0.0291458036644352
82 83 -0.2647647498647001
82 122 -0.6619423788184953
83 84 -0.8917693910495723
83 123 0.959386616638011
84 85 -0.11849203276810405
84 124 -0.49926357153731127
85 86 0.5605688883927782
85 125 0.3098562412277799
86 87 -0.3901596758217727
86 126 -0.6805270257037694
87 88 0.9047004982327629
87 127 -0.13029546684454663
88 89 -0.22345798497137226
88 128 0.9790516022165465
89 90 -0.926311297694292
89 129 0.39351441496100725
90 91 0.708223166791248
90 130 0.7275172059083388
91 92 -0.9419294134407343
91 131 0.6042470203590706
92 93 0.7949136330067914
92 132 0.07048499997304924
93 94 0.34891339288384615
93 133 -0.7223308690780892
94 95 0.04253913702395251
94 134 0.21046025665726864
95 96 -0.8591718431075255
95 135 -0.5906028270960282
96 97 0.18750224751992484
96 136 0.8524140973180132
97 98 0.9292059581500844
97 137 0.38016156261051925
98 99 -0.8998270483838768
98 138 0.7323549490866261
99 100 0.8273405171286521
99 139 -0.19371912642847589
100 101 -0.665307491584169
100 140 0.2685197832491484
101 102 -0.04807707031729436
101 141 0.6732322149941496
102 103 -0.262337103221131
102 142 -0.06907333738400667
103 104 -0.27021569076458163
103 143 0.4393071485977358
104 105 0.4623326229820077
104 144 0.7990772613111587
105 106 -0.5427407555719503
105 145 -0.312257817866044
106 107 -0.6454684287617378
106 146 -0.42310906975545004
107 108 0.2414534354101685
107 147 -0.7461759165525164
108 109 0.9625181853661304
108 148 -0.30330889530541705
109 110 0.23285991720758537
109 149 0.10716219967403928
110 111 -0.6167204038582497
110 150 0.2844228189636999
111 112 0.5803041144803647
111 151 0.6852713349751096
112 113 0.7380428379413768
112 152 0.7951659711039254
113 114 -0.8607169810150612
113 153 0.30153607469547805
114 115 0.7646677991932787
114 154 0.39965898729554516
115 116 -0.4299147147959699
115 155 -0.24369372162572955
116 117 0.8631942476421626
116 156 -0.11834565767313276
117 118 0.5497733223441521
117 157 -0.26666177660251944
118 119 0.029103878129996374
118 158 0.09842716973592425
119 120 -0.13579393037833243
119 159 0.14176116594319965
120 160 -0.791566455261068
121 122 -0.9744383708187827
121 161 -0.025256785360256773
122 123 0.5877448132696141
122 162 0.6660748171688549
123 124 0.5344325692283483
123 163 -0.09160439974579404
124 125 -0.33903578226760844
124 164 0.2858385436733586
125 126 0.24315744683945573
125 165 0.633224717760364
126 127 0.33774654038399654
126 166 -0.20931806574867684
127 128 -0.7380586337983965
127 167 -0.6820426229079708
128 129 0.543986658225061
128 168 -0.7291082497136752
129 130 0.735831987967668
129 169 0.21746924012669955
130 131 0.22528993449526413
130 170 0.08212041641088574
131 132 -0.31162676560959857
131 171 0.25516633841091196
132 133 0.03899106251066886
132 172 0.242080228226504
133 134 0.40435725155097857
133 173 -0.13006716324809764
134 135 -0.6366323030865924
134 174 -0.9599761222372869
135 136 -0.5500914628556897
135 175 -0.14581927468104072
136 137 -0.7435066041035792
136 176 0.38924979586808717
137 138 -0.3565371840285634
137 177 0.6476429390023999
138 139 -0.5666681802898512
138 178 0.6237899867520269
139 140 -0.04387508681616237
139 179 -0.6343316723651
140 141 0.5115854696801398
140 180 -0.21555800167155303
141 142 0.15912373881692732
141 181 0.08892369728291838
142 143 0.9025588456861915
142 182 0.02275400021173213
143 144 0.20011398277808956
143 183 0.8180679734473375
144 145 0.8562633619637565
144 184 0.18046522040792223
145 146 -0.9853283341659422
145 185 -0.47545290257494877
146 147 -0.33479917755142097
146 186 0.327753193926863
147 148 -0.28735199756902396
147 187 0.8574238194666752
148 149 -0.04339190332075682
148 188 -0.007197092029768815
149 150 0.30293159338339115
149 189 -0.83693146983876
150 151 -0.7381863209762687
150 190 0.8212586204631009
151 152 -0.2824389003633443
151 191 0.9903963556819637
152 153 -0.13094780257290028
152 192 -0.9242959826394683
153 154 0.36569883427684013
153 193 -0.8232622436374459
154 155 0.8420858026821016
154 194 0.887047119564389
155 156 0.6305203072938323
155 195 -0.9149606861597435
156 157 -0.7882431325901431
156 196 -0.7686586327663767
157 158 -0.9740867969804028
157 197 -0.3678554406816874
158 159 -0.39118150268080143
158 198 -0.3999085490607148
159 160 -0.9583919475385769
159 199 -0.7117733065829683
160 200 0.033909520533600856
161 162 0.8836133046867323
161 201 0.7015901787535574
162 163 0.468425974610706
162 202 0.7505891600473658
163 164 -0.04348671953432626
163 203 0.8310060081973198
164 165 -0.43195682603848984
164 204 -0.30760857208903936
165 166 -0.41731508090724123
165 205 -0.2117897163808642
166 167 0.7642117284771777
166 206 -0.9136196805577332
167 168 -0.12526494823643164
167 207 0.6236717719285079
168 169 0.08220355747544006
168 208 -0.24158975308542585
169 170 -0.7045993390797369
169 209 -0.16101743645873423
170 171 -0.30078452541505873
170 210 -0.2226757346863395
171 172 0.6413822644242961
171 211 0.8612609154166264
172 173 0.4862765017646795
172 212 -0.8878653804829069
173 174 -0.7430603816119246
173 213 0.1224871770473206
174 175 0.8388276952701126
174 214 0.9336406523225
175 176 -0.7258159632806693
175 215 0.21981063234542164
176 177 -0.16981097057723615
176 216 0.41857792284559925
177 178 0.18273877100082703
177 217 0.09309442383679212
178 179 0.40220815126171305
178 218 -0.30901366451612855
179 180 0.6182069725969843
179 219 0.8308414548442569
180 181 -0.4757206421238216
180 220 -0.865479804899175
181 182 -0.22588658541603635
181 221 0.32389124059339913
182 183 0.33797439102110416
182 222 -0.07313504485183597
183 184 -0.7838083317342868
183 223 -0.8194008783614368
184 185 -0.19805930279705963
184 224 0.6894996248107301
185 186 0.8749003324567641
185 225 -0.43447039659913167
186 187 0.8719564966801192
186 226 -0.9872953222177498
187 188 0.15163676456581032
187 227 -0.17557439501116523
188 189 -0.5847279873078508
188 228 -0.1692905353245031
189 190 -0.25458096188056967
189 229 -0.4947785482627278
190 191 -0.9269611789300545
190 230 -0.317968575317372
191 192 -0.9156516892157129
191 231 0.5400008438870156
192 193 -0.5136257570143592
192 232 0.7215277184377118
193 194 -0.4035928576251251
193 233 0.2416240467925963
194 195 0.24809524339604905
194 234 0.9012955701510086
195 196 -0.5298479881482481
195 235 -0.26594548627727366
196 197 0.32659127195123716
196 236 0.3127768211842592
197 198 -0.9021634580960858
197 237 -0.23316785799837714
198 199 -0.6291369449445632
198 238 -0.4036207103204388
199 200 -0.8093800779380507
199 239 0.6978306464356718
200 240 -0.03761528481636445
201 202 0.4599289404416371
201 241 -0.7825278562620501
202 203 0.29611288395162694
202 242 0.3921323495413145
203 204 -0.2883398402747961
203 243 -0.8936403424420087
204 205 -0.291794735237739
204 244 -0.35038825921759664
205 206 0.261312531514329
205 245 0.641911564238316
206 207 0.7486986608494444
206 246 -0.8152613530478832
207 208 -0.8620314509197544
207 247 -0.5649893278088776
208 209 -0.00898714976111048
208 248 0.5113692210630834
209 210 -0.5927817772477928
209 249 -0.6593443261681142
210 211 0.8431263667702626
210 250 0.31556518196529093
211 212 0.053107954026596405
211 251 -0.10312559903344232
212 213 0.8762908992497098
212 252 0.7501574660367232
213 214 0.5812369521010385
213 253 0.9797025242850128
214 215 0.01790343782536752
214 254 0.15842712464278286
215 216 -0.0648265998224391
215 255 0.38511695636448096
216 217 0.5403691057909268
216 256 0.8662443197011389
217 218 -0.1168663004054209
217 257 -0.1267522219554451
218 219 -0.5523317410317832
218 258 -0.7471418135214489
219 220 0.6606719865156203
219 259 0.5348150850810962
220 221 0.4895497631376611
220 260 -0.34284622034098167
221 222 -0.1719255645549509
221 261 0.6450691242487494
222 223 0.2623245195268118
222 262 0.1312627645479345
223 224 0.8856172640326416
223 263 0.015388584537579852
224 225 -0.36408110174830144
224 264 -0.5433372064787887
225 226 0.33296886970940776
225 265 0.7336198293248024
226 227 0.38524513303694574
226 266 0.19827866729025234
227 228 -0.8153970596751705
227 267 -0.6329929234493041
228 229 -0.2045301151036194
228 268 0.6835370400022402
229 230 0.5433149461640441
229 269 0.2671787891934707
230 231 -0.08327173707978197
230 270 0.5768422315086243
231 232 0.014829815227027199
231 271 -0.20061673266214042
232 233 0.7641451724173054
232 272 0.4364672484829546
233 234 -0.34621198765847616
233 273 -0.02692100370486128
234 235 -0.5408506064950303
234 274 -0.858118677936967
235 236 0.09898391708576226
235 275 -0.19778197599422143
236 237 -0.6746641687254422
236 276 -0.0005516858193868046
237 238 -0.6921432017018525
237 277 0.8661351177042449
238 239 -0.844442187110382
238 278 0.14544290815733163
239 240 -0.35095805044673734
239 279 -0.6206703143085277
240 280 0.573031297092472
241 242 0.7878083405701624
241 281 0.7143084941456592
242 243 -0.6139638394668048
242 282 0.5352644698786162
243 244 0.2279406584467274
243 283 -0.37491048143759276
244 245 0.6570603464813578
244 284 0.09157067013279274
245 246 -0.35722264558432104
245 285 -0.6630437729681564
246 247 0.6470362486789689
246 286 -0.08394986949481753
247 248 0.6034786925730846
247 287 0.6467306138623723
248 249 -0.32508031647970714
248 288 0.20218443111577944
249 250 -0.4114541319203615
249 289 0.7919230666989217
250 251 -0.07033466171554115
250 290 -0.28253074969068837
251 252 -0.9805038236270529
251 291 -0.7739025349772672
252 253 -0.06612399095955879
252 292 -0.3248304520072831
253 254 -0.5040510709715882
253 293 -0.216886292516435
254 255 0.5792358406785807
254 294 -0.8013895759059431
255 256 -0.5973518610622242
255 295 -0.5157225737835736
256 257 0.8988589485956964
256 296 0.08313958490680684
257 258 0.5506852386556851
257 297 -0.5761716182817178
258 259 -0.5990129101276185
258 298 0.5519221311820679
259 260 -0.21859327210343982
259 299 -0.8500021436919079
260 261 -0.1397418506796575
260 300 -0.3961282514686266
261 262 -0.4611385843198712
261 301 -0.8180547407507157
262 263 -0.9402374528342721
262 302 -0.5143967568061318
263 264 0.5874644165487479
263 303 -0.05535511032942031
264 265 -0.5628454759110364
264 304 -0.8631688408417626
265 266 -0.7992519237442262
265 305 0.3592594319528797
266 267 0.8334871022190518
266 306 -0.09604584119052562
267 268 0.7320740695144166
267 307 -0.8634324680381966
268 269 0.732063159361122
268 308 0.3044990278021904
269 270 0.6103814763279862
269 309 -0.645287264985839
270 271 -0.22373644709641716
270 310 -0.24164212427938514
271 272 0.28928057568083076
271 311 -0.4082711476343095
272 273 -0.17514107671661927
272 312 0.9158341324494619
273 274 -0.44948319499621725
273 313 0.4275258110903646
274 275 -0.25770582875707815
274 314 -0.7598554611503849
275 276 -0.20366755791388047
275 315 -0.4010839049063222
276 277 0.7046317367275199
276 316 0.6843216383024608
277 278 0.709684057920877
277 317 0.7812617230520487
278 279 -0.8175641578810022
278 318 0.4952723744102865
279 280 0.8329518632656823
279 319 0.45180655954248183
280 320 -0.02202915749078227
281 282 -0.6698267648095457
281 321 0.26466802764699215
282 283 -0.3318342113953219
282 322 -0.12408158787444346
283 284 0.3631180859964578
283 323 0.8959000595043076
284 285 -0.9632602111402548
284 324 0.4831572611056074
285 286 -0.4554874413645589
285 325 -0.12204729265572278
286 287 0.48034987946517127
286 326 -0.09822433797635854
287 288 -0.5999496550532157
287 327 -0.8875437923233058
288 289 -0.5235357255456718
288 328 -0.11366333990667465
289 290 0.6860233252704093
289 329 0.5872676010297768
290 291 0.9902533313536976
290 330 0.8715560083529879
291 292 0.45252573989336575
291 331 -0.6340359461241682
292 293 0.06088444173240637
292 332 0.007709708960277339
293 294 -0.031003615248593963
293 333 -0.02605101676922672
294 295 0.44197034655859824
294 334 0.5899062096749152
295 296 -0.08499311281173383
295 335 -0.20149908669916572
296 297 0.8309864330510668
296 336 -0.14900168245640466
297 298 -0.7139389385326984
297 337 0.3211727397214885
298 299 0.9388841623942739
298 338 0.3080781563559747
299 300 -0.9529582463927149
299 339 0.07788514672173896
300 301 -0.3288428555831133
300 340 0.9088116783221987
301 302 0.13401649501900614
301 341 -0.6732392197241592
302 303 0.4238214495624142
302 342 0.040212876937629094
303 304 -0.8998981458421158
303 343 0.5295811665280112
304 305 -0.7178776032050014
304 344 0.790901234642549
305 306 0.44727469620010885
305 345 0.8374192386231136
306 307 0.5978504313294017
306 346 0.032029636789928206
307 308 0.22623977033079368
307 347 0.9717030662548147
308 309 -0.3446688600631367
308 348 0.49633342376377865
309 310 0.9225124176262072
309 349 0.14538732985224345
310 311 0.7653795569132338
310 350 0.26261186024207883
311 312 0.617554698963457
311 351 0.9690023035487827
312 313 -0.8774495391981385
312 352 0.53992001932632
313 314 0.36589008915584786
313 353 0.13508621490736994
314 315 0.8432123947436487
314 354 -0.7170817199299084
315 316 0.8669402744336643
315 355 0.8004739157077456
316 317 0.9091463067393977
316 356 0.17822169224599693
317 318 -0.22057333438243965
317 357 0.6500718196219757
318 319 0.9210006263160277
318 358 -0.8742170214681027
319 320 -0.41222316320446106
319 359 0.9617098771706909
320 360 -0.2698734506343141
321 322 -0.9590327744175347
321 361 -0.7665254624399676
322 323 -0.3622595204828498
322 362 0.13657933785453258
323 324 -0.27884024320647516
323 363 -0.5060036945592485
324 325 0.004339566071346779
324 364 0.5577864632031326
325 326 -0.8030740442672075
325 365 0.25667102031763367
326 327 -0.6829284228670378
326 366 0.8963793227108088
327 328 0.30806647414546506
327 367 0.5878846499191355
328 329 0.7784102814658769
328 368 0.47378590981299196
329 330 0.8561389719231063
329 369 -0.7842845800046572
330 331 0.8480798858831846
330 370 0.851303616348583
331 332 0.0541569604146761
331 371 -0.6673278542422527
332 333 -0.3647788139797883
332 372 -0.7504059346800016
333 334 -0.528448860451942
333 373 -0.34039051934046594
334 335 -0.524683318564545
334 374 0.12829361162339015
335 336 -0.3502272882210078
335 375 -0.7211689061656028
336 337 0.4458166981070968
336 376 0.05967953363926237
337 338 -0.3457527205983817
337 377 -0.5412121903036804
338 339 -0.5009022134597423
338 378 0.567257636366004
339 340 0.6016920374391495
339 379 -0.6603606746048392
340 341 0.3258829831127903
340 380 0.7565241097676287
341 342 -0.6337665336385199
341 381 0.9965459729582504
342 343 0.5876549576044561
342 382 -0.6742105117455877
343 344 -0.2927601114121954
343 383 -0.028472202825765125
344 345 -0.1215805971837185
344 384 -0.9256689281410333
345 346 -0.7924901677066418
345 385 0.3129339854865043
346 347 -0.8042255237340108
346 386 0.3281372872049013
347 348 -0.8801605641352523
347 387 -0.2695857249252551
348 349 0.08223308152601083
348 388 0.1794239271379261
349 350 -0.8451651137383223
349 389 0.3937024058927474
350 351 0.08451896318689966
350 390 0.07985673335849586
351 352 -0.4302258457560135
351 391 -0.810838065322435
352 353 -0.27853469155141797
352 392 0.4846077464035141
353 354 0.183226694686752
353 393 0.569270280234238
354 355 0.8026205453652095
354 394 0.3593583076690401
355 356 -0.300200203640659
355 395 -0.12713568288470012
356 357 0.2628499528139201
356 396 -0.9018771664108569
357 358 0.44249926034243736
357 397 -0.7149532387935329
358 359 -0.7218866304167313
358 398 -0.11716252604503263
359 360 -0.17183969110196728
359 399 -0.9545301902357566
360 400 0.24271307975134193
361 362 -0.3672653767749192
361 401 -0.6841753866501261
362 363 0.3173847028661769
362 402 0.15111708211046904
363 364 -0.8940962637831054
363 403 0.6633198790609569
364 365 -0.010872729025881211
364 404 -0.37832449402774904
365 366 0.7929600548552853
365 405 -0.3156043756082927
366 367 0.2849560202793724
366 406 -0.5703660723647013
367 368 -0.9004631946191615
367 407 0.045219087270283786
368 369 -0.2742046639052611
368 408 -0.4435482035641758
369 370 -0.5620247281329276
369 409 -0.9132273328139511
370 371 -0.28649674514400036
370 410 0.6677846674546546
371 372 0.5871814417417494
371 411 -0.579431179589641
372 373 0.4509097984375674
372 412 0.7799920041948811
373 374 -0.8214294938339668
373 413 0.1444714470165107
374 375 0.608669082727509
374 414 0.8952444674984179
375 376 -0.003510834645984229
375 415 -0.25561684680162133
376 377 0.7251115115221554
376 416 -0.6904370601592991
377 378 -0.586814825243269
377 417 -0.8310022954558982
378 379 0.2256432181997221
378 418 0.6628721054398459
379 380 -0.22405573529269707
379 419 -0.1496723731964622
380 381 -0.12921043189478
380 420 0.5928194122077488
381 382 0.5340955384209334
381 421 -0.34682605871363514
382 383 -0.8933366341544036
382 422 0.33840673655392384
383 384 0.2545198882715405
383 423 0.27610091159776773
384 385 -0.21622703272923172
384 424 -0.42141396029709943
385 386 0.170380017773879
385 425 0.38290372590114297
386 387 0.3781295301302148
386 426 0.8828771265060165
387 388 -0.0012006170069964739
387 427 -0.5154447744242041
388 389 -0.5215961524603505
388 428 0.5165179331136374
389 390 -0.08642675592235816
389 429 -0.12953424485474896
390 391 -0.050859881759764525
390 430 -0.595594964932163
391 392 -0.3490491193646754
391 431 -0.009501537599780674
392 393 0.40114706470814276
392 432 0.4222802235578931
393 394 0.10641221105678067
393 433 -0.11002601066312923
394 395 0.33375567019272157
394 434 0.7466541362476911
395 396 -0.3840645553218942
395 435 0.021323895223565925
396 397 0.9008734695929501
396 436 0.778099030220526
397 398 -0.190079688614869
397 437 -0.6096627567010666
398 399 0.7585461844324635
398 438 0.5742189508079409
399 400 -0.9982397261483309
399 439 0.09966038322957971
400 440 -0.8655079363208378
401 402 0.5179591763210107
401 441 0.636550715728287
402 403 -0.3636256120259047
402 442 -0.5639932494589601
403 404 -0.8432403845686802
403 443 0.9043509605884847
404 405 0.678576821203766
404 444 -0.65330995465069
405 406 0.9127578832718395
405 445 -0.16074378573767434
406 407 0.19302850351724898
406 446 -0.5807409677879865
407 408 -0.7163461087878771
407 447 0.20172635884151946
408 409 0.20598655899393647
408 448 -0.0499674002615893
409 410 -0.9917003978759726
409 449 0.2824139862050392
410 411 0.3767448771120676
410 450 0.8258676147279127
411 412 0.5415424216845122
411 451 -0.11092458386565962
412 413 0.3000044386519105
412 452 -0.4193445319397835
413 414 0.9929613113149267
413 453 -0.7514587073239294
414 415 -0.17410153231399694
414 454 -0.6951065819479909
415 416 -0.2418805283345924
415 455 0.5909957458041109
416 417 0.5180517136944733
416 456 0.6983867941918116
417 418 -0.18152238635301932
417 457 0.33399092440635214
418 419 0.05955931333556719
418 458 0.41671988366181045
419 420 0.3216624582354046
419 459 -0.8532487279590315
420 421 0.7103321531051057
420 460 -0.6726801992787819
421 422 -0.1699639785957887
421 461 0.020743396498720923
422 423 0.18944547425460279
422 462 0.23565525102142892
423 424 0.5393454439141001
423 463 0.1952995570669782
424 425 -0.9522583712903594
424 464 -0.8227338003809763
425 426 0.12281464842322287
425 465 0.8797661437590245
426 427 -0.647557782425767
426 466 -0.8061314342465282
427 428 0.9925162286406042
427 467 0.9185817990160627
428 429 0.0902298192151052
428 468 0.24516515192589372
429 430 -0.20635895468857535
429 469 0.9384504042652189
430 431 0.14769212719057845
430 470 -0.6560334246182091
431 432 -0.655555743703133
431 471 -0.09002680623765746
432 433 -0.3655554035498634
432 472 0.6715396104772728
433 434 -0.8171520993309642
433 473 -0.8410991629917177
434 435 0.49128368018987656
434 474 0.21931167158118692
435 436 -0.20761778937866504
435 475 0.18937140631410587
436 437 0.07129134000130133
436 476 -0.09090035352438264
437 438 0.21382603493037444
437 477 -0.835355924153667
438 439 -0.42433176536833717
438 478 -0.19666833647659643
439 440 0.4932938167007479
439 479 0.31713493333828313
440 480 0.4316919838218287
441 442 -0.31075101808156513
441 481 -0.36240240627513276
442 443 0.6898770617443515
442 482 -0.3956706244247785
443 444 0.41229525565546754
443 483 0.8230656935381664
444 445 -0.4434468604612647
444 484 -0.031704234884575966
445 446 0.0714875877093879
445 485 0.9534617680785029
446 447 -0.19612613791172717
446 486 0.190449967935316
447 448 -0.7751168535762034
447 487 -0.7364302460139138
448 449 0.9750912139223094
448 488 -0.4078383286482419
449 450 -0.18295382523654036
449 489 0.13108561573719757
450 451 0.4711316940568837
450 490 0.666116771425582
451 452 0.49840121473267773
451 491 -0.2819158737069589
452 453 -0.12647824345671999
452 492 -0.6244555216988164
453 454 0.44061356794700846
453 493 0.0551218753794418
454 455 0.4559255662311703
454 494 0.228271049465969
455 456 -0.8942166212675777
455 495 -0.617388723090371
456 457 0.44166039570592797
456 496 -0.6730934263557204
457 458 0.629580335376416
457 497 -0.36281521620881296
458 459 -0.6267424970863258
458 498 -0.623641826778758
459 460 -0.8968007257744572
459 499 -0.6498330687652456
460 461 0.9097430061887455
460 500 -0.7823930943723552
461 462 -0.43376117959569926
461 501 -0.4129471965703073
462 463 0.5887041264230983
462 502 -0.5162054872338502
463 464 -0.5730889951922082
463 503 0.4709670678915119
464 465 0.6130333113396609
464 504 -0.12619584575758425
465 466 0.75463319959359
465 505 -0.22990581573619395
466 467 0.9246084759910513
466 506 -0.40851489188177603
467 468 0.8767455425463573
467 507 -0.5626955313592288
468 469 -0.08785669383397843
468 508 0.6595092471414445
469 470 0.007872523917391572
469 509 0.3295532717327916
470 471 -0.33450297551055397
470 510 0.1458788712021586
471 472 -0.3616162967800638
471 511 0.6462990745223167
472 473 0.33429430611563093
472 512 0.6573532189411666
473 474 0.7304173355988832
473 513 -0.36269107534480294
474 475 -0.8570558525325287
474 514 0.3382068211249616
475 476 0.7650252156195687
475 515 0.7350742243310866
476 477 0.7682828130291246
476 516 0.9229519935940194
477 478 -0.7324468866869216
477 517 0.8165627261193649
478 479 0.9982394937117043
478 518 -0.6805128944005936
479 480 -0.25735722989820076
479 519 -0.7999371790951126
480 520 -0.9085133412996305
481 482 -0.7766775360106792
481 521 -0.8320937133558859
482 483 -0.12355865824531254
482 522 -0.8171708261486996
483 484 0.6288817418301011
483 523 -0.618556774294228
484 485 0.7197423719347811
484 524 -0.7695759562920768
485 486 0.4200669866722393
485 525 0.011018550639423585
486 487 0.2205360491025794
486 526 -0.7841247017196078
487 488 0.08110064908234338
487 527 0.8939908791149225
488 489 0.8416125824502112
488 528 -0.5309320234747574
489 490 0.737563581292672
489 529 -0.4267625914127817
490 491 0.6004331106677587
490 530 0.15721941014401652
491 492 0.9299062000354164
491 531 0.005378018306622545
492 493 0.8741284420498419
492 532 -0.49877718103778723
493 494 -0.3443420251736913
493 533 -0.33430610472929834
494 495 -0.014410498854638076
494 534 -0.21750614363142562
495 496 0.9131851040234955
495 535 -0.3063780592855476
496 497 0.28590285463646237
496 536 0.6560968006796992
497 498 -0.8848425591656801
497 537 -0.5591615532643075
498 499 -0.8321410569597711
498 538 0.7404320594353835
499 500 0.07635729557795767
499 539 -0.14064250323861005
500 501 0.15490013724586515
500 540 -0.21100382759683645
501 502 -0.543128200462218
501 541 -0.5643518873634061
502 503 0.8685976404822677
502 542 0.7719907583705024
503 504 -0.7638902916743424
503 543 0.7381667202217546
504 505 0.7859115590400014
504 544 -0.7169425709780586
505 506 -0.20112563780562986
505 545 -0.5766464608123689
506 507 -0.31573344483742094
506 546 -0.842573731784392
507 508 0.7428574362501423
507 547 0.14038833939858542
508 509 0.11087926612735477
508 548 0.140268309904106
509 510 0.9748008146110456
509 549 0.788686384986617
510 511 0.47132370693468517
510 550 0.5594492833016182
511 512 0.3609534434267354
511 551 -0.33321218059278923
512 513 -0.183098916739032
512 552 -0.6992676262494846
513 514 -0.3928311698601581
513 553 -0.8416550576338575
514 515 0.016072761199916963
514 554 -0.6049404941133132
515 516 -0.2755561916244733
515 555 -0.6582417332369319
516 517 -0.96238908008208
516 556 0.16711946920271958
517 518 0.4039411787332945
517 557 -0.013080806149898816
518 519 0.6358183345942514
518 558 -0.8310021062455124
519 520 0.1999638446927383
519 559 0.005520505154020583
520 560 -0.28715513818052507
521 522 0.4254518713776858
521 561 0.19908679251531103
522 523 -0.39804166031813226
522 562 -0.8286103879732265
523 524 -0.648193036548085
523 563 0.9227755435141483
524 525 -0.3226230592479604
524 564 0.06448035821349363
525 526 0.5091160332469273
525 565 -0.053385344863702056
526 527 -0.6148661789619181
526 566 -0.08350408230799489
527 528 -0.942789183224022
527 567 -0.8011992611678689
528 529 0.6027162155698607
528 568 0.7307682540155145
529 530 -0.5107956882202014
529 569 0.6426186102264368
530 531 0.3930944610174596
530 570 -0.8487752570522022
531 532 -0.18770136803586746
531 571 -0.17028058224155584
532 533 -0.2945250563281985
532 572 0.29585546817128794
533 534 0.9725167707031366
533 573 -0.7830088773234742
534 535 -0.9439450847795376
534 574 0.840930040638096
535 536 -0.8750157466678845
535 575 -0.5398236283600717
536 537 -0.6507712614129082
536 576 0.9512106921080354
537 538 -0.7498458525216374
537 577 -0.19256937770757743
538 539 0.02009042911556813
538 578 -0.7395290049585721
539 540 0.9343682815250696
539 579 0.04660093477817551
540 541 0.4344254470893949
540 580 -0.3891891253664752
541 542 -0.6551022581297647
541 581 0.7327447077704441
542 543 0.8076285586663261
542 582 0.5602774057350384
543 544 0.9596996019532229
543 583 0.6037834985580472
544 545 -0.29938514137157024
544 584 0.8822964493929741
545 546 0.801688063911276
545 585 -0.41420935166265616
546 547 -0.3340002924300123
546 586 -0.48118441222765673
547 548 -0.16343037630704815
547 587 0.40373417351656493
548 549 0.3136916623276176
548 588 0.004405897190943309
549 550 -0.4466978423635104
549 589 0.34773263229189055
550 551 -0.8250715850190917
550 590 -0.3521319797057716
551 552 -0.7346982323659064
551 591 -0.22696111386299056
552 553 0.18741681567836332
552 592 -0.6038355518166334
553 554 -0.9846169953981052
553 593 -0.7582885625735389
554 555 -0.45097070919028637
554 594 0.7514853067469605
555 556 -0.5268379766435127
555 595 -0.7764310644807007
556 557 0.7098952940648391
556 596 0.8677376004416897
557 558 0.10555592757219001
557 597 0.8582720334003127
558 559 0.996009524982705
558 598 0.1341618287217441
559 560 -0.7819401899652363
559 599 -0.6914842207324838
560 600 -0.5642424257062402
561 562 -0.8886526408298432
561 601 -0.04040543668113927
562 563 -0.31257338607939134
562 602 0.41860203554287145
563 564 -0.4179240483933433
563 603 0.5812270519460163
564 565 0.3566991178157788
564 604 -0.7896118615217296
565 566 0.44314796293491043
565 605 -0.5553018444653888
566 567 0.03231501293134076
566 606 0.7144885538625063
567 568 -0.5960810712781688
567 607 0.629386140333615
568 569 -0.6221760246988282
568 608 -0.1123289434838024
569 570 -0.9503407487856139
569 609 0.8519577717510014
570 571 -0.23072026236501264
570 610 0.6094089019164648
571 572 -0.3915790166815927
571 611 0.3440544489046329
572 573 0.47341060233189025
572 612 -0.0976206466287497
573 574 0.1772758717436178
573 613 0.07415052930426613
574 575 -0.23639898185250052
574 614 -0.909914708395821
575 576 -0.8508296283557868
575 615 0.9520759975087287
576 577 -0.3778110707520579
576 616 -0.6622622650700465
577 578 -0.9376358439979215
577 617 0.49867796493147254
578 579 0.8050264750390874
578 618 -0.027483062027313654
579 580 0.7793275816947187
579 619 -0.6273160322108153
580 581 0.2736829722847467
580 620 0.3944091126998712
581 582 0.5201869569442759
581 621 0.9663715863253317
582 583 -0.4701095604474257
582 622 0.7098200983835443
583 584 -0.11724335904288563
583 623 -0.2296190453815854
584 585 0.1527261460436764
584 624 0.8086105185463963
585 586 0.9660938647611723
585 625 -0.9826149625946643
586 587 -0.3610267339507405
586 626 0.128256181499101
587 588 0.04034414186241464
587 627 0.4957056246143523
588 589 0.4549613814097755
588 628 -0.4218689105451101
589 590 0.08758369725709425
589 629 -0.5970957137458794
590 591 -0.0457183328128028
590 630 0.4956024830501229
591 592 0.9808787319763554
591 631 -0.8897350212405131
592 593 0.2679816086423772
592 632 0.40106540687350045
593 594 -0.18699106251003483
593 633 0.1837890628887202
594 595 -0.2423224354726814
594 634 0.41310370137119556
595 596 0.48496037115307766
595 635 0.3671298489081576
596 597 -0.3613456475580399
596 636 0.8421205236187246
597 598 -0.19862154789336017
597 637 0.8737224036488092
598 599 -0.46800512970053165
598 638 0.038570069425048814
599 600 0.38173972669755707
599 639 -0.7856455500567112
600 640 -0.5884409173319558
601 602 -0.1966470387386956
601 641 0.695957995093949
602 603 0.9479365115305183
602 642 0.2504496801426406
603 604 -0.6584197043436699
603 643 -0.4018195394160293
604 605 0.5105672654478901
604 644 0.11384219108989746
605 606 -0.8462089011336373
605 645 0.19831445206545828
606 607 0.15346394999486845
606 646 0.623036870855818
607 608 -0.5194289068716147
607 647 -0.45595596775877945
608 609 0.42199525762175716
608 648 -0.17597586524509
609 610 -0.30599619527060784
609 649 -0.9331555727242018
610 611 -0.8141238787183105
610 650 -0.3398211501855575
611 612 -0.6524049943304091
611 651 -0.6918225130764923
612 613 -0.7247993600852247
612 652 -0.18011109621802723
613 614 0.8873353062508205
613 653 -0.5931587861343512
614 615 -0.7931564153559543
614 654 0.18002550647834803
615 616 -0.38693379172974574
615 655 -0.6674573738511926
616 617 0.27184404057651324
616 656 -0.9513922956135674
617 618 0.1350894822259341
617 657 0.5518046242652856
618 619 -0.6570107095969491
618 658 -0.8708799502584277
619 620 -0.958079873668896
619 659 0.6976286805900702
620 621 -0.8622183484384076
620 660 0.19590470664880266
621 622 0.2489688149728615
621 661 -0.6512651026822198
622 623 0.8971123085829669
622 662 0.912196696962376
623 624 0.7792653215513161
623 663 -0.9588583711124457
624 625 0.7330184194920377
624 664 0.15143488577262554
625 626 0.9839188034167445
625 665 -0.39943525036551697
626 627 -0.7118345248564799
626 666 -0.7569043160784834
627 628 -0.9571872378772057
627 667 0.48761457972816724
628 629 0.5245041964348143
628 668 0.4991086885779368
629 630 0.62486230147156
629 669 0.8766319716858959
630 631 0.9507935515000792
630 670 -0.42866825802888164
631 632 -0.8649469154898288
631 671 -0.47498975319936276
632 633 -0.4399684779551538
632 672 -0.43726500671604684
633 634 -0.15270829699863997
633 673 -0.6550576456060566
634 635 -0.11451506673006762
634 674 -0.9582454397582951
635 636 -0.1001515744662258
635 675 0.178742839397392
636 637 0.560404960854906
636 676 -0.47020822107529203
637 638 0.7747835401573988
637 677 0.39195720000435075
638 639 0.48795891947509373
638 678 -0.6532976096440153
639 640 -0.9465663175923629
639 679 0.13147663514655483
640 680 0.34328084164114325
641 642 0.4356983586797576
641 681 0.20412810249764912
642 643 -0.4613929196429112
642 682 0.31341761237732446
643 644 0.3469802874403911
643 683 -0.5031606355137086
644 645 0.034288798518317565
644 684 -0.2382590766556374
645 646 0.047368078766868216
645 685 -0.07862772895796666
646 647 -0.26058559492162114
646 686 -0.6245486116051562
647 648 -0.14126410331932115
647 687 0.7136152077167879
648 649 -0.7851235542345592
648 688 0.5351028540997687
649 650 -0.5662617825032283
649 689 -0.8382316803554042
650 651 0.25258369294900196
650 690 -0.09971541292928277
651 652 0.9273973021745754
651 691 -0.5802140399601605
652 653 0.6330890110364482
652 692 -0.44061352760753625
653 654 -0.9407470877988662
653 693 0.7724631060161575
654 655 -0.92887581511536
654 694 0.5280933541073267
655 656 -0.7969954547500107
655 695 0.6452731588988396
656 657 0.2008909779882757
656 696 -0.14228787161413403
657 658 0.8274303816408013
657 697 0.7763554242455684
658 659 -0.8351686314593207
658 698 0.11767353506855915
659 660 -0.09672678761863085
659 699 -0.8028487528169126
660 661 0.06517619316526613
660 700 -0.27017120300769526
661 662 -0.0033766319554784374
661 701 0.8135980125041686
662 663 0.7803935766556462
662 702 0.5424558627125511
663 664 0.7960974641090224
663 703 -0.44992174992918454
664 665 0.38457169856989837
664 704 0.8899403170075497
665 666 -0.5403396465602721
665 705 -0.8697753026492585
666 667 0.0759851738172923
666 706 0.9763309437501242
667 668 -0.596218890506369
667 707 0.39047201748872973
668 669 -0.3550164973761667
668 708 -0.8276207712748078
669 670 0.11110692805450917
669 709 0.4552011201894208
670 671 0.9693821311310336
670 710 0.34376225403630034
671 672 -0.7451695039442772
671 711 0.16883440709644382
672 673 -0.6031172631385235
672 712 -0.7840724701076327
673 674 -0.1461263231183243
673 713 0.062274105994658324
674 675 -0.7838561572592517
674 714 0.9653904428165576
675 676 -0.8604245747498911
675 715 -0.898940184631021
676 677 -0.8863102918356771
676 716 0.09961198478816136
677 678 0.49478584774159007
677 717 0.18082183793374162
678 679 -0.10105792895266785
678 718 0.623365191723851
679 680 -0.06348379738310683
679 719 0.7925764047467092
680 720 -0.2673860242552837
681 682 0.1047676430109945
681 721 0.898204795493275
682 683 0.2539956383826214
682 722 0.6513044581445004
683 684 0.5037343383257087
683 723 0.7585121261047976
684 685 -0.37070575973929
684 724 0.7810092415777687
685 686 -0.765045141888248
685 725 0.8690879261156046
686 687 -0.4406170062246506
686 726 -0.9500509161090356
687 688 -0.4394641569335114
687 727 -0.05655955402690371
688 689 -0.0267428992232579
688 728 -0.6310079229379348
689 690 0.689559749103686
689 729 -0.8889239958654693
690 691 -0.8553176775053202
690 730 -0.6578907125268045
691 692 0.6210572322172301
691 731 -0.8340535407371792
692 693 -0.18297700030996844
692 732 -0.45323065940512164
693 694 -0.34994528185497376
693 733 -0.1812926902736931
694 695 0.4850468049923282
694 734 -0.9902797207094158
695 696 0.11844622142131733
695 735 0.800840569994387
696 697 0.9025258823663045
696 736 -0.41517496804973275
697 698 -0.4125148515652257
697 737 -0.7603362336412252
698 699 -0.26058023312064926
698 738 0.677380476905814
699 700 0.1433746688543931
699 739 0.1400358695986419
700 701 -0.703672022709215
700 740 -0.7744097438618094
701 702 0.2271686638725101
701 741 0.6346705912380333
702 703 -0.5599767993250158
702 742 -0.684370368154936
703 704 -0.25901455999768697
703 743 -0.40577625565724373
704 705 -0.5045970503325938
704 744 0.6399818053008721
705 706 0.5760003565204006
705 745 -0.12713928235159044
706 707 0.5125040125722031
706 746 -0.20997561945473486
707 708 0.6078878508750638
707 747 0.8602654464364012
708 709 0.38874044585888945
708 748 0.3554272999358956
709 710 0.741572243094514
709 749 -0.5686839347172219
710 711 0.07264847939809482
710 750 -0.7343403386831753
711 712 0.210123949857405
711 751 0.7030688759516515
712 713 -0.30423521833980427
712 752 0.7876086262817077
713 714 -0.1976802149902288
713 753 0.6120137863537904
714 715 0.33051195214971285
714 754 -0.41177051981607926
715 716 -0.5605484305222255
715 755 -0.8372407928828298
716 717 0.45560189961954634
716 756 0.7018560212023579
717 718 -0.5660504682180207
717 757 0.5880706549253398
718 719 -0.6467214239570127
718 758 -0.8314822033537508
719 720 0.13263066226793008
719 759 -0.930412982601988
720 760 -0.4890676246703787
721 722 0.9733466607169372
721 761 -0.3238919007009444
722 723 0.06738796379270684
722 762 0.8222433296014537
723 724 -0.3592551006216367
723 763 -0.4025842472682166
724 725 0.987552938777684
724 764 -0.64957027048992
725 726 -0.7765231135110042
725 765 0.9349299106711857
726 727 -0.27173792265035623
726 766 0.27100075708146654
727 728 -0.05006960369458957
727 767 -0.0008265370193671906
728 729 -0.8973864544644061
728 768 0.04136175578070511
729 730 -0.8931394476576988
729 769 0.2299447257115188
730 731 0.3321061136620398
730 770 0.09609799037855349
731 732 0.1889619413979946
731 771 -0.7890499632017427
732 733 -0.26113925249982417
732 772 -0.3288692155123787
733 734 -0.760277636136403
733 773 -0.5476347714957661
734 735 0.2885718947600251
734 774 -0.3872263442056183
735 736 -0.2231177838840943
735 775 -0.15580110894296872
736 737 -0.029562051395833455
736 776 -0.957153784825254
737 738 -0.25783711110603624
737 777 0.7265337227435948
738 739 0.5517621817663387
738 778 0.10885208445415673
739 740 -0.46133587765039175
739 779 0.7678586196233859
740 741 0.46899722980546676
740 780 -0.07675536226469282
741 742 -0.5116032093171183
741 781 -0.7172401373551955
742 743 0.0860060597192085
742 782 0.7942680290295951
743 744 -0.20859056524373676
743 783 0.44609614798232444
744 745 0.7322536600461256
744 784 -0.8699605267379547
745 746 0.16515286240733484
745 785 -0.186388943808381
746 747 -0.5189034972566446
746 786 0.6225550503577417
747 748 -0.718924158533127
747 787 0.31927722350942744
748 749 -0.9647595470652648
748 788 0.23096409518238037
749 750 -0.8889087710480617
749 789 -0.47796277157725053
750 751 -0.9436668336400795
750 790 0.5062443831431773
751 752 -0.8254153636281376
751 791 0.6532394584366121
752 753 0.9381123235931814
752 792 0.49794571373468166
753 754 0.15087448233123157
753 793 0.040121846605630784
754 755 -0.8765982713965277
754 794 -0.6232626758112632
755 756 0.3677999971361994
755 795 0.5505205928170624
756 757 -0.5614195342403376
756 796 0.7561809616291051
757 758 -0.696783410703737
757 797 0.236645863151562
758 759 0.831194153700582
758 798 0.9732969233369169
759 760 -0.8155358440785623
759 799 0.3415637512452223
760 800 -0.40761097139000246
761 762 -0.5202506418950532
761 801 0.5928715079758924
762 763 -0.16899266155031945
762 802 -0.4279106610096206
763 764 -0.94453467848329
763 803 -0.1546800507072983
764 765 -0.5769976437277524
764 804 0.33406818834261287
765 766 -0.36376178528680736
765 805 -0.4363400853437214
766 767 0.6839443707660284
766 806 -0.5304133067564916
767 768 -0.10828618437069437
767 807 0.6101813428909915
768 769 -0.4153854337387668
768 808 0.6265878323665701
769 770 -0.5800552110383397
769 809 -0.3308731052407987
770 771 0.17697047365154184
770 810 0.8135976372553233
771 772 -0.2790865797055495
771 811 -0.3313006959251408
772 773 -0.043185551562506364
772 812 0.6582343130834087
773 774 -0.5480641458711988
773 813 0.3633172138727001
774 775 -0.41843164968351565
774 814 0.7124736069981903
775 776 0.045958767685314816
775 815 0.25838867912989305
776 777 -0.1301126528821508
776 816 0.2752789867573404
777 778 0.7550956333806653
777 817 0.2354063429515989
778 779 -0.277284352851789
778 818 0.5060591217940504
779 780 0.6566939462390227
779 819 -0.08846237528307577
780 781 0.7767012635543347
780 820 -0.43124650866719705
781 782 0.9328759961272517
781 821 -0.014977201869285528
782 783 0.04317701479936642
782 822 0.047673954829853704
783 784 0.9925596180316012
783 823 -0.1873016454083387
784 785 -0.3261264430626536
784 824 0.005506168466910877
785 786 0.7433402521038082
785 825 0.24829358904635845
786 787 0.7760194413383472
786 826 0.17815809564112417
787 788 -0.520823430946981
787 827 0.31440194755080264
788 789 0.5446894664211865
788 828 -0.16709308703434878
789 790 0.5070553978226069
789 829 0.6946664796163304
790 791 0.3750808135145254
790 830 0.5655749332673075
791 792 0.15558669594688923
791 831 0.45205658869113874
792 793 -0.2695343724309023
792 832 0.6178657139803319
793 794 0.6242101034922336
793 833 0.2919441710794759
794 795 -0.5101668325647355
794 834 -0.32474195664309136
795 796 -0.6452666906267512
795 835 -0.13102771893458032
796 797 -0.38423960190763085
796 836 0.468129917265129
797 798 -0.09336659308005668
797 837 0.11010081333742971
798 799 0.5778148416729021
798 838 0.17078984247713724
799 800 0.5250897031848119
799 839 -0.35050925238815744
800 840 0.4033987785397706
801 802 -0.8726271384506892
801 841 -0.2707687140079178
802 803 0.03801548317531789
802 842 0.8449004765417398
803 804 -0.8691068345796102
803 843 0.14931188760121894
804 805 0.5291257968933749
804 844 0.6459316118575644
805 806 0.879978443314464
805 845 0.9211873382931166
806 807 0.4115334211017625
806 846 0.5048790908153482
807 808 -0.6002079045599669
807 847 0.008789346187282998
808 809 -0.6849122476143317
808 848 -0.9672208456108169
809 810 0.5726386849875711
809 849 -0.14918188952217992
810 811 0.8658666953924745
810 850 -0.41209468423692086
811 812 0.22586063245612498
811 851 -0.991933523764297
812 813 0.6329637134228596
812 852 -0.654743812464067
813 814 -0.7305486582235985
813 853 -0.6184430752097261
814 815 -0.8570151576969918
814 854 -0.16597392659042431
815 816 0.034540966946718266
815 855 -0.4986988503947234
816 817 -0.6502367648801799
816 856 -0.3172413087835073
817 818 -0.2911754766474295
817 857 0.1656349165071549
818 819 0.6243532676316275
818 858 -0.04332819102475716
819 820 -0.5273086825402493
819 859 -0.40988287358952147
820 821 0.6154174248245994
820 860 -0.6761713301104866
821 822 0.7712044944562839
821 861 0.12789613207646933
822 823 0.4142783324174817
822 862 -0.7564936693707627
823 824 -0.5447879238123614
823 863 -0.42001139509021757
824 825 0.5101231161480078
824 864 -0.14213314403987676
825 826 0.6395235993673054
825 865 -0.32234394754220386
826 827 0.07585640254531434
826 866 -0.5270426995827815
827 828 -0.9359752325713373
827 867 0.23223922872322933
828 829 -0.9299567019488713
828 868 -0.14697881665740642
829 830 -0.7542508040126761
829 869 0.019689111767807077
830 831 -0.13549668964600325
830 870 -0.19494407816078896
831 832 0.43405725278984586
831 871 -0.40348790465830464
832 833 -0.3639426847712517
832 872 0.2728902201396226
833 834 0.5007236535408499
833 873 0.9074660027323243
834 835 0.8655266454923929
834 874 -0.7739138674724784
835 836 0.6793277865733807
835 875 0.9953761354053388
836 837 0.40253648605095327
836 876 0.22357857070437315
837 838 0.913650358299144
837 877 -0.06884600071718339
838 839 -0.26511863492426135
838 878 -0.7038612229707752
839 840 0.6176362819174483
839 879 -0.4068342785457493
840 880 -0.8589585093414904
841 842 -0.8599543947509951
841 881 -0.36126458589818
842 843 0.44782252523922805
842 882 -0.012173997732988218
843 844 0.375872493742875
843 883 0.13661166185581486
844 845 -0.39510892355175
844 884 -0.5817993887242978
845 846 0.40132280754900673
845 885 0.9104700818687455
846 847 0.38243795542216774
846 886 0.9267572518761291
847 848 -0.7379484827148017
847 887 0.7426839735068722
848 849 0.8153467493226636
848 888 -0.16454993289831465
849 850 0.4587610907078765
849 889 -0.43634347247595184
850 851 0.7698774531912711
850 890 0.046685402961635925
851 852 -0.44631680251820227
851 891 0.5227887969353642
852 853 -0.5259560031839143
852 892 -0.31219000160760046
853 854 -0.19654508601983833
853 893 -0.197359410843168
854 855 0.9095572046586531
854 894 -0.8267571438189212
855 856 0.11435232258296768
855 895 0.890954586349431
856 857 0.4761583481566183
856 896 -0.16164306482262192
857 858 -0.5102106435763178
857 897 -0.7749222089781327
858 859 0.3493992931940304
858 898 0.6261731283160457
859 860 0.8032819022304996
859 899 -0.19080771292136922
860 861 -0.44667058888225886
860 900 -0.8425169001069868
861 862 -0.36517510603406
861 901 0.408460617702175
862 863 -0.10051498973847228
862 902 -0.32092520104443367
863 864 0.19159650142958018
863 903 0.3960284932384257
864 865 -0.0186587259513471
864 904 -0.9666341865406265
865 866 0.5749692223047354
865 905 -0.7656589416572248
866 867 0.8154783248143278
866 906 -0.47960478221408986
867 868 0.5623216687532977
867 907 0.7484450768999735
868 869 -0.13357645506205307
868 908 -0.14209917321393073
869 870 -0.2766974682319696
869 909 -0.6143232665211082
870 871 0.31101692844535433
870 910 -0.9002467124007258
871 872 0.3593920044932828
871 911 -0.9124467540454382
872 873 0.12382501193380091
872 912 -0.9247286198405213
873 874 -0.12460636860351015
873 913 0.5929802413000034
874 875 0.15273651627478446
874 914 -0.3126250395675845
875 876 0.0645885199380829
875 915 0.12488781541928362
876 877 -0.4605063627845005
876 916 0.9238405485682304
877 878 0.43577683549000157
877 917 -0.9678977024138389
878 879 0.8814351866135275
878 918 0.6512356853558015
879 880 -0.8004133028545153
879 919 -0.16662999915245758
880 920 0.43253913157291835
881 882 -0.8592348097860862
881 921 -0.4194726657293759
882 883 -0.005007294503475146
882 922 0.2974443965694009
883 884 0.20745309478552376
883 923 0.19930020849236785
884 885 -0.8548615116751646
884 924 -0.24733546614108426
885 886 -0.6500438557976556
885 925 0.7132833212716274
886 887 0.15976554490174477
886 926 -0.11288789790212062
887 888 -0.15008236265049613
887 927 0.9960735528336002
888 889 0.7073198760013075
888 928 0.14058939753087363
889 890 -0.7378328140527142
889 929 -0.8639449802253094
890 891 0.2858453007133097
890 930 -0.7978463623739549
891 892 0.5176902587389685
891 931 0.5793567935884703
892 893 0.36078951619947364
892 932 0.47129697535466897
893 894 -0.9023107062729878
893 933 0.9967229186915139
894 895 0.21483819297459728
894 934 -0.48430212335875256
895 896 0.1163526969750408
895 935 -0.12495847037228991
896 897 -0.505091256605813
896 936 -0.7043596425200909
897 898 -0.9543734730612803
897 937 -0.9354912657888244
898 899 -0.2350811234977077
898 938 0.09895691251805783
899 900 0.1714399838118521
899 939 -0.6823701040555683
900 901 0.6791030412381054
900 940 0.7529829204462439
901 902 -0.06946768945277526
901 941 -0.6977108434451547
902 903 -0.46680367531084865
902 942 -0.5412248496290863
903 904 0.36206206022860554
903 943 0.19464219437455554
904 905 -0.6749901513499159
904 944 -0.2799873493701124
905 906 0.90911195666766
905 945 -0.8606571864342472
906 907 -0.08428099271450806
906 946 0.2780582925938677
907 908 -0.7517712017684486
907 947 -0.869363770668018
908 909 -0.23444799001452465
908 948 -0.1264629557475645
909 910 -0.6404024077910204
909 949 -0.062052115748766346
910 911 -0.6616739551442754
910 950 0.07454394654415886
911 912 -0.06704645543674381
911 951 -0.1315943873868186
912 913 0.4185345041982309
912 952 0.6451306526165035
913 914 -0.7163132411800037
913 953 0.6803173046838089
914 915 -0.3278736005935565
914 954 0.39669873353363383
915 916 0.16995540392985387
915 955 -0.18233165630665416
916 917 0.20245751605321094
916 956 -0.77512434024924
917 918 -0.3060586368917595
917 957 -0.7449787346181449
918 919 -0.8132555000752526
918 958 -0.6667230448538204
919 920 -0.27186069193804574
919 959 -0.18228989893358793
920 960 0.1477172785171328
921 922 0.5802022468675789
921 961 0.8108006416001436
922 923 -0.10445767926857741
922 962 0.10127894190473774
923 924 0.8052948580380497
923 963 0.06205881182787887
924 925 0.12496947157233151
924 964 0.7451026980615667
925 926 0.2363974934945141
925 965 -0.40888150230681464
926 927 0.07359754502980498
926 966 -0.9904763257546869
927 928 0.32655977373869494
927 967 -0.5918461424678481
928 929 0.7617794299638805
928 968 0.8766851476256128
929 930 0.6768459887852059
929 969 -0.7558031039406687
930 931 -0.19695907878415952
930 970 0.8974785812687727
931 932 0.15373259214047552
931 971 0.508508540253872
932 933 0.4713324243260959
932 972 -0.567717708736754
933 934 0.683850218632565
933 973 0.5572637180356705
934 935 -0.5406100927263287
934 974 -0.3252282735965182
935 936 -0.8550144697057167
935 975 0.9694479799342623
936 937 -0.9644130524428371
936 976 0.5462851902428385
937 938 0.8311629374617966
937 977 0.14298527834019303
938 939 -0.5739041628535735
938 978 -0.11381425129166
939 940 0.1906315809481096
939 979 0.9573930112156712
940 941 -0.12294906259561467
940 980 -0.31570514159472873
941 942 0.5606570508126103
941 981 0.9927512040040074
942 943 0.6238547214806969
942 982 0.9415360623964495
943 944 0.4094959525473516
943 983 0.29328408745308976
944 945 -0.05147624384434901
944 984 0.9414734282375978
945 946 0.18112526921502758
945 985 -0.501345212280446
946 947 0.840092888387858
946 986 -0.5784729959205122
947 948 -0.8468452637797879
947 987 0.4069264415027323
948 949 -0.5618480912748989
948 988 -0.7590796058881677
949 950 0.167742568578664
949 989 0.4465406065161548
950 951 0.34975701205130183
950 990 0.6834022475259744
951 952 0.287941902863758
951 991 0.35808471279312926
952 953 -0.7703400122308948
952 992 0.7430446730758162
953 954 -0.7646336623020953
953 993 0.5912004859571938
954 955 -0.9577376394815438
954 994 -0.3178888394977353
955 956 0.453680850583845
955 995 0.7812450704497669
956 957 0.009242991309011517
956 996 -0.44424163993157606
957 958 -0.3808403340536153
957 997 0.36508863209142417
958 959 0.5786337830295416
958 998 0.14490612811655734
959 960 0.559176424439535
959 999 0.5993064810244773
960 1000 0.44706877216290875
961 962 0.5852427701598524
961 1001 0.12363742028975677
962 963 0.9423504072619895
962 1002 0.8648274378772749
963 964 0.7227853748266888
963 1003 -0.2960568121920122
964 965 -0.9339111659010499
964 1004 -0.8206893720001762
965 966 0.19286522177812393
965 1005 -0.7814171154495604
966 967 -0.9865545058344771
966 1006 -0.01279848994028665
967 968 0.8496861122602379
967 1007 -0.41280958291040193
968 969 -0.8313202197954621
968 1008 -0.44191126960189786
969 970 -0.8429244248744048
969 1009 -0.6858860275773606
970 971 0.8784280971329057
970 1010 -0.16941013751740708
971 972 -0.1303808859905693
971 1011 -0.36935873707536593
972 973 -0.5538533504870895
972 1012 0.9751089968413278
973 974 0.40406133933431465
973 1013 -0.20734829771915586
974 975 0.42522127824573297
974 1014 -0.16243858153620838
975 976 -0.9572955495979554
975 1015 -0.9857230822875114
976 977 -0.08027226576270952
976 1016 -0.4211754516859796
977 978 -0.2137375946183333
977 1017 0.6268134801120213
978 979 -0.4499826296709557
978 1018 -0.74674390486213
979 980 0.7922312944886478
979 1019 -0.21124080068350337
980 981 0.6589105457958027
980 1020 -0.09693872125825087
981 982 0.6942182720038355
981 1021 0.3423660358685148
982 983 0.5222245946992776
982 1022 0.9028926269692283
983 984 0.7381403382992722
983 1023 0.3075706255637902
984 985 -0.38593182153002004
984 1024 0.47102510592564073
985 986 -0.4047508603158727
985 1025 0.024893501344854352
986 987 0.7887744033123532
986 1026 0.621484762741283
987 988 0.4116326021008223
987 1027 0.6020219918017151
988 989 0.8199380171270438
988 1028 -0.7934718835148598
989 990 0.6630708349808068
989 1029 -0.4530657012149346
990 991 -0.21968969121182869
990 1030 -0.35926821428707445
991 992 0.08386672162116171
991 1031 -0.4403756230671716
992 993 -0.4702070941774321
992 1032 -0.30886745786469283
993 994 -0.6504472677354909
993 1033 -0.5580000951712549
994 995 -0.17499267187513845
994 1034 -0.5286539484294146
995 996 -0.39697002033588524
995 1035 0.655773118753169
996 997 -0.18723441576145938
996 1036 -0.23944953873807706
997 998 -0.12728998148055193
997 1037 0.764305299396125
998 999 -0.36715491156121804
998 1038 -0.3584185686038994
999 1000 -0.62720381220343
999 1039 -0.2591018348377747
1000 1040 0.6562825473347975
1001 1002 0.23203677014530277
1001 1041 -0.27703291559359644
1002 1003 0.6813708607772897
1002 1042 -0.7459034777772013
1003 1004 -0.7187482294930387
1003 1043 -0.5562458179288752
1004 1005 0.30629024972823005
1004 1044 0.34264211765422714
1005 1006 0.5839796016152221
1005 1045 0.283754648513836
1006 1007 -0.24681399774023327
1006 1046 -0.7300377899656934
1007 1008 0.2768008405264901
1007 1047 0.5303780818339434
1008 1009 -0.6336923744440088
1008 1048 0.9132411869554975
1009 1010 0.04305059648584164
1009 1049 0.3767429026417395
1010 1011 -0.507629834941955
1010 1050 0.9198821622748168
1011 1012 0.6234561479619591
1011 1051 -0.2061162054369896
1012 1013 0.17608373039007508
1012 1052 0.5237017218600737
1013 1014 0.3357989524330498
1013 1053 0.6799780338349077
1014 1015 0.42961377510628473
1014 1054 0.8383271163048047
1015 1016 -0.33114215822941473
1015 1055 0.8449268938093795
1016 1017 -0.824400129340702
1016 1056 0.43205163028000415
1017 1018 0.16161742514303845
1017 1057 -0.7228122549741567
1018 1019 0.620420463758349
1018 1058 0.25075198922466724
1019 1020 -0.48789098654530827
1019 1059 0.15800821299692225
1020 1021 -0.6457845914758034
1020 1060 0.1243881645875986
1021 1022 0.5666467639120449
1021 1061 0.5942239384976
1022 1023 0.039800028213008876
1022 1062 -0.305797070925355
1023 1024 0.9660585016458838
1023 1063 0.2873862311262769
1024 1025 -0.9655602563955261
1024 1064 0.09983222028670613
1025 1026 -0.9205598318798434
1025 1065 -0.3080289312280964
1026 1027 -0.6552451377524215
1026 1066 -0.1828463782498857
1027 1028 0.5549853931217497
1027 1067 -0.49412974455765135
1028 1029 -0.2885974693892872
1028 1068 -0.6889822738756008
1029 1030 0.022219436486554667
1029 1069 0.21723921466234186
1030 1031 -0.5522323429559406
1030 1070 -0.04272454310617335
1031 1032 -0.7051744278092504
1031 1071 0.9009883268520027
1032 1033 -0.9337131565745951
1032 1072 -0.7792785039561312
1033 1034 -0.47964605935718185
1033 1073 0.27939092997292114
1034 1035 -0.918802102639027
1034 1074 -0.07081211326728853
1035 1036 0.7611872798736208
1035 1075 -0.04257073821659829
1036 1037 -0.8133673367399403
1036 1076 -0.9891119881184656
1037 1038 0.33677300913118846
1037 1077 -0.04872450132728723
1038 1039 0.7370945694154771
1038 1078 0.7095127479791896
1039 1040 0.10968077031249468
1039 1079 -0.9003594397411439
1040 1080 -0.9979467271452878
1041 1042 -0.6623654028290944
1041 1081 -0.12751813266967815
1042 1043 0.11304221174348816
1042 1082 -0.26714557791703153
1043 1044 0.5865641244956701
1043 1083 -0.5406325523346276
1044 1045 -0.7517370160599233
1044 1084 -0.8072685928145531
1045 1046 -0.7859184674635351
1045 1085 -0.560682431762423
1046 1047 -0.29142515631371513
1046 1086 0.28290931741386216
1047 1048 -0.7934126744153882
1047 1087 -0.6317426527898888
1048 1049 0.3894620460528171
1048 1088 0.8513501375289918
1049 1050 -0.011808354841639002
1049 1089 0.2416492270838959
1050 1051 0.003064205306242185
1050 1090 0.8952684622728229
1051 1052 -0.7349607558294144
1051 1091 0.9104335922915627
1052 1053 -0.5918226596714757
1052 1092 0.2378715199181518
1053 1054 0.43712456537933897
1053 1093 0.7667536954370631
1054 1055 0.8256775122086659
1054 1094 0.07166726626959141
1055 1056 -0.3098973696316203
1055 1095 0.8235737212895891
1056 1057 0.7373439541077424
1056 1096 -0.3419492916163951
1057 1058 0.3978597047281167
1057 1097 -0.12346201183032735
1058 1059 0.2694715354703774
1058 1098 0.7993175270007837
1059 1060 0.1266255336837243
1059 1099 0.5189378634068931
1060 1061 0.10644862453127124
1060 1100 0.5110230618467115
1061 1062 -0.9952822643435113
1061 1101 0.8166834511894963
1062 1063 0.9087121528486557
1062 1102 -0.45189143644771623
1063 1064 0.5140466217062958
1063 1103 -0.8839980649414878
1064 1065 0.5997065805173254
1064 1104 -0.3282427393528746
1065 1066 -0.4853653282625645
1065 1105 0.5753585961020604
1066 1067 0.8397843584064424
1066 1106 0.3036395256571325
1067 1068 0.23222147953741556
1067 1107 -0.8828437352205285
1068 1069 -0.45041160004964853
1068 1108 -0.021390459641318804
1069 1070 0.854559704878592
1069 1109 0.6777657858354078
1070 1071 0.9833609577488458
1070 1110 0.13779173055272875
1071 1072 0.6310750130778155
1071 1111 0.17519077389395554
1072 1073 -0.9785734399746411
1072 1112 0.20233529138080897
1073 1074 0.6170872988341602
1073 1113 0.04991521796749154
1074 1075 -0.677329735343734
1074 1114 0.9783335228590313
1075 1076 0.8259130249590916
1075 1115 0.6550306740665297
1076 1077 0.724157928666407
1076 1116 0.1337995270251524
1077 1078 0.3763673870595299
1077 1117 0.6980637088982957
1078 1079 0.39916018075869864
1078 1118 0.3241636312551939
1079 1080 -0.32149594585655406
1079 1119 0.5185990020318128
1080 1120 0.20738887431818065
1081 1082 0.4656506726963523
1081 1121 -0.8742247522785991
1082 1083 0.823590968551948
1082 1122 -0.37264169379329126
1083 1084 0.5450754948366912
1083 1123 0.8056736650815068
1084 1085 -0.9440473739991748
1084 1124 0.29746814896943863
1085 1086 -0.4165173084338618
1085 1125 -0.052569096038609375
1086 1087 0.04557054809317118
1086 1126 -0.20718648625044067
1087 1088 -0.14664268924648205
1087 1127 -0.28285241091993774
1088 1089 0.9705165190289005
1088 1128 0.5835653574847384
1089 1090 -0.0056015850037831605
1089 1129 0.4887380574676279
1090 1091 -0.9294597878805437
1090 1130 0.18835752207901235
1091 1092 -0.742858113608519
1091 1131 0.5337140133880094
1092 1093 -0.4121466489376866
1092 1132 -0.02964545031661503
1093 1094 0.5559938720736364
1093 1133 0.4637861668845986
1094 1095 -0.48740975209728576
1094 1134 0.2632860181135679
1095 1096 0.7357052706903269
1095 1135 -0.30055655307604323
1096 1097 -0.1402903692794797
1096 1136 0.914278612673965
1097 1098 0.2411124517024612
1097 1137 0.9251111882826084
1098 1099 0.6201452817817295
1098 1138 -0.18172393295929723
1099 1100 -0.8364018486867815
1099 1139 0.4235946946598559
1100 1101 0.4843147424309766
1100 1140 0.9965897659902829
1101 1102 -0.9394356635686578
1101 1141 -0.8638919084982837
1102 1103 -0.8280279131942649
1102 1142 0.15644121573683822
1103 1104 0.5965922192650466
1103 1143 0.535532295112364
1104 1105 -0.5378862242974618
1104 1144 -0.5460218195444921
1105 1106 0.6501672867499382
1105 1145 0.09327807086893092
1106 1107 -0.48026314128421044
1106 1146 0.9877923576255199
1107 1108 -0.6404946420958773
1107 1147 -0.7674382479083572
1108 1109 -0.12078509709293428
1108 1148 0.031138189473870037
1109 1110 0.7346488305339869
1109 1149 0.16234495424565076
1110 1111 0.6944534558943432
1110 1150 -0.534547256769303
1111 1112 -0.2959926868813265
1111 1151 -0.18520219343766997
1112 1113 0.03411549164568184
1112 1152 -0.9680544124317181
1113 1114 -0.22548762235799225
1113 1153 -0.1779324983049988
1114 1115 -0.6518332786491499
1114 1154 0.26634739146649067
1115 1116 -0.3691687066538425
1115 1155 -0.3082077702976045
1116 1117 -0.3737478434047108
1116 1156 0.8476748539402605
1117 1118 0.7726013059313246
1117 1157 -0.5966458026846424
1118 1119 0.16668162251515417
1118 1158 -0.8997886841198621
1119 1120 0.03348399503130506
1119 1159 -0.4463360029577308
1120 1160 -0.9511821964700187
1121 1122 -0.9585340422376574
1121 1161 0.5410961328300381
1122 1123 0.8615318449185387
1122 1162 -0.5233077975200571
1123 1124 0.08877438255709724
1123 1163 -0.7135546780724913
1124 1125 -0.4402864370124817
1124 1164 -0.518014096255279
1125 1126 -0.5387476971703107
1125 1165 -0.40488056239378234
1126 1127 0.5400885518142415
1126 1166 -0.8932920280976011
1127 1128 -0.3682323121120943
1127 1167 -0.4595904001287272
1128 1129 0.7483194562636928
1128 1168 0.8815971247055963
1129 1130 0.2070699563241032
1129 1169 -0.6481549105304536
1130 1131 -0.4361934085796466
1130 1170 -0.9921765778886178
1131 1132 -0.5824919984748838
1131 1171 0.7168142976177567
1132 1133 -0.11259683255846498
1132 1172 0.7184964916852907
1133 1134 0.8228496021646705
1133 1173 0.589205140604016
1134 1135 -0.8152168452660644
1134 1174 -0.3153949605690949
1135 1136 0.12213223376312143
1135 1175 -0.24747587605704235
1136 1137 -0.43736875605171943
1136 1176 -0.2247160116970035
1137 1138 -0.8985074987722756
1137 1177 0.8745296281388406
1138 1139 -0.43278361197895765
1138 1178 0.058709863380683514
1139 1140 0.9771966419718572
1139 1179 -0.6544649573656098
1140 1141 -0.5463089646949388
1140 1180 0.9035988133305308
1141 1142 0.27923778147207723
1141 1181 -0.718994786863514
1142 1143 0.8000448397684823
1142 1182 -0.06547381015216591
1143 1144 -0.1291840664649675
1143 1183 -0.682644508009465
1144 1145 -0.00569405170574
1144 1184 0.20107411945991305
1145 1146 0.3089519253120312
1145 1185 -0.14574203221562843
1146 1147 0.06518150749922036
1146 1186 -0.10803703491803107
1147 1148 0.8494784835302343
1147 1187 -0.996321778829979
1148 1149 -0.12987609729367655
1148 1188 0.1717980290381993
1149 1150 -0.22245231382307806
1149 1189 -0.5372100177112711
1150 1151 -0.13517023422627283
1150 1190 0.3695840362151528
1151 1152 -0.7895185586985547
1151 1191 0.37822835830458623
1152 1153 0.23755900869292867
1152 1192 -0.5632831700980669
1153 1154 -0.5771528802101737
1153 1193 0.4938627067879551
1154 1155 0.055376323510577974
1154 1194 0.34193191722854
1155 1156 0.19374676459895013
1155 1195 -0.3846043870171836
1156 1157 0.5058242155465575
1156 1196 0.9257412514643124
1157 1158 0.4024938086467553
1157 1197 -0.022179232110228986
1158 1159 -0.13116102818667663
1158 1198 0.7541600808281441
1159 1160 -0.6816443059414419
1159 1199 -0.3322123980680187
1160 1200 -0.9102513959763219
1161 1162 -0.40009598113889133
1161 1201 0.4023285500870337
1162 1163 -0.15921845030869686
1162 1202 0.9199252946809635
1163 1164 0.24699320691457016
1163 1203 -0.2410056232269293
1164 1165 0.3290979855587721
1164 1204 -0.7579990664682248
1165 1166 0.10296561346097088
1165 1205 -0.7060287423081049
1166 1167 0.7722807511813028
1166 1206 0.3582647289373997
1167 1168 -0.2788718604042475
1167 1207 0.9631509770958397
1168 1169 0.2187199744433428
1168 1208 0.6393538684581177
1169 1170 -0.3280359642317665
1169 1209 0.986584115845689
1170 1171 -0.02330429801889755
1170 1210 0.8965683625243992
1171 1172 0.24827144809677826
1171 1211 0.8877417054301278
1172 1173 -0.2803541835591825
1172 1212 0.4776753716865889
1173 1174 -0.3355321880090656
1173 1213 0.010435569582804005
1174 1175 -0.394017530262059
1174 1214 0.9064583765403418
1175 1176 0.7401018685710239
1175 1215 0.38063914706247126
1176 1177 -0.17689941029521883
1176 1216 0.1970674532424217
1177 1178 -0.635859716716102
1177 1217 -0.7937269057371907
1178 1179 0.7522030432634643
1178 1218 0.9165722571305208
1179 1180 -0.16520213546495643
1179 1219 -0.024457245309991604
1180 1181 -0.3843332844975742
1180 1220 0.44657651865741466
1181 1182 0.5180818907783507
1181 1221 0.9730425938206917
1182 1183 -0.21037698610563837
1182 1222 0.25407194374811914
1183 1184 -0.7527429381253119
1183 1223 -0.4255858601161169
1184 1185 0.8576577009836359
1184 1224 -0.37873955326353004
1185 1186 -0.6892041933364907
1185 1225 0.6857607383738913
1186 1187 -0.8362423638176564
1186 1226 -0.7492124830998088
1187 1188 -0.3469122217038565
1187 1227 0.17307489998418157
1188 1189 -0.9639095469541268
1188 1228 0.07421532654899932
1189 1190 -0.15336067555866784
1189 1229 0.996753843693827
1190 1191 -0.6196356243769783
1190 1230 0.6495382085851826
1191 1192 -0.6291098656373642
1191 1231 -0.41236474729653416
1192 1193 -0.4092264355083255
1192 1232 0.4927084448432022
1193 1194 0.5229857953046821
1193 1233 -0.5919413188757188
1194 1195 -0.3000244663559972
1194 1234 0.686146427926007
1195 1196 -0.21759564787187102
1195 1235 -0.7250077821233134
1196 1197 0.015001243287427801
1196 1236 -0.8543723330423327
1197 1198 -0.8150015354851137
1197 1237 0.3260916284142341
1198 1199 0.05271986477843793
1198 1238 -0.4012837874993551
1199 1200 0.08108719243177731
1199 1239 -0.3413182798379424
1200 1240 -0.13252412202333974
1201 1202 0.46933544180900344
1201 1241 0.8658092543746918
1202 1203 0.1909733809261085
1202 1242 0.8642972433384435
1203 1204 0.8168958857210786
1203 1243 -0.5527230390964144
1204 1205 0.07282651087650382
1204 1244 -0.8181503166706168
1205 1206 0.5066386848863127
1205 1245 -0.09886328129978472
1206 1207 -0.1610259343433078
1206 1246 0.3834633128296212
1207 1208 -0.08309600388084948
1207 1247 -0.0842504284856398
1208 1209 0.9489890111507726
1208 1248 -0.05705504013099705
1209 1210 -0.10267315641265196
1209 1249 0.3549432029814408
1210 1211 -0.0825565523495595
1210 1250 -0.5729168147272752
1211 1212 0.20698445453953607
1211 1251 0.6843054989685162
1212 1213 -0.3832043782484673
1212 1252 0.2107630621069685
1213 1214 -0.8118570121311728
1213 1253 -0.1618539081083712
1214 1215 0.12033557438949516
1214 1254 -0.21592187745413471
1215 1216 0.37487069601702916
1215 1255 0.21868153841093285
1216 1217 -0.2274911393263206
1216 1256 0.8565791945771033
1217 1218 -0.34557652183180054
1217 1257 0.5986268178264573
1218 1219 0.9258075780023134
1218 1258 -0.1847428273583509
1219 1220 0.7452148837800237
1219 1259 -0.7188875808365449
1220 1221 -0.011787807887839286
1220 1260 -0.048882953467160206
1221 1222 0.4522316615575901
1221 1261 -0.730954579903683
1222 1223 -0.18140306844146115
1222 1262 0.16749276704318627
1223 1224 0.4383064197993012
1223 1263 -0.012419359328126323
1224 1225 0.2501318188072814
1224 1264 -0.7099203101462608
1225 1226 -0.22051301088319497
1225 1265 -0.16975398402359398
1226 1227 -0.07459633011054412
1226 1266 0.045019085589708796
1227 1228 -0.23955753821638215
1227 1267 0.1898154913375898
1228 1229 -0.7470700193353463
1228 1268 0.3678365361875282
1229 1230 0.5286275459258185
1229 1269 -0.5199830609092846
1230 1231 0.23542512974997765
1230 1270 0.2883545043477145
1231 1232 -0.3181581095205346
1231 1271 0.46431005226641564
1232 1233 0.47682169899695137
1232 1272 -0.3084093567292754
1233 1234 0.9134136048346104
1233 1273 0.7080678947876269
1234 1235 0.3550821077242421
1234 1274 0.20300423646152543
1235 1236 0.6960923709972939
1235 1275 -0.498812421274496
1236 1237 0.06974677769797566
1236 1276 0.11882907654799624
1237 1238 0.6636880028259045
1237 1277 -0.6082409565279057
1238 1239 0.6316824921613053
1238 1278 0.845183088291515
1239 1240 -0.30563269680794347
1239 1279 0.35094931838010934
1240 1280 -0.7058915541230599
1241 1242 -0.19934313415638316
1241 1281 -0.2831241433036875
1242 1243 0.07770058377015143
1242 1282 -0.5439262676114855
1243 1244 -0.531422976124152
1243 1283 -0.035277808835264324
1244 1245 -0.8685011824490663
1244 1284 0.3370663459876795
1245 1246 -0.185796848604036
1245 1285 0.14695956828867152
1246 1247 0.8784858326954215
1246 1286 0.3096776091420119
1247 1248 -0.49898816132563595
1247 1287 -0.62064171673783
1248 1249 -0.5665494076956221
1248 1288 0.3307949262986889
1249 1250 -0.6551399080711471
1249 1289 0.3516314612301703
1250 1251 0.39809056684223343
1250 1290 0.7514516372125011
1251 1252 -0.00840827287759649
1251 1291 0.7803996344847943
1252 1253 0.7124876465669314
1252 1292 -0.5333513695964296
1253 1254 0.2800269978185712
1253 1293 -0.5667774859622741
1254 1255 -0.43493381889546523
1254 1294 0.058540836496374205
1255 1256 0.24997363606187495
1255 1295 0.4069766722592254
1256 1257 0.5607159245841282
1256 1296 -0.4417144633936685
1257 1258 -0.3785440744512125
1257 1297 -0.8989271497452844
1258 1259 0.13925504001924782
1258 1298 -0.7583325599193764
1259 1260 -0.9606984160724186
1259 1299 -0.33447781701619705
1260 1261 -0.9153224813324263
1260 1300 -0.42472701365389365
1261 1262 -0.4415099065476822
1261 1301 0.5767682738335806
1262 1263 -0.3489770902358711
1262 1302 -0.7269232217850188
1263 1264 0.07320129332385705
1263 1303 0.7961698454986967
1264 1265 -0.24881473270362653
1264 1304 -0.6202403714891713
1265 1266 0.949903609341924
1265 1305 0.9681210099629345
1266 1267 0.6614069813312451
1266 1306 -0.8277092000400079
1267 1268 0.25465973431656375
1267 1307 0.5219055887555721
1268 1269 -0.8988094415421861
1268 1308 -0.7483848290045463
1269 1270 0.09199392987439703
1269 1309 -0.46835210168627106
1270 1271 -0.7242283884046905
1270 1310 0.9313218815838042
1271 1272 -0.5332842048718363
1271 1311 0.9265851528513755
1272 1273 -0.3608667162647139
1272 1312 0.526352460960221
1273 1274 -0.7899880732883611
1273 1313 0.36434750781963765
1274 1275 0.1344427827598913
1274 1314 -0.8578212470549484
1275 1276 -0.9708767954092687
1275 1315 0.34208129688529043
1276 1277 -0.2630241161496585
1276 1316 -0.4904755921835666
1277 1278 -0.3752622937556158
1277 1317 -0.5634048405544203
1278 1279 -0.41476404426424884
1278 1318 0.3294315741172198
1279 1280 -0.1761003201746072
1279 1319 -0.4213340860175596
1280 1320 -0.007292917266500165
1281 1282 0.6131335818554422
1281 1321 0.5289821930889429
1282 1283 0.4259258404660695
1282 1322 0.043146982791606225
1283 1284 -0.012891275297876037
1283 1323 -0.6244685713624551
1284 1285 0.5832289575392104
1284 1324 -0.0751444638969343
1285 1286 -0.6846312638192558
1285 1325 0.7830523291667875
1286 1287 0.3366872966920216
1286 1326 0.4041943185768999
1287 1288 -0.48512858328755404
1287 1327 0.7712963771018855
1288 1289 -0.8891553776945347
1288 1328 -0.3811753226568284
1289 1290 0.39599608904673556
1289 1329 -0.6796241899933331
1290 1291 0.5194901834425965
1290 1330 -0.49971764021454734
1291 1292 -0.1823747481516882
1291 1331 0.85668058009178
1292 1293 -0.16430657036092677
1292 1332 0.9539081814317532
1293 1294 0.15361645633985432
1293 1333 -0.3334645799563565
1294 1295 0.06130355148928612
1294 1334 0.7179603019435681
1295 1296 0.7430263316584016
1295 1335 -0.4117762491605914
1296 1297 -0.8331503616159377
1296 1336 0.7944792479719511
1297 1298 0.49125943031335373
1297 1337 0.25583431523633626
1298 1299 -0.11233164340383794
1298 1338 0.5531888014033151
1299 1300 0.7543872015314093
1299 1339 -0.517330821823236
1300 1301 0.16129611369005392
1300 1340 -0.7225283926005006
1301 1302 0.21261011675885677
1301 1341 -0.021790650653055854
1302 1303 0.1806583041307801
1302 1342 0.4640828885200403
1303 1304 0.5780406579708479
1303 1343 0.1347611551023311
1304 1305 0.537364253090568
1304 1344 -0.22675294870837326
1305 1306 -0.3375181384981092
1305 1345 0.674940927673537
1306 1307 0.16308095361704322
1306 1346 -0.5064843367718899
1307 1308 0.17281235550649932
1307 1347 -0.5505002643477381
1308 1309 -0.46614268534767267
1308 1348 0.1580452291719261
1309 1310 -0.4675921239613663
1309 1349 -0.7989743044984059
1310 1311 -0.934679780700242
1310 1350 -0.9769355512972893
1311 1312 0.38692032239711827
1311 1351 0.600523775239963
1312 1313 -0.693028396891767
1312 1352 0.9601188611838838
1313 1314 -0.5411468897074743
1313 1353 -0.846019860293364
1314 1315 0.28404212758644
1314 1354 0.6968800441787633
1315 1316 -0.5697654215945036
1315 1355 0.9947470202397277
1316 1317 -0.6006429128736359
1316 1356 0.95905729039922
1317 1318 -0.12692016667767647
1317 1357 -0.0872293623012399
1318 1319 -0.13372931836358615
1318 1358 0.6082658285351217
1319 1320 -0.8068056041372862
1319 1359 -0.8066834357042318
1320 1360 0.9753491831950112
1321 1322 0.3052294798311679
1321 1361 0.6219331479101347
1322 1323 0.010946337239142068
1322 1362 -0.7270309734889124
1323 1324 -0.2513288632602888
1323 1363 0.3363420445354246
1324 1325 -0.19570788352148605
1324 1364 0.4030975970574673
1325 1326 -0.7696813075895115
1325 1365 0.09423719391786678
1326 1327 0.8313638329946007
1326 1366 0.7786515226205111
1327 1328 0.7724828212813684
1327 1367 -0.6585034795671212
1328 1329 -0.2464970160379043
1328 1368 0.6098071814562864
1329 1330 0.882735525899516
1329 1369 -0.21139559873028868
1330 1331 0.5564778174621252
1330 1370 0.5554149711135512
1331 1332 0.29268221342131695
1331 1371 0.8408662092629322
1332 1333 0.6541231592499757
1332 1372 0.7667993511817965
1333 1334 -0.5356819423767709
1333 1373 -0.2804017627595139
1334 1335 -0.00222497518132192
1334 1374 0.950045575050519
1335 1336 -0.669749395696535
1335 1375 -0.33393675123411537
1336 1337 0.5038024646734722
1336 1376 -0.2828416657086501
1337 1338 0.4903504003200916
1337 1377 0.5091441533347532
1338 1339 -0.6703187334363345
1338 1378 -0.7359034215367666
1339 1340 -0.6717836621406674
1339 1379 0.43265499865537316
1340 1341 -0.21516986692830153
1340 1380 -0.36710614606158276
1341 1342 -0.44946976868279576
1341 1381 -0.6682168289141679
1342 1343 0.46415788878226727
1342 1382 0.173232039183981
1343 1344 -0.9791764532484128
1343 1383 -0.8717086396521099
1344 1345 0.3625894539857428
1344 1384 0.1247094749257982
1345 1346 0.5858555425427483
1345 1385 -0.35213405507477114
1346 1347 0.6950093781787041
1346 1386 0.06220915499177426
1347 1348 -0.7133626967343065
1347 1387 -0.1500528570432369
1348 1349 -0.30184464438029046
1348 1388 0.7893513969187531
1349 1350 0.5002113870693181
1349 1389 -0.18707669970145058
1350 1351 -0.9091780846826645
1350 1390 -0.0006397896441641127
1351 1352 0.5896859672771377
1351 1391 -0.38541241588075437
1352 1353 -0.4055976677488511
1352 1392 -0.1528622620667066
1353 1354 -0.44538646959805495
1353 1393 -0.9364710501943203
1354 1355 0.4696497223101317
1354 1394 -0.9514577251362886
1355 1356 -0.8720065826016559
1355 1395 0.7462168385541033
1356 1357 0.19568981589945333
1356 1396 -0.50965630422891
1357 1358 -0.014895708876940361
1357 1397 0.24778760792789067
1358 1359 0.05736000269773278
1358 1398 -0.4373844053329623
1359 1360 -0.5824964724258048
1359 1399 -0.8168046262619968
1360 1400 -0.5862201144480461
1361 1362 0.2844297174821102
1361 1401 0.9148881056519103
1362 1363 -0.7101610761909791
1362 1402 0.859210228700489
1363 1364 -0.058959901569595186
1363 1403 -0.8805605445411095
1364 1365 -0.8479172441465588
1364 1404 -0.443434249634292
1365 1366 0.9298904245493731
1365 1405 -0.7216175082664735
1366 1367 -0.44127416238962014
1366 1406 -0.9551431070714096
1367 1368 -0.20675977026185954
1367 1407 0.1608712994532826
1368 1369 -0.9520791016102341
1368 1408 -0.35653867102665227
1369 1370 -0.30773657984459146
1369 1409 0.3558704301594813
1370 1371 -0.07934563684420892
1370 1410 0.5098633021773407
1371 1372 -0.9142250664010585
1371 1411 -0.27011834015941094
1372 1373 0.20235400505613765
1372 1412 -0.2525721073365552
1373 1374 0.18852795006562117
1373 1413 -0.07115816773963513
1374 1375 -0.8975736431034702
1374 1414 0.21470101474039516
1375 1376 0.5675996379872617
1375 1415 0.7129033973260754
1376 1377 0.3292917444491341
1376 1416 -0.643355229236058
1377 1378 0.8829040057000948
1377 1417 -0.3440552967240196
1378 1379 -0.3273465128520032
1378 1418 -0.6343298907426234
1379 1380 -0.9284416548147651
1379 1419 0.3912789521617621
1380 1381 0.046276817047690155
1380 1420 -0.6012418015306891
1381 1382 -0.34245128016022197
1381 1421 -0.2606388338727814
1382 1383 -0.8431574702794158
1382 1422 0.40851250252985016
1383 1384 0.19293612432426155
1383 1423 -0.6296968297619643
1384 1385 -0.16501288400222358
1384 1424 0.4068771971182825
1385 1386 0.1484095745516656
1385 1425 0.8789158251529798
1386 1387 0.6232146504149814
1386 1426 -0.12636783421377284
1387 1388 0.30561631141278167
1387 1427 0.32777864207692775
1388 1389 0.6948816352772023
1388 1428 0.2541034847040402
1389 1390 -0.4717719850316293
1389 1429 -0.3398735993990758
1390 1391 -0.06746821714868578
1390 1430 0.8532940234027266
1391 1392 0.1789499853521459
1391 1431 0.6149168242133238
1392 1393 0.3748783890885994
1392 1432 0.840593115832466
1393 1394 0.6355416934449798
1393 1433 -0.9450847188231133
1394 1395 -0.3837228725010684
1394 1434 -0.6870529495756064
1395 1396 -0.7325103122231222
1395 1435 0.3769148346338509
1396 1397 -0.5229152353529785
1396 1436 -0.10060337789155871
1397 1398 -0.9906025488237609
1397 1437 -0.4748682003109508
1398 1399 -0.6639567136411135
1398 1438 0.8096855254140327
1399 1400 0.615539023125516
1399 1439 -0.6794085635669576
1400 1440 -0.37436691578554226
1401 1402 -0.3322511570978153
1401 1441 0.476505245697346
1402 1403 0.9121165280965742
1402 1442 0.9318617933986333
1403 1404 -0.16938496877429743
1403 1443 -0.1683808882462312
1404 1405 0.8105348174767182
1404 1444 0.8979116138133654
1405 1406 0.39762062241909324
1405 1445 0.950391218807449
1406 1407 -0.4443696738196312
1406 1446 -0.2719466298429014
1407 1408 0.10697703393460145
1407 1447 -0.5971713620204517
1408 1409 -0.3866761477627596
1408 1448 0.3250994811822481
1409 1410 0.8404431492057685
1409 1449 0.6764671263926547
1410 1411 -0.926866523771027
1410 1450 -0.5889459300417832
1411 1412 0.8033881056593528
1411 1451 -0.4643519445734503
1412 1413 -0.715735640295253
1412 1452 0.7307899532562092
1413 1414 -0.1097273778525254
1413 1453 0.5504645582313434
1414 1415 -0.15136354547038322
1414 1454 -0.39194958123918555
1415 1416 -0.18537346254331033
1415 1455 0.10552399535436363
1416 1417 -0.30585581883443536
1416 1456 0.4202896740311268
1417 1418 0.6772867186388498
1417 1457 -0.09740183117986767
1418 1419 -0.6569754812045596
1418 1458 -0.8175111910493529
1419 1420 -0.0634458556554014
1419 1459 -0.12609010614629823
1420 1421 0.4036499235028832
1420 1460 -0.28505819826996825
1421 1422 -0.3959620329306608
1421 1461 0.5680355565694486
1422 1423 -0.5299578893024639
1422 1462 -0.9313465953106546
1423 1424 0.16482339906987287
1423 1463 0.1520854207042155
1424 1425 -0.5580762119155862
1424 1464 0.6927000682611952
1425 1426 -0.17435015999852133
1425 1465 -0.13126580850347547
1426 1427 0.18683612257633797
1426 1466 -0.57361352209983
1427 1428 0.407540532865434
1427 1467 0.1096031290121855
1428 1429 0.8789049770052695
1428 1468 -0.6919975993416867
1429 1430 -0.7871247822733352
1429 1469 0.43100872083851494
1430 1431 -0.33666416825456946
1430 1470 -0.4114265017316632
1431 1432 0.818874955248079
1431 1471 -0.230100628971738
1432 1433 0.26974131787812494
1432 1472 0.007454157928599159
1433 1434 -0.5501319993574798
1433 1473 -0.12200905405537488
1434 1435 0.4393720122060156
1434 1474 0.7816724415335079
1435 1436 0.7553956707013656
1435 1475 0.6942938575197672
1436 1437 -0.8729502493681622
1436 1476 -0.32505948705779963
1437 1438 0.9518181412844466
1437 1477 0.7449315045493117
1438 1439 0.23224836454400855
1438 1478 -0.2521238803483863
1439 1440 -0.4171269241969038
1439 1479 -0.009888399946411441
1440 1480 -0.18161736089008973
1441 1442 0.8996666114743623
1441 1481 -0.33127169167752
1442 1443 -0.2844215174083651
1442 1482 -0.9082595896183734
1443 1444 -0.10479044574325402
1443 1483 -0.9523203919822822
1444 1445 -0.9232078155027559
1444 1484 -0.9938717549554468
1445 1446 0.991656587908633
1445 1485 -0.3045255767020383
1446 1447 -0.5050911008977468
1446 1486 -0.0853933091333341
1447 1448 -0.8765416494125824
1447 1487 0.5932661677616384
1448 1449 0.7506374717342339
1448 1488 -0.039051439396836196
1449 1450 0.12407810857063062
1449 1489 -0.8913257539203006
1450 1451 -0.22506839027896852
1450 1490 0.8542326458672158
1451 1452 0.087154575257687
1451 1491 -0.1609870912937439
1452 1453 -0.7703866686723155
1452 1492 0.8666896405421431
1453 1454 0.2846607852398104
1453 1493 0.170012149206892
1454 1455 -0.02503869347779797
1454 1494 0.994586593154384
1455 1456 0.5967085521862818
1455 1495 0.5321289653260417
1456 1457 0.10066786792574245
1456 1496 0.24292776093727464
1457 1458 -0.024339806525015995
1457 1497 -0.9207334523408546
1458 1459 -0.2286848898279379
1458 1498 -0.689763418414556
1459 1460 0.6338541181864603
1459 1499 -0.23227914368087133
1460 1461 -0.8899201716279981
1460 1500 0.9474004280976898
1461 1462 -0.6032076341910659
1461 1501 -0.4692035377669881
1462 1463 -0.08691929752080352
1462 1502 0.5659715271006076
1463 1464 0.39514180216248374
1463 1503 0.6513079086637878
1464 1465 0.5587323931482031
1464 1504 -0.2915464144069788
1465 1466 -0.04719267930861948
1465 1505 0.8003577191460081
1466 1467 -0.6714909494881875
1466 1506 -0.6180410726498775
1467 1468 -0.5425097419738203
1467 1507 0.8120374624302378
1468 1469 -0.2828410437149449
1468 1508 -0.5648781888911212
1469 1470 -0.09839807625018682
1469 1509 0.9293695752906719
1470 1471 0.3017546844871939
1470 1510 -0.022451707868697213
1471 1472 0.46950657736815216
1471 1511 -0.671105135549364
1472 1473 -0.4850362234534007
1472 1512 -0.8665708621885759
1473 1474 -0.12031308965828047
1473 1513 -0.9090737956994226
1474 1475 0.38052582810373803
1474 1514 -0.7835235488790255
1475 1476 0.1713127081884871
1475 1515 0.5303370886251904
1476 1477 0.7173621982858991
1476 1516 -0.9875229832900203
1477 1478 0.12469442374532047
1477 1517 0.35644157031780965
1478 1479 0.39445560900901855
1478 1518 0.1102623518059318
1479 1480 0.7446866510828367
1479 1519 0.6537511102991571
1480 1520 -0.4098121235659662
1481 1482 0.22326399346962877
1481 1521 -0.2686596648456938
1482 1483 0.10785454564317187
1482 1522 0.4726189435641426
1483 1484 -0.4520152163845017
1483 1523 0.9008225311649898
1484 1485 0.5357682445509602
1484 1524 -0.09624344760445758
1485 1486 0.2515266776635905
1485 1525 0.8847519246051885
1486 1487 0.8759753952099432
1486 1526 -0.621292191846204
1487 1488 -0.7403349725224644
1487 1527 -0.2049880312590333
1488 1489 0.68792596374663
1488 1528 -0.1556729191784274
1489 1490 -0.02826388710552008
1489 1529 0.24154251247318292
1490 1491 0.391677743458579
1490 1530 0.33718519960763427
1491 1492 -0.9800044556374601
1491 1531 -0.9173558203007091
1492 1493 0.8584284289228092
1492 1532 0.898925749366509
1493 1494 -0.7708123589402136
1493 1533 -0.9603368289870493
1494 1495 -0.2042819601437671
1494 1534 0.8802926213941498
1495 1496 0.5498551467371324
1495 1535 0.05003907966423937
1496 1497 0.09743568948586234
1496 1536 -0.15080719745298965
1497 1498 0.7710004981153433
1497 1537 0.27258545669343603
1498 1499 0.8395388254624745
1498 1538 -0.9573730463659962
1499 1500 -0.026280796929104566
1499 1539 -0.4619891561253746
1500 1501 0.5281033435471172
1500 1540 0.49273265785941733
1501 1502 0.028978306958487687
1501 1541 -0.11069434684383905
1502 1503 -0.2464234029685577
1502 1542 -0.18092558585400065
1503 1504 -0.13914022181247265
1503 1543 -0.34844042163450206
1504 1505 0.054655843141851124
1504 1544 0.5891431835954593
1505 1506 -0.7585525583564041
1505 1545 -0.701025707833205
1506 1507 -0.09492628124623592
1506 1546 -0.4377068828143551
1507 1508 -0.2187442649133282
1507 1547 0.494227315598154
1508 1509 0.8238964670276736
1508 1548 -0.7523907758194073
1509 1510 0.8233667049214708
1509 1549 0.5653643998291629
1510 1511 0.3579518964726196
1510 1550 0.2823881825397032
1511 1512 -0.22842814207340023
1511 1551 0.26670836917304785
1512 1513 -0.45187579248099663
1512 1552 0.8621262300073427
1513 1514 0.620424363527708
1513 1553 0.5790304096597028
1514 1515 0.008654350827443702
1514 1554 -0.28790555822052055
1515 1516 -0.6695991606446554
1515 1555 0.6380134129734747
1516 1517 -0.23283228866310512
1516 1556 -0.6833778909305064
1517 1518 -0.6963754862254627
1517 1557 0.2552074476027999
1518 1519 0.04278209630886187
1518 1558 -0.4898035526310833
1519 1520 0.1746816529036741
1519 1559 -0.8641409739788968
1520 1560 -0.16141800464056133
1521 1522 -0.07691941722539908
1521 1561 -0.8499960137825686
1522 1523 0.2960929463451938
1522 1562 -0.8941343017705254
1523 1524 0.7660135365815923
1523 1563 0.8814179847407726
1524 1525 0.5248609123327546
1524 1564 0.28596611918506953
1525 1526 0.24907579524304957
1525 1565 0.7456394913370568
1526 1527 -0.23700049054951045
1526 1566 0.6660834073509889
1527 1528 0.5245770227321414
1527 1567 0.3706029659560872
1528 1529 0.004796433994125104
1528 1568 -0.3578049453845722
1529 1530 0.6732342358242205
1529 1569 -0.5956674462385199
1530 1531 0.6463330390644575
1530 1570 0.4445608072922844
1531 1532 -0.019493669988007056
1531 1571 -0.2433241669844608
1532 1533 0.559048032159116
1532 1572 0.3233760499604581
1533 1534 -0.2544871952311336
1533 1573 -0.7576811188077603
1534 1535 0.06436266755784015
1534 1574 -0.21598698548403794
1535 1536 0.3194265593221144
1535 1575 -0.7359848734907999
1536 1537 -0.04675696215234626
1536 1576 0.3799543751992216
1537 1538 -0.2217122252694792
1537 1577 -0.85829164696935
1538 1539 -0.9424852125829606
1538 1578 -0.47966869341426044
1539 1540 0.6452391532319046
1539 1579 0.6044580884955639
1540 1541 0.6687404556057261
1540 1580 -0.7077975712741775
1541 1542 -0.10347108740874922
1541 1581 -0.9151438637868496
1542 1543 0.408467867261352
1542 1582 0.03358927722796534
1543 1544 0.9530286898529479
1543 1583 -0.1636232580432384
1544 1545 0.623327048670675
1544 1584 0.7166117393402021
1545 1546 0.1697460429825961
1545 1585 0.9891798054874141
1546 1547 -0.221873802396634
1546 1586 0.505194186066948
1547 1548 0.4425614561429785
1547 1587 0.3281078050545878
1548 1549 -0.1171360932054133
1548 1588 -0.8523705200645066
1549 1550 -0.13319943194023853
1549 1589 -0.11165780341243403
1550 1551 0.40704440239875384
1550 1590 0.278122331032969
1551 1552 0.1496374202331443
1551 1591 -0.3595871156360926
1552 1553 0.9931860938539816
1552 1592 0.1788521431848542
1553 1554 -0.01791636361817006
1553 1593 0.46677099326116944
1554 1555 0.44818997214955214
1554 1594 0.46061158745754427
1555 1556 -0.569128003404288
1555 1595 -0.7777124926942716
1556 1557 -0.48888825001815683
1556 1596 0.4462889491177948
1557 1558 0.9682615187497599
1557 1597 0.17033028956644602
1558 1559 0.2524868466986727
1558 1598 0.3042506249978767
1559 1560 -0.16497525443165872
1559 1599 -0.48991495761490067
1560 1600 0.10587938355943183
1561 1562 -0.9613132754035147
1562 1563 -0.5342343347414227
1563 1564 0.5177802072454747
1564 1565 -0.10406721954610565
1565 1566 0.3951510518060779
1566 1567 -0.7378749562775664
1567 1568 -0.1833032673985331
1568 1569 -0.6077512938356806
1569 1570 -0.06857556726886216
1570 1571 -0.8746331734303778
1571 1572 0.7753753518200606
1572 1573 -0.22314517213666618
1573 1574 0.30660809605463046
1574 1575 -0.855341508846331
1575 1576 0.05005559729897735
1576 1577 0.9745380245655244
1577 1578 -0.4886867905518544
1578 1579 0.7429404889424112
1579 1580 0.516373763067933
1580 1581 -0.7154781226163061
1581 1582 -0.07143675546983985
1582 1583 0.050002732336708045
1583 1584 -0.24482138513208596
1584 1585 0.693836600346178
1585 1586 0.3889344878037626
1586 1587 -0.9615793559704522
1587 1588 0.5304708479156932
1588 1589 0.8495022989598118
1589 1590 0.912393050402962
1590 1591 -0.9886058972674547
1591 1592 -0.3571741476839536
1592 1593 -0.08017867375981536
1593 1594 -0.9582133894630143
1594 1595 0.4577360907265573
1595 1596 -0.9812323287251119
1596 1597 -0.5537585320717435
1597 1598 0.5036772507021521
1598 1599 -0.8611856133210143
1599 1600 -0.061685632327226125
