1 2 0.17626160215454845
1 41 0.7954274558188359
2 3 -0.9036852599707601
2 42 0.3910012788486543
3 4 -0.18066179189340792
3 43 -0.4888052484049539
4 5 -0.12297866106930133
4 44 -0.5685123216383685
5 6 -0.9357393522512303
5 45 0.5121360288822367
6 7 0.2588811435183169
6 46 0.13402290783139303
7 8 -0.5620887875664131
7 47 -0.9479019773356139
8 9 0.1786480688504546
8 48 -0.49404166389276916
9 10 -0.8510907545100219
9 49 -0.3106009136384531
10 11 -0.6631306755638045
10 50 0.36609770894688065
11 12 -0.18558433493565052
11 51 -0.9782982828505757
12 13 -0.253802588586455
12 52 -0.6304441466944204
13 14 -0.02694258185107734
13 53 0.9116928456135254
14 15 0.06970001420502703
14 54 -0.7169273007906523
15 16 -0.36041223348298335
15 55 0.9773302636391648
16 17 -0.6579675265412195
16 56 -0.23766767122145271
17 18 -0.333679846245879
17 57 0.5094754976242197
18 19 -0.4787920592533803
18 58 0.18290124886004566
19 20 0.2799624772523117
19 59 0.902734786016554
20 21 0.48742464133671914
20 60 -0.8821536769667833
21 22 0.8887393473192438
21 61 0.8180320295637451
22 23 -0.4648060274128205
22 62 -0.3145115661465452
23 24 -0.8821368659446569
23 63 -0.7224895373758853
24 25 0.3464061499317055
24 64 0.6001049435390182
25 26 -0.22455831071193266
25 65 -0.6628339811284176
26 27 -0.7989446064187404
26 66 0.647829102859987
27 28 -0.8543571148379101
27 67 -0.890881036217539
28 29 -0.689432820513638
28 68 -0.6414476942862006
29 30 -0.3025011054550939
29 69 0.7290652636229371
30 31 -0.27259135023778613
30 70 -0.9228569563315276
31 32 0.8114806451634236
31 71 0.12299526117045945
32 33 0.47414674119487565
32 72 -0.6509802160491209
33 34 -0.48725827112440445
33 73 -0.9689872307929985
34 35 -0.0282816002059445
34 74 0.939156582899245
35 36 0.9390213774848761
35 75 0.7303911569806902
36 37 0.5426187484637104
36 76 -0.3239508953213319
37 38 0.8908836499238362
37 77 0.18466979773430303
38 39 0.46750610258935055
38 78 0.6394813010351692
39 40 0.7544068745141181
39 79 0.6700103924469285
40 80 0.3129664098925211
41 42 0.783061458949416
41 81 0.6316749546153679
42 43 -0.4014562446972785
42 82 -0.6687288901873778
43 44 0.23613205250067915
43 83 0.7900288971727747
44 45 -0.013242628232299491
44 84 0.8500701200031795
45 46 -0.8315555343852035
45 85 -0.6473046201969792
46 47 0.08128222830075149
46 86 0.7146290397630668
47 48 -0.43278467095975803
47 87 -0.7616220654929398
48 49 0.08672971429492526
48 88 -0.37203669835237463
49 50 0.1438696095612353
49 89 0.28770100107792174
50 51 0.46027679317897263
50 90 0.8740351741864074
51 52 0.4942146947638828
51 91 0.08691075644640889
52 53 0.20391625639967148
52 92 -0.9056893522249534
53 54 -0.586668446769119
53 93 -0.620585246622489
54 55 0.9950983908526487
54 94 0.3262917154630609
55 56 0.8925289785178292
55 95 0.8653437157180108
56 57 -0.29803839746285354
56 96 0.35284665484439515
57 58 -0.014129379124374397
57 97 -0.8386648372800558
58 59 0.19969195563735065
58 98 0.8351051937722096
59 60 0.50904725077622
59 99 -0.14287774733846903
60 61 -0.47379768122583243
60 100 -0.9641520761685896
61 62 0.21768591333496912
61 101 -0.8028012173013879
62 63 -0.7756452166203005
62 102 0.9774606517620885
63 64 0.19505603781424963
63 103 0.597104298155259
64 65 -0.26085078197013867
64 104 0.07399293520611816
65 66 -0.19254148504568303
65 105 0.27007716935414017
66 67 0.5386356005497781
66 106 0.0823716916728141
67 68 0.5038497799721735
67 107 -0.3332786446178242
68 69 0.0024617997056191054
68 108 0.511071477641206
69 70 -0.3926889161346827
69 109 -0.5535757112598279
70 71 0.7333735796508829
70 110 0.3541000111716972
71 72 0.2624094096711822
71 111 0.38366079769367034
72 73 0.6030765406241507
72 112 -0.9515865729205968
73 74 -0.5373416306473726
73 113 -0.5946606547433713
74 75 0.8862521259091045
74 114 0.5492450071784512
75 76 0.2892302152933588
75 115 0.7365212100066447
76 77 0.750991216236625
76 116 -0.9950926122949251
77 78 0.6547369604953022
77 117 -0.2744235791065741
78 79 0.29794215686268655
78 118 -0.4801263213556579
79 80 -0.07108075131208502
79 119 0.4053306989368868
80 120 0.3315938679699302
81 82 -0.9282208287662934
81 121 0.3835151635177678
82 83 -0.3354961197534252
82 122 -0.6691245089893392
83 84 0.335004781813816
83 123 0.15170671182208295
84 85 -0.7741083830236273
84 124 -0.22699297895886006
85 86 0.8595721262148994
85 125 -0.47971701768743635
86 87 0.0676049081610195
86 126 0.33151062194061054
87 88 -0.4395562154243333
87 127 0.17408448258110143
88 89 -0.9238027485766651
88 128 0.5125425261300769
89 90 -0.7183420589261444
89 129 -0.425727183124295
90 91 0.37818586185613645
90 130 -0.2914387577778823
91 92 0.8289459029608024
91 131 0.5393326428013736
92 93 -0.44219547980559804
92 132 0.0856885253190014
93 94 -0.7906420391261828
93 133 -0.443410052448334
94 95 -0.37998562654043266
94 134 -0.7445112636385507
95 96 0.7502300966851267
95 135 0.923886267593504
96 97 -0.9149001108854435
96 136 0.9583601849494738
97 98 0.06928431666890789
97 137 0.3151928482661426
98 99 0.05618224435674235
98 138 0.9479808185021363
99 100 -0.13611383626752427
99 139 -0.35786347745748537
100 101 0.12913910104362025
100 140 0.4411271082499253
101 102 0.5686977586998392
101 141 -0.2555896303115226
102 103 -0.5592507200185934
102 142 -0.952178738725604
103 104 -0.6825422651558526
103 143 0.5453505973569384
104 105 -0.02315951545172812
104 144 -0.9606302014069523
105 106 -0.8190741803542216
105 145 -0.7258431420023888
106 107 -0.9744305827972983
106 146 -0.6755313794184505
107 108 -0.7988150179064886
107 147 0.9528540060072317
108 109 0.6132161943398451
108 148 -0.3570205747957427
109 110 -0.3487550659747187
109 149 0.869644091075781
110 111 0.058563063402763404
110 150 -0.0053175348469409744
111 112 -0.8022992328639957
111 151 0.2849388870674605
112 113 -0.8129921853728974
112 152 -0.9953610900649832
113 114 0.8622268953020742
113 153 -0.04445202858244346
114 115 -0.08118738366645872
114 154 0.09377675608167868
115 116 0.7583660355858097
115 155 -0.15631701132703246
116 117 -0.35020094612931363
116 156 -0.24971326650407843
117 118 -0.49077750775600437
117 157 0.9952233936296289
118 119 0.6159461475549213
118 158 -0.14866376182858088
119 120 0.7254287290073458
119 159 0.7510826453558836
120 160 0.5574254694941174
121 122 -0.24263811598918372
121 161 0.03702189089616126
122 123 0.8292759620046379
122 162 -0.43194998815958296
123 124 0.2974409643280349
123 163 0.9221535314555211
124 125 -0.20250595547237205
124 164 -0.38408780480025206
125 126 0.591665085361518
125 165 0.05915933400279649
126 127 0.6034719994240507
126 166 0.9037187726348688
127 128 -0.9435351691730518
127 167 -0.9378768101541957
128 129 0.9387405376259936
128 168 -0.8696621923493435
129 130 0.2625752268783823
129 169 -0.6562744567955088
130 131 0.7269182650875967
130 170 -0.1985567452215371
131 132 -0.8023855668788302
131 171 -0.29093744565214363
132 133 -0.8393231593050274
132 172 -0.12872873383397954
133 134 0.1923117119849329
133 173 -0.5881614079766799
134 135 0.09498783582217785
134 174 -0.9409429191325045
135 136 0.9998858386552878
135 175 0.6219125115011739
136 137 -0.7092930985214358
136 176 -0.0329903461244363
137 138 -0.8934011915936522
137 177 0.23003567677045322
138 139 -0.888766105406922
138 178 0.47162428742430285
139 140 -0.588844064617341
139 179 0.7331493767389983
140 141 0.6885252860882756
140 180 -0.33074989791055853
141 142 0.03228522125251776
141 181 -0.6664451669421294
142 143 -0.5727362229455926
142 182 -0.8689332671934251
143 144 0.9250480013695559
143 183 0.006334762369889946
144 145 -0.5425570210581503
144 184 0.8586786151027872
145 146 -0.9126608232059923
145 185 0.027620151077607735
146 147 0.6296532983042358
146 186 -0.1743998724218605
147 148 0.7454747689524122
147 187 0.29083925344190575
148 149 0.5210697129343256
148 188 -0.40849891878683553
149 150 0.14966621029362925
149 189 -0.5705654301213983
150 151 0.6648283060229241
150 190 0.22408951882903239
151 152 -0.180079488702924
151 191 -0.9599996853165302
152 153 0.680739454999213
152 192 -0.12320891930497258
153 154 0.9934640623557007
153 193 0.8884458484198583
154 155 0.8102978929251496
154 194 0.2662606752942913
155 156 0.8113481325839722
155 195 -0.23075437202696647
156 157 -0.70438269400856
156 196 0.15966422706476857
157 158 -0.23638590979277896
157 197 0.5810741251985698
158 159 -0.5031751434712297
158 198 -0.7604240502103832
159 160 0.5867820830579475
159 199 0.2715894089877955
160 200 -0.9571449035799682
161 162 0.315902931117626
161 201 -0.6122995642341034
162 163 -0.7847854703186359
162 202 -0.7659964595345978
163 164 0.728738494582327
163 203 0.565457553308431
164 165 -0.8900737344034444
164 204 -0.5769603329795641
165 166 0.4028711851758624
165 205 0.38122352687639705
166 167 -0.9241609053838735
166 206 -0.46107884702903856
167 168 0.2540224624747738
167 207 0.22925879252092618
168 169 -0.5404425839375733
168 208 -0.47841084798262146
169 170 -0.5333950926508544
169 209 -0.3946696010942594
170 171 -0.3060262049711133
170 210 0.4594823984983949
171 172 0.5015178041065322
171 211 -0.5360203736061524
172 173 -0.06336887588254259
172 212 -0.9166153955344059
173 174 0.11023574164138839
173 213 -0.862990949004306
174 175 -0.3105784697462113
174 214 0.8597533860026809
175 176 0.39867400754163684
175 215 0.5433904352211774
176 177 0.5484889379724005
176 216 0.44767724368975004
177 178 0.35471512823859586
177 217 0.5083125626545404
178 179 0.778514068975038
178 218 -0.08794497020639547
179 180 0.3505368539664029
179 219 -0.08681658857659413
180 181 -0.5979131221158669
180 220 -0.039225752381200296
181 182 -0.7996570069705209
181 221 0.5107014974521764
182 183 0.8302857099413437
182 222 -0.5816674265272321
183 184 -0.23797040834493166
183 223 0.18194091730814788
184 185 0.6813870625191298
184 224 0.5882223051370428
185 186 -0.35525048355866495
185 225 0.0305538030618
186 187 -0.17491761721364663
186 226 -0.2976591187800699
187 188 0.7788587982731159
187 227 0.5586511395292046
188 189 0.49159647627208614
188 228 0.2084047842843877
189 190 -0.3523753484897907
189 229 -0.47687236106321707
190 191 0.5464641342647769
190 230 0.4212324101733591
191 192 0.40536002564636253
191 231 -0.5048042036221629
192 193 0.2078564334918167
192 232 -0.859972858386072
193 194 0.4698890298366434
193 233 0.8483670499082294
194 195 0.17701478588570763
194 234 0.4265335616276509
195 196 -0.2053512929335346
195 235 -0.9191591728898645
196 197 0.25199924289954745
196 236 -0.8205482179351085
197 198 -0.8748245938613852
197 237 -0.1310237420979108
198 199 0.9753750837017032
198 238 -0.6018152734468998
199 200 0.8849275459290389
199 239 0.8839815361309802
200 240 0.16098457550270462
201 202 -0.45536719586683216
201 241 0.4372118672023315
202 203 0.5110471975914941
202 242 0.6777889163917199
203 204 -0.37779335909393175
203 243 -0.45617227913439984
204 205 0.873906350963094
204 244 -0.5194252592231641
205 206 -0.047253206396063785
205 245 0.43773192238040326
206 207 0.5319190163065424
206 246 0.15539416794635064
207 208 -0.3986448397497784
207 247 -0.28515269230146445
208 209 0.7654762184003869
208 248 -0.6330921816636921
209 210 0.7560953306692937
209 249 -0.9681793654043109
210 211 -0.7176042100720066
210 250 0.14790813313864093
211 212 -0.22938580869598746
211 251 0.71177741901711
212 213 0.7173652865171891
212 252 0.07135546202365317
213 214 0.3220607567269078
213 253 0.975062983301638
214 215 0.1582355673884086
214 254 0.28668212655729164
215 216 0.21529253774812007
215 255 0.7718800606216867
216 217 0.46361602480334874
216 256 -0.3985901819473632
217 218 -0.9743135571466526
217 257 -0.17681015385755172
218 219 0.5855982402953341
218 258 0.6132839959468088
219 220 -0.3137712858103803
219 259 -0.06483352680188559
220 221 0.6605893840035624
220 260 -0.8529878115176655
221 222 0.9196301312082271
221 261 -0.6038944967459123
222 223 -0.9899829388196206
222 262 0.7303959356912348
223 224 0.863878548690459
223 263 -0.6751838573693509
224 225 -0.17090279785155182
224 264 -0.7796869594980234
225 226 0.5426164502949922
225 265 0.34145032176434964
226 227 0.446465900925451
226 266 0.029891877356218233
227 228 -0.03205621304558348
227 267 -0.0218738619304919
228 229 0.38432017720107226
228 268 0.5555443065713561
229 230 -0.08979042383620883
229 269 -0.31381480360587743
230 231 0.36691122394436193
230 270 -0.168396845327192
231 232 0.24095763885162857
231 271 0.9897615015382659
232 233 -0.26952878201761266
232 272 -0.41464963077956707
233 234 -0.48969897387181627
233 273 0.10762167333707784
234 235 0.370722995059382
234 274 0.035835368443065896
235 236 0.6795203724009997
235 275 -0.4871614871894281
236 237 0.3672156918315592
236 276 0.5302933069372542
237 238 -0.4484987092389845
237 277 0.9750919660414361
238 239 -0.4882429132429371
238 278 -0.5868794377985955
239 240 0.902279698629622
239 279 0.7499333386445584
240 280 0.8642651999363329
241 242 0.566007218918021
241 281 0.7006552795499907
242 243 -0.9289259466569835
242 282 -0.7571124603985064
243 244 0.9147610843580873
243 283 0.03288536002108966
244 245 -0.9702869310172733
244 284 -0.14780828342735686
245 246 -0.48570925664199294
245 285 -0.3562681241514343
246 247 -0.26103308249720714
246 286 0.36316631419513046
247 248 0.11919211192209489
247 287 -0.18488207357377884
248 249 -0.8628515286470118
248 288 -0.32415805394284924
249 250 0.3788380615958704
249 289 -0.19798891911560434
250 251 -0.15114317599259985
250 290 -0.08750722623742302
251 252 -0.21141631190262333
251 291 -0.24687154233103725
252 253 -0.4247216079207541
252 292 -0.615258410339216
253 254 0.1824175444188243
253 293 -0.7726770530519691
254 255 0.11464317874641128
254 294 -0.38598225408491027
255 256 0.34600928665603203
255 295 -0.24944887979169317
256 257 -0.5149502485069777
256 296 0.2654519210812687
257 258 0.28583647704178516
257 297 -0.6685397810504583
258 259 0.045464332668001095
258 298 0.07739642008167258
259 260 0.48624226813555715
259 299 -0.40576350039603115
260 261 -0.5594366414979559
260 300 0.4820932804078131
261 262 -0.6835842694981495
261 301 0.9797569397069474
262 263 -0.9320486486522617
262 302 0.2084322224423487
263 264 -0.7218467057700082
263 303 0.4884359325792551
264 265 0.9403114622058053
264 304 -0.9278051814335897
265 266 -0.6107945146276486
265 305 0.9799315443271857
266 267 -0.3666194603503443
266 306 0.9485230203353958
267 268 0.6505205637274585
267 307 0.02610393922008214
268 269 -0.07422874264408263
268 308 0.39631985686166193
269 270 -0.8880721470965625
269 309 0.012582841768883801
270 271 0.960616373573226
270 310 0.3778053489282407
271 272 -0.46355594383092846
271 311 0.725398614331989
272 273 -0.21632936530744806
272 312 -0.21807101307798105
273 274 0.14857607907287895
273 313 0.5443531058878543
274 275 0.4109428370573214
274 314 0.2334204210302202
275 276 -0.8473116760941726
275 315 -0.7334686688555145
276 277 -0.5268264276314871
276 316 -0.3399677807123589
277 278 -0.5850120989613603
277 317 -0.3427954003018181
278 279 0.43569307495320886
278 318 0.7835752772235007
279 280 0.2349263544426743
279 319 -0.01867544017848033
280 320 0.9674324752741625
281 282 0.5504897879887254
281 321 -0.9266713871578285
282 283 0.782016110127306
282 322 0.030184468485434213
283 284 -0.16514894571859196
283 323 0.27772613807064217
284 285 0.242739496561321
284 324 -0.277841520339132
285 286 0.5979152272283128
285 325 -0.8985578376561865
286 287 0.23385730124275628
286 326 -0.359297231990624
287 288 -0.752992655949565
287 327 0.9615693928122695
288 289 0.3401650335744739
288 328 -0.14166013438708847
289 290 0.728206247674851
289 329 0.07561264419423108
290 291 0.3299131474958936
290 330 -0.7336174009043113
291 292 0.9760657358570946
291 331 -0.302050331311843
292 293 0.03855417225740587
292 332 0.4175059249447264
293 294 -0.1397852775642856
293 333 -0.6858804197478028
294 295 0.7749208640194376
294 334 0.5212824515987402
295 296 -0.07945351947998813
295 335 -0.8256377795856029
296 297 0.025350348017792346
296 336 0.5025981053896276
297 298 -0.3099141797741569
297 337 0.6917923984208276
298 299 -0.49847489551074475
298 338 0.06197301182813875
299 300 -0.0986909978299173
299 339 0.798875016680209
300 301 0.6904063737736648
300 340 0.03354963722937443
301 302 0.006915817043364969
301 341 0.5483902919629047
302 303 0.7684695806535835
302 342 -0.3754428516428927
303 304 -0.784048351588335
303 343 -0.1441830802271602
304 305 -0.5644143641425725
304 344 0.011125417442941377
305 306 -0.3665587764202467
305 345 0.8791118452509328
306 307 -0.7138564413427988
306 346 0.5437280526780037
307 308 0.35859383786788124
307 347 -0.5148007728911581
308 309 0.7912110217585488
308 348 -0.6219675120967874
309 310 -0.6550211484764694
309 349 0.8716720642374707
310 311 0.5896793221686176
310 350 -0.5674589511034025
311 312 -0.2624868378918337
311 351 0.819557782915681
312 313 -0.017310354386957272
312 352 -0.5578646186778204
313 314 -0.5127410811490412
313 353 -0.022289357063233428
314 315 -0.6837387047476133
314 354 -0.8393104645826799
315 316 0.636856323354988
315 355 0.5746446083096877
316 317 -0.9381599995805094
316 356 -0.3054222631696535
317 318 -0.7620678022594352
317 357 0.6802328937667437
318 319 0.7800735221696469
318 358 0.8562052400792612
319 320 0.23423228313943012
319 359 -0.03208698374020447
320 360 -0.01744037774937679
321 322 -0.7666125297342097
321 361 0.5025613989754019
322 323 0.8488380232573223
322 362 0.16248525942101621
323 324 0.37905472200517987
323 363 0.5369729897903128
324 325 0.9179085387794399
324 364 -0.696058214302677
325 326 -0.4725136611636489
325 365 -0.5840473536087634
326 327 0.45221526249108357
326 366 -0.552539659034976
327 328 0.8460626078351698
327 367 0.692408426272205
328 329 -0.2456116287514205
328 368 -0.6236531269220837
329 330 -0.9508531150426016
329 369 -0.37344282218580616
330 331 0.08399213098735325
330 370 -0.28912417445746597
331 332 -0.3468348896849631
331 371 0.6863767251114632
332 333 0.10449734412578682
332 372 -0.31813176392256315
333 334 -0.3750201528803647
333 373 0.8347493891890811
334 335 -0.5004876891655419
334 374 0.2973683365798052
335 336 -0.017104248021870383
335 375 -0.7883752446569592
336 337 -0.6045638578053429
336 376 0.7610158297080276
337 338 0.14387671649126021
337 377 0.42451724920079204
338 339 0.4543651213664994
338 378 0.9489243627243111
339 340 0.5912631972465019
339 379 -0.7714514175438796
340 341 -0.9002826412653886
340 380 -0.15711688274584246
341 342 0.7651112192440854
341 381 0.2428494672657644
342 343 0.7020081441145731
342 382 0.45835526053755005
343 344 0.34328855957336035
343 383 -0.4766401216545333
344 345 0.20088702259389168
344 384 0.39843797345233667
345 346 -0.12445801345093987
345 385 0.26376585165075905
346 347 0.6170724706965456
346 386 -0.5465401718945888
347 348 -0.030653296060526136
347 387 -0.03740040624761187
348 349 0.19660519327257275
348 388 -0.7321657051527004
349 350 -0.36728489431489497
349 389 0.4893837845987985
350 351 0.7013840329432368
350 390 -0.5810546918854125
351 352 -0.2839879859079981
351 391 -0.7763986370520413
352 353 0.34927242726595553
352 392 0.41191498014317895
353 354 -0.5338660389688059
353 393 -0.8039266948995247
354 355 0.49523430956923153
354 394 0.7448506331335247
355 356 0.5966831133914694
355 395 0.6245550681278318
356 357 -0.5526102514961619
356 396 -0.5575496663003647
357 358 -0.898681021209395
357 397 -0.6061526863589537
358 359 -0.49476081543312245
358 398 0.24398504324651804
359 360 -0.5919391852721252
359 399 -0.39736745423952113
360 400 -0.9441925789767815
361 362 -0.521563567600781
361 401 -0.4903879721157065
362 363 0.546512774612808
362 402 -0.1546462113100886
363 364 -0.11429082460321394
363 403 0.9026289802381335
364 365 0.9028838228896334
364 404 -0.04283435186515039
365 366 -0.5550721802832499
365 405 0.323763465720313
366 367 0.7199651082515863
366 406 -0.9441267080160827
367 368 -0.959567324336249
367 407 -0.8153180802523199
368 369 0.9455339184488778
368 408 0.05026210837762268
369 370 -0.8970417535612798
369 409 -0.6298511624180303
370 371 0.39517729547858926
370 410 0.07021996783165418
371 372 -0.6082300865429611
371 411 -0.15110940442857457
372 373 -0.8321259421790115
372 412 -0.46657935381041904
373 374 -0.5689597471483456
373 413 -0.846665594192693
374 375 -0.7534097947595058
374 414 0.016797164995766778
375 376 0.512223310933233
375 415 0.053345948195592685
376 377 0.24667112922353107
376 416 0.446164398592227
377 378 -0.42201491422347726
377 417 -0.12793006503690485
378 379 -0.6540676104701142
378 418 -0.45159485188153403
379 380 0.036167896984461434
379 419 0.7565768655778347
380 381 -0.3690098382696885
380 420 -0.04707867857461734
381 382 0.6227969182755215
381 421 -0.14683862891323352
382 383 -0.6108551632954191
382 422 -0.25289132814918425
383 384 -0.8291393041178272
383 423 0.92902237375565
384 385 -0.4559111582362336
384 424 0.7190781970920912
385 386 -0.583580519492074
385 425 0.2980540583900937
386 387 0.8857948639876245
386 426 -0.4766667929014854
387 388 0.8100086704028893
387 427 0.03880353975423256
388 389 0.0015984842514507047
388 428 0.8158587579792693
389 390 0.19323137434147886
389 429 -0.23563772476358325
390 391 -0.653254164755491
390 430 -0.540911766058463
391 392 -0.3757230882248326
391 431 0.801437483204201
392 393 -0.062417301830711036
392 432 -0.8668944988580123
393 394 -0.7534433118957287
393 433 -0.0617142078782873
394 395 0.7136083827238422
394 434 0.8426101927673535
395 396 0.7268197426552285
395 435 0.622713039477337
396 397 0.7536245291140944
396 436 -0.9069583112323951
397 398 0.2473274123402205
397 437 -0.1443190472006668
398 399 -0.07530654863309816
398 438 0.8509648623364614
399 400 -0.8611260438518815
399 439 -0.8821719238095656
400 440 0.9722183881590842
401 402 0.715251062339525
401 441 0.8995580522286055
402 403 0.6509295025282511
402 442 -0.22919087654502568
403 404 0.06558257023933778
403 443 -0.37287724171741266
404 405 0.6148643081450884
404 444 0.26586794573572914
405 406 -0.7539323078509805
405 445 -0.21226564462239828
406 407 0.24113812519993383
406 446 0.30467745202196994
407 408 -0.8079908392781192
407 447 0.18463828523450476
408 409 0.7570460635658434
408 448 0.33937808631120503
409 410 0.6206889541313465
409 449 -0.16263882329915247
410 411 -0.3399026598632777
410 450 -0.6869991450443529
411 412 -0.7331452361332471
411 451 -0.3888747701930306
412 413 -0.09383871212520578
412 452 -0.7060559323078199
413 414 -0.7297952806119836
413 453 -0.5998129147500086
414 415 -0.6504608065311137
414 454 0.5187011036926348
415 416 0.17069617577597418
415 455 0.027543960171379167
416 417 -0.3041776757820682
416 456 -0.6348724722591261
417 418 -0.6467833621034651
417 457 0.9684865927850226
418 419 0.3442709169513989
418 458 0.2942418669404676
419 420 -0.017375073779947403
419 459 -0.7102022865039095
420 421 0.30596150624889384
420 460 -0.812705642600468
421 422 -0.7498789571362787
421 461 -0.37715467961255933
422 423 0.055421234417706744
422 462 -0.24882084231243384
423 424 0.18103712049589626
423 463 0.4067551088227217
424 425 0.7439500620218293
424 464 -0.589649889072702
425 426 -0.5191069553112808
425 465 -0.07721080417204695
426 427 0.371338373841021
426 466 -0.15880333862016438
427 428 -0.06412383029551472
427 467 -0.3286956816331441
428 429 -0.6738135172819788
428 468 -0.89093413699353
429 430 0.7567231745269691
429 469 0.04294015897763526
430 431 0.9760770842020681
430 470 -0.8218720897419247
431 432 0.49723536352618036
431 471 -0.6278057105409063
432 433 0.5040621197416559
432 472 -0.2924591973290398
433 434 -0.24329732406705107
433 473 0.5994823000519713
434 435 0.5950726075797783
434 474 -0.8012695634999512
435 436 -0.6963761788112952
435 475 0.5948245600212065
436 437 -0.8618197130633078
436 476 0.8951618685548222
437 438 0.49317895418339663
437 477 0.9930315147434563
438 439 -0.28257683272144885
438 478 -0.2339704329562795
439 440 0.07536959678547483
439 479 0.26694133517848506
440 480 -0.2842454995064019
441 442 0.12337371602231584
441 481 -0.6424389603000469
442 443 -0.29130807549620275
442 482 -0.14384295508438893
443 444 -0.5929558730375599
443 483 0.9706952370498372
444 445 -0.6413531006819293
444 484 -0.9256810420162069
445 446 0.22519777065459
445 485 -0.3586035431559116
446 447 0.3184242382977944
446 486 0.6020860725679185
447 448 0.2619320542236092
447 487 0.526438886030991
448 449 -0.720468946871303
448 488 0.8104000652322048
449 450 -0.9970078350157099
449 489 -0.029287474020135873
450 451 -0.2332229668008079
450 490 -0.5506216709631717
451 452 -0.5008764612832595
451 491 0.11294575500002413
452 453 0.6553360764953686
452 492 -0.6214827169859725
453 454 0.0664384515280283
453 493 -0.03305340678892921
454 455 -0.012590809334890096
454 494 -0.4907038868551845
455 456 -0.8735794796383345
455 495 0.5352862273261652
456 457 0.19655079205137937
456 496 0.4866979834373899
457 458 0.9182975590051188
457 497 0.5834941093605304
458 459 0.6574646149412637
458 498 -0.24122981691320589
459 460 0.15723761146553583
459 499 0.2151361433854615
460 461 0.559786092623475
460 500 0.7720987142822142
461 462 0.5208442943868448
461 501 0.8715673518539966
462 463 0.23079145644280286
462 502 0.005110295877434501
463 464 -0.44090484987800305
463 503 0.45697176077477764
464 465 -0.6647454860629229
464 504 0.41718266921832936
465 466 -0.7925287736075133
465 505 -0.34057300980943994
466 467 0.5831039707152534
466 506 0.020002828383255622
467 468 -0.6135270012729885
467 507 0.3655949701292911
468 469 -0.7168185276197927
468 508 -0.11306926640051596
469 470 0.43089605314855217
469 509 0.9150726277111656
470 471 -0.5119515949633935
470 510 -0.7967741450062378
471 472 -0.01008604115998879
471 511 -0.5102715935909115
472 473 0.574228565763155
472 512 -0.1359880702198193
473 474 0.02845391988177881
473 513 -0.4307590305129765
474 475 -0.9884072242398054
474 514 -0.3226381842373234
475 476 0.33983028444837937
475 515 -0.04074683359164166
476 477 -0.4882372671447197
476 516 -0.600839451396793
477 478 0.25087415674669566
477 517 -0.264899782544199
478 479 0.12946121815954648
478 518 0.9249543426664353
479 480 0.3380067418704449
479 519 0.5257457518737771
480 520 -0.631515147480108
481 482 0.5405038662768005
481 521 -0.015237920770901026
482 483 -0.2098696368922255
482 522 0.6892594282949713
483 484 -0.0643215771190302
483 523 0.40585844100848045
484 485 0.893233310561167
484 524 0.7803578802764732
485 486 -0.36853358546248627
485 525 0.2126395981578919
486 487 -0.325901384622014
486 526 -0.9812011800083378
487 488 0.4503682474716273
487 527 0.48241583582390746
488 489 0.012253541186009187
488 528 -0.8966924979591049
489 490 0.6868002534506121
489 529 0.9671690779442497
490 491 -0.11441619178592055
490 530 0.10792409435269712
491 492 0.599926239095792
491 531 0.5417694610611512
492 493 0.17920595207648193
492 532 0.7565775367746508
493 494 -0.4201297339565855
493 533 -0.5709725263747247
494 495 -0.2134165212952157
494 534 -0.9826150913583296
495 496 -0.440646816454334
495 535 -0.15060731048099818
496 497 0.4919396661666726
496 536 -0.24943507281999655
497 498 -0.7394619229535675
497 537 -0.49288868272552055
498 499 -0.1195856213056079
498 538 -0.5919527098071462
499 500 0.959685044731865
499 539 0.883742446840087
500 501 0.3474925179941426
500 540 0.07580028411212814
501 502 -0.9235520713604211
501 541 -0.17785520836705104
502 503 0.8495317308529595
502 542 -0.06623563172589741
503 504 0.6019367259217094
503 543 0.24684166468215207
504 505 -0.48482414651196715
504 544 -0.02446779664321075
505 506 0.8793647694677322
505 545 -0.5798905810360457
506 507 0.7220739889474177
506 546 0.8181606819639118
507 508 0.25580117804762703
507 547 0.8255298465907801
508 509 -0.5163636232203976
508 548 -0.9764299008919457
509 510 0.16628042771374485
509 549 -0.05311639929237555
510 511 0.6274561679883195
510 550 0.3749066492334443
511 512 0.6570954787622705
511 551 -0.16254215848600406
512 513 -0.8720084564066193
512 552 -0.9687061954533756
513 514 0.2688428868882402
513 553 0.035742050235262335
514 515 0.49000192893240024
514 554 0.7140357434748614
515 516 0.4009312665236131
515 555 0.07422419896616916
516 517 0.8383904343423476
516 556 0.9525789497828443
517 518 0.5743751875832599
517 557 -0.3189174125902037
518 519 0.5329731045565436
518 558 0.3946602321050139
519 520 -0.51129424359731
519 559 0.365653413841849
520 560 0.6953165400525914
521 522 0.26250613112709065
521 561 0.6789958458274119
522 523 -0.25235238167407026
522 562 -0.2568380476281711
523 524 -0.6907918239038551
523 563 0.46199877295270153
524 525 0.46206862750146427
524 564 -0.08250780508104083
525 526 0.6663979868084529
525 565 -0.1662820180324478
526 527 0.7031668611457522
526 566 0.5940980599436683
527 528 -0.790942662172174
527 567 0.09983375852741339
528 529 0.06590336423273291
528 568 -0.5063940348598448
529 530 -0.8710408019640963
529 569 0.9305619478452947
530 531 0.44601367590442464
530 570 -0.8640181045765754
531 532 0.2616719528849236
531 571 0.024252531791767007
532 533 0.5919595461267484
532 572 0.41950264797297376
533 534 0.2631468458111017
533 573 -0.35214942843414065
534 535 -0.4075195466554007
534 574 -0.5353276048930662
535 536 0.713871441620435
535 575 0.7572321585738135
536 537 -0.7470265665986429
536 576 0.394797365479179
537 538 0.39983976231956153
537 577 -0.7133029325186675
538 539 0.591852029991387
538 578 0.7736960054194235
539 540 -0.06984176779377238
539 579 0.4649395382372612
540 541 -0.8664834563083916
540 580 0.7637674998964081
541 542 0.13022468492829264
541 581 0.5272396822756524
542 543 -0.592726360812573
542 582 -0.5587802873993539
543 544 -0.8527201958323885
543 583 0.06434826005026206
544 545 -0.8339745851824119
544 584 0.8419056922670032
545 546 -0.3058272072759629
545 585 0.5165541638115823
546 547 -0.01945651588964381
546 586 0.7562574458392561
547 548 0.7850389534446183
547 587 0.8486947817395065
548 549 0.2767428759240236
548 588 0.3876529751627331
549 550 -0.679954959095094
549 589 -0.46865042732730244
550 551 0.993360778653684
550 590 0.3441250517889185
551 552 -0.9194246301344047
551 591 -0.4429658274404269
552 553 -0.34850668831858855
552 592 0.6367501121742167
553 554 0.8499346536006169
553 593 -0.7554698767900314
554 555 0.3651722094942642
554 594 0.35765499729043926
555 556 -0.553300700446737
555 595 -0.15116815174041576
556 557 0.9354255232714559
556 596 0.02911183155453889
557 558 0.21507391182035107
557 597 0.28130330388403846
558 559 -0.8648836435635403
558 598 0.6554707649501317
559 560 -0.6012615174526146
559 599 0.12063948237811895
560 600 -0.13742212083453387
561 562 -0.07792120741513853
561 601 -0.004119853385389671
562 563 -0.16811408398490357
562 602 -0.15091104727355442
563 564 0.3211720872171633
563 603 0.4728573540432923
564 565 -0.16000835981861639
564 604 0.6784249647246636
565 566 -0.9034228091278684
565 605 0.7692914440974488
566 567 0.025117579307515125
566 606 0.7420051451399041
567 568 0.4369022819817594
567 607 -0.4633178617754319
568 569 0.552441307360491
568 608 -0.2991503798399233
569 570 0.17697453751291214
569 609 -0.30975268836146497
570 571 0.7405197781291295
570 610 -0.2277741436810039
571 572 -0.235000770679763
571 611 0.9659490335555123
572 573 0.7498211315321777
572 612 0.4064220465446735
573 574 -0.8897429266822205
573 613 0.7428758639974355
574 575 0.6830299880807504
574 614 -0.11407738431544967
575 576 -0.8206346381689043
575 615 0.8507288308572725
576 577 -0.5041334802703874
576 616 0.7192145430156955
577 578 -0.8778869268550549
577 617 0.4046196131721609
578 579 -0.3553890030611375
578 618 -0.09922508388751994
579 580 0.9068774949272072
579 619 0.6849156351201557
580 581 -0.16569691056391211
580 620 0.8955199491632755
581 582 0.16510001188823176
581 621 -0.8246912529590233
582 583 -0.5962433369791702
582 622 0.8794996356690925
583 584 0.4464924076075707
583 623 -0.43900514130433343
584 585 -0.5964866453676643
584 624 -0.9694295163109767
585 586 0.6877916126234755
585 625 -0.7852839385499988
586 587 -0.37543948575871267
586 626 0.44582982376650837
587 588 0.6292972689768654
587 627 0.5390264674894454
588 589 -0.3028822960957551
588 628 -0.17231310773795894
589 590 -0.031097946534871967
589 629 -0.40497857008907867
590 591 0.3120417052132465
590 630 -0.12936688810770236
591 592 -0.9587822129213164
591 631 -0.5795249781998788
592 593 -0.3999283656324035
592 632 0.9928509322660046
593 594 -0.9553223241552278
593 633 0.5796239739162996
594 595 0.49209507411753517
594 634 0.7139765512874816
595 596 -0.3374611179975384
595 635 0.7978507371895311
596 597 0.23324113068244956
596 636 0.8086871581432908
597 598 -0.30840803175102494
597 637 0.2488507532852331
598 599 -0.8031218416106789
598 638 -0.5380860995802794
599 600 0.15467017465914412
599 639 -0.0853166536904506
600 640 -0.014841237842687649
601 602 0.3588222351065016
601 641 0.3015718282466602
602 603 0.32560968566763204
602 642 -0.6204481487673543
603 604 0.8133785816868742
603 643 0.586632627302277
604 605 -0.03240602769037548
604 644 -0.19506909466555755
605 606 0.7379668967616753
605 645 -0.2649451989016731
606 607 -0.18979589181266587
606 646 0.6884127171632504
607 608 -0.4407095851999321
607 647 -0.2874143367184454
608 609 -0.6744305873331986
608 648 0.9347270025702539
609 610 -0.0369263301247964
609 649 0.70884505692638
610 611 0.034060346503412164
610 650 0.8979685836281222
611 612 0.8650898513556844
611 651 0.32443333559234677
612 613 -0.8766096854534302
612 652 -0.10660329247017875
613 614 0.692624369688849
613 653 0.5658150426298665
614 615 0.31289468234151774
614 654 -0.8393182606434857
615 616 0.5751540722130979
615 655 0.49946297422365205
616 617 -0.35178719643742307
616 656 -0.6804346403040982
617 618 0.9001295825236448
617 657 0.35980074708630116
618 619 -0.27828762421923225
618 658 0.06688177700395448
619 620 0.3440098365299069
619 659 -0.8878241027622156
620 621 -0.6547762309714902
620 660 -0.007866844088453728
621 622 0.6646879193946793
621 661 0.2765425623991784
622 623 -0.32722757738663155
622 662 -0.5715597909900723
623 624 -0.7960380716067208
623 663 0.6508966350856102
624 625 -0.23246999022596837
624 664 -0.5349584300108277
625 626 0.4843734525076844
625 665 -0.5083657636741219
626 627 0.28229539452859775
626 666 0.6253842548049786
627 628 0.42676104248093716
627 667 0.12491941460095002
628 629 -0.8749498695432008
628 668 -0.5123522304883277
629 630 0.7699077500107327
629 669 -0.02726759462786643
630 631 0.9212500971092896
630 670 0.6387099741434223
631 632 -0.06599124786793142
631 671 0.29600849551789477
632 633 0.27665123631364197
632 672 -0.6716379623886031
633 634 0.5026649176202727
633 673 -0.5439589101784017
634 635 0.0624901135864635
634 674 0.930828363583265
635 636 -0.9575721954923753
635 675 -0.19115817030360427
636 637 -0.5464416116266293
636 676 0.2589007402405765
637 638 0.7779653706218106
637 677 0.7558149540851644
638 639 -0.5887878326948897
638 678 0.5059739939997916
639 640 -0.5712770217238992
639 679 -0.8362782605863424
640 680 -0.30933658329255054
641 642 -0.46240952251129186
641 681 -0.8653506661219645
642 643 0.44495730222487384
642 682 -0.49267805419545874
643 644 -0.21006053760395504
643 683 0.8443114576591573
644 645 -0.23924724171200884
644 684 0.8929234728322675
645 646 0.2696467101483637
645 685 -0.0917886749352419
646 647 0.45155526740746166
646 686 0.25915920578249385
647 648 -0.14085844175911832
647 687 -0.606676598963851
648 649 -0.7148822643738773
648 688 0.4537676367953196
649 650 0.33641976474004887
649 689 0.5258019703377332
650 651 0.46734616652000516
650 690 0.17619277671919265
651 652 0.0962694918391993
651 691 -0.3830038710032766
652 653 -0.07854036933387865
652 692 -0.19407352307870052
653 654 -0.13069555931116894
653 693 -0.9989520702016355
654 655 0.4386965131540399
654 694 0.15102979327792965
655 656 -0.2673926396533677
655 695 0.5316309862094528
656 657 -0.9382409839440506
656 696 0.8892327292993705
657 658 0.7295933372978682
657 697 0.585393866679204
658 659 -0.9308976718873279
658 698 -0.4869177451777742
659 660 0.566194685835619
659 699 0.14470636678507987
660 661 -0.1370590561173426
660 700 -0.008671432005158852
661 662 0.025548508371348477
661 701 -0.1770194149568085
662 663 -0.2154561613598096
662 702 -0.2931957351709191
663 664 -0.20143238623391313
663 703 0.4780445460540672
664 665 0.2652977594058359
664 704 0.49815397784230475
665 666 -0.8912924366630204
665 705 -0.03381350117875903
666 667 0.8431677036764369
666 706 0.6108772486906142
667 668 -0.4830667107802442
667 707 -0.6158788843251912
668 669 0.11074874559162828
668 708 -0.6897387006359161
669 670 0.8970511815545104
669 709 -0.619976003005478
670 671 -0.8144078346703232
670 710 0.34572795620793184
671 672 0.8460082037093748
671 711 0.4847103721868835
672 673 -0.3933640806777259
672 712 -0.7578523784754565
673 674 -0.13599409772212212
673 713 0.5835465164177371
674 675 -0.7163779941799537
674 714 -0.5668707316829971
675 676 -0.2894368872533508
675 715 0.5810423558220286
676 677 0.7413650017519258
676 716 -0.9854453674359989
677 678 0.297660773884568
677 717 0.7922461446453049
678 679 0.8517493112130534
678 718 0.9607782103888263
679 680 -0.9017432451968954
679 719 0.0943927911264415
680 720 0.688620038960891
681 682 0.5428902767171255
681 721 -0.038031735400708255
682 683 0.925348277048923
682 722 -0.7346775083613248
683 684 -0.9181093662161552
683 723 0.5886842182042866
684 685 0.3057291336241197
684 724 -0.6613215582122685
685 686 0.42359419828850564
685 725 -0.74068172116704
686 687 0.9648590472645628
686 726 0.9617167176563128
687 688 -0.6534113761473448
687 727 -0.8816879360492962
688 689 0.4387281721907912
688 728 0.7990131725350655
689 690 -0.7661249042333633
689 729 -0.7069667347954052
690 691 -0.41913709296959123
690 730 0.6562810554941332
691 692 0.5033264092694141
691 731 -0.12368070467074288
692 693 -0.8830800106016585
692 732 0.2923702260644372
693 694 0.3285348721572159
693 733 0.9843773902397364
694 695 0.15426082574180366
694 734 -0.4966441404136668
695 696 -0.1327355394036358
695 735 0.8224397581348428
696 697 -0.5633926113867198
696 736 0.0033521813782153576
697 698 -0.17748827898256692
697 737 0.7713079765566355
698 699 0.4369266978321422
698 738 0.9707878835908836
699 700 -0.08049466756001111
699 739 -0.5246842435024597
700 701 -0.7931328463463232
700 740 0.14544705980610417
701 702 -0.23371820222879824
701 741 -0.924404564085908
702 703 -0.5210228702101372
702 742 -0.561203653387413
703 704 0.6149679453064603
703 743 -0.9127041004880712
704 705 -0.5739214427887513
704 744 -0.855587488181917
705 706 -0.7918676399132216
705 745 0.8286310442246185
706 707 -0.3292563441464291
706 746 0.6287944471516604
707 708 0.5302610565035399
707 747 0.5406807960861177
708 709 -0.7699272473531147
708 748 -0.6594307310176082
709 710 0.7623670528563231
709 749 0.7586134126245052
710 711 -0.9149636577271842
710 750 0.8322942071839432
711 712 -0.9199047030917629
711 751 -0.8780208044589999
712 713 -0.5409111605106975
712 752 -0.7673907486515663
713 714 -0.529333890291672
713 753 0.6029695011080469
714 715 -0.0019305762276284888
714 754 0.015968914500414932
715 716 -0.422988752950624
715 755 0.20943537675955937
716 717 0.2846319697548132
716 756 -0.6589991690701298
717 718 0.5137128925154231
717 757 -0.8137231565153218
718 719 -0.05637138013310983
718 758 0.14569865184320618
719 720 0.22915797886403877
719 759 -0.9664811508063245
720 760 0.6176141547582714
721 722 -0.34158718453270653
721 761 0.021282112350303528
722 723 0.6135933947354426
722 762 -0.29000909921501217
723 724 0.6759432988320639
723 763 0.08385338508909324
724 725 0.478462560415605
724 764 -0.23958781238790694
725 726 -0.8251792630182495
725 765 0.9133973500412471
726 727 0.7340392979068016
726 766 -0.2756523382078575
727 728 0.7280679676726105
727 767 -0.009552291621250264
728 729 -0.1825109016364268
728 768 -0.9818139763549361
729 730 -0.17001856301001927
729 769 -0.1923232207529577
730 731 0.7039094818579947
730 770 -0.29837408342493044
731 732 -0.6235219336156563
731 771 0.686578355511374
732 733 0.8235668873479411
732 772 -0.21975590963759317
733 734 0.5120746004871739
733 773 -0.4016271432897387
734 735 -0.6660911439078803
734 774 0.35000081284923623
735 736 0.6819293067132994
735 775 0.4486831939517817
736 737 -0.6394379519704734
736 776 0.22746228719600747
737 738 -0.987550486210115
737 777 -0.06278244772609676
738 739 0.5084781249099519
738 778 0.341890179637373
739 740 0.1650416032635671
739 779 -0.07197211456484487
740 741 0.671393904578534
740 780 0.6265893570628629
741 742 -0.7744080913483797
741 781 -0.6220197463687445
742 743 0.9992667337070056
742 782 -0.36143862488328726
743 744 -0.399134286561849
743 783 0.17949904184646148
744 745 0.30281711350636287
744 784 0.5182836019190133
745 746 0.030345942088440436
745 785 -0.339645900958669
746 747 0.4812349331275225
746 786 0.7390659296761533
747 748 0.7975294635169634
747 787 0.33515758520271
748 749 0.47304320767858665
748 788 -0.3801699576958777
749 750 -0.10265398121037639
749 789 0.15396365447029448
750 751 0.29186145960257104
750 790 -0.32666198997176776
751 752 0.9148710166830778
751 791 0.15975948753372093
752 753 -0.5461001029886456
752 792 -0.1418199483686955
753 754 -0.6281307264196474
753 793 0.1343965376214673
754 755 -0.48509925355093486
754 794 -0.9298867190963536
755 756 0.66484409621716
755 795 -0.7234063331569223
756 757 -0.05949850183208816
756 796 -0.5499053380642016
757 758 -0.1189853908156362
757 797 -0.14377218781180456
758 759 0.45512681869706717
758 798 0.6194488465329231
759 760 0.04301132287989051
759 799 0.23284174998782214
760 800 -0.547125302073669
761 762 -0.47274234267988646
761 801 -0.37897689990740524
762 763 -0.8307233903987545
762 802 0.46233755141764
763 764 0.26074439980264175
763 803 0.9449678370413879
764 765 0.6135443165234407
764 804 -0.25480126516876767
765 766 0.75407793663823
765 805 -0.6878005291421265
766 767 -0.9669260635221788
766 806 0.7612933972464255
767 768 -0.47093322723798026
767 807 -0.9707275220548732
768 769 -0.24991693411454752
768 808 -0.4160669947051896
769 770 0.34937907025034787
769 809 -0.25103687003831343
770 771 0.2877884710991556
770 810 0.7738513689826902
771 772 0.27017213379626703
771 811 -0.42541091646530016
772 773 -0.8893632434793646
772 812 -0.12363901648809272
773 774 -0.4765752375524137
773 813 0.9379580367335454
774 775 -0.6449709575969333
774 814 0.4494338301616738
775 776 -0.023723427272873465
775 815 -0.9191268444833263
776 777 0.31516083070596923
776 816 0.7164997247023281
777 778 -0.487802941087464
777 817 0.19351982990937922
778 779 0.41151996843077554
778 818 -0.3712122390393786
779 780 -0.3336939318529619
779 819 0.17613437610017546
780 781 -0.14106874658470203
780 820 0.8586884290877612
781 782 0.19976859206766684
781 821 -0.06318759295280496
782 783 0.9900543982053791
782 822 0.3325779900069341
783 784 0.8261770185833153
783 823 -0.2930240109058577
784 785 -0.24667998352922416
784 824 -0.8700870718843128
785 786 -0.6722945158863516
785 825 0.3173992597287847
786 787 0.673541630982764
786 826 0.8784262854544513
787 788 -0.2773488224964278
787 827 -0.5935872530181554
788 789 -0.05812856572706582
788 828 0.8037744939298004
789 790 -0.015636397107660516
789 829 0.9882126402300133
790 791 0.6053211137332031
790 830 0.09965527066011659
791 792 0.11468240199798063
791 831 0.0771245424425877
792 793 -0.2613876906634782
792 832 0.3719781677203742
793 794 -0.1448987609321255
793 833 -0.19219340711168997
794 795 -0.9657185913143813
794 834 0.28364968190023143
795 796 0.6118349690506737
795 835 0.45187316281184264
796 797 -0.3670147637647483
796 836 0.01254665468277505
797 798 -0.19028095134888035
797 837 0.8620570475924363
798 799 0.7216629077178895
798 838 0.28684288616071396
799 800 -0.5549478094726323
799 839 0.6287425283068595
800 840 -0.3599427607765806
801 802 0.2537068754327001
801 841 0.11489962114456498
802 803 0.9932017091068157
802 842 -0.9808144584332017
803 804 -0.20510535741930602
803 843 0.007079359589820866
804 805 -0.5862293601284656
804 844 -0.01884032814034553
805 806 -0.6942594014902277
805 845 -0.24840891556991362
806 807 -0.9177894397497959
806 846 -0.30514918515913503
807 808 0.2717872045068854
807 847 -0.38499177993362954
808 809 -0.7296559971544123
808 848 0.5429865117442854
809 810 0.93711094775456
809 849 -0.3773946704327198
810 811 0.320642065650137
810 850 -0.4761752839909079
811 812 -0.9263219449078224
811 851 -0.7813598249388323
812 813 0.2092747723272963
812 852 -0.6085881513847533
813 814 0.5089233188260445
813 853 0.1826679631685484
814 815 0.5575849897871326
814 854 0.5130375009457842
815 816 -0.08396881825375635
815 855 0.5405922363510369
816 817 -0.18473809613255665
816 856 -0.7022809007201187
817 818 0.4807565455878471
817 857 -0.6924323463059399
818 819 -0.06836749059579428
818 858 -0.8808720373585119
819 820 0.9703296513898354
819 859 -0.280444198629457
820 821 0.564939443881852
820 860 0.45759707782541326
821 822 -0.896175799489981
821 861 0.18351434519385745
822 823 -0.40453816360710415
822 862 0.5330211858372118
823 824 0.5604494419520365
823 863 0.9003067764643515
824 825 -0.24593240640700165
824 864 -0.15140113387770304
825 826 -0.14337305671797762
825 865 0.0003300230681511085
826 827 0.05119028322014585
826 866 0.3343831678118603
827 828 -0.6866298045116255
827 867 0.9203001499475736
828 829 -0.509725735587224
828 868 -0.6950927924155441
829 830 -0.9371321297984996
829 869 -0.5189270991087214
830 831 0.2655921561604264
830 870 0.8112998942272869
831 832 -0.1846278382587876
831 871 0.8562431339722347
832 833 0.7868144534890615
832 872 0.8358246147930466
833 834 0.20071527264227407
833 873 -0.3322460899387065
834 835 -0.31454969270808686
834 874 0.3008484073760942
835 836 -0.43238426591038603
835 875 0.6260330347901917
836 837 0.6057637461371319
836 876 0.19724421172554862
837 838 0.08851808088164081
837 877 -0.9182010926639508
838 839 -0.9344107091849934
838 878 -0.17798017294956447
839 840 0.14611342719916975
839 879 0.696417281719814
840 880 -0.7496194476257572
841 842 -0.362840880840396
841 881 -0.21031355828314524
842 843 -0.5248532249189422
842 882 -0.07615043657330922
843 844 -0.03989643091719319
843 883 0.41983752569261146
844 845 -0.6153601780967999
844 884 -0.6314839614804812
845 846 -0.7483975282741648
845 885 0.7497666969023116
846 847 -0.44869183873573193
846 886 0.9993369514848798
847 848 0.29710550503337063
847 887 -0.0250442204303869
848 849 0.13840830965696593
848 888 0.9986646373534442
849 850 -0.9166845492009303
849 889 0.4423081426057187
850 851 -0.7474666538235455
850 890 0.3897257034855177
851 852 0.3248703673879354
851 891 -0.31853556911947734
852 853 0.09665216543501698
852 892 -0.29096908163189017
853 854 -0.7826150841414046
853 893 -0.19429320749884815
854 855 0.14179957368269824
854 894 -0.4301805818685418
855 856 -0.8713942084153394
855 895 0.16042462671283708
856 857 -0.272691671558454
856 896 0.016160709265657935
857 858 0.6016240952049778
857 897 -0.8551959748808071
858 859 -0.5375294279264684
858 898 -0.12190477426030966
859 860 -0.7105994907660831
859 899 0.9095134775951219
860 861 0.5488365926093228
860 900 -0.20683684073077213
861 862 0.9502876399272651
861 901 0.43518952172379777
862 863 0.028426547165866678
862 902 0.9684548221214038
863 864 0.8031199269398448
863 903 -0.8147649167224709
864 865 -0.8653835991458518
864 904 -0.7882025183458945
865 866 0.49055025862603996
865 905 -0.37259449305677106
866 867 0.7157548244633989
866 906 -0.7853660975827135
867 868 0.1519524245145467
867 907 -0.24853682455359327
868 869 -0.18117111353689608
868 908 -0.6923414474108547
869 870 -0.9325915447448834
869 909 -0.10834692682558855
870 871 -0.7943853258731888
870 910 0.03917202799833719
871 872 -0.5439901669356959
871 911 -0.22090943112478745
872 873 -0.518275831064775
872 912 -0.6641618123251978
873 874 0.7765899778000871
873 913 -0.39941739564778467
874 875 0.3669737123803909
874 914 -0.607676387135355
875 876 0.1145731722248915
875 915 0.6374234046410723
876 877 -0.6087549101622938
876 916 -0.0390787966665751
877 878 -0.11305169354176758
877 917 0.30967784804250753
878 879 -0.09642153751405336
878 918 -0.8880435311616894
879 880 0.6111434052238507
879 919 0.14293597148259107
880 920 -0.5103217222798531
881 882 -0.48405082826962964
881 921 0.1644822465704312
882 883 0.5305176758565611
882 922 0.9450066286417522
883 884 -0.9647036779560922
883 923 -0.8727895312109717
884 885 -0.3984980034543757
884 924 0.18433457271502007
885 886 0.818107546733646
885 925 -0.8915360166578747
886 887 -0.5481025237698738
886 926 -0.4410339342870615
887 888 0.8859422301680155
887 927 0.2484663342772757
888 889 -0.9533062183758347
888 928 -0.3871993113525538
889 890 0.6557231578962643
889 929 -0.24003178440510853
890 891 -0.4217819367781763
890 930 0.820129747822625
891 892 0.9236761453208355
891 931 -0.37248671067245853
892 893 0.48478618109034466
892 932 -0.4130508146966816
893 894 -0.46064836505553464
893 933 0.14615060612241337
894 895 -0.7807890264267885
894 934 0.2043315720949639
895 896 -0.16846951853084424
895 935 -0.202466093762395
896 897 0.5521162770287718
896 936 -0.6603254459021146
897 898 0.8423299749189126
897 937 -0.4051763869568086
898 899 0.48764367089737326
898 938 -0.2477483910110858
899 900 0.3226521590989837
899 939 -0.2729723343331647
900 901 0.660197822162945
900 940 0.22288350880242436
901 902 -0.4954185208319579
901 941 0.7009008607336809
902 903 0.27120586073767505
902 942 -0.7074796567002894
903 904 0.29226634689615527
903 943 -0.8621325963741622
904 905 0.9962954852343551
904 944 0.4763031224235268
905 906 0.6699540204038792
905 945 0.13952406653948124
906 907 -0.644891562639508
906 946 0.15253251780068489
907 908 -0.39289154146534777
907 947 0.7052902841548683
908 909 -0.22586136687650749
908 948 -0.5099450779136394
909 910 0.44806822388384626
909 949 -0.5103941410173507
910 911 -0.5828558993110982
910 950 -0.2705715305916039
911 912 0.8510029441861207
911 951 -0.8043303512441302
912 913 0.7603779881726029
912 952 0.2618574499911619
913 914 0.04451875843142172
913 953 0.3951203663088827
914 915 -0.7310325843279089
914 954 0.48311095249895786
915 916 0.4168782351145284
915 955 -0.8234042757175
916 917 0.24513046247632642
916 956 -0.6447314323280893
917 918 0.9151435943890465
917 957 -0.29376929710477007
918 919 0.502101013917785
918 958 0.787569103859362
919 920 0.4446735644441373
919 959 -0.093492482096589
920 960 0.1884546233019868
921 922 -0.6767425791124253
921 961 0.19626763953003956
922 923 0.8318939960725236
922 962 0.17489356209937812
923 924 -0.7660531179335053
923 963 0.6617704048433362
924 925 -0.007767695908705852
924 964 0.833303931697364
925 926 0.8614676325213726
925 965 0.755459646532072
926 927 -0.2890527557116902
926 966 -0.8375559151826388
927 928 -0.04188263810633286
927 967 0.999063334592381
928 929 0.8792477880844425
928 968 -0.7184969560422569
929 930 0.5511721371849887
929 969 -0.9351459642639024
930 931 -0.566507992114905
930 970 0.4859784735775685
931 932 -0.37232980917427816
931 971 -0.26425025587726636
932 933 -0.000977895038926535
932 972 0.616175660235367
933 934 0.8337092396719228
933 973 -0.6204305568740223
934 935 0.33482322353646743
934 974 -0.7348752026557785
935 936 0.7290800682176304
935 975 -0.4061652553697066
936 937 -0.10030301684381993
936 976 0.22509879391668708
937 938 0.5239317300393078
937 977 -0.8915203098801681
938 939 0.03983269386433208
938 978 -0.5549735291641213
939 940 -0.7960955448730977
939 979 -0.2566147197629054
940 941 0.8140000107374135
940 980 -0.33183237406953325
941 942 -0.1873728591644841
941 981 0.505728128323538
942 943 0.3301288541493015
942 982 -0.847556281915316
943 944 -0.9716971423460539
943 983 -0.9264395111828239
944 945 -0.21925449338017655
944 984 0.001293810796161532
945 946 0.057267050801075525
945 985 -0.6052144323299333
946 947 0.46490023864823393
946 986 -0.8058237239955364
947 948 0.15495677269262131
947 987 0.031124689494244295
948 949 0.6216227745770593
948 988 -0.1201372718640552
949 950 -0.4421419730031495
949 989 0.19614472270024175
950 951 -0.7059298142329367
950 990 0.459008592524107
951 952 0.5579840828964879
951 991 0.12546620401316066
952 953 0.02873963746649366
952 992 -0.8784958624859978
953 954 -0.7035763026091599
953 993 -0.591304827550724
954 955 -0.7678573824727637
954 994 0.7669589102165155
955 956 -0.2408182954482596
955 995 0.839287191024807
956 957 0.9649146701418345
956 996 -0.45105407612698345
957 958 0.42968098362543783
957 997 0.4167485045934778
958 959 0.6143999441823893
958 998 0.7935541608874164
959 960 0.7871729561384315
959 999 -0.04832738616920751
960 1000 -0.9887923471616997
961 962 0.6516471545120204
961 1001 -0.6872165629781055
962 963 -0.11124934380604001
962 1002 -0.11784811971367004
963 964 -0.3875243255668219
963 1003 0.2265875620104607
964 965 0.29373209269566547
964 1004 -0.739071468704255
965 966 0.6570864147472948
965 1005 0.32198765001739904
966 967 0.10212432748117561
966 1006 -0.859883846613547
967 968 0.5625942887360442
967 1007 -0.8450385254655155
968 969 0.39583574971999536
968 1008 -0.022396529495703588
969 970 0.7419464492221437
969 1009 0.5823706354520426
970 971 0.720413283415478
970 1010 -0.11396834083522434
971 972 0.21864078609550974
971 1011 -0.3992491207084883
972 973 -0.49497387377306534
972 1012 0.8899406014911535
973 974 0.8886981764871167
973 1013 0.6403835945738292
974 975 -0.9326808220583847
974 1014 -0.21370287957015033
975 976 0.9035994628165016
975 1015 -0.25428302190810226
976 977 0.5077906895650202
976 1016 -0.17805811008846728
977 978 -0.45163468423368824
977 1017 0.06621398907715093
978 979 -0.41037451018555027
978 1018 -0.08502811581640923
979 980 0.3918563421548702
979 1019 0.05086083188052437
980 981 0.2640752905081021
980 1020 -0.764354098714876
981 982 0.45114642893109
981 1021 -0.5037597934720561
982 983 -0.3524781597190145
982 1022 0.3848471373576623
983 984 -0.1838869375483525
983 1023 -0.7402211998844694
984 985 0.7721410634171542
984 1024 -0.9523786542683028
985 986 -0.8732035686863326
985 1025 0.6383768791449353
986 987 -0.5771998724745031
986 1026 0.9989068615003089
987 988 -0.03944668738196855
987 1027 0.05389882759142428
988 989 0.7678402322003559
988 1028 0.1639234443906823
989 990 0.33367680480541706
989 1029 0.8648946513769475
990 991 0.8024425313866104
990 1030 -0.43187163131924944
991 992 -0.38173101874460547
991 1031 -0.800737994615597
992 993 -0.6042560409865669
992 1032 0.8199178399396398
993 994 0.23177716040540797
993 1033 0.9143500654906527
994 995 -0.04728130343657733
994 1034 0.8970861441364377
995 996 -0.9704209941606088
995 1035 -0.15075751378343294
996 997 0.384282459888009
996 1036 0.3941692304752684
997 998 -0.9333031018114102
997 1037 -0.3982524248924999
998 999 -0.3875504620827568
998 1038 -0.7543262340132708
999 1000 0.04569485554150887
999 1039 -0.8235095252921598
1000 1040 0.49720649561009167
1001 1002 0.4686010386341062
1001 1041 -0.1827131358423555
1002 1003 0.3879827428181568
1002 1042 0.4532819474191816
1003 1004 0.10710302091556856
1003 1043 0.5742861965561235
1004 1005 0.6293877746047778
1004 1044 -0.5743399091688091
1005 1006 -0.7262280404531241
1005 1045 -0.18534343960710165
1006 1007 0.22515588988054636
1006 1046 -0.8629506920768144
1007 1008 -0.8011250756030033
1007 1047 -0.057263810484192046
1008 1009 -0.7038488205360711
1008 1048 0.25210529760332356
1009 1010 0.8801716281550545
1009 1049 0.907116169508118
1010 1011 -0.8941677589024526
1010 1050 0.42132997767797153
1011 1012 -0.4597756501329717
1011 1051 -0.12909802196789033
1012 1013 0.04797939195955836
1012 1052 -0.08630878331655722
1013 1014 -0.5407231289782062
1013 1053 0.3958077682335155
1014 1015 -0.871356072457242
1014 1054 -0.9294162420550378
1015 1016 -0.27900204599255374
1015 1055 -0.8164787583533129
1016 1017 -0.45244151282634326
1016 1056 0.48768734225078547
1017 1018 -0.8779625098186021
1017 1057 -0.0036303797509900093
1018 1019 0.7798340981590335
1018 1058 -0.9112787815851835
1019 1020 0.6960510625498453
1019 1059 0.9045930301650915
1020 1021 0.6895196641183021
1020 1060 -0.28579382388528973
1021 1022 -0.5713686527680086
1021 1061 0.4096175078259803
1022 1023 0.6526502279183739
1022 1062 -0.9990913617555943
1023 1024 -0.6002292538739065
1023 1063 -0.789569501105299
1024 1025 -0.9330324472232263
1024 1064 0.4567090798346767
1025 1026 0.1843085474781867
1025 1065 -0.06269520443598764
1026 1027 0.8486512182501431
1026 1066 0.3900172788989078
1027 1028 0.04881831140808979
1027 1067 -0.18335082834141603
1028 1029 -0.992087323122377
1028 1068 0.9282768041891165
1029 1030 0.6202956683727852
1029 1069 -0.48605817751631086
1030 1031 -0.473676978437229
1030 1070 -0.4819091133869997
1031 1032 0.4294836327933216
1031 1071 0.10372079512237997
1032 1033 0.6510571169951411
1032 1072 0.8406004926914552
1033 1034 -0.25731359226178907
1033 1073 0.10383833312107305
1034 1035 -0.29631447607866557
1034 1074 -0.08185856321437357
1035 1036 0.08889415506001175
1035 1075 -0.6193370985705446
1036 1037 -0.865502085268373
1036 1076 0.03906189429678375
1037 1038 -0.42883462861733324
1037 1077 0.4889112156176123
1038 1039 -0.752113102816732
1038 1078 -0.17544832475138472
1039 1040 0.7757222517304518
1039 1079 -0.5574073819238712
1040 1080 0.8105652710825619
1041 1042 0.5573758087266603
1041 1081 0.6079411352220172
1042 1043 0.46946551493622457
1042 1082 -0.23155894074016725
1043 1044 0.6493385436729062
1043 1083 0.6384251341144795
1044 1045 -0.9165652556837385
1044 1084 -0.3007817865493274
1045 1046 0.8818700301621718
1045 1085 -0.3676888114899046
1046 1047 0.728747849724253
1046 1086 0.9154517673549567
1047 1048 0.4615046740293629
1047 1087 0.13191760961190058
1048 1049 0.6582705732580321
1048 1088 0.1053814800521633
1049 1050 -0.6846322589266123
1049 1089 -0.6319223245854431
1050 1051 -0.6026642302261209
1050 1090 -0.7284536457436892
1051 1052 -0.2478229328443562
1051 1091 0.6561963740539221
1052 1053 0.12871134442102172
1052 1092 -0.105677899393952
1053 1054 0.4025014415512349
1053 1093 0.1403782008145964
1054 1055 -0.5405452931093078
1054 1094 -0.20389014331162136
1055 1056 0.4565248678360929
1055 1095 0.5321415961779032
1056 1057 0.26224293104957175
1056 1096 0.8477508646272913
1057 1058 -0.7844402469900205
1057 1097 0.7316635167637244
1058 1059 -0.5391397387085326
1058 1098 0.5811511660031441
1059 1060 0.7124672460604324
1059 1099 -0.40140151042810257
1060 1061 0.9096693662091813
1060 1100 0.5636266488445969
1061 1062 -0.8114202757217623
1061 1101 0.8927891580163592
1062 1063 0.4671134225683824
1062 1102 0.2833293621960482
1063 1064 0.654963068692457
1063 1103 0.22379441249390708
1064 1065 -0.5964728823082599
1064 1104 -0.8091604624014306
1065 1066 -0.8261725854254292
1065 1105 -0.9342016325802915
1066 1067 0.43049315479391237
1066 1106 0.43202675756627307
1067 1068 -0.6512618249639226
1067 1107 0.4343097225320498
1068 1069 -0.7856384849878393
1068 1108 -0.12539131551389326
1069 1070 0.3096324680064204
1069 1109 0.4994963374609418
1070 1071 0.528387543284931
1070 1110 0.33191706346948524
1071 1072 -0.5786412949042661
1071 1111 0.8422582084886634
1072 1073 0.7356878314206601
1072 1112 0.9679388741808779
1073 1074 -0.09409273095888504
1073 1113 -0.2676987375183124
1074 1075 -0.8817912016751965
1074 1114 0.8072416310484898
1075 1076 -0.7224800277901582
1075 1115 0.2783403517177485
1076 1077 -0.9726062542207909
1076 1116 0.056013851696902206
1077 1078 -0.38514442919760783
1077 1117 0.08640685738779519
1078 1079 -0.917017280583988
1078 1118 -0.48690351280868316
1079 1080 -0.6329682548193649
1079 1119 0.7440791074096014
1080 1120 0.8684661121270261
1081 1082 0.5721428870537015
1081 1121 0.1845740373116258
1082 1083 0.8907918228878284
1082 1122 0.5873385296200684
1083 1084 -0.8870316844225121
1083 1123 0.7806699525815304
1084 1085 0.3946678587974577
1084 1124 -0.47350007439224795
1085 1086 -0.7095334862006033
1085 1125 -0.663842523108342
1086 1087 -0.23832188490990713
1086 1126 0.20940785079358304
1087 1088 -0.6236450056264047
1087 1127 -0.20608525718172954
1088 1089 -0.5849220280181882
1088 1128 -0.4373786828522035
1089 1090 -0.8707200655526572
1089 1129 0.9218163645786064
1090 1091 0.05631362116310523
1090 1130 0.29727494010907374
1091 1092 -0.07379780243245992
1091 1131 0.2889275545356593
1092 1093 0.2944356751715693
1092 1132 0.3584795423317886
1093 1094 -0.10391078193883785
1093 1133 -0.33437692322998047
1094 1095 -0.5936388681374865
1094 1134 0.062065177011444206
1095 1096 0.6183320744994469
1095 1135 0.7187329315944091
1096 1097 0.500126638514292
1096 1136 -0.3336330902202471
1097 1098 0.08945441074026061
1097 1137 -0.04408987491606364
1098 1099 -0.9359247803765594
1098 1138 0.10266641911122076
1099 1100 0.9579461731818613
1099 1139 0.038464686869639
1100 1101 -0.7081183008065026
1100 1140 0.7323907914443823
1101 1102 0.7270035303539721
1101 1141 0.03910398359431633
1102 1103 -0.6390796650916115
1102 1142 0.8993132064174447
1103 1104 0.765359502772893
1103 1143 -0.3999771320682133
1104 1105 0.8706899190074093
1104 1144 0.7782375469474456
1105 1106 0.5652922727747234
1105 1145 0.41292999988944334
1106 1107 -0.18123150661995568
1106 1146 0.75183852882366
1107 1108 0.2821678166338286
1107 1147 -0.7916521586201177
1108 1109 0.14208581162892475
1108 1148 -0.005000199917009729
1109 1110 0.03968624371029161
1109 1149 0.5201715188005365
1110 1111 -0.9652531908467537
1110 1150 0.9066827430477709
1111 1112 -0.327867484168352
1111 1151 -0.5228060476387071
1112 1113 -0.8065266337230661
1112 1152 -0.2013978843570734
1113 1114 -0.7185617052598356
1113 1153 -0.9159831106321226
1114 1115 0.6554547573117593
1114 1154 -0.9953917547582998
1115 1116 0.4817809404591389
1115 1155 0.8643321154166019
1116 1117 0.06768620380924673
1116 1156 0.9234185046113765
1117 1118 -0.9846472079408224
1117 1157 0.5550961619103993
1118 1119 -0.41993266270513985
1118 1158 0.15557932887139714
1119 1120 -0.7733927190379055
1119 1159 -0.597161166017613
1120 1160 0.3377728172382104
1121 1122 0.3289784056512066
1121 1161 0.2931345735512181
1122 1123 -0.4843706690738221
1122 1162 0.27297388395936983
1123 1124 0.9035631272435132
1123 1163 -0.5577616782562733
1124 1125 -0.3603269999606762
1124 1164 0.9158134711081596
1125 1126 0.05695395851824325
1125 1165 -0.9615069119560353
1126 1127 -0.19422403921599973
1126 1166 0.620924842542715
1127 1128 -0.7154376170191266
1127 1167 -0.6556809856237564
1128 1129 0.5520196391650769
1128 1168 0.7833871542669688
1129 1130 -0.37352140214359597
1129 1169 0.9233246831663195
1130 1131 -0.3444687113933831
1130 1170 0.20061290368964158
1131 1132 0.32449073124457306
1131 1171 0.38235516085802557
1132 1133 -0.6373240194589478
1132 1172 -0.8533251009775469
1133 1134 -0.7839633713826599
1133 1173 -0.757072200398353
1134 1135 -0.30663844434324217
1134 1174 -0.8896020365373769
1135 1136 -0.2076414621094962
1135 1175 -0.8836367381821013
1136 1137 -0.0456485486546534
1136 1176 0.12269262166996331
1137 1138 -0.8585126424757501
1137 1177 0.7642686676398465
1138 1139 0.6910722784321226
1138 1178 -0.7114011601516741
1139 1140 -0.9790813897950303
1139 1179 0.8430758786569346
1140 1141 -0.5319801547935612
1140 1180 0.5074479093615365
1141 1142 0.3578734481988042
1141 1181 -0.08638205694979417
1142 1143 0.202334884275698
1142 1182 0.020240403940670282
1143 1144 -0.7871454605442505
1143 1183 0.2166404003739979
1144 1145 -0.8063676368250619
1144 1184 -0.3240746536439778
1145 1146 0.1765370484740627
1145 1185 0.5479157153512004
1146 1147 -0.8602205743367166
1146 1186 -0.39731773884253196
1147 1148 0.45625993643642593
1147 1187 0.73540216744798
1148 1149 -0.8030296934770293
1148 1188 -0.6825159334566602
1149 1150 0.3132309836607736
1149 1189 -0.7055167254220689
1150 1151 0.3741039639806949
1150 1190 -0.7442049804211897
1151 1152 -0.2284062730763361
1151 1191 0.32842631191024907
1152 1153 -0.9270344098237469
1152 1192 0.31445800604581176
1153 1154 0.9410352461436915
1153 1193 0.3613335842315162
1154 1155 0.4936210334974698
1154 1194 0.34103788587920403
1155 1156 -0.3597421062399817
1155 1195 0.7194055628326694
1156 1157 0.29634876796419185
1156 1196 0.8591330094755514
1157 1158 0.024512355956715526
1157 1197 -0.4252130904867686
1158 1159 0.6964832218910186
1158 1198 0.25172696653703497
1159 1160 -0.8773668921443074
1159 1199 -0.7277698256990337
1160 1200 -0.6988828163424448
1161 1162 -0.14872704207189824
1161 1201 0.02713666751548649
1162 1163 0.6902810466984881
1162 1202 -0.9844497026670675
1163 1164 0.5499460950219555
1163 1203 -0.16967247177599498
1164 1165 0.9680676335310261
1164 1204 0.2729199109435452
1165 1166 0.35473332403595936
1165 1205 -0.7812867746388017
1166 1167 -0.8015999990994793
1166 1206 0.9300815820489148
1167 1168 -0.7620606301294797
1167 1207 0.5463780502166669
1168 1169 0.591662241153029
1168 1208 0.8722615539632137
1169 1170 0.35944485958580663
1169 1209 -0.3882977363510891
1170 1171 -0.7479556356404904
1170 1210 0.0980430631700584
1171 1172 -0.7756170473639157
1171 1211 -0.7900633556393379
1172 1173 -0.8759200702364816
1172 1212 -0.752808579912712
1173 1174 -0.15926454677086976
1173 1213 -0.32700646167324976
1174 1175 -0.0494718541658834
1174 1214 -0.2702225614999034
1175 1176 0.5541796489892845
1175 1215 -0.9686153725946034
1176 1177 -0.18250043121536286
1176 1216 0.9074934612278744
1177 1178 -0.33620914520217715
1177 1217 -0.45847144878369916
1178 1179 -0.8958424872195623
1178 1218 0.4029826267945271
1179 1180 -0.8469358456187224
1179 1219 -0.2509885885606926
1180 1181 -0.4472354631603288
1180 1220 0.5625832292078847
1181 1182 -0.09781975117446762
1181 1221 -0.9891879528146372
1182 1183 0.6857528576447984
1182 1222 0.758443770454307
1183 1184 -0.31956264298298387
1183 1223 0.7070553777282584
1184 1185 -0.044101993087118485
1184 1224 0.6871540282118185
1185 1186 -0.264900116784357
1185 1225 -0.2639549474142402
1186 1187 -0.40802455160994766
1186 1226 -0.38873491760856593
1187 1188 0.41722106650156854
1187 1227 -0.44113869133294625
1188 1189 -0.8089815195205827
1188 1228 -0.8904295465767111
1189 1190 0.5950802878271875
1189 1229 0.8459795666884806
1190 1191 0.8538979992986626
1190 1230 -0.5395027266054726
1191 1192 0.011031119204293782
1191 1231 0.3515618736678787
1192 1193 0.2628391531309273
1192 1232 -0.1908772832700001
1193 1194 0.2509034232042522
1193 1233 0.8007304176629324
1194 1195 -0.8913835101562204
1194 1234 0.678641481440974
1195 1196 -0.9200193607887861
1195 1235 -0.4674733647571523
1196 1197 -0.29309379685954373
1196 1236 0.14017511042205277
1197 1198 0.6127025329361504
1197 1237 -0.44012078385058784
1198 1199 0.15705863997476688
1198 1238 -0.6430113275760365
1199 1200 0.5117103421524036
1199 1239 -0.38666944551683047
1200 1240 -0.24344624238107904
1201 1202 0.0025156874321945466
1201 1241 -0.9258323781624016
1202 1203 -0.8459274513539254
1202 1242 0.9788502779590682
1203 1204 -0.07264953307993438
1203 1243 0.3627940443360054
1204 1205 0.5058152367644797
1204 1244 0.9244890946841684
1205 1206 -0.25405585056247215
1205 1245 -0.7299541895475086
1206 1207 0.7393832736660368
1206 1246 0.06578812374609067
1207 1208 0.35730512328570785
1207 1247 -0.0863766443851739
1208 1209 -0.40847988436745863
1208 1248 -0.4484732264535711
1209 1210 -0.7305356049958651
1209 1249 0.25210696237396557
1210 1211 0.23620316285273502
1210 1250 0.5959511320049564
1211 1212 0.35088128316085454
1211 1251 0.8230618075547362
1212 1213 0.41633458093689635
1212 1252 -0.6433672723239445
1213 1214 -0.22082414177205378
1213 1253 -0.3961615534709706
1214 1215 0.24066498300094796
1214 1254 0.0750387880906247
1215 1216 -0.8877470683030375
1215 1255 -0.6901944741034947
1216 1217 -0.02813181579830415
1216 1256 0.03308198333606205
1217 1218 -0.7078369976309715
1217 1257 -0.6816818256858721
1218 1219 -0.761921987629482
1218 1258 0.6488470186125159
1219 1220 -0.11614894014607069
1219 1259 0.15055588822927457
1220 1221 -0.2216935280075163
1220 1260 0.47012927079043565
1221 1222 -0.9157864707471759
1221 1261 -0.6200544206310334
1222 1223 -0.632479191404725
1222 1262 0.34539006519224524
1223 1224 0.8341856140458921
1223 1263 0.0714184866965073
1224 1225 0.6657580295300807
1224 1264 -0.9153326492787444
1225 1226 0.9087723992990868
1225 1265 0.12610441356829183
1226 1227 -0.7252905112808252
1226 1266 0.4867243553298868
1227 1228 -0.16182117996144263
1227 1267 0.7206114147049438
1228 1229 -0.25350572096724955
1228 1268 0.6625688891794161
1229 1230 -0.22269666489021778
1229 1269 -0.10015064815465835
1230 1231 -0.22895590332936244
1230 1270 -0.25815010734607524
1231 1232 -0.7825948076710592
1231 1271 -0.17637711445812032
1232 1233 -0.053918098990838104
1232 1272 0.06687285792070097
1233 1234 -0.17429746831093773
1233 1273 0.23597970590918083
1234 1235 -0.8904387092257806
1234 1274 -0.23618340316488307
1235 1236 0.11871653967631102
1235 1275 0.9576137632076074
1236 1237 -0.3689354188479048
1236 1276 -0.3770903218618873
1237 1238 0.7259596530657435
1237 1277 0.30895583005127714
1238 1239 0.5248303300864707
1238 1278 -0.479848513002364
1239 1240 -0.7391060641477942
1239 1279 0.6785137371839733
1240 1280 -0.26368562259793515
1241 1242 0.41623219036302794
1241 1281 0.24086120043401915
1242 1243 0.581930024466806
1242 1282 0.4737747606083482
1243 1244 0.8655568766875685
1243 1283 0.7151314063559833
1244 1245 0.6501233821909898
1244 1284 -0.5595174088008064
1245 1246 0.3375698000137206
1245 1285 -0.5167527203047122
1246 1247 0.2805155711894838
1246 1286 0.6102195956200558
1247 1248 -0.9892511284175911
1247 1287 0.35618786276782455
1248 1249 -0.27614678579531815
1248 1288 -0.7865713333470572
1249 1250 0.7188769027659176
1249 1289 -0.8759701582448955
1250 1251 0.6402742835034201
1250 1290 -0.6430690019525167
1251 1252 -0.9483729181061349
1251 1291 -0.8501880629678427
1252 1253 0.5598861437881704
1252 1292 0.9114171600521137
1253 1254 -0.3754702615092598
1253 1293 -0.9275891600583137
1254 1255 0.5150764532125975
1254 1294 -0.13973198584665392
1255 1256 -0.42851823589029747
1255 1295 -0.9637558396406216
1256 1257 0.8013123918427085
1256 1296 -0.7667560036793393
1257 1258 -0.118394847966657
1257 1297 -0.9847487624772286
1258 1259 0.9916484517384767
1258 1298 0.5602164523290021
1259 1260 0.806613414329205
1259 1299 -0.9183164284365808
1260 1261 -0.9511978468148088
1260 1300 -0.8307717835289072
1261 1262 0.7089451082745959
1261 1301 -0.44225040308330166
1262 1263 -0.3206905029310141
1262 1302 0.1261977943333965
1263 1264 -0.6326032207560182
1263 1303 -0.15938752192950734
1264 1265 0.7624549804086105
1264 1304 0.3047100716968101
1265 1266 0.5171602012171932
1265 1305 0.29481915105628276
1266 1267 0.07284380142394098
1266 1306 0.06757425978564968
1267 1268 0.9876690928981477
1267 1307 0.3907851971507412
1268 1269 0.32343547805665107
1268 1308 -0.8419123647287263
1269 1270 0.664791116544106
1269 1309 0.02510669051206249
1270 1271 -0.7808040632284596
1270 1310 -0.6551781593458228
1271 1272 0.62301978118005
1271 1311 -0.2247794007053543
1272 1273 -0.549609809071328
1272 1312 -0.23776057365416192
1273 1274 -0.7389390065442225
1273 1313 -0.18845506051370453
1274 1275 -0.7239915785271083
1274 1314 0.2072943341996505
1275 1276 0.8980375124311399
1275 1315 0.06410489074483361
1276 1277 0.984526989328691
1276 1316 -0.18188763892098647
1277 1278 -0.08038934713457624
1277 1317 0.9929728628699153
1278 1279 0.09997248049735097
1278 1318 0.9044348260843158
1279 1280 0.4591630063937633
1279 1319 -0.7930563361605427
1280 1320 -0.6401836574376212
1281 1282 0.5556170692344857
1281 1321 -0.08118106870424135
1282 1283 0.7327796915006457
1282 1322 -0.5384917553040136
1283 1284 0.9164050117769282
1283 1323 0.2672070781000975
1284 1285 -0.5237823016279168
1284 1324 -0.3785957754767859
1285 1286 0.40792801486959895
1285 1325 0.2565569987399128
1286 1287 -0.02137791273045786
1286 1326 -0.3858335546687386
1287 1288 0.8064346565926139
1287 1327 0.8187220740464343
1288 1289 -0.7163502869113925
1288 1328 0.019516036365731626
1289 1290 -0.7921608403755123
1289 1329 -0.6202733145731827
1290 1291 0.5879727620969226
1290 1330 0.07817946080056304
1291 1292 0.5491959980931089
1291 1331 -0.20027926346866232
1292 1293 -0.4648954715060454
1292 1332 -0.3496482643682657
1293 1294 -0.2421565382133375
1293 1333 -0.9788383243917582
1294 1295 0.10529023078601751
1294 1334 -0.9933880543447016
1295 1296 -0.2568410773644978
1295 1335 -0.5974157666773392
1296 1297 0.992739559180496
1296 1336 0.420407492578184
1297 1298 0.8154449478304635
1297 1337 0.9816088515418409
1298 1299 -0.011426549815845455
1298 1338 0.6103624395675971
1299 1300 0.6804739210841177
1299 1339 0.5871647946774059
1300 1301 0.607827956777129
1300 1340 -0.9849023701551263
1301 1302 -0.2737656200046199
1301 1341 0.43872931948778215
1302 1303 0.0017174079682691357
1302 1342 -0.02639034423264608
1303 1304 0.7629336036973273
1303 1343 0.3976578242408746
1304 1305 -0.9367536705888444
1304 1344 0.030729333472483633
1305 1306 0.22116643714627382
1305 1345 -0.6145622310600987
1306 1307 0.24492496511784134
1306 1346 -0.7142300017433054
1307 1308 -0.5529024321365037
1307 1347 -0.16731345074882853
1308 1309 0.697676799988223
1308 1348 0.2825259602747645
1309 1310 0.118498948268978
1309 1349 -0.015239184584405763
1310 1311 -0.6410357468652634
1310 1350 0.9881059902293361
1311 1312 0.05232212697862737
1311 1351 -0.009310468983124043
1312 1313 -0.5358556901685694
1312 1352 -0.11668335594732948
1313 1314 0.6772994628824709
1313 1353 -0.4762273374261752
1314 1315 0.37241877370911713
1314 1354 -0.05460950949561583
1315 1316 0.22017139851069523
1315 1355 0.4077469993044891
1316 1317 0.07363035618699709
1316 1356 0.9154050914241312
1317 1318 -0.13490303255433567
1317 1357 -0.4358802718841728
1318 1319 0.6779610651192225
1318 1358 -0.2567883202887018
1319 1320 0.11402608705488948
1319 1359 0.8452762592568226
1320 1360 0.2262547246192228
1321 1322 -0.24038889059493873
1321 1361 -0.4162155928925577
1322 1323 -0.7889955009752956
1322 1362 0.4858705388458744
1323 1324 -0.8667782408284994
1323 1363 0.7428168923507765
1324 1325 0.9610179820271263
1324 1364 0.2776411221460422
1325 1326 -0.3101353286906732
1325 1365 -0.9097318921566302
1326 1327 -0.6411645190732291
1326 1366 0.467944483225327
1327 1328 0.5590953624988253
1327 1367 0.3103095829228537
1328 1329 -0.7677661309233808
1328 1368 0.6332658678053107
1329 1330 -0.8063116503961041
1329 1369 -0.9157748747493082
1330 1331 -0.8683745982447564
1330 1370 -0.09267123601946126
1331 1332 -0.5096204234024135
1331 1371 0.05110234884875897
1332 1333 0.5045793956615512
1332 1372 -0.8373311773360703
1333 1334 -0.28590302710028737
1333 1373 -0.8336842593354852
1334 1335 -0.03147180001046279
1334 1374 -0.7819594861947703
1335 1336 0.8412270656888285
1335 1375 -0.4535664862999582
1336 1337 0.3636673954628402
1336 1376 -0.8717690811587784
1337 1338 -0.47858072704349297
1337 1377 -0.222624563306699
1338 1339 0.3202257723406903
1338 1378 -0.6187402101835702
1339 1340 0.27441347169386354
1339 1379 -0.041063276964623974
1340 1341 -0.7768376031474933
1340 1380 -0.15404729283742524
1341 1342 0.10299493692392492
1341 1381 0.6256841980806551
1342 1343 -0.581005426452275
1342 1382 -0.10833258004661106
1343 1344 0.1981520099153955
1343 1383 0.5808824078400379
1344 1345 0.2613693794333187
1344 1384 -0.4083343783252438
1345 1346 0.8615195401956293
1345 1385 -0.17214025328577498
1346 1347 0.822625667668275
1346 1386 0.43352992522898215
1347 1348 0.2892797797516182
1347 1387 0.6526863558318039
1348 1349 0.9839087679871878
1348 1388 -0.03465574153793871
1349 1350 -0.25648005387089
1349 1389 -0.6992978154304752
1350 1351 -0.5931487532135378
1350 1390 -0.48270466787306376
1351 1352 0.6642703586538254
1351 1391 -0.883111814503255
1352 1353 0.5879049037171131
1352 1392 0.10930447795333853
1353 1354 0.18591125263073405
1353 1393 -0.6678581703421722
1354 1355 0.7164278749730031
1354 1394 -0.9576276827560555
1355 1356 -0.907978886419468
1355 1395 -0.3611945120981399
1356 1357 0.10979751282285033
1356 1396 -0.5096151130921318
1357 1358 -0.16250949018122496
1357 1397 0.9268633810723825
1358 1359 0.5725078373650809
1358 1398 0.13160863435108117
1359 1360 0.6744611006957959
1359 1399 0.9365338781493722
1360 1400 0.9707626198293409
1361 1362 0.11445772497398421
1361 1401 -0.8316727966049335
1362 1363 -0.0496873134900544
1362 1402 0.519305668630827
1363 1364 -0.27825832089344193
1363 1403 0.2789290012661576
1364 1365 0.8098367827610391
1364 1404 -0.9726145298387072
1365 1366 0.9988314196956993
1365 1405 0.28505448325451166
1366 1367 0.38912967973498525
1366 1406 0.05393027978312093
1367 1368 -0.9719514168214307
1367 1407 0.6548652770077283
1368 1369 0.46010437411644944
1368 1408 -0.863140841733665
1369 1370 0.8062158945861886
1369 1409 0.2721331675580121
1370 1371 -0.9664392491967386
1370 1410 0.6708079243008125
1371 1372 0.6688815673504551
1371 1411 0.5210912450231238
1372 1373 -0.9018077991020013
1372 1412 0.22086269724244212
1373 1374 0.4107901038314423
1373 1413 0.6323866450611744
1374 1375 0.5054898747484087
1374 1414 0.16705247136039425
1375 1376 0.02329041036661872
1375 1415 -0.7182499400913624
1376 1377 0.5851725783519615
1376 1416 -0.10089839212872143
1377 1378 -0.4448614736823562
1377 1417 0.9650968011904439
1378 1379 0.11860049303820763
1378 1418 -0.17818787453954976
1379 1380 0.366244221210549
1379 1419 0.4336469659761746
1380 1381 -0.8887951423717335
1380 1420 0.7506301748516331
1381 1382 -0.420501198340421
1381 1421 -0.21063322076993996
1382 1383 -0.5902181193819185
1382 1422 -0.46656570918664997
1383 1384 -0.9476308718208537
1383 1423 -0.8594471833513204
1384 1385 -0.6997119727511298
1384 1424 0.5599402796912332
1385 1386 0.27907894316637605
1385 1425 -0.6457034781012458
1386 1387 0.7559137016161332
1386 1426 0.24748067818078257
1387 1388 -0.2521933774191145
1387 1427 0.8139351053714512
1388 1389 0.06299455866418135
1388 1428 -0.4541311151521086
1389 1390 -0.5797951904466401
1389 1429 0.4007039268778809
1390 1391 0.6658469213320797
1390 1430 -0.09819177519005429
1391 1392 -0.33495337466924324
1391 1431 -0.8032881098435216
1392 1393 0.244355211839
1392 1432 -0.970551126722119
1393 1394 -0.8605606398594736
1393 1433 -0.8390711784500409
1394 1395 -0.5375761112496349
1394 1434 -0.5531369385706719
1395 1396 0.8213885333849849
1395 1435 0.5946753993739253
1396 1397 0.004481871239855106
1396 1436 0.17664001179553113
1397 1398 0.6627961301810941
1397 1437 0.2293374287533776
1398 1399 0.19188271534190093
1398 1438 -0.7671344481123867
1399 1400 0.6894018799499044
1399 1439 -0.7038552628596377
1400 1440 0.5301315763612298
1401 1402 0.26256333828809186
1401 1441 0.889140975840736
1402 1403 -0.02801373528296791
1402 1442 -0.44813241808095294
1403 1404 0.8147992917100741
1403 1443 0.014098764294078192
1404 1405 0.5334032223294094
1404 1444 -0.9912036215687339
1405 1406 -0.9859562434473459
1405 1445 0.4947593225095035
1406 1407 0.843533231193438
1406 1446 -0.4577798413393057
1407 1408 0.6318881028608072
1407 1447 0.06871450912486021
1408 1409 0.2341534204524598
1408 1448 -0.27776935872364805
1409 1410 0.7997102149966799
1409 1449 0.26847744705469334
1410 1411 0.626762105211744
1410 1450 -0.5122291225624576
1411 1412 -0.0705708781574177
1411 1451 0.5498796819512937
1412 1413 0.6303719006981601
1412 1452 0.31111571232845847
1413 1414 -0.4749371872540862
1413 1453 -0.23506773008424497
1414 1415 -0.12645932696776074
1414 1454 -0.47682660603177207
1415 1416 -0.23071820646995755
1415 1455 0.1892436321738291
1416 1417 0.01884915072772575
1416 1456 0.8155729739617503
1417 1418 0.771855750532338
1417 1457 0.0954775820198408
1418 1419 -0.47270099832077395
1418 1458 0.9246221506887635
1419 1420 0.0504976978873497
1419 1459 0.41864468659891263
1420 1421 -0.6827311628405053
1420 1460 -0.9924979910733487
1421 1422 0.6430242991848112
1421 1461 0.2001421433795758
1422 1423 -0.31283429984539235
1422 1462 0.7729899366810031
1423 1424 -0.11645583155823158
1423 1463 -0.45540376256039705
1424 1425 -0.26285725943125526
1424 1464 0.10995766603574242
1425 1426 0.8281137577598223
1425 1465 0.47547362945425453
1426 1427 0.42418602943417727
1426 1466 -0.3020092014051954
1427 1428 0.3673403627973457
1427 1467 -0.7315303845528409
1428 1429 0.04795130180519869
1428 1468 -0.9222053940443209
1429 1430 0.9235673581613604
1429 1469 0.9449080367008182
1430 1431 -0.6360919432119057
1430 1470 -0.9678520434090803
1431 1432 -0.6390772877915278
1431 1471 -0.2641810323089393
1432 1433 0.9448436765827499
1432 1472 0.9446253452392619
1433 1434 0.44907523729705656
1433 1473 -0.025877257082649097
1434 1435 -0.6932695992976916
1434 1474 0.6267951039950346
1435 1436 0.17882686481395504
1435 1475 -0.3787407760773429
1436 1437 -0.7319202061217565
1436 1476 -0.458209826981107
1437 1438 0.6898648663166009
1437 1477 0.7596849407016888
1438 1439 0.6310427831552019
1438 1478 0.9640142732414572
1439 1440 -0.7895942616169516
1439 1479 -0.7805646090712435
1440 1480 0.29736337763620657
1441 1442 0.7824750698794771
1441 1481 0.7571651595267828
1442 1443 -0.23643326563871958
1442 1482 0.3524027970257191
1443 1444 0.7184936082385511
1443 1483 0.993606114554531
1444 1445 -0.913423904858705
1444 1484 -0.9902613886039733
1445 1446 -0.2333042470255018
1445 1485 -0.9116869318048391
1446 1447 -0.40774914625884096
1446 1486 -0.40362912129914585
1447 1448 0.718452542776914
1447 1487 0.8733665562266106
1448 1449 0.4615706707000409
1448 1488 0.2360604527947039
1449 1450 -0.5975500088700707
1449 1489 0.7685305562854192
1450 1451 0.5717277392574402
1450 1490 0.9544722037282105
1451 1452 -0.7428266987619425
1451 1491 -0.5354112434305283
1452 1453 0.5684274622853795
1452 1492 -0.4442219867276096
1453 1454 0.7941997853143314
1453 1493 -0.12578224155234818
1454 1455 0.10109022060436379
1454 1494 0.7538138337768758
1455 1456 0.4197961821612164
1455 1495 0.939589355052773
1456 1457 0.23278578832035213
1456 1496 0.32377598173592315
1457 1458 0.6831639915856975
1457 1497 -0.6146080326551535
1458 1459 -0.335477385364225
1458 1498 -0.21085502149914226
1459 1460 -0.746654897288336
1459 1499 -0.049723625759355405
1460 1461 0.317199709642326
1460 1500 -0.39647125539613315
1461 1462 0.8790810452226951
1461 1501 -0.10922006197222367
1462 1463 -0.3141835783656186
1462 1502 -0.25864359678883453
1463 1464 0.6249069090980399
1463 1503 0.9008795660305802
1464 1465 -0.19853685746027638
1464 1504 0.5455716176663921
1465 1466 -0.7867296337951721
1465 1505 -0.8057819873260943
1466 1467 -0.09599185455315862
1466 1506 -0.9215032148161353
1467 1468 0.5777228475250191
1467 1507 0.8626117245292451
1468 1469 -0.8380634358256327
1468 1508 -0.027418557286343903
1469 1470 -0.4824642471840197
1469 1509 0.7004153616292457
1470 1471 0.30100966947308394
1470 1510 0.8609336758340871
1471 1472 -0.3210633316890572
1471 1511 -0.018200329463776477
1472 1473 0.8279098866207129
1472 1512 0.928446931439026
1473 1474 -0.8654760755342026
1473 1513 -0.0497879370887222
1474 1475 0.03081819209043979
1474 1514 -0.4922946574434157
1475 1476 -0.46777691520543696
1475 1515 -0.003183983499752241
1476 1477 0.32255702459369484
1476 1516 0.7570775020701734
1477 1478 -0.2682427401256884
1477 1517 -0.2410782441181032
1478 1479 -0.2414828135843965
1478 1518 0.21328990924703395
1479 1480 0.8905085169122715
1479 1519 0.7964683478648942
1480 1520 -0.24756540616915323
1481 1482 -0.31049674598600907
1481 1521 0.4062010640839395
1482 1483 0.4729420613892481
1482 1522 0.941209390396903
1483 1484 0.9969342884220709
1483 1523 -0.40715318296637837
1484 1485 -0.5861008608322178
1484 1524 -0.341062823357843
1485 1486 -0.5742062031462363
1485 1525 0.7988214199293617
1486 1487 -0.3011975001146392
1486 1526 0.3931741953723451
1487 1488 -0.42498511391711125
1487 1527 -0.6648958887551017
1488 1489 0.9931701440886964
1488 1528 0.8443389240161725
1489 1490 -0.2347690064857988
1489 1529 -0.8800563862622135
1490 1491 0.04612125303649672
1490 1530 0.23569667626780078
1491 1492 0.9195970113720047
1491 1531 -0.9164109383856514
1492 1493 0.9644686510976674
1492 1532 0.7213215423706862
1493 1494 0.6843752481869814
1493 1533 0.7044501647069588
1494 1495 -0.7997104254183416
1494 1534 -0.6458071591875889
1495 1496 0.11495102682516034
1495 1535 0.14291937653219988
1496 1497 0.18286717127058294
1496 1536 0.5958449441717475
1497 1498 -0.20892973498232115
1497 1537 0.4465929967423443
1498 1499 0.09202303910515197
1498 1538 -0.7834152124462248
1499 1500 -0.5688812504096792
1499 1539 0.6019488283305297
1500 1501 -0.16109821321811624
1500 1540 -0.4985737397321195
1501 1502 -0.709455062215266
1501 1541 0.2962201005408105
1502 1503 -0.4408560869473577
1502 1542 -0.9995936095270497
1503 1504 0.35221517215585907
1503 1543 0.0991420278319366
1504 1505 -0.8911357773602202
1504 1544 -0.48698715167965867
1505 1506 0.3298132929630979
1505 1545 0.5131273474503468
1506 1507 -0.5178621369609844
1506 1546 -0.46244044605617574
1507 1508 0.6788062271941835
1507 1547 0.4591382399922377
1508 1509 -0.3269594226203618
1508 1548 0.6153781695342231
1509 1510 -0.3441274417700817
1509 1549 -0.35588424581056977
1510 1511 -0.14351882986857456
1510 1550 -0.36701292572462774
1511 1512 -0.9575125955113852
1511 1551 0.7260719680914431
1512 1513 0.36709839208029216
1512 1552 -0.5973910047811382
1513 1514 -0.310166727703578
1513 1553 -0.7561011772243411
1514 1515 0.3417925551184482
1514 1554 -0.40820395052680025
1515 1516 -0.3373266884482091
1515 1555 0.44913990797768966
1516 1517 0.17259810959622945
1516 1556 0.21173386796457905
1517 1518 0.9761417578628733
1517 1557 0.06618175942634297
1518 1519 -0.7958409610659019
1518 1558 -0.01775673940895106
1519 1520 -0.16893915126168202
1519 1559 -0.06480767136904242
1520 1560 0.9558536273558689
1521 1522 0.05467520946976978
1521 1561 0.3186339111611389
1522 1523 0.3627254376427287
1522 1562 -0.019096002259797906
1523 1524 -0.49408058532587407
1523 1563 -0.564446154453422
1524 1525 0.9192901977465686
1524 1564 0.817764007937817
1525 1526 -0.6050628137578031
1525 1565 -0.8177150071503168
1526 1527 -0.736802587083901
1526 1566 0.28794453615113524
1527 1528 -0.03729285723822984
1527 1567 -0.47461749537562636
1528 1529 -0.9457845915516556
1528 1568 0.09963903562395449
1529 1530 -0.6179336769652379
1529 1569 0.36921266494145666
1530 1531 0.010838874313969571
1530 1570 -0.1456561281060169
1531 1532 -0.6233500618659449
1531 1571 -0.8011768494819387
1532 1533 -0.9956963973144541
1532 1572 0.09861717456210006
1533 1534 -0.7532889990335543
1533 1573 -0.6999223597394655
1534 1535 -0.1912396854872307
1534 1574 -0.956932693110546
1535 1536 -0.6488820798198172
1535 1575 0.5445000404068403
1536 1537 -0.6534627976915797
1536 1576 0.4230248730577808
1537 1538 -0.25837405555114357
1537 1577 -0.37623832517894806
1538 1539 -0.8492435044129021
1538 1578 0.3842893158062295
1539 1540 -0.08174731832261428
1539 1579 0.14966820372962175
1540 1541 -0.4609664431296905
1540 1580 -0.5045861459386405
1541 1542 0.0710329230149167
1541 1581 -0.262742691644277
1542 1543 0.6106494588777749
1542 1582 0.2426111523246437
1543 1544 -0.5751025169492512
1543 1583 -0.8721039355766251
1544 1545 -0.45049596412038007
1544 1584 -0.19986416121157946
1545 1546 0.35616324596743
1545 1585 0.6303327847868867
1546 1547 -0.15387453456635614
1546 1586 -0.42870873589985625
1547 1548 -0.403958611722379
1547 1587 -0.7326583303729384
1548 1549 0.7280737176163201
1548 1588 0.40719291118937195
1549 1550 0.8142551100444091
1549 1589 -0.265028913347523
1550 1551 -0.24369311999767662
1550 1590 -0.42248918536249813
1551 1552 0.6804377968580395
1551 1591 0.6812296153185291
1552 1553 -0.3643931452100122
1552 1592 -0.8212686105385116
1553 1554 0.12109094125104947
1553 1593 -0.6454382476061222
1554 1555 -0.3288818253060457
1554 1594 0.8620972162691738
1555 1556 -0.18126451902936758
1555 1595 0.9163040914615823
1556 1557 -0.17931843329277175
1556 1596 0.5882650952044177
1557 1558 0.12406063803285439
1557 1597 -0.9564790932358196
1558 1559 0.3177829263850369
1558 1598 -0.6152658368840336
1559 1560 -0.1914213961366682
1559 1599 0.7097891858794454
1560 1600 -0.6821755033612857
1561 1562 -0.46341873264979383
1562 1563 -0.7431935158181635
1563 1564 -0.06687726134235983
1564 1565 0.16903087938233075
1565 1566 -0.5790808354046215
1566 1567 0.3961512268637988
1567 1568 -0.32664277849971035
1568 1569 -0.4976673998972623
1569 1570 -0.6658703789477867
1570 1571 -0.35582339576322997
1571 1572 -0.959309702482785
1572 1573 -0.6837351411883867
1573 1574 -0.5719572803796011
1574 1575 -0.9909156149101215
1575 1576 -0.2891625255625885
1576 1577 -0.08813523846211035
1577 1578 -0.512286811403418
1578 1579 -0.11519747630746346
1579 1580 0.3265478101099375
1580 1581 0.01971768483398395
1581 1582 -0.8034811227004726
1582 1583 -0.8362291266901776
1583 1584 -0.5996361247880235
1584 1585 -0.7873448225855699
1585 1586 0.344270406678409
1586 1587 -0.6346052370280542
1587 1588 -0.4881192157842775
1588 1589 0.3979649153406011
1589 1590 -0.9802716608940489
1590 1591 0.12920409905182795
1591 1592 -0.4797203004831776
1592 1593 0.23450922392427942
1593 1594 0.6741152220429416
1594 1595 0.7552180854571338
1595 1596 -0.9230765792394386
1596 1597 0.38322905934585205
1597 1598 -0.7527657599157402
1598 1599 -0.18649091041281607
1599 1600 -0.12539652576639626
