1 2 0.542641286533492
1 41 -0.958496101281197
2 3 0.21115512878751352
2 42 0.026933254816576824
3 4 -0.4081924755583253
3 43 -0.9248846481166446
4 5 -0.39957877681197385
4 44 -0.207116242243099
5 6 0.6017036195672321
5 45 -0.5841458037356972
6 7 -0.5265782470396791
6 46 0.5462311985534276
7 8 -0.5272932095524434
7 47 -0.8203767218735489
8 9 -0.7734937311652206
8 48 0.8096279534056494
9 10 -0.0881791314405258
9 49 -0.6970325740989971
10 11 -0.6281705408940936
10 50 -0.37444856791288794
11 12 0.4086008604512015
11 51 -0.05034174841324046
12 13 0.46987494318577094
12 52 0.4262557306125294
13 14 -0.35706978895868535
13 53 -0.5015687823093264
14 15 0.31509728198429676
14 54 0.04485280385667734
15 16 -0.21718978433454206
15 55 -0.13062582787182575
16 17 0.3613466168869608
16 56 -0.7502606973137922
17 18 -0.17882679859093353
17 57 0.32559872739765106
18 19 -0.05311300406613806
18 58 0.6766960305102554
19 20 -0.4056862679302695
19 59 -0.9081511648563687
20 21 -0.7815591638267869
20 60 0.6388233564377319
21 22 0.330365991186679
21 61 -0.15192491915411965
22 23 0.8954295599158864
22 62 -0.903395436637574
23 24 0.014916231102398703
23 63 -0.28208324865218337
24 25 -0.7385274913743938
24 64 0.04801408823080999
25 26 -0.12390181136699185
25 65 0.779286761696768
26 27 0.17955513047118776
26 66 0.5469138645456473
27 28 -0.3479930979084036
27 67 -0.024288535139961542
28 29 -0.2611927656592743
28 68 0.140435654933025
29 30 0.10300857861566715
29 69 -0.3684650457426255
30 31 0.9651894257099622
30 70 -0.5931980029054107
31 32 -0.13974716477240823
31 71 -0.13459180603370413
32 33 0.6346136475206117
32 72 -0.005056167834538217
33 34 0.6546190063111581
33 73 0.535702751682674
34 35 -0.7843170509274291
34 74 0.06323574758237371
35 36 -0.002772836041447402
35 75 -0.6967549711934173
36 37 0.17747495872464292
36 76 -0.994346373518673
37 38 -0.24743148913509794
37 77 0.9694528025425426
38 39 -0.08262334257299897
38 78 -0.7032802077678055
39 40 -0.21632245899832614
39 79 -0.06682985312184386
40 80 0.07888598159737126
41 42 0.26729646985255084
41 81 0.4976077650772237
42 43 0.1956732959259473
42 82 -0.47556867773609945
43 44 -0.9386303192541074
43 83 -0.09378999959753309
44 45 0.5865464660552282
44 84 -0.17544784529319868
45 46 -0.713494978189636
45 85 0.39978796905850555
46 47 0.34251381025126326
46 86 0.412661770401334
47 48 -0.6110436513559236
47 87 0.23161575073423357
48 49 -0.991552172983186
48 88 -0.8529922387864792
49 50 0.29344039024472
49 89 -0.9415308562408049
50 51 -0.2673420672654683
50 90 0.1798135804244705
51 52 0.5909266996792404
51 91 0.06501222487951464
52 53 0.9207748823216844
52 92 0.46266398434197287
53 54 0.4778517572216312
53 93 -0.9419098608639007
54 55 -0.7391908783274228
54 94 -0.19372583770555174
55 56 0.69656247750647
55 95 0.4216227171118825
56 57 0.9357455349139965
56 96 -0.8307570908628694
57 58 -0.1455106717140482
57 97 0.15804609373773104
58 59 -0.02848961477870593
58 98 0.5706110041494747
59 60 0.9494331225711417
59 99 -0.6198710763943034
60 61 0.271061787727799
60 100 -0.8624406470991799
61 62 0.7613693143329772
61 101 0.5924417499328958
62 63 -0.5227884852079485
62 102 -0.015085948967300977
63 64 0.18489300633323213
63 103 0.660904172637377
64 65 0.14042122985746852
64 104 -0.4216205379604687
65 66 -0.03644470150025558
65 105 0.1966189305264614
66 67 0.1169418203230288
66 106 -0.6295539881714458
67 68 -0.3529482892023992
67 107 0.37698910020630105
68 69 -0.7644276323504027
68 108 0.47164544519369267
69 70 0.24924817513308284
69 109 0.9212579305581805
70 71 0.42782802685162014
70 110 -0.8307810522043877
71 72 0.7347930055246903
71 111 0.2819042210037188
72 73 0.012526488248834289
72 112 -0.7188593017935831
73 74 0.21295919888836345
73 113 0.6594307933091414
74 75 -0.668632365965149
74 114 0.5812997831123639
75 76 0.897438969007317
75 115 -0.11197338875708107
76 77 -0.35562121542498293
76 116 -0.5031936414649354
77 78 0.9348530597453093
77 117 -0.2613779123099178
78 79 -0.9555181180976755
78 118 0.17646852144292113
79 80 0.32511939142399315
79 119 -0.9931949190681351
80 120 0.2839709888026649
81 82 -0.0029859753948191514
81 121 -0.5504067089383047
82 83 -0.3982573821185855
82 122 -0.9492004358997879
83 84 0.48972815390013547
83 123 0.1145908124727939
84 85 -0.6302649000181753
84 124 0.6804946321767811
85 86 -0.8841003879798905
85 125 -0.4867848663020069
86 87 0.7063108263808042
86 126 0.04409913367201579
87 88 0.8641673511302186
87 127 0.38216789956621944
88 89 -0.7354172720892753
88 128 0.8842998385494001
89 90 0.5070417450201041
89 129 0.7794658921803088
90 91 0.5184778798247873
90 130 -0.3552984434491111
91 92 0.14926582338495797
91 131 0.9324599604470685
92 93 0.6800928401220694
92 132 0.1885135437837886
93 94 0.29669218858071655
93 133 -0.8699415927715561
94 95 -0.17520954208502904
94 134 -0.13836268821091235
95 96 -0.09922934413708506
95 135 0.4720955522927346
96 97 -0.38995084937664926
96 136 0.1802885023058589
97 98 0.03882295135713831
97 137 -0.7314267505397298
98 99 -0.19773431177610634
98 138 0.6964091966633317
99 100 -0.5826289825655164
99 139 0.1210255390406938
100 101 -0.23764706314069461
100 140 0.984381786362583
101 102 -0.19954905438389847
101 141 0.38680874448516467
102 103 0.6866920263455487
102 142 0.6884384989606711
103 104 0.7332901079845191
103 143 0.7596335249542325
104 105 0.9136919826724381
104 144 -0.7154352533158059
105 106 -0.4752682131634762
105 145 -0.5207509632397951
106 107 -0.26510642047644106
106 146 0.38003012624653576
107 108 -0.03711222806077252
107 147 -0.6816875006301415
108 109 0.7552139515981444
108 148 -0.8163384664774829
109 110 0.556831585636369
109 149 0.019205072567620274
110 111 -0.9278272468522362
110 150 0.020988277635323405
111 112 -0.8723290217971507
111 151 -0.9235658580650139
112 113 -0.6025754633136107
112 152 0.5622304428793037
113 114 0.4126063326685625
113 153 0.1477052796850047
114 115 -0.011601529648834985
114 154 0.9454073860644512
115 116 0.4368892491097729
115 155 -0.5622016547888118
116 117 0.4312892016404368
116 156 -0.850346232567285
117 118 -0.8415804255199366
117 157 0.15531072911563948
118 119 0.04858020853686407
118 158 0.6071264572872002
119 120 0.6510180557073777
119 159 -0.14199590474720036
120 160 0.09208952458390351
121 122 -0.603874270480752
121 161 0.5210614243979175
122 123 -0.3938748786979305
122 162 -0.5158482491929453
123 124 -0.22977280086902696
123 163 -0.6638544049347628
124 125 0.13854279940257697
124 164 -0.8798995888983607
125 126 0.02066356909768996
125 165 0.990517569640512
126 127 -0.11446069335709752
126 166 0.10749688251100742
127 128 0.12569409340851267
127 167 -0.4724884091749155
128 129 -0.3941406275147552
128 168 -0.5733738976393936
129 130 -0.9792399214456888
129 169 -0.34514431438671656
130 131 0.004044290209773926
130 170 0.1676621305952406
131 132 0.8853749608584349
131 171 0.17853057895585356
132 133 0.3639847290949818
132 172 0.4216303638968588
133 134 -0.5196141500409008
133 173 -0.8191067631775892
134 135 -0.761827120172667
134 174 -0.4840617838931742
135 136 -0.7767113171996674
135 175 -0.45542370845976765
136 137 0.2260053622981757
136 176 -0.5851031340072728
137 138 0.8821108482472761
137 177 -0.5490438726543643
138 139 0.5887523148123766
138 178 -0.05921298013589804
139 140 -0.320391883762988
139 179 0.45138107623278967
140 141 0.7054443525477885
140 180 -0.9300611977496354
141 142 0.1757192933645273
141 181 -0.5697838265215962
142 143 -0.7436005920203814
142 182 0.5171867979179114
143 144 0.8655035867455962
143 183 0.8321890317022569
144 145 -0.37721361272036913
144 184 0.2289716861711233
145 146 -0.9823002021274783
145 185 0.8115682976110292
146 147 0.5463037482718425
146 186 -0.3017492508210391
147 148 0.6933015848984996
147 187 -0.1017180610027344
148 149 0.20889411449481177
148 188 0.7929647982501591
149 150 -0.618991929028291
149 189 -0.8728031278034929
150 151 -0.9823639960774637
150 190 0.210740833205314
151 152 0.5334930752056659
151 191 0.8412627361168794
152 153 0.9364115200634588
152 192 -0.1160805172198569
153 154 -0.8863492349959246
153 193 -0.914814585340582
154 155 0.30428299904321987
154 194 0.8056646811254189
155 156 0.8658701450474249
155 195 0.4358911847461413
156 157 0.023841867296965358
156 196 0.46437896512009313
157 158 0.08463518758186583
157 197 0.9245462877708213
158 159 -0.8105315982965948
158 198 -0.8228331933261626
159 160 0.6896406011377518
159 199 -0.4942004911124913
160 200 0.7351820520199144
161 162 -0.6617783268749291
161 201 -0.8233203716519795
162 163 0.11515637732528838
162 202 0.13101403977633508
163 164 0.6765226414073857
163 203 0.19810359492298524
164 165 0.9778339483924023
164 204 -0.5424353335960694
165 166 -0.7069686413663967
165 205 -0.10097044480264716
166 167 0.30398969681222
166 206 0.5771077489504806
167 168 0.05429376176993306
167 207 0.6087658294181688
168 169 -0.48867489496894856
168 208 -0.8081598664112402
169 170 0.656982182944978
169 209 -0.7748048120791617
170 171 -0.46679823485361616
170 210 0.4276932890913321
171 172 -0.5408831525917872
171 211 -0.009290261615314543
172 173 -0.6487826349415038
172 212 -0.23622154709926924
173 174 0.5219297564231367
173 213 -0.569346050172826
174 175 -0.05794123658844952
174 214 0.7575934686457959
175 176 0.43506062012068636
175 215 0.8668976180496324
176 177 -0.8375312211363755
176 216 0.3039934912472848
177 178 0.7663249870822664
177 217 -0.5142713744983516
178 179 -0.7233867149837356
178 218 -0.9691203466313645
179 180 0.3222835021126442
179 219 0.9380390977722839
180 181 -0.5416104136588433
180 220 0.27601825778034916
181 182 0.660653574321405
181 221 0.5428586997957507
182 183 -0.41823135959516833
182 222 0.5286683745878429
183 184 0.441359708419816
183 223 -0.1769079738135948
184 185 -0.826963319713226
184 224 -0.9610332990971122
185 186 -0.5095027522841069
185 225 0.9431754638239929
186 187 -0.6581732285950268
186 226 -0.7250408397637556
187 188 -0.9900528553698247
187 227 -0.47294761896067405
188 189 0.585848255012078
188 228 0.9630703840002472
189 190 0.9840102547131169
189 229 0.47568385416683245
190 191 -0.12837084150434297
190 230 -0.3476516278129864
191 192 -0.09613730929870767
191 231 0.808230478175809
192 193 0.8470228282279604
192 232 0.36802113806180436
193 194 0.27144366708611445
193 233 -0.5200125950296566
194 195 -0.9930465038034637
194 234 0.8127180219484329
195 196 0.33585814389535407
195 235 -0.33819999936406764
196 197 0.888144037415016
196 236 0.38935406525369753
197 198 0.17045564703078897
197 237 -0.33153991508667024
198 199 0.3771078699084691
198 238 0.9920290455237555
199 200 -0.6771454814071223
199 239 -0.8558557531993143
200 240 0.8830896288243444
201 202 0.3707196367355945
201 241 0.9067866923898731
202 203 -0.049735505169898886
202 242 -0.4144040474209818
203 204 0.5654296364899423
203 243 0.6970183637894292
204 205 0.22940342596033925
204 244 -0.26394663832908116
205 206 0.20288075236561243
205 245 -0.8054550117202397
206 207 0.7845389033853758
206 246 -0.3817896826418925
207 208 -0.4098482121880027
207 247 -0.6333228988809982
208 209 -0.19640423400180662
208 248 0.4620552807113989
209 210 -0.9506085241725768
209 249 0.6287070577445315
210 211 -0.08545778590267261
210 250 0.3004627447847317
211 212 -0.12869003427124914
211 251 -0.33805895964763666
212 213 -0.2024482442105573
212 252 -0.2257154442721916
213 214 0.3610198391071642
213 253 -0.050265141358536436
214 215 0.5579123003086524
214 254 0.5919269261392872
215 216 0.1620541352426268
215 255 -0.5111558889160936
216 217 -0.4662085122690345
216 256 0.4742559219405713
217 218 -0.5234662538166395
217 257 0.3817454563226792
218 219 0.12177175541423502
218 258 -0.6456770995746248
219 220 0.6942381799460315
219 259 -0.12389737480142182
220 221 -0.9334171821645534
220 260 -0.11306880746278436
221 222 0.7342950771975232
221 261 -0.6079127481751723
222 223 0.6735504360029281
222 262 -0.24617030468295442
223 224 0.28798040704948735
223 263 -0.23041842701638515
224 225 0.9999796120088145
224 264 0.0877991497185977
225 226 -0.47445263900030166
225 265 0.5540805494205692
226 227 0.3281902107194681
226 266 0.5421299174840957
227 228 -0.783048952186234
227 267 -0.8986737960541027
228 229 0.7488497837850838
228 268 -0.5584452692143369
229 230 0.4892635696249701
229 269 0.32310916596693007
230 231 0.5895300471814744
230 270 0.6305378593259972
231 232 0.0627178614594095
231 271 -0.638206221822319
232 233 -0.8857470464997745
232 272 0.007645495219441356
233 234 -0.8201746824824994
233 273 -0.641522866332823
234 235 -0.14333589936398772
234 274 -0.46909765318107555
235 236 0.4454155989690731
235 275 0.84484078419461
236 237 0.4819106838477336
236 276 -0.030974895707128303
237 238 0.615662796561897
237 277 -0.38997057409360125
238 239 0.9868322689515237
238 278 -0.7036466753683626
239 240 0.7271988810769414
239 279 0.8923470364920267
240 280 -0.43607996697946305
241 242 -0.9921034673441711
241 281 0.024384526771553228
242 243 -0.8714978786103511
242 282 0.9576382915152852
243 244 0.20632595172406965
243 283 0.5621212345805642
244 245 0.6055518726964928
244 284 0.25512370541125784
245 246 -0.42253023891604946
245 285 0.4415998038148141
246 247 -0.7287804554658615
246 286 0.5018533036883746
247 248 -0.9605350809867588
247 287 0.48664246394509925
248 249 0.29641987048318175
248 288 -0.49830883833096196
249 250 -0.5021894560496698
249 289 -0.5016068087417351
250 251 0.005337677038177224
250 290 -0.13721286916569997
251 252 0.2075001340465905
251 291 -0.8106272370738605
252 253 -0.6253598646961325
252 292 -0.15323067221827613
253 254 0.8616318449866891
253 293 -0.6840619621564024
254 255 -0.9911638225317156
254 294 0.7105847649606103
255 256 0.36870329346981245
255 295 0.8286407171170989
256 257 0.0349897292393051
256 296 -0.5931222808069834
257 258 0.742206381317035
257 297 -0.6409784408185861
258 259 0.40880813625313883
258 298 -0.8044488355693384
259 260 0.7292425107610914
259 299 0.2975859546403963
260 261 0.22810937605436932
260 300 0.20985855570274303
261 262 -0.5327439975138639
261 301 -0.2026343056996649
262 263 0.3954639564546467
262 302 0.8399323888424592
263 264 -0.5648857348433587
263 303 -0.16393527152313103
264 265 0.295974981112473
264 304 -0.0035821534411770717
265 266 0.3130484976612098
265 305 0.05697042721248957
266 267 0.9924158638223322
266 306 0.445973518335129
267 268 0.5259678280944784
267 307 0.25970957045211485
268 269 -0.40512863104548624
268 308 0.8027793439493904
269 270 -0.8325840864138498
269 309 0.5243468662283424
270 271 -0.27562253604612774
270 310 -0.021054522996658775
271 272 -0.8448010034858111
271 311 -0.32744298207081246
272 273 0.02515794595134202
272 312 -0.2770539686174458
273 274 -0.9363793879077904
273 313 -0.12669380346463543
274 275 0.9688223241275937
274 314 0.8965908439695895
275 276 -0.2230841205924925
275 315 0.05076375983506698
276 277 -0.39131515312798437
276 316 0.7757886297325711
277 278 0.7102468863758646
277 317 0.1308588646906439
278 279 -0.11615764639254378
278 318 0.29338168332842596
279 280 -0.620313946487594
279 319 -0.5893907052107592
280 320 -0.4714821342101936
281 282 0.625241923304227
281 321 0.2250521336587763
282 283 -0.3205843127242727
282 322 -0.009902738235091357
283 284 0.2314737520671386
283 323 -0.95766961765569
284 285 0.6424329523965207
284 324 -0.42349372241556726
285 286 0.10161212808189757
285 325 0.6771540301077745
286 287 0.05366644307415158
286 326 0.5694771615209482
287 288 -0.9234131916283268
287 327 -0.13264066205230285
288 289 -0.5451221720963437
288 328 -0.00836768331906268
289 290 -0.6835263998795322
289 329 -0.4478881028855546
290 291 0.4355329221758981
290 330 -0.9752783148576691
291 292 -0.7684848456220337
291 331 0.9393766642696537
292 293 0.4759568045329172
292 332 0.9802402570529005
293 294 -0.0375325565614133
293 333 -0.8178137898394948
294 295 -0.6065214666579075
294 334 0.8426235834022278
295 296 -0.39022976958659084
295 335 -0.04911013941404563
296 297 0.7882837767733248
296 336 0.11009844139516778
297 298 -0.09765568405780933
297 337 -0.6270089309207394
298 299 -0.5713474555968765
298 338 -0.8446235269458702
299 300 0.38748809143474783
299 339 0.9358949119430129
300 301 0.7691966314094947
300 340 0.03751302398214773
301 302 0.8766852284334441
301 341 0.9786742415437797
302 303 -0.0626446548667372
302 342 0.4632202564742698
303 304 0.8467314683113008
303 343 -0.627577015359408
304 305 0.1181059521245611
304 344 -0.8930623066366394
305 306 -0.6283702919554095
305 345 0.6485073193190611
306 307 0.5181126348632377
306 346 -0.9654650790454529
307 308 -0.47081095081392044
307 347 -0.9771360494216974
308 309 -0.03383284005649467
308 348 -0.19626357991336185
309 310 0.9124136588486003
309 349 -0.5514551484033481
310 311 0.1457972131567966
310 350 0.6662778520443551
311 312 -0.14169290899852371
311 351 0.5754294222302934
312 313 0.5598314697394458
312 352 -0.15377697979471994
313 314 -0.8780265284096149
313 353 0.9035790410998181
314 315 0.10171034242347199
314 354 0.8472037870659075
315 316 0.23564265849912047
315 355 0.045127830387998724
316 317 -0.9905826746346993
316 356 0.1260163016378839
317 318 -0.07889484997429519
317 357 -0.32411384050905534
318 319 0.605279862637339
318 358 -0.8956471939668731
319 320 -0.3156050924879579
319 359 0.2661828817140188
320 360 -0.9419930695456908
321 322 0.4435106348635991
321 361 -0.4162478636587337
322 323 0.9541614518453636
322 362 -0.11845235019866696
323 324 0.500929220974982
323 363 -0.6479157334326122
324 325 -0.4504097368144626
324 364 0.20210378226502002
325 326 0.16066270293595308
325 365 -0.6308565267807478
326 327 -0.14014779428685542
326 366 0.6776931752270521
327 328 0.6641695226254973
327 367 -0.9730828830004845
328 329 0.7295299335659573
328 368 0.2681275062456929
329 330 -0.14257930885266412
329 369 -0.4831563891910582
330 331 -0.8394112498893451
330 370 0.1527458906976924
331 332 0.9057894551052401
331 371 -0.23999717094114104
332 333 -0.8623273791529613
332 372 0.7048917026260826
333 334 -0.6470846250503766
333 373 -0.8527440660762566
334 335 -0.7685222465129364
334 374 -0.800305499824888
335 336 -0.7219889340131238
335 375 0.6840809210017567
336 337 0.8015634404726308
336 376 0.2156320943502852
337 338 0.9669583632132774
337 377 -0.02072604752748708
338 339 0.25979366960822325
338 378 0.013669514158667573
339 340 -0.5131948004362152
339 379 0.574001086345451
340 341 -0.0808261757377251
340 380 -0.365315040163704
341 342 0.13967530318570054
341 381 0.8634371520698407
342 343 -0.9795059189209723
342 382 -0.912123737299235
343 344 -0.9731527044350579
343 383 -0.4369061585462104
344 345 0.5792744964746781
344 384 0.05841378666234043
345 346 0.9108916744174511
345 385 -0.6819465474320754
346 347 -0.01484986611628103
346 386 0.36199906119619274
347 348 0.4795755425321402
347 387 -0.4189365804154661
348 349 0.4163310734970682
348 388 -0.36311330245989804
349 350 -0.1544405700584719
349 389 -0.6201284291606763
350 351 -0.42698022098856225
350 390 -0.5636849768639749
351 352 -0.6042960814336964
351 391 0.11522130695338917
352 353 0.7050265425304381
352 392 0.2611728724384119
353 354 0.6069182409954905
353 393 -0.20036718045141644
354 355 -0.5354952926036631
354 394 0.7201884102366276
355 356 0.1871469457070578
355 395 -0.5257101354141958
356 357 -0.13529104129081126
356 396 0.09670832426829645
357 358 -0.32046276378544003
357 397 -0.6634129342901618
358 359 -0.15501573815691283
358 398 -0.927601231027462
359 360 -0.7564005588421303
359 399 -0.2606927149087064
360 400 0.07769833026173378
361 362 0.8355482450258869
361 401 0.42915156679538113
362 363 -0.3634543890420976
362 402 0.03959397175076029
363 364 -0.08297158752545397
363 403 0.026245415464490218
364 365 0.877028394418675
364 404 0.41459261868287456
365 366 0.2310042341170815
365 405 0.7739101769372208
366 367 0.07470805084725907
366 406 -0.4991521336996514
367 368 0.018670783028277294
367 407 -0.040902599717494326
368 369 0.5089849498165295
368 408 -0.1257536174645364
369 370 -0.26610591578895604
369 409 -0.30140881340511805
370 371 0.627243432946408
370 410 0.12307246729677024
371 372 0.9751519096904686
371 411 0.43646129018437696
372 373 0.5694991338909283
372 412 -0.04132704191496983
373 374 -0.3120134120838869
373 413 0.3539855700871797
374 375 -0.17009367160337496
374 414 0.6602566515974071
375 376 0.13615387449156247
375 415 -0.9362265646419314
376 377 0.43669621645276724
376 416 -0.4896648473186096
377 378 0.6574114946138438
377 417 -0.232209338414467
378 379 0.7609240035270988
378 418 0.9425720165230276
379 380 0.2855827157993198
379 419 0.33217759847251105
380 381 -0.09265376549070758
380 420 -0.6114408301637224
381 382 -0.3798392482479842
381 421 0.9538277621511504
382 383 0.049337993470686126
382 422 -0.41823695008113115
383 384 0.6194397809448013
383 423 0.4873113267438991
384 385 -0.45205572737915145
384 424 -0.9593944539491084
385 386 -0.6177325576146246
385 425 -0.1507938048733053
386 387 -0.9184664677249006
386 426 -0.39894490411152717
387 388 0.41407772169884516
387 427 0.8688241358588593
388 389 -0.10945952830001904
388 428 -0.11516626223606008
389 390 0.7932804773919686
389 429 0.09954299006818323
390 391 0.5653490529141751
390 430 -0.6592327094951811
391 392 -0.9622121374905832
391 431 0.7386171658588525
392 393 0.20566251561061066
392 432 -0.8800373582665044
393 394 0.41678584318078715
393 433 0.91649762636636
394 395 -0.49705074753307965
394 434 0.5707558213650059
395 396 -0.0070350539982975135
395 435 0.5078903999195608
396 397 0.3689793315658929
396 436 0.7081400803511215
397 398 -0.17900854216860695
397 437 0.5671643627240641
398 399 0.6310189414260505
398 438 0.6738996139987643
399 400 -0.1684218825712991
399 439 0.07327797710271611
400 440 0.2831385252787195
401 402 0.08508873602252254
401 441 -0.7156599047969461
402 403 0.156272859764935
402 442 0.7078675010009727
403 404 -0.031958219426348355
403 443 0.6887715890786952
404 405 -0.47319367008648494
404 444 -0.75532815776999
405 406 0.033578555640883856
405 445 0.25228733825284677
406 407 -0.8822119771184525
406 446 -0.8161014301847047
407 408 -0.9406901184045435
407 447 -0.9771429463518675
408 409 -0.19957581951443637
408 448 0.4458326278905087
409 410 -0.3339284391253481
409 449 -0.3932656044496403
410 411 0.20718339232253924
410 450 -0.5588383495671758
411 412 0.8484634171784442
411 451 -0.3363910374581176
412 413 -0.40492035039081364
412 452 -0.03341295794703303
413 414 -0.4447221461929891
413 453 -0.37906566195257785
414 415 0.3166651994211225
414 454 0.6811240855856036
415 416 -0.6150705340722638
415 455 0.8796164897097627
416 417 0.4100736252602255
416 456 -0.4166742191635777
417 418 -0.8937485911209255
417 457 -0.4176725264557841
418 419 -0.6443316149237546
418 458 0.1872884572473419
419 420 -0.1911578866891095
419 459 -0.7495349604462671
420 421 -0.7280654458504732
420 460 -0.9841563143478469
421 422 -0.2743492941282162
421 461 -0.25097908170286787
422 423 -0.6074595278070658
422 462 -0.7076742807872407
423 424 0.7577991009801415
423 463 0.4544761022290804
424 425 -0.631721177081177
424 464 -0.3397038416611351
425 426 -0.9011536546413126
425 465 -0.9052718444838939
426 427 -0.016934313490541975
426 466 0.4013248906189617
427 428 -0.4130592041344463
427 467 0.10860359658498298
428 429 -0.6718626858186596
428 468 -0.8744999481573561
429 430 0.958814654897644
429 469 -0.5498941639665464
430 431 -0.8759578677284645
430 470 0.9812662390210589
431 432 -0.47744773387032446
431 471 0.72999996019061
432 433 0.7029149667267591
432 472 -0.1397682385722121
433 434 -0.8457043257933785
433 473 -0.8592183904035711
434 435 -0.03318395864943935
434 474 0.7570260466308627
435 436 -0.9912555529232494
435 475 -0.7366159037854225
436 437 -0.9459666734820482
436 476 -0.5717697546397917
437 438 -0.07969051963050688
437 477 0.17930496044010513
438 439 0.8645250632754204
438 478 -0.6913509653964409
439 440 0.24307846490533946
439 479 0.9853226801868558
440 480 0.6102335413267772
441 442 -0.2533184798970616
441 481 0.34826723013269056
442 443 -0.8638054529240999
442 482 -0.07093838444133493
443 444 -0.6503722103557612
443 483 -0.9707302497935002
444 445 -0.08255154162027267
444 484 0.9496249987933383
445 446 0.010118235112922314
445 485 0.8193251531731087
446 447 -0.6516001137171072
446 486 -0.12149129880344933
447 448 -0.3363119995310113
447 487 -0.8771378427894101
448 449 -0.2552628411753708
448 488 0.10519606079860089
449 450 -0.36974542769217966
449 489 -0.45954964521614716
450 451 0.8390820852282261
450 490 -0.5889985991813023
451 452 0.6852110584522826
451 491 0.2098448115985012
452 453 -0.21421788935758057
452 492 0.7993889595165617
453 454 -0.8910779989679944
453 493 -0.39483478090267177
454 455 -0.4025416372179269
454 494 -0.41729212931278115
455 456 0.300228068112401
455 495 -0.9394036288435217
456 457 -0.04106114596236021
456 496 -0.9894933530846206
457 458 0.883559507257462
457 497 -0.9722288827835972
458 459 0.7698059270676103
458 498 0.9397258349556106
459 460 0.6744320130636641
459 499 -0.6687386603366066
460 461 -0.418303890948164
460 500 0.6343585325323511
461 462 0.21555152525887733
461 501 -0.6646643181700176
462 463 -0.4719143225385143
462 502 -0.4124595704343157
463 464 0.24706554572730566
463 503 0.6628796172338185
464 465 0.9778140756687772
464 504 0.799567363521104
465 466 -0.7992132880517724
465 505 -0.702905990271818
466 467 -0.9946249484645027
466 506 -0.8655146055287632
467 468 -0.6205048849026928
467 507 0.133730616674673
468 469 0.35951151583596785
468 508 -0.8720893930011322
469 470 0.5531846030820151
469 509 -0.6058513332331319
470 471 0.0971141564050273
470 510 -0.5158838290032266
471 472 0.15802086529850246
471 511 -0.25180838216518153
472 473 0.4667731201567491
472 512 0.2888764660961294
473 474 0.1879466071750311
473 513 -0.44183288121777653
474 475 -0.8936295561544632
474 514 -0.9130548029035461
475 476 -0.6920903691879234
475 515 0.9738261872510605
476 477 -0.669328926772655
476 516 -0.3015596696644467
477 478 0.9455951435052026
477 517 -0.4860146303231394
478 479 0.2366663140241323
478 518 0.3220086289326025
479 480 0.07234296341598312
479 519 0.3682174221643235
480 520 0.8486781188296795
481 482 -0.11633365115400784
481 521 -0.13197201333341257
482 483 0.5638982372382968
482 522 0.43720562076450054
483 484 0.6975281436224643
483 523 0.4853491545988682
484 485 0.36114874888888937
484 524 -0.6134925354270779
485 486 -0.1733906888708594
485 525 0.07093743258344598
486 487 0.6218684501502116
486 526 0.8208042472126693
487 488 0.1963470161129488
487 527 0.7718405070452465
488 489 -0.8390727652856171
488 528 0.18855113420706804
489 490 0.8005892375048065
489 529 0.9339484065875661
490 491 0.37667712919391394
490 530 -0.24958035657404065
491 492 0.6836279647574874
491 531 -0.824326141880517
492 493 -0.43997496084914123
492 532 -0.8107671225563855
493 494 0.7104830977407897
493 533 0.13569289507868398
494 495 -0.5607719629366701
494 534 0.7462216688066892
495 496 0.7861997363440427
495 535 -0.9728214098848913
496 497 -0.28337421854666633
496 536 -0.9110114110510745
497 498 0.33914758892089325
497 537 0.9534160521477557
498 499 0.734729007506256
498 538 -0.41548263984466427
499 500 0.24053157737804853
499 539 0.04842738785055434
500 501 -0.9432850151778838
500 540 0.390919270060178
501 502 0.7227668100553519
501 541 0.8432415095537826
502 503 0.457218149152532
502 542 -0.7403825772304184
503 504 0.24425791337588687
503 543 0.6120792381478994
504 505 0.13064931688533865
504 544 0.4152909013098274
505 506 -0.8288124958404997
505 545 -0.5990270340434347
506 507 -0.4863467719498096
506 546 -0.4378820418738094
507 508 0.6600353834124157
507 547 0.5265542823496276
508 509 -0.5314210157665582
508 548 0.6045805815767256
509 510 -0.371023070024721
509 549 -0.5380138681279005
510 511 0.8780113201540167
510 550 0.3083770732523208
511 512 -0.6913428797774372
511 551 0.3228675436535291
512 513 0.07219579777208884
512 552 0.6106556660556972
513 514 0.3003660071036387
513 553 0.1679318957758904
514 515 0.4292015255566599
514 554 -0.6499745280827736
515 516 -0.49142460795265697
515 555 0.8773204260382388
516 517 -0.793476952769905
516 556 -0.2503904672774282
517 518 0.8334166644240124
517 557 0.20836504015142987
518 519 -0.2171696433649808
518 558 -0.5268633891890806
519 520 -0.7861246001212228
519 559 -0.5145939363259686
520 560 0.2956402718427802
521 522 0.23553395693863433
521 561 0.026276485108781777
522 523 0.1720439601063517
522 562 -0.9258111735311843
523 524 -0.08660492935965558
523 563 -0.1662031859012445
524 525 -0.90652154567721
524 564 0.9052878735412477
525 526 -0.31471374887094683
525 565 -0.7408464457134798
526 527 0.1521814240239754
526 566 -0.41769114043930156
527 528 -0.17573244927211862
527 567 -0.9234556021956086
528 529 -0.4381570661335856
528 568 0.48489517262880155
529 530 0.7933970946833315
529 569 -0.2534492404066746
530 531 -0.576941946443539
530 570 0.6419826844240797
531 532 -0.299010277043541
531 571 -0.14160803577111092
532 533 0.009019132351984371
532 572 -0.6444663954485528
533 534 0.9401502453847519
533 573 0.3838609227307055
534 535 0.9850638266331977
534 574 -0.7501378347860455
535 536 -0.9755786346675017
535 575 -0.9917430864046812
536 537 -0.5584053749876678
536 576 -0.12192017552329926
537 538 -0.2188275536421802
537 577 -0.37196177571131184
538 539 0.7885317292931247
538 578 -0.3394375981296358
539 540 -0.2839642232121129
539 579 -0.7744389391810431
540 541 0.859458570037869
540 580 0.6567707273439418
541 542 0.23839091229538933
541 581 -0.7527413238724185
542 543 0.25758554848836446
542 582 -0.6142016073022354
543 544 -0.3946310053324784
543 583 0.7166246284667381
544 545 -0.27322252782112866
544 584 -0.5969390813979059
545 546 0.29790895252357386
545 585 0.17050176743533751
546 547 -0.9056816381809001
546 586 -0.7897031041287474
547 548 0.8978919897984197
547 587 0.0946088457485399
548 549 0.09212320651932271
548 588 -0.2631768804969601
549 550 -0.580979925365106
549 589 0.5430493560865637
550 551 0.59922810434263
550 590 0.9601574969552331
551 552 -0.6886608653054751
551 591 -0.1840191736311867
552 553 -0.708300819263088
552 592 -0.26099384161602757
553 554 -0.9056770675762329
553 593 -0.058867605694537195
554 555 -0.8471703407686231
554 594 0.2630244369118331
555 556 0.8841994959270487
555 595 -0.37834802455151095
556 557 -0.6054838331114174
556 596 0.4748484732751246
557 558 0.1589629880195247
557 597 -0.8153588069401945
558 559 -0.912226311137069
558 598 -0.4711425951651218
559 560 -0.41620525846849143
559 599 0.8576557645491607
560 600 -0.2656939864207266
561 562 0.30079436386293446
561 601 0.20207790680908877
562 563 -0.29868721743373405
562 602 0.12638136898549002
563 564 -0.7665409781060735
563 603 -0.32264173402132057
564 565 0.7172980309368531
564 604 0.6558063514971424
565 566 0.32564350279997756
565 605 0.8713400039912991
566 567 0.30357274356243114
566 606 0.2758414015111361
567 568 -0.8383151924183887
567 607 -0.8361709153963028
568 569 -0.4023456066946338
568 608 0.5150733683423232
569 570 0.29655843254404757
569 609 -0.3771163690774888
570 571 -0.7708511238287832
570 610 0.546101388561754
571 572 0.6052965671226982
571 611 -0.5158604902776638
572 573 -0.537151661800721
572 612 0.39550094150306303
573 574 -0.7346045861756774
573 613 -0.6792655628277768
574 575 0.03344422997312835
574 614 -0.28792798186124813
575 576 -0.9152470505854275
575 615 -0.2274421784238354
576 577 -0.7189282745696006
576 616 0.9134860162903726
577 578 -0.5051133199062972
577 617 -0.21075733421604204
578 579 0.28482991620186904
578 618 0.4012409611471046
579 580 0.33224347219975026
579 619 0.3448667524067224
580 581 0.37935209371511336
580 620 0.0008123856638755367
581 582 -0.11237037685459006
581 621 -0.6024459305862451
582 583 0.24977863497808905
582 622 -0.888860373366622
583 584 -0.6653769606619833
583 623 -0.3272882309787253
584 585 0.4992367132191986
584 624 -0.4711179059817501
585 586 -0.24495539746834805
585 625 0.5563818475747189
586 587 -0.514853542261966
586 626 0.9442744467688999
587 588 0.3226416072190963
587 627 0.11630014496791774
588 589 -0.3078796481096642
588 628 -0.8371192292050431
589 590 0.40354070907833517
589 629 -0.4960855576689105
590 591 0.87864454294124
590 630 -0.7608229036752929
591 592 -0.46713051285172225
591 631 0.253473258892857
592 593 0.13012725926466495
592 632 -0.9652302186304835
593 594 0.07156848959403117
593 633 -0.5476782346489586
594 595 0.083902436337981
594 634 -0.2957577639058815
595 596 0.5008303846420612
595 635 -0.1055658502637904
596 597 -0.0023068628916613765
596 636 0.03799289847687648
597 598 0.3580782494123864
597 637 0.2794170772651292
598 599 -0.33504182416039674
598 638 0.6842053451927765
599 600 0.7315264385752498
599 639 0.8346975169764113
600 640 0.5134083401330112
601 602 0.6104463936654929
601 641 0.043294304787268256
602 603 -0.4005402551508743
602 642 0.024668306547098506
603 604 -0.8106819185126939
603 643 0.43166174550262837
604 605 0.9278010456765657
604 644 0.1978728981453497
605 606 0.22545836385810802
605 645 0.6854769988995286
606 607 0.0071494794346611545
606 646 0.9311054312435925
607 608 0.6187346676430698
607 647 0.6013880057699958
608 609 -0.5472797239623199
608 648 -0.9911847101538613
609 610 0.6199442038434062
609 649 0.6095457934176323
610 611 -0.0338789638834458
610 650 0.8994195126280704
611 612 -0.9933354454161818
611 651 -0.22268730978522955
612 613 0.770381571098667
612 652 0.7928350261410011
613 614 -0.21808887479625505
613 653 -0.6543124232270048
614 615 0.5894244233163504
614 654 0.7748634135783463
615 616 -0.3732431488579595
615 655 -0.33428990399801783
616 617 -0.46021975885899513
616 656 -0.6097073855608572
617 618 -0.6873096279333335
617 657 -0.35894089036725085
618 619 -0.876195391699935
618 658 -0.7239288169405413
619 620 0.5415686201829988
619 659 -0.4981712300946919
620 621 0.13101219626140348
620 660 0.02400939377191058
621 622 -0.7178487470306609
621 661 0.3421722828366329
622 623 -0.16120868869253902
622 662 0.511821771514736
623 624 -0.4969367635852715
623 663 0.6397930595158965
624 625 0.3484518836796453
624 664 -0.44418665565604076
625 626 -0.6319572140321903
625 665 -0.02545156118490488
626 627 0.9893985683076987
626 666 0.28529571263222087
627 628 -0.7836354890290809
627 667 -0.12873057238044594
628 629 -0.9305209751420631
628 668 -0.5895014569722072
629 630 -0.16553359910887955
629 669 0.2154175816586965
630 631 -0.3609446792940214
630 670 0.15449618624192052
631 632 0.43408585638136366
631 671 0.5328342880614734
632 633 0.2867287156201046
632 672 -0.03200162627507264
633 634 0.9922109078108097
633 673 0.7826847496567428
634 635 0.19639602883788476
634 674 0.8684740696110127
635 636 -0.46084982249257633
635 675 0.7115719076703488
636 637 -0.46542727460632904
636 676 -0.5932534134873715
637 638 0.2530150262816422
637 677 0.31854643671088745
638 639 -0.9933677689691038
638 678 -0.04069618873231984
639 640 -0.27753621162614506
639 679 -0.9933323284516502
640 680 -0.9673141108808088
641 642 0.8172977616173365
641 681 -0.36152782202290945
642 643 0.34693385056944104
642 682 -0.681612533243813
643 644 -0.8458291911679228
643 683 -0.588099483262055
644 645 0.861831671695503
644 684 -0.7064623714425464
645 646 -0.5641831275943145
645 685 0.806343479459843
646 647 0.6133822992209805
646 686 0.8570387128072343
647 648 -0.9661803772905846
647 687 0.7225886504612355
648 649 -0.7204394380256083
648 688 -0.4084725955196815
649 650 0.5888353773406734
649 689 -0.7771296543372794
650 651 0.0994074325964962
650 690 0.048852418340659565
651 652 0.8431862638993133
651 691 -0.6947522483845172
652 653 0.6136371157280773
652 692 0.574074852691379
653 654 -0.9459938393359049
653 693 -0.5418173701478515
654 655 0.7258282081088632
654 694 0.7007377587496402
655 656 -0.10452954522549551
655 695 0.9653091539596188
656 657 0.8175656575734955
656 696 0.41465587691329353
657 658 0.0136074147923686
657 697 -0.05042547576083933
658 659 -0.31152274097214017
658 698 -0.6031662179095083
659 660 0.7599387151760841
659 699 -0.4287242813597463
660 661 -0.4258377296788918
660 700 -0.01791010468195431
661 662 -0.5022415116315118
661 701 -0.26000325468603847
662 663 -0.5345448259195253
662 702 0.8268061743064525
663 664 -0.6174637338839712
663 703 -0.7331594356969335
664 665 0.24558555561912288
664 704 0.5833702414754323
665 666 -0.5451946601558857
665 705 0.3824577851937394
666 667 0.8887947561725931
666 706 0.9479421929365686
667 668 -0.7748443169433428
667 707 -0.26323256545563534
668 669 -0.033727710899145835
668 708 0.7012511381595741
669 670 -0.8623949241847881
669 709 -0.4427956069675878
670 671 -0.04386830496369787
670 710 0.22002672699911074
671 672 0.8358217538122543
671 711 -0.9926397643609273
672 673 -0.7955111143055198
672 712 -0.5994984272343897
673 674 0.04790075885359468
673 713 -0.7738681391851687
674 675 -0.251234024692087
674 714 -0.5824907897355998
675 676 -0.5086593299999236
675 715 0.34173250873690697
676 677 0.5851704954543049
676 716 -0.6467850731406082
677 678 0.27560254811946305
677 717 -0.3751729593362749
678 679 0.8254045010036575
678 718 -0.887647841623803
679 680 0.5471318020261298
679 719 -0.8372183852242379
680 720 -0.9627326749880418
681 682 -0.8190813014581853
681 721 -0.3985998867275933
682 683 -0.8990446596920048
682 722 -0.32436822587064107
683 684 0.1475524629024043
683 723 -0.41233688959246395
684 685 -0.7720793824906156
684 724 -0.2559421956523311
685 686 -0.9804600457606285
685 725 -0.5483745466731305
686 687 0.2278702533288759
686 726 0.9640078326862025
687 688 0.8226004487048968
687 727 -0.19824663072967574
688 689 -0.6088123674984867
688 728 0.09776407568578316
689 690 0.623196287266599
689 729 0.559104677193117
690 691 0.747169620883265
690 730 0.293451640316144
691 692 0.49998891924688604
691 731 0.8949672381033371
692 693 0.6230742955982826
692 732 -0.35087590560625914
693 694 -0.19608276446062978
693 733 0.03117745520873272
694 695 -0.13562816353589713
694 734 0.5196156854198806
695 696 0.6691342449015003
695 735 0.6238003673482639
696 697 0.7341476868702348
696 736 -0.5889663082567731
697 698 0.20397428106083582
697 737 0.6412227285725509
698 699 -0.9385998708324927
698 738 0.8067593138179592
699 700 0.39477438754426997
699 739 0.14901292112602982
700 701 -0.39146514825297585
700 740 0.8404793342042198
701 702 -0.3065742916643457
701 741 0.6498263844685983
702 703 -0.5442586665911042
702 742 0.9379762215612524
703 704 -0.2404039446969768
703 743 -0.019975246839582628
704 705 -0.1496048970172823
704 744 -0.8048473724460843
705 706 0.4018649827596332
705 745 0.8810315838991618
706 707 0.7489324125385368
706 746 0.9299284705283488
707 708 0.3857385187069091
707 747 -0.19553072453103937
708 709 0.2382451209071934
708 748 -0.3448522279056252
709 710 0.7866196797539673
709 749 0.9979820048454564
710 711 0.402965075615769
710 750 -0.3402453628856823
711 712 0.39761268425073015
711 751 -0.018199532862986256
712 713 0.6125630477860844
712 752 0.7704625571335404
713 714 0.8645562118427224
713 753 -0.3870742997583363
714 715 -0.5698913932258007
714 754 0.4221290283239705
715 716 -0.6731146897567761
715 755 -0.21147105867089455
716 717 0.3399565787146277
716 756 0.7870202307829262
717 718 -0.7396227745178692
717 757 -0.4162272857886673
718 719 0.408098570015621
718 758 -0.9238012322753208
719 720 -0.4788720495365981
719 759 -0.2647503986190174
720 760 0.9087947967321444
721 722 -0.7720312762729005
721 761 0.6573626526153533
722 723 -0.7838724544410949
722 762 -0.6421943828578192
723 724 0.3114534854291964
723 763 0.6071366954864392
724 725 0.5331202531418135
724 764 -0.3577159370700811
725 726 -0.7358897454560263
725 765 0.8150858930321021
726 727 0.4299759116906523
726 766 -0.9826814571654179
727 728 -0.4262186033245845
727 767 0.6860897705276772
728 729 -0.5800156598199082
728 768 0.5569843405574042
729 730 0.7701603101952781
729 769 -0.35515789635342565
730 731 -0.3415384605634475
730 770 -0.9791013605418246
731 732 -0.4984459688686864
731 771 -0.6851214810407984
732 733 0.24167191712560965
732 772 -0.6368176276809383
733 734 -0.5796934953837836
733 773 -0.6697748439826952
734 735 -0.8795856563848683
734 774 -0.5058763922176313
735 736 0.3969900141838707
735 775 -0.026713462862694826
736 737 -0.5252631266147592
736 776 0.7650435269968714
737 738 -0.38262515899577676
737 777 0.921326521099562
738 739 -0.45158315025657214
738 778 0.02204212505807468
739 740 -0.21906313472460925
739 779 -0.4285686298641067
740 741 -0.2597734930412632
740 780 -0.4213062757686119
741 742 0.6832973987056681
741 781 -0.8108115196839998
742 743 -0.37055248702274435
742 782 0.24394437567352
743 744 0.23223489042644796
743 783 -0.6343365804359198
744 745 -0.1493039533118199
744 784 0.4292038849632076
745 746 -0.6704497735950776
745 785 -0.7612905006381108
746 747 -0.2306522252644727
746 786 -0.31194884389403765
747 748 0.8594081360430244
747 787 -0.13910677460488752
748 749 -0.03237900266977056
748 788 -0.43439399687725455
749 750 -0.8500212694918476
749 789 -0.5989547622292837
750 751 0.9549234687416903
750 790 0.8862828756188801
751 752 0.5707009425331127
751 791 -0.48908586223264794
752 753 0.4972956483612614
752 792 0.4135511676669019
753 754 -0.9426977114544024
753 793 -0.6937511613393679
754 755 -0.46291514719652227
754 794 -0.5835964264761355
755 756 0.396048090406278
755 795 0.8314615713289455
756 757 -0.8640989234144976
756 796 0.9686284408298524
757 758 -0.4511526861620003
757 797 -0.6635691020343224
758 759 -0.7238697421000497
758 798 -0.6311085623323869
759 760 0.2461816066867517
759 799 -0.4046109995439462
760 800 0.7994305878138903
761 762 -0.9062073612215005
761 801 0.2525742966227851
762 763 0.7716541923354114
762 802 -0.26927005757176836
763 764 -0.2975729940071825
763 803 -0.8131192461124659
764 765 0.27607016268925344
764 804 -0.9815577966602422
765 766 0.820461273319526
765 805 0.1621158142698098
766 767 -0.4237088380123777
766 806 0.6827973150036424
767 768 0.2340891059548329
767 807 -0.7188025464292116
768 769 -0.030640193915448366
768 808 0.27868078544656694
769 770 -0.7856691365200315
769 809 -0.6775004854638402
770 771 -0.7258091835192111
770 810 0.5406358247699381
771 772 -0.31388932856706386
771 811 -0.41535891632881317
772 773 0.705292117057333
772 812 0.9156744439915814
773 774 0.3798959704958582
773 813 -0.8096214435832025
774 775 0.19123902582841001
774 814 -0.4633275350093413
775 776 0.12525853977617296
775 815 -0.9293996133305431
776 777 0.9935586904148528
776 816 0.9214815904697029
777 778 -0.6668539699301521
777 817 0.8280706886104967
778 779 -0.29824063919921806
778 818 0.8116886621778647
779 780 -0.6090821014173591
779 819 0.3329550981879523
780 781 0.11929910398090526
780 820 -0.10292587769107064
781 782 -0.45319213915153456
781 821 0.007746963467965218
782 783 -0.7065091382244997
782 822 0.5651887294159015
783 784 0.1797973080710198
783 823 -0.2614655881774952
784 785 0.5209187927816714
784 824 0.09572257424444808
785 786 0.8967290906763656
785 825 -0.7753210459348883
786 787 -0.9721261638091516
786 826 -0.5141046947994883
787 788 -0.9306493690031661
787 827 0.4151552500515012
788 789 -0.9848199105423623
788 828 -0.7995441491852271
789 790 -0.5506142990483436
789 829 -0.057174873490231315
790 791 -0.9889866437877339
790 830 -0.04215796153814466
791 792 0.2900552243348038
791 831 -0.8457292404892218
792 793 -0.16518001051009823
792 832 0.8169130026988238
793 794 -0.6344340236729396
793 833 -0.7567331274524878
794 795 0.8221419136641974
794 834 -0.5862459313952464
795 796 -0.2088834584378656
795 835 -0.9161738076469199
796 797 0.8205794938707469
796 836 0.8232070769445818
797 798 -0.8770065446577389
797 837 -0.7076095465345729
798 799 0.4800498669245994
798 838 0.8420809192835348
799 800 -0.38013007235453267
799 839 -0.7292859636221813
800 840 0.607578882850065
801 802 0.09517231183848707
801 841 0.6385739913401374
802 803 -0.5624613016409266
802 842 0.5049923404372056
803 804 0.6266321673416082
803 843 0.5697334365538937
804 805 0.08693007694983201
804 844 -0.32449070622963294
805 806 -0.8250138949521892
805 845 -0.7662411208512037
806 807 -0.11364582594530526
806 846 -0.6539005530467927
807 808 -0.5424887725681682
807 847 0.682995942350392
808 809 -0.6646073851305545
808 848 0.8493652075645763
809 810 0.34557272292573793
809 849 0.4282997867091214
810 811 0.6661332334108452
810 850 0.32935931014712416
811 812 -0.4591736464837042
811 851 -0.05102475448105959
812 813 -0.4948133014732059
812 852 -0.8611327005597564
813 814 -0.30334016029634814
813 853 0.6179257200979174
814 815 0.8795067051365599
814 854 0.2268075969600769
815 816 -0.5243358696701981
815 855 -0.7411802215734573
816 817 0.0032561815848668463
816 856 -0.22723972001485682
817 818 -0.007346712453250692
817 857 -0.2560308464651002
818 819 0.8630532398098041
818 858 -0.42462826968464906
819 820 0.6419364619726833
819 859 -0.37406086642736236
820 821 0.16545296240999696
820 860 -0.1365090005638554
821 822 0.589634920751795
821 861 -0.9603526572256535
822 823 -0.6474706939209776
822 862 -0.9365995870949695
823 824 0.3816726006635731
823 863 0.9266175655144293
824 825 0.6131034628545979
824 864 0.7952471013282798
825 826 0.8484545280301063
825 865 0.5692577911392607
826 827 0.1912592771162933
826 866 -0.5484516229724354
827 828 -0.4909100611527406
827 867 -0.5147522175912194
828 829 -0.9347747595841975
828 868 -0.9364996797973346
829 830 -0.6748124887849731
829 869 0.9930602325129618
830 831 0.3678749028786996
830 870 0.17278483879681006
831 832 -0.5125743092631077
831 871 0.824368767880985
832 833 0.7827314196498438
832 872 0.8262820425631365
833 834 -0.6687246326000931
833 873 -0.8179155284715469
834 835 0.7627939976725717
834 874 0.7126505855440821
835 836 -0.5967690308877116
835 875 -0.9201054087606939
836 837 -0.1884332185367601
836 876 -0.8639559992538592
837 838 -0.7427825247907791
837 877 0.8270229736591783
838 839 0.8906802511976115
838 878 -0.8655810911249988
839 840 0.5720229865239239
839 879 -0.35852770587445804
840 880 0.6084496907393329
841 842 -0.6021049206423754
841 881 0.7137006049154664
842 843 -0.7862408312128617
842 882 0.48920648155112123
843 844 -0.2131617751269692
843 883 0.7289583876039065
844 845 0.7960486176990307
844 884 0.8814140769664465
845 846 0.542142510615709
845 885 0.46559053759304403
846 847 -0.7709457755474729
846 886 0.5957611920424615
847 848 0.6887169470163963
847 887 -0.5597080132387227
848 849 0.4346799027266084
848 888 -0.6903727770036663
849 850 -0.5255315940389012
849 889 0.6114347369598703
850 851 0.15111240885438781
850 890 0.8168962107033915
851 852 0.11720759284545856
851 891 -0.9873050479977785
852 853 0.4589041119702515
852 892 0.8341103677365227
853 854 -0.08072562434915054
853 893 0.2522486096383516
854 855 0.8725237139180702
854 894 0.8923461299115532
855 856 0.3747787401050713
855 895 -0.5697338777662744
856 857 -0.19085993932634926
856 896 0.5136706230840995
857 858 -0.25892975384827466
857 897 -0.3872993182245612
858 859 0.4828847087724688
858 898 -0.18755879263995423
859 860 -0.4361740919878525
859 899 -0.6332130747172409
860 861 0.2813347293180801
860 900 -0.9254371585626087
861 862 0.07884085318160539
861 901 -0.9091512888445834
862 863 -0.2889516233543339
862 902 -0.42025084607892627
863 864 -0.672151979277652
863 903 0.5745728630659579
864 865 0.6749508106453539
864 904 -0.3703896786634746
865 866 -0.6288141185384282
865 905 0.6610129351644571
866 867 0.3176592417653219
866 906 -0.07637363392131169
867 868 -0.3588204283099661
867 907 -0.7862300011248808
868 869 0.4173773897708193
868 908 0.19015789208976774
869 870 -0.734943868894979
869 909 0.034237012606423756
870 871 0.9586416061765841
870 910 0.5484903125582936
871 872 0.17862832587358324
871 911 -0.9582060748117434
872 873 -0.22636912461060588
872 912 -0.979139306568118
873 874 0.04388707867749608
873 913 0.6836625341675298
874 875 -0.37861830104124694
874 914 0.49002453634338705
875 876 -0.11750890063000452
875 915 -0.6966597967528603
876 877 0.4250417759272396
876 916 0.15188663446971673
877 878 -0.2819141988575593
877 917 -0.06594894117717609
878 879 0.25582034934750353
878 918 -0.16733932643647664
879 880 -0.4244645383357084
879 919 0.701528262283301
880 920 0.3819553763282948
881 882 -0.2966947211358242
881 921 0.5092953830597144
882 883 -0.060429413119011066
882 922 0.19651134255821834
883 884 -0.2319384637685351
883 923 -0.48539422558999235
884 885 -0.2317563016928612
884 924 -0.20776441531880607
885 886 -0.8257432861349756
885 925 -0.2850736037602306
886 887 0.29781030289122756
886 926 0.0034919962939921056
887 888 0.622275279504324
887 927 0.07190706777823119
888 889 0.4472672116387866
888 928 -0.6271801483497512
889 890 0.8365925947964081
889 929 0.9692436924376064
890 891 0.4287503030420161
890 930 -0.03619996224540256
891 892 0.6869153942104691
891 931 -0.7279321441532451
892 893 0.686916529525831
892 932 -0.9738627732537017
893 894 -0.5927063382969251
893 933 -0.8126491904492539
894 895 0.20161317525143807
894 934 0.872542380361627
895 896 0.651067963190523
895 935 -0.5263411741635904
896 897 -0.5318289056145256
896 936 0.5557529866799136
897 898 -0.15547358966078262
897 937 -0.9942805543658959
898 899 -0.48858199117567525
898 938 0.28092036267115184
899 900 0.6931464608411924
899 939 0.9461047991340492
900 901 0.7158743058952579
900 940 0.23423777322326877
901 902 0.09553033844633796
901 941 0.8761666795862537
902 903 0.842634761401083
902 942 -0.5553255351317603
903 904 -0.9874466746188746
903 943 -0.9779281480672317
904 905 0.07667757369257533
904 944 0.1738608007959357
905 906 -0.9430388682508404
905 945 0.12435134246280244
906 907 -0.22313113442951327
906 946 -0.6591016879953702
907 908 0.3547518934676619
907 947 0.7214581032189937
908 909 -0.8831950967495208
908 948 0.2224975169834309
909 910 -0.32876216494889454
909 949 0.2009435486868285
910 911 -0.4540015577335139
910 950 -0.06760189038360487
911 912 0.4352013684905287
911 951 -0.5225254984736083
912 913 0.016682408877394916
912 952 -0.8784082173026879
913 914 -0.3155325946070662
913 953 0.48271641602263493
914 915 0.9659099780889677
914 954 0.9290256135131707
915 916 -0.15026916868833018
915 955 -0.36894817075790676
916 917 0.4946484937597646
916 956 -0.510508219522299
917 918 0.5377612159072194
917 957 0.27680734179723565
918 919 0.29077905290224937
918 958 0.1154514356616052
919 920 0.7905154009094959
919 959 -0.8378765756936115
920 960 0.9465531236147902
921 922 -0.4080765862406426
921 961 0.7678729591223725
922 923 -0.7047596154294047
922 962 -0.6319303558136975
923 924 0.6588038396544718
923 963 0.4727654076771268
924 925 0.7945598896386961
924 964 -0.8823552637963059
925 926 0.5464232435045231
925 965 -0.7370567967764878
926 927 -0.42871958353566963
926 966 0.27339165697078327
927 928 0.2208568979648664
927 967 0.047739766252563376
928 929 0.6593291304869531
928 968 -0.6067164733204913
929 930 0.9940942900408658
929 969 0.03184792132588821
930 931 0.4147797798198274
930 970 0.27874584399695546
931 932 0.5248840749506278
931 971 -0.8351261905918008
932 933 -0.13823779722840257
932 972 -0.2091928135397776
933 934 0.9510519345322774
933 973 -0.26531234332946063
934 935 -0.109225069151069
934 974 -0.9193620217707421
935 936 0.8369896475609457
935 975 0.9674042850597055
936 937 0.2812092118598548
936 976 -0.08761277078728869
937 938 -0.9685231474068181
937 977 -0.484084759795709
938 939 -0.9254521505879048
938 978 0.09478908245986295
939 940 -0.578156351293571
939 979 -0.0015512637301027254
940 941 0.046400720544804486
940 980 -0.47295938231592927
941 942 -0.7439672085203974
941 981 -0.7506859993764172
942 943 0.2661056174398906
942 982 -0.8854019359747884
943 944 -0.6979907290114642
943 983 -0.7060960024955407
944 945 0.8609102158777049
944 984 0.4846698667231586
945 946 -0.17274617377586243
945 985 -0.2960227175095411
946 947 0.24342461336267296
946 986 0.7063787563416151
947 948 -0.12496654982123179
947 987 -0.9934061120040294
948 949 -0.9024974411082987
948 988 0.12549533279567981
949 950 -0.6021242039364725
949 989 -0.4113031181555913
950 951 -0.32414363615218744
950 990 0.1686792841412328
951 952 0.5102236610164816
951 991 0.28092565493924426
952 953 -0.44360312986223027
952 992 0.3616592332265507
953 954 0.5754761557918533
953 993 0.7198582320674058
954 955 0.5518736446036014
954 994 -0.9339132332324909
955 956 -0.6784440502691043
955 995 -0.9018938179048754
956 957 -0.8522910716598808
956 996 0.056377420203176154
957 958 0.32754608968944954
957 997 0.5531141437345413
958 959 0.4067979165139126
958 998 -0.2323776497027623
959 960 -0.8264109563508388
959 999 -0.8942485642095639
960 1000 0.6549428194529694
961 962 -0.3489767243355024
961 1001 -0.669968204561703
962 963 0.2901442529364837
962 1002 -0.9027439874731888
963 964 0.015201816109918775
963 1003 0.28865323008283394
964 965 -0.1892414231408619
964 1004 -0.7396489187381752
965 966 0.07566486770794811
965 1005 0.5094471324538983
966 967 -0.26331618933955303
966 1006 0.07907708670450386
967 968 0.27925829699112525
967 1007 -0.9896873039321659
968 969 0.9226013382234317
968 1008 0.09519516963291585
969 970 0.4001686172343688
969 1009 -0.8468824495616092
970 971 -0.950121109119298
970 1010 0.6061481444896923
971 972 0.5275223067299679
971 1011 -0.273213612645373
972 973 -0.15717515037839958
972 1012 -0.719529007620479
973 974 0.15256793588631945
973 1013 -0.5081358640907656
974 975 -0.891365583036887
974 1014 -0.30886505059603175
975 976 -0.015051795598968853
975 1015 0.7532145826240839
976 977 -0.7974423082994935
976 1016 -0.06174378916122225
977 978 0.037573576425479205
977 1017 -0.6113763446480613
978 979 0.9300497883303986
978 1018 0.37496772191617755
979 980 -0.10404890142960754
979 1019 0.2004542031803922
980 981 0.06575805844463134
980 1020 -0.3289738944070435
981 982 -0.012924255026595999
981 1021 -0.45632282942652136
982 983 0.7901964831313384
982 1022 0.2674577375508076
983 984 0.9614486096538124
983 1023 -0.7515072617132317
984 985 0.4874702932497228
984 1024 -0.5927968547856433
985 986 0.5598720227978313
985 1025 -0.12598565036042486
986 987 -0.360314001321171
986 1026 0.5508009788539152
987 988 0.7225253991380602
987 1027 -0.536546043540854
988 989 -0.46759954195382836
988 1028 0.7230161509491229
989 990 0.2430845548658913
989 1029 0.043992069057082306
990 991 0.20981500546477694
990 1030 -0.7430444257899496
991 992 0.4943112514176353
991 1031 0.7744643239933995
992 993 0.9006873116428216
992 1032 0.6925156186463222
993 994 -0.6428127408052686
993 1033 -0.2465427189062599
994 995 0.06446617431544177
994 1034 -0.5957529827446704
995 996 -0.6059205631083255
995 1035 -0.0879529777151642
996 997 0.33029307072416536
996 1036 -0.11373829064356533
997 998 -0.7798290908641112
997 1037 -0.8405453745205018
998 999 -0.171933093789836
998 1038 -0.6828389559805037
999 1000 0.29681575494401
999 1039 -0.8924330841921646
1000 1040 -0.6342273450492903
1001 1002 -0.21494151210682544
1001 1041 -0.8130792508826994
1002 1003 -0.5027749843944611
1002 1042 0.08481703245600847
1003 1004 -0.5736268692427038
1003 1043 0.7914178974071162
1004 1005 -0.8260611821507649
1004 1044 0.5679285739179756
1005 1006 -0.4549476480177297
1005 1045 0.13303399181465658
1006 1007 0.5241336039597517
1006 1046 0.679774962308761
1007 1008 -0.950522433168761
1007 1047 0.38005277063142473
1008 1009 -0.5542728005278796
1008 1048 -0.5745466189717117
1009 1010 0.8022829935033002
1009 1049 0.6271652942234354
1010 1011 0.4926974346945936
1010 1050 -0.2258612942625251
1011 1012 -0.516508275779026
1011 1051 0.517250966078298
1012 1013 0.5224769860399789
1012 1052 0.3849165968970065
1013 1014 0.9849173894894101
1013 1053 0.1325422565545491
1014 1015 -0.6010358227255541
1014 1054 0.7870607489138917
1015 1016 -0.6005225640465328
1015 1055 -0.8268547829486332
1016 1017 0.8638523837396757
1016 1056 0.8623584479750739
1017 1018 -0.029293853701210182
1017 1057 0.16012735970023306
1018 1019 -0.4471854733422733
1018 1058 0.9813384613526115
1019 1020 -0.024403107957497783
1019 1059 -0.3859543001327592
1020 1021 -0.3853057084831488
1020 1060 -0.8028196948334996
1021 1022 -0.9730787145725603
1021 1061 -0.7440249872838949
1022 1023 -0.07446302993563769
1022 1062 -0.8184237909315937
1023 1024 0.35819036426457496
1023 1063 0.7847929170154935
1024 1025 -0.49882316007981164
1024 1064 -0.01950893124224673
1025 1026 0.6387169350370341
1025 1065 -0.981186374749101
1026 1027 0.8437203833277318
1026 1066 0.8949435337203633
1027 1028 -0.1171856825906048
1027 1067 -0.5150038459997113
1028 1029 -0.5191793225150143
1028 1068 0.5790081361520472
1029 1030 0.5416551396973686
1029 1069 -0.11608754975956614
1030 1031 0.04662393369849771
1030 1070 -0.42379250318203243
1031 1032 -0.5787762725224026
1031 1071 0.18540874104932814
1032 1033 -0.6608782006768454
1032 1072 0.5119201657605468
1033 1034 0.25674024706764187
1033 1073 -0.7347132967602938
1034 1035 -0.34544906425536515
1034 1074 0.32655216808868426
1035 1036 -0.058539212324764556
1035 1075 -0.9606424799047149
1036 1037 0.8205578954962713
1036 1076 0.6743642252871402
1037 1038 0.024787757538991873
1037 1077 0.927492096505097
1038 1039 -0.7073211652765463
1038 1078 -0.08001010135139386
1039 1040 0.5816056551042552
1039 1079 0.8261382173008842
1040 1080 -0.6504975851174646
1041 1042 0.6422113156738569
1041 1081 -0.6976959607148723
1042 1043 -0.5464533134599816
1042 1082 -0.23717693019073582
1043 1044 0.9318925030156302
1043 1083 -0.36599687538842374
1044 1045 -0.3908532893067598
1044 1084 0.16811174511053806
1045 1046 -0.046630058566676125
1045 1085 0.11324138508367887
1046 1047 -0.7900851759566241
1046 1086 0.021262616691831493
1047 1048 -0.6568139608755732
1047 1087 0.3878613473773129
1048 1049 0.2559759248128801
1048 1088 0.26655225829990403
1049 1050 -0.2818765734988422
1049 1089 0.9514074741859486
1050 1051 0.17264196403282073
1050 1090 -0.5272863289424605
1051 1052 -0.8883617009267673
1051 1091 -0.10245276977281592
1052 1053 0.22365498112502036
1052 1092 0.8578202300474866
1053 1054 0.033572891054577614
1053 1093 0.7628679359450432
1054 1055 -0.7417709123269256
1054 1094 0.03316513955066136
1055 1056 0.4581377324141578
1055 1095 -0.7859690939970729
1056 1057 0.18428775689587962
1056 1096 0.6787620219458836
1057 1058 0.1870792991336896
1057 1097 0.5637047421339916
1058 1059 0.619550375229138
1058 1098 -0.9887499925756014
1059 1060 0.6925480906250592
1059 1099 -0.4158184682220807
1060 1061 -0.24536688062314882
1060 1100 0.16734575131038
1061 1062 0.583997349857909
1061 1101 0.8782373039962217
1062 1063 0.9643066696319451
1062 1102 0.5032637839253633
1063 1064 0.47953454983188193
1063 1103 -0.9782181809549522
1064 1065 -0.710542066832492
1064 1104 0.25713849469796357
1065 1066 0.06540483721695911
1065 1105 0.2796981908520231
1066 1067 -0.540218674396435
1066 1106 0.3518887736628571
1067 1068 -0.8863401853693529
1067 1107 0.06511767836381566
1068 1069 0.831926346840218
1068 1108 -0.08027097577978481
1069 1070 -0.21862542421144293
1069 1109 -0.7348378918091087
1070 1071 0.1632397775778105
1070 1110 -0.30016339488173727
1071 1072 -0.6080296648799195
1071 1111 -0.45067064041220806
1072 1073 -0.9026085023741655
1072 1112 -0.4019116324453491
1073 1074 0.19327623198993438
1073 1113 0.757588778657609
1074 1075 0.6447772077253009
1074 1114 0.5097392192993071
1075 1076 0.4543933766663646
1075 1115 0.9287123228926946
1076 1077 -0.871425477164129
1076 1116 -0.9813510961543135
1077 1078 0.15157167567981977
1077 1117 0.5306991635013267
1078 1079 0.2100205160032529
1078 1118 0.2519501997957536
1079 1080 0.0600505880582185
1079 1119 -0.6406673768296047
1080 1120 0.565332776227518
1081 1082 -0.23177110261560085
1081 1121 0.8885214244776023
1082 1083 0.8444655738070925
1082 1122 0.8507137457355536
1083 1084 0.7311052364545663
1083 1123 -0.37943258611976205
1084 1085 0.7569323568533262
1084 1124 0.7615841212270811
1085 1086 -0.11852588517239782
1085 1125 0.38747472852382336
1086 1087 0.2909773254883514
1086 1126 -0.6938663714946818
1087 1088 -0.4294687537563744
1087 1127 -0.8897881584366232
1088 1089 -0.3934419254282764
1088 1128 0.632735502906933
1089 1090 -0.22802780600760886
1089 1129 -0.9675812160179114
1090 1091 0.9772604238060574
1090 1130 0.17756466093122292
1091 1092 0.8016512766655064
1091 1131 0.8145704717578823
1092 1093 0.4308367651249545
1092 1132 -0.35385316669344835
1093 1094 -0.97617320874011
1093 1133 0.46048641940304
1094 1095 0.9740475182724042
1094 1134 0.9832258726454799
1095 1096 0.6266189591175297
1095 1135 0.5455137508625203
1096 1097 -0.3841251043410907
1096 1136 0.07950434040001952
1097 1098 0.22651971673743088
1097 1137 0.2989294420575075
1098 1099 0.5028418654572351
1098 1138 0.5409754590615568
1099 1100 -0.35472094595132697
1099 1139 0.24826128253395985
1100 1101 0.9348212301587837
1100 1140 -0.12352996998924959
1101 1102 0.9613956350593305
1101 1141 -0.03951933053270906
1102 1103 0.8527955223612866
1102 1142 0.15443875458883705
1103 1104 0.3149353554199277
1103 1143 0.22737518525562828
1104 1105 0.27332490013499355
1104 1144 0.05196404013749345
1105 1106 -0.3485351916388473
1105 1145 0.7068426408707766
1106 1107 -0.3156032316398163
1106 1146 0.40489176048554754
1107 1108 -0.8478406850485558
1107 1147 -0.8032287908507967
1108 1109 0.43219258720030385
1108 1148 0.5119874467684145
1109 1110 -0.3919401788239232
1109 1149 0.9650186697000385
1110 1111 -0.22520760917495464
1110 1150 -0.9173152417177108
1111 1112 0.48102055140980027
1111 1151 0.9473625861447863
1112 1113 0.4722329634215805
1112 1152 0.9038913264736412
1113 1114 -0.6014314914833141
1113 1153 -0.8780354117533902
1114 1115 -0.20562510700914505
1114 1154 -0.8858874848511884
1115 1116 -0.6451108948012292
1115 1155 -0.8013652806365834
1116 1117 -0.6686546234640125
1116 1156 0.4692989209762657
1117 1118 -0.6150094288008412
1117 1157 -0.9440723224767189
1118 1119 -0.9928172487433855
1118 1158 -0.3131015042477563
1119 1120 0.23762067821957178
1119 1159 -0.9045072588890444
1120 1160 -0.34930692038974875
1121 1122 0.9752509498037445
1121 1161 -0.08739090581043185
1122 1123 0.1334998491499999
1122 1162 0.06694176997800527
1123 1124 -0.9494721091363658
1123 1163 -0.9016096844525427
1124 1125 0.20190841449135277
1124 1164 0.29045549136806637
1125 1126 0.43647436063929446
1125 1165 0.512764715791197
1126 1127 -0.9964807017912805
1126 1166 0.9340915064601005
1127 1128 0.1644458051720188
1127 1167 -0.408362546868809
1128 1129 -0.1618865659822113
1128 1168 0.6277165704679801
1129 1130 -0.9626510892733895
1129 1169 0.08827908672431017
1130 1131 -0.6018442309707313
1130 1170 0.9803354851903225
1131 1132 -0.06223741363272395
1131 1171 0.6620899313017836
1132 1133 0.6320894402141106
1132 1172 0.8940607258641955
1133 1134 -0.36244063424123785
1133 1173 0.30000515834670893
1134 1135 -0.6844506600533264
1134 1174 -0.1705172888965738
1135 1136 -0.8838677188370943
1135 1175 -0.7187222718628814
1136 1137 0.19418457015496182
1136 1176 -0.9504480522336434
1137 1138 0.16300235021058662
1137 1177 -0.2702315013277259
1138 1139 -0.19018473749629417
1138 1178 0.5562596616284108
1139 1140 -0.3970274264446081
1139 1179 -0.4187914228317169
1140 1141 0.3682083970884855
1140 1180 0.03802919401022664
1141 1142 -0.6661508378621184
1141 1181 0.36033993570174827
1142 1143 -0.11087558602264047
1142 1182 -0.7631389270666982
1143 1144 -0.13051217280898264
1143 1183 0.6974014118010219
1144 1145 0.24583775559362375
1144 1184 -0.778211665696539
1145 1146 0.35772608083990143
1145 1185 -0.6525767136054512
1146 1147 0.9227165426944792
1146 1186 -0.7375184665046821
1147 1148 0.7331662465388737
1147 1187 -0.8053589772904675
1148 1149 -0.25926228943496965
1148 1188 0.3855217737559635
1149 1150 -0.8520580993659201
1149 1189 -0.5617550663068358
1150 1151 0.06690913042244806
1150 1190 -0.8617469244857974
1151 1152 -0.04550824024306244
1151 1191 -0.25354526263781807
1152 1153 0.8482782758007186
1152 1192 -0.28024780044833
1153 1154 0.10652753630828538
1153 1193 0.6231475992256017
1154 1155 -0.9078215030293011
1154 1194 0.4157973473672596
1155 1156 0.32208154367917774
1155 1195 -0.15711672173832647
1156 1157 0.3796334853429111
1156 1196 0.938730961327509
1157 1158 -0.5648800968269478
1157 1197 0.5454135155465614
1158 1159 -0.45828290439074304
1158 1198 -0.7812905083658628
1159 1160 -0.8095804411906091
1159 1199 -0.03295098000113916
1160 1200 -0.08242447904180716
1161 1162 0.6522456876854796
1161 1201 -0.4972517315858813
1162 1163 -0.9702799507335438
1162 1202 0.9557985268040099
1163 1164 -0.630746323971469
1163 1203 -0.8619333167654919
1164 1165 -0.8867435943237876
1164 1204 -0.40503180604815636
1165 1166 -0.9253559819773218
1165 1205 0.35767079378596267
1166 1167 0.6157330665301846
1166 1206 -0.45186482127305694
1167 1168 -0.3543677288493907
1167 1207 0.9339787757099929
1168 1169 -0.4695696588779379
1168 1208 0.9668509428069734
1169 1170 -0.11370736553344973
1169 1209 -0.9485997051058435
1170 1171 0.7062027874516004
1170 1210 -0.31175793253939377
1171 1172 0.3357828637090905
1171 1211 -0.47657189878250583
1172 1173 -0.6773106842070458
1172 1212 0.0579570450701099
1173 1174 0.650644217945425
1173 1213 -0.13152397588770381
1174 1175 0.3729906458821739
1174 1214 -0.28675952213658085
1175 1176 0.2739880059376285
1175 1215 -0.24168683750783448
1176 1177 -0.6336719444837671
1176 1216 -0.7854931773537714
1177 1178 -0.6011931700821371
1177 1217 0.2861463159758588
1178 1179 0.633869557231389
1178 1218 -0.7307208392008611
1179 1180 -0.013924964561434772
1179 1219 0.2910850631513353
1180 1181 -0.6520835856446423
1180 1220 -0.7646120615361025
1181 1182 0.8980873533372531
1181 1221 -0.10191398008855668
1182 1183 -0.9932157604935787
1182 1222 -0.14020545862940792
1183 1184 0.06672786326760072
1183 1223 0.9340290784419161
1184 1185 0.9963775347616417
1184 1224 0.390026410369682
1185 1186 -0.3292574799837271
1185 1225 -0.7462012148684982
1186 1187 0.06481909209864889
1186 1226 -0.4179808257283897
1187 1188 0.11568975780662716
1187 1227 -0.9240455811610819
1188 1189 0.717636437055245
1188 1228 0.09910957814291832
1189 1190 -0.8017544911958796
1189 1229 0.45822571944770596
1190 1191 -0.884098418395799
1190 1230 -0.37017746813032404
1191 1192 0.024667187134299384
1191 1231 0.9507638023385447
1192 1193 -0.15225007289667913
1192 1232 0.544824490259407
1193 1194 0.401557205780505
1193 1233 -0.9115313584999445
1194 1195 -0.6585015686051687
1194 1234 0.982007944245219
1195 1196 -0.38397186159468366
1195 1235 -0.6815546166988122
1196 1197 0.3548144243288822
1196 1236 -0.9116853216643643
1197 1198 -0.64653808288143
1197 1237 -0.24539187032641174
1198 1199 0.741467963802436
1198 1238 0.05176007671652827
1199 1200 -0.20115425612982918
1199 1239 0.4177443649473642
1200 1240 0.7214299488834861
1201 1202 0.19474329646176858
1201 1241 0.8056635206632548
1202 1203 0.1460578080663717
1202 1242 0.583513992553248
1203 1204 -0.4850491531909138
1203 1243 0.8271634631413491
1204 1205 0.38354921515293317
1204 1244 -0.6219410942887293
1205 1206 -0.04555839818413121
1205 1245 -0.7996572246581357
1206 1207 -0.44182078585574813
1206 1246 -0.7586407171560436
1207 1208 -0.6101306704338265
1207 1247 -0.3052069897087719
1208 1209 0.7446106453198149
1208 1248 -0.1029508212701089
1209 1210 -0.26339097088252394
1209 1249 -0.1593589841781935
1210 1211 0.31408207677366384
1210 1250 0.8661207703052389
1211 1212 -0.28488318860582806
1211 1251 0.8552379978176499
1212 1213 0.5586811375577274
1212 1252 -0.2843472812892731
1213 1214 -0.6863226221792496
1213 1253 -0.04528019140129835
1214 1215 0.3137234258726542
1214 1254 -0.6569390116146794
1215 1216 -0.4319299687777376
1215 1255 -0.27501863280487227
1216 1217 0.8648094218544697
1216 1256 -0.9224396078702277
1217 1218 -0.553602636941257
1217 1257 0.15883859076130435
1218 1219 -0.8720921501250454
1218 1258 0.6724412818638956
1219 1220 0.026936356772479186
1219 1259 0.5385045901984857
1220 1221 -0.7400343103482709
1220 1260 -0.8363378374337558
1221 1222 -0.5348261180062277
1221 1261 0.44405308360388474
1222 1223 -0.10875695300470856
1222 1262 -0.5491987349010652
1223 1224 -0.18564145517249808
1223 1263 0.04487624736329421
1224 1225 0.6860051196560826
1224 1264 -0.8624413066254881
1225 1226 0.15974703548867897
1225 1265 0.7244214951192862
1226 1227 -0.6676399838752698
1226 1266 0.016939260234658304
1227 1228 0.4266973155727911
1227 1267 -0.8389015422903245
1228 1229 -0.9122627256094296
1228 1268 0.2736504136508291
1229 1230 -0.04910468810274238
1229 1269 -0.34413804316806074
1230 1231 0.08432879721248421
1230 1270 -0.4851050665115155
1231 1232 -0.4410404751485042
1231 1271 -0.10369726501439924
1232 1233 0.7763762931812626
1232 1272 0.09780161013087452
1233 1234 0.49276655859041196
1233 1273 0.33622851119413855
1234 1235 0.4075892104439076
1234 1274 -0.2920782518541478
1235 1236 -0.9915203618522141
1235 1275 -0.13352469530890643
1236 1237 0.3439244031615398
1236 1276 0.973739923921215
1237 1238 0.8752358318318374
1237 1277 0.9381714011146769
1238 1239 0.2630184236405748
1238 1278 -0.7614054758442039
1239 1240 0.05711311283952725
1239 1279 0.8624849164013981
1240 1280 0.7672421928605326
1241 1242 0.06911589760363013
1241 1281 0.18040272597084583
1242 1243 0.12311472055273787
1242 1282 0.7546704831298694
1243 1244 -0.08430097605117903
1243 1283 -0.7395764210408102
1244 1245 0.6060150734337957
1244 1284 0.02952749971342561
1245 1246 0.22839246742938069
1245 1285 0.6758290179323923
1246 1247 -0.03862347001828592
1246 1286 0.864603957525125
1247 1248 -0.7919718697785818
1247 1287 -0.19643629505102211
1248 1249 -0.3292309803052331
1248 1288 -0.9405878920332034
1249 1250 -0.18919207749564815
1249 1289 0.9961553292973846
1250 1251 0.11815270072456441
1250 1290 0.2342101548226314
1251 1252 0.7642024761544965
1251 1291 0.9152559855074087
1252 1253 -0.26261167810519326
1252 1292 0.4023458051385751
1253 1254 -0.3399842505703907
1253 1293 -0.5189171848526806
1254 1255 -0.030125418715832186
1254 1294 -0.48987852918702135
1255 1256 -0.4314496344149086
1255 1295 0.7705137355892053
1256 1257 0.9553022632375812
1256 1296 -0.5205906635742634
1257 1258 0.6983363026499212
1257 1297 0.11811355561249903
1258 1259 -0.7679275857983381
1258 1298 0.416260677327676
1259 1260 -0.5986117737537437
1259 1299 0.01627244348852308
1260 1261 -0.6257527235980433
1260 1300 0.3046283283733593
1261 1262 -0.7159832862415445
1261 1301 -0.7996176292690356
1262 1263 -0.36816102692401564
1262 1302 -0.4864844099356802
1263 1264 -0.8652834488646213
1263 1303 0.8246528609922779
1264 1265 -0.6269457421842586
1264 1304 0.6686546089613239
1265 1266 0.982397699278365
1265 1305 0.10554054931014512
1266 1267 -0.8092849052551863
1266 1306 0.7116583057572128
1267 1268 -0.5189431876786972
1267 1307 0.5428552435500065
1268 1269 0.9585439687938899
1268 1308 -0.2809603059818031
1269 1270 -0.4474191915783545
1269 1309 0.4129304819320898
1270 1271 -0.11071910927299822
1270 1310 -0.286373276508864
1271 1272 -0.7421510914119236
1271 1311 0.5734953336025448
1272 1273 0.37957003105904263
1272 1312 -0.7534790261776492
1273 1274 0.08603954981254769
1273 1313 -0.42812461738527885
1274 1275 -0.14817205296282276
1274 1314 -0.3761409701403957
1275 1276 0.8730433693262678
1275 1315 0.9390091395584017
1276 1277 -0.7598885203267443
1276 1316 -0.08961235982083271
1277 1278 0.9184584255922643
1277 1317 -0.05798606914460991
1278 1279 0.40704331757516665
1278 1318 -0.8076229682797493
1279 1280 0.32306348920641126
1279 1319 -0.4629062820828582
1280 1320 0.5081789483724006
1281 1282 -0.9214364655492253
1281 1321 -0.28563648273092745
1282 1283 0.16839165706135106
1282 1322 0.41769965273791043
1283 1284 0.6197833308003573
1283 1323 -0.19306031903866794
1284 1285 0.5145720806312295
1284 1324 -0.6444225027658042
1285 1286 0.46778807531766686
1285 1325 -0.35686883457618546
1286 1287 0.8298548515365372
1286 1326 -0.5122498080483779
1287 1288 -0.8143047098254177
1287 1327 0.009687612923398481
1288 1289 0.9818734972991532
1288 1328 0.3618990496611785
1289 1290 -0.6866492491161988
1289 1329 -0.12608218641236113
1290 1291 -0.062021590504487856
1290 1330 0.9896595324423381
1291 1292 -0.5576094270128897
1291 1331 -0.6982857251702685
1292 1293 0.10617283433404112
1292 1332 0.24549118813812365
1293 1294 0.21591462019054197
1293 1333 -0.5720507639834993
1294 1295 0.7150841467527345
1294 1334 -0.884118065641273
1295 1296 0.8785325941636235
1295 1335 0.4465886486778463
1296 1297 -0.7588188196761643
1296 1336 -0.1199618075803972
1297 1298 -0.6717300364065328
1297 1337 0.1331916036942591
1298 1299 -0.08944449056367265
1298 1338 0.8743359325958442
1299 1300 0.7650003279681175
1299 1339 -0.017654531448075605
1300 1301 -0.3637210013830414
1300 1340 -0.8759402875628042
1301 1302 0.26244463971124765
1301 1341 -0.8116525761186286
1302 1303 -0.4909287996799381
1302 1342 0.8434526783470311
1303 1304 0.8364026757947491
1303 1343 0.8777699842485434
1304 1305 0.3946652361439531
1304 1344 0.4675342906943214
1305 1306 -0.9135945276329576
1305 1345 0.6246685926717517
1306 1307 -0.835246925662606
1306 1346 -0.773221654395345
1307 1308 -0.08455091422159877
1307 1347 -0.7918564897463207
1308 1309 -0.6376633845174424
1308 1348 -0.4445098509283736
1309 1310 0.09379436928167628
1309 1349 0.42775921590017174
1310 1311 -0.213905220330191
1310 1350 -0.039199788053136064
1311 1312 -0.3316038272079127
1311 1351 0.05847494483706672
1312 1313 -0.637621406957857
1312 1352 -0.9339748796413743
1313 1314 0.7946975959997087
1313 1353 0.11114934439016477
1314 1315 0.6177201797519714
1314 1354 -0.1357501230194753
1315 1316 0.13757968684862543
1315 1355 -0.1608560960708285
1316 1317 0.34384281906965497
1316 1356 -0.5971072966799429
1317 1318 0.40897097395224224
1317 1357 -0.14687356167078724
1318 1319 -0.19099787158063553
1318 1358 -0.6912835925455414
1319 1320 -0.6173395817287861
1319 1359 0.6847624252782596
1320 1360 0.2347888180075146
1321 1322 -0.8407738196880716
1321 1361 -0.38908016331436346
1322 1323 -0.7029330972870829
1322 1362 -0.14309852206420715
1323 1324 -0.9511347100336718
1323 1363 0.7136620852555051
1324 1325 -0.8347594174090145
1324 1364 -0.03585606055428303
1325 1326 -0.8642893778261993
1325 1365 -0.925339525871455
1326 1327 -0.21028340716825222
1326 1366 0.9404790604531781
1327 1328 0.4851814818894815
1327 1367 -0.9894189816612342
1328 1329 -0.6216836271968131
1328 1368 -0.9099089010056538
1329 1330 -0.4595346913803511
1329 1369 0.9379268731993262
1330 1331 0.8669474184305916
1330 1370 -0.9434891752235792
1331 1332 -0.7535536363857762
1331 1371 -0.04406409076371265
1332 1333 -0.5894465131615685
1332 1372 0.28637311762495
1333 1334 -0.032633494143249786
1333 1373 -0.11184284567488523
1334 1335 0.39276690853204466
1334 1374 0.521896363744859
1335 1336 0.041056736127023985
1335 1375 0.47271049421808864
1336 1337 0.5642404991731831
1336 1376 -0.1299583481265667
1337 1338 0.7213730291583067
1337 1377 -0.616495957988459
1338 1339 -0.03592611219859343
1338 1378 -0.0366858520204425
1339 1340 0.9082454611212509
1339 1379 0.2873029725667835
1340 1341 0.4154344305215292
1340 1380 0.5047607419642093
1341 1342 -0.7256808926275697
1341 1381 0.9011508402785613
1342 1343 0.5073232934753658
1342 1382 -0.28997613612639084
1343 1344 0.09817301609368334
1343 1383 -0.06377878994705721
1344 1345 -0.8689847164762547
1344 1384 -0.3757538037492012
1345 1346 0.0015258262642281473
1345 1385 -0.6927610163519333
1346 1347 -0.561228441820625
1346 1386 -0.14380661095477865
1347 1348 -0.4508654881339802
1347 1387 -0.4060123992260205
1348 1349 0.6595623168637306
1348 1388 -0.6505945933070021
1349 1350 -0.04026316717917733
1349 1389 -0.898129165682062
1350 1351 -0.2586765225430703
1350 1390 0.8444003260863473
1351 1352 0.3885442781813391
1351 1391 0.5758930870083343
1352 1353 -0.19662451711661255
1352 1392 0.604761620644745
1353 1354 -0.768059270220758
1353 1393 0.43292414738814555
1354 1355 0.4187002604843555
1354 1394 -0.3861607094858879
1355 1356 -0.2076028060000945
1355 1395 0.09895875443804258
1356 1357 -0.6630257937999016
1356 1396 -0.28063510008759884
1357 1358 -0.6572486232139627
1357 1397 0.2220365872647887
1358 1359 -0.9396236024719258
1358 1398 0.12570271982929082
1359 1360 0.5978708718246819
1359 1399 0.21949494011648696
1360 1400 0.2567512586887313
1361 1362 -0.338561376035736
1361 1401 0.5476605924211917
1362 1363 0.38778013268482336
1362 1402 -0.7907605109542937
1363 1364 -0.4514103619692076
1363 1403 0.4182119281439811
1364 1365 0.05770775872425227
1364 1404 0.39261654361799403
1365 1366 0.1182506079209642
1365 1405 -0.6782946014629043
1366 1367 -0.4487607327924772
1366 1406 0.8756988817328275
1367 1368 -0.8196776623099584
1367 1407 -0.8876320381761194
1368 1369 -0.9737209092750019
1368 1408 0.32362123325919123
1369 1370 0.17961808303165094
1369 1409 0.40837284828166753
1370 1371 -0.10321412022092136
1370 1410 -0.320048176348122
1371 1372 -0.48515559496015226
1371 1411 0.8928836644878986
1372 1373 -0.0077631173472847426
1372 1412 0.3138756921942756
1373 1374 -0.2704040952921256
1373 1413 -0.2738318721154591
1374 1375 -0.7364486790288995
1374 1414 -0.6888463877454758
1375 1376 0.7322646757101074
1375 1415 -0.8587347368894265
1376 1377 0.7421046173781971
1376 1416 -0.4507466684479813
1377 1378 0.21589324905396445
1377 1417 -0.9993990355338269
1378 1379 0.36471429393477983
1378 1418 -0.23773704361814718
1379 1380 -0.8828023996438887
1379 1419 -0.5251858377578216
1380 1381 0.7508335529900327
1380 1420 0.5341661129205835
1381 1382 0.27745057468393286
1381 1421 0.9992997574080238
1382 1383 -0.04179687439398183
1382 1422 0.8054610225664705
1383 1384 0.7392716348756143
1383 1423 0.9619893603716534
1384 1385 0.39131332967282395
1384 1424 -0.2661195831935088
1385 1386 -0.7635846446298562
1385 1425 0.5294071009436081
1386 1387 0.7588346246330422
1386 1426 0.8045362579158641
1387 1388 -0.17315537304582707
1387 1427 -0.07315743979497125
1388 1389 -0.974959981499866
1388 1428 -0.5729144754743596
1389 1390 -0.6571079588912754
1389 1429 0.1351483244982008
1390 1391 0.27752615665070235
1390 1430 -0.4103691064481265
1391 1392 -0.6119500916069556
1391 1431 0.9198551748985655
1392 1393 -0.24216138357431038
1392 1432 -0.16725142322596764
1393 1394 -0.20800000110232975
1393 1433 -0.2536222072320742
1394 1395 -0.6296354551591425
1394 1434 0.8343563243763228
1395 1396 -0.28800041507823404
1395 1435 0.9091711768326654
1396 1397 -0.431923206866061
1396 1436 0.2843554089781142
1397 1398 -0.3863211853270645
1397 1437 0.5427165815495023
1398 1399 0.13234103415937049
1398 1438 -0.8673502780283038
1399 1400 0.5197092447688458
1399 1439 -0.02022925596140257
1400 1440 -0.8981543467352882
1401 1402 -0.9200815826200455
1401 1441 -0.14101564313672332
1402 1403 -0.12078952445081903
1402 1442 -0.6675957045909326
1403 1404 -0.28845531435267335
1403 1443 0.5886181236530683
1404 1405 -0.5904767719396076
1404 1444 0.3427446599147268
1405 1406 -0.46422362859581634
1405 1445 -0.5285760871280061
1406 1407 0.5380243140470129
1406 1446 0.7694373762121212
1407 1408 0.768651326732867
1407 1447 0.9711717133057012
1408 1409 -0.7849753106069444
1408 1448 -0.380084721390624
1409 1410 0.2998733444253472
1409 1449 0.5108141667090795
1410 1411 -0.6884753095388172
1410 1450 -0.4087106126703848
1411 1412 -0.018115075776302225
1411 1451 0.4417824390477083
1412 1413 -0.4139823977211683
1412 1452 -0.7174733384863747
1413 1414 -0.5719009848363277
1413 1453 -0.2637609285291105
1414 1415 0.6352318459464703
1414 1454 0.7914898002988442
1415 1416 -0.7519037306080647
1415 1455 -0.7799385698194152
1416 1417 -0.05256027429666976
1416 1456 0.558806625108194
1417 1418 0.19928970951607394
1417 1457 0.8133445309490646
1418 1419 0.2725364867039064
1418 1458 0.7412234254226244
1419 1420 0.21458969142342954
1419 1459 0.030719488968812714
1420 1421 0.7111732961363306
1420 1460 0.6006365120749029
1421 1422 0.5561130216986903
1421 1461 -0.9660500923916038
1422 1423 0.5271172380775149
1422 1462 -0.6248234884939177
1423 1424 0.498356541964331
1423 1463 0.15402132110327127
1424 1425 0.8468438668774272
1424 1464 -0.0744604946150742
1425 1426 -0.9084009197772058
1425 1465 -0.3891641801318584
1426 1427 0.24885753917261422
1426 1466 0.5451257493449897
1427 1428 -0.5017849021176259
1427 1467 0.6767188664672239
1428 1429 -0.4152978069385511
1428 1468 -0.6119161345699251
1429 1430 -0.009091256045528073
1429 1469 -0.9949801808443874
1430 1431 -0.72201243918917
1430 1470 -0.18947190743551334
1431 1432 -0.6982184945408187
1431 1471 -0.5760993793157816
1432 1433 -0.3193776725516193
1432 1472 -0.02045395279089557
1433 1434 -0.4824335594486693
1433 1473 0.9249955882327652
1434 1435 -0.8444656696452084
1434 1474 0.7006567266890333
1435 1436 0.8408905811330516
1435 1475 -0.5438242835850893
1436 1437 -0.9581046624514964
1436 1476 0.1350542451045431
1437 1438 -0.08745829085794954
1437 1477 0.9747551654617126
1438 1439 0.39929961233368827
1438 1478 -0.2786193264943513
1439 1440 0.9693069928496088
1439 1479 0.9227881830247102
1440 1480 -0.06436408166107888
1441 1442 -0.3701462563146234
1441 1481 0.27298228613508924
1442 1443 0.013957258528094707
1442 1482 0.6380717282724251
1443 1444 0.6892377222877011
1443 1483 0.0762950342799169
1444 1445 0.5865386506528412
1444 1484 -0.9165243749660779
1445 1446 -0.9613050767643454
1445 1485 -0.6966271512100417
1446 1447 0.7420099504880007
1446 1486 -0.7070580815463698
1447 1448 0.04034937125499738
1447 1487 -0.6031651409344085
1448 1449 -0.3841051034123799
1448 1488 -0.7650555476703231
1449 1450 0.7706285420553449
1449 1489 -0.4938945304091502
1450 1451 0.4345003881290812
1450 1490 -0.02598094262039341
1451 1452 0.9924645321479013
1451 1491 -0.1293244735223229
1452 1453 0.6734923581004535
1452 1492 -0.7736639216466576
1453 1454 -0.691580408566383
1453 1493 0.4183735343759234
1454 1455 0.9639045795594592
1454 1494 0.4870765393349583
1455 1456 -0.5384563714183126
1455 1495 0.745334972781502
1456 1457 0.6995636974155937
1456 1496 -0.08297109131115743
1457 1458 -0.7476670153008973
1457 1497 -0.4931786754388776
1458 1459 -0.25228319460684845
1458 1498 -0.922894954388173
1459 1460 0.5175468960190335
1459 1499 -0.5300776439058332
1460 1461 0.3660463883295735
1460 1500 0.0637524541908625
1461 1462 -0.5840437367615732
1461 1501 -0.7455584558923276
1462 1463 -0.32508385542711427
1462 1502 -0.8824038025112164
1463 1464 -0.9485386055470502
1463 1503 0.993224408998
1464 1465 -0.7955093520357825
1464 1504 -0.43009443231902256
1465 1466 0.6854869086324802
1465 1505 0.25187142389491424
1466 1467 0.6499797485839596
1466 1506 0.12999439544590685
1467 1468 -0.5909057481418007
1467 1507 -0.9074017140149611
1468 1469 -0.8279366419607463
1468 1508 0.23600982610979182
1469 1470 -0.19605302312439132
1469 1509 0.09058310632431432
1470 1471 0.7800636080436918
1470 1510 -0.7529116629208883
1471 1472 -0.977033618592918
1471 1511 0.5116722491504091
1472 1473 -0.6278077137964184
1472 1512 -0.5110244958992762
1473 1474 0.07105263512040239
1473 1513 -0.07428173507852032
1474 1475 -0.8194329399241649
1474 1514 -0.6657964922100255
1475 1476 -0.2886720890647205
1475 1515 0.12348141939544788
1476 1477 0.6190809224687299
1476 1516 0.7087079857491239
1477 1478 0.5162039041844382
1477 1517 -0.8629371035990385
1478 1479 -0.5830125571838656
1478 1518 -0.27184509204554486
1479 1480 0.09813558322072224
1479 1519 0.7744414623038811
1480 1520 0.1288530094555762
1481 1482 -0.30730569983993394
1481 1521 -0.9138052875900111
1482 1483 -0.8197865305511229
1482 1522 0.6001375013882904
1483 1484 0.1181730328065167
1483 1523 -0.7549800371251603
1484 1485 0.9267150114429819
1484 1524 0.9507854343466655
1485 1486 -0.9321949737348765
1485 1525 0.9636697161757564
1486 1487 0.5783775758503527
1486 1526 0.8184444913430196
1487 1488 0.8666966321660383
1487 1527 0.30919640668427384
1488 1489 0.8938628415900007
1488 1528 0.95478109847121
1489 1490 -0.544012386967822
1489 1529 0.20528341655528082
1490 1491 -0.3834042276251619
1490 1530 0.8398973965272563
1491 1492 -0.9570713434381748
1491 1531 -0.9697968388223974
1492 1493 -0.776033269009418
1492 1532 -0.08217478839691728
1493 1494 0.6491384482363369
1493 1533 -0.4279624521715477
1494 1495 0.5440895591291066
1494 1534 -0.5082721249633158
1495 1496 0.5677819480584843
1495 1535 -0.4642966108944806
1496 1497 0.31339010245084786
1496 1536 0.5428501888539314
1497 1498 0.8328152081521831
1497 1537 -0.5931836041368319
1498 1499 -0.49845820599294677
1498 1538 0.7400030634400441
1499 1500 0.5542874998801453
1499 1539 0.5412336854017745
1500 1501 0.4064219698641236
1500 1540 0.45521753040814805
1501 1502 0.14450242962260962
1501 1541 0.8186154939207986
1502 1503 -0.38368969098068395
1502 1542 0.8405484883859886
1503 1504 0.8859372266983625
1503 1543 0.6716666883440527
1504 1505 -0.18843528525591058
1504 1544 -0.6352279383437371
1505 1506 0.05978287528850523
1505 1545 0.8323003850242183
1506 1507 -0.5829214111014924
1506 1546 -0.39766170853296634
1507 1508 0.2413872996736679
1507 1547 0.26263650159443186
1508 1509 -0.35242614875193623
1508 1548 -0.21578474928258817
1509 1510 -0.5548805060240678
1509 1549 -0.5474462515886505
1510 1511 -0.6330540446934532
1510 1550 -0.9032336085277617
1511 1512 0.13092969073523042
1511 1551 0.687476427568785
1512 1513 0.4390139056153739
1512 1552 0.7985467013036782
1513 1514 -0.9697434679022185
1513 1553 0.1505807292878838
1514 1515 0.7592288821782673
1514 1554 -0.9293319901520924
1515 1516 -0.30971101671860657
1515 1555 -0.4376538816985034
1516 1517 0.18022855579544927
1516 1556 -0.3533104862162928
1517 1518 0.4774050077230263
1517 1557 -0.9268533663462508
1518 1519 0.7957338270325387
1518 1558 0.3889565085236606
1519 1520 -0.9321891162033096
1519 1559 0.533735242749996
1520 1560 0.7019254675229385
1521 1522 0.759830349035832
1521 1561 0.5264811742873621
1522 1523 0.13025270791560906
1522 1562 0.1786954233612148
1523 1524 -0.2447161628518395
1523 1563 -0.14250534174191465
1524 1525 0.10132156844363016
1524 1564 -0.8701860351867807
1525 1526 -0.2790293796918826
1525 1565 0.6509290571240338
1526 1527 0.6763410970614101
1526 1566 0.4240623727743247
1527 1528 0.5835834943201741
1527 1567 0.02243135722275791
1528 1529 0.8089585085374178
1528 1568 0.5923602989300707
1529 1530 -0.5276716791474467
1529 1569 0.461972600788237
1530 1531 0.3915080019890509
1530 1570 -0.4465610990489477
1531 1532 -0.05660723571720738
1531 1571 0.27607927913200836
1532 1533 -0.1700712000721245
1532 1572 0.8908530747605581
1533 1534 0.41073651583726223
1533 1573 0.8872103596459533
1534 1535 0.6844122082197739
1534 1574 -0.9631486060569396
1535 1536 0.5103552152379431
1535 1575 0.924749785535117
1536 1537 0.25818192529917594
1536 1576 -0.5901866897152119
1537 1538 0.4641472799332853
1537 1577 0.13678900279556272
1538 1539 0.28241743239678296
1538 1578 0.24225559326651958
1539 1540 -0.12830366720573072
1539 1579 0.4079094462025521
1540 1541 0.5652477176738644
1540 1580 0.4992728756779927
1541 1542 0.6062303628491486
1541 1581 0.5756190348582035
1542 1543 -0.9734851050475699
1542 1582 0.7781308759382142
1543 1544 -0.32403566151509433
1543 1583 0.5860409470775545
1544 1545 -0.17467940477836796
1544 1584 0.713466762854948
1545 1546 -0.006099124188639227
1545 1585 -0.08748063772002013
1546 1547 -0.15922949222966576
1546 1586 -0.5233417597360863
1547 1548 -0.8220845748896148
1547 1587 0.8126687261365988
1548 1549 0.29227884197718534
1548 1588 0.04710823444330803
1549 1550 0.6488242314394013
1549 1589 0.4337157041402142
1550 1551 0.4511412430360502
1550 1590 -0.18226325043851332
1551 1552 -0.6749576469361951
1551 1591 0.08887982804570504
1552 1553 -0.21638138448280086
1552 1592 -0.26642101212958313
1553 1554 0.41116271344942157
1553 1593 -0.9019782455914602
1554 1555 -0.6954988846248564
1554 1594 -0.38811367704963784
1555 1556 0.9117613373105411
1555 1595 -0.6802109266900467
1556 1557 -0.698488039011552
1556 1596 -0.7095924813266077
1557 1558 0.8345234456844721
1557 1597 -0.9806119636874144
1558 1559 0.8901852453309367
1558 1598 0.6309656862085866
1559 1560 -0.1136363081967997
1559 1599 -0.09108366642308807
1560 1600 0.24869355280869931
1561 1562 0.7561932854497166
1562 1563 -0.6037986855674622
1563 1564 0.022417292570930725
1564 1565 -0.3095264202762851
1565 1566 -0.17552518296508945
1566 1567 -0.38524116292507116
1567 1568 0.5764237847584406
1568 1569 -0.8691411542643439
1569 1570 0.32799783518553904
1570 1571 0.5863077883588919
1571 1572 -0.7889049125151717
1572 1573 -0.17572734340962137
1573 1574 -0.7287183869833544
1574 1575 -0.7134019409630079
1575 1576 0.4620875923787009
1576 1577 0.694547839870093
1577 1578 -0.5385446630916131
1578 1579 -0.3194934482982883
1579 1580 0.9154489389903635
1580 1581 0.1904052006424357
1581 1582 0.37143922887023995
1582 1583 0.4352003229311623
1583 1584 0.39105097719463666
1584 1585 0.307961532079015
1585 1586 0.893913623697695
1586 1587 -0.8804571644633217
1587 1588 0.33059721804169695
1588 1589 0.08117912514840975
1589 1590 -0.972934603521109
1590 1591 0.33587208547909597
1591 1592 0.18488089362982607
1592 1593 0.8305343861504948
1593 1594 -0.7899126194294157
1594 1595 0.2335451159558417
1595 1596 0.476466615710587
1596 1597 -0.048928519286489
1597 1598 -0.9262714592040011
1598 1599 0.3223151004443432
1599 1600 -0.744606738930361
