1 2 0.7402482732544238
1 41 0.16455385734511951
2 3 -0.5698712578532636
2 42 0.8241879986964487
3 4 0.5262348865687885
3 43 0.7284839462225858
4 5 -0.9598008368191158
4 44 0.9250250489397527
5 6 0.8337768303230597
5 45 -0.5144291271912311
6 7 -0.9370086844943835
6 46 0.1548796887701518
7 8 -0.9909988609338021
7 47 -0.017051592758336787
8 9 -0.07994684524103146
8 48 0.3168722185999353
9 10 -0.2518612119544641
9 49 -0.8103519180967411
10 11 0.6659916590222628
10 50 0.35052251016097213
11 12 0.24817642114140703
11 51 0.7091398764081291
12 13 -0.4365030311734217
12 52 0.27738341100042385
13 14 -0.5130937623442957
13 53 -0.4675256807276351
14 15 0.9540687545228803
14 54 0.46602584782291356
15 16 -0.10936740779449794
15 55 -0.7234880810058726
16 17 0.2577679992332318
16 56 0.48295120249757506
17 18 -0.06110992687235961
17 57 -0.9606662545453803
18 19 -0.14721807288785582
18 58 -0.42015267221641506
19 20 -0.2552451990420528
19 59 0.33227074297283155
20 21 -0.952135489869347
20 60 -0.6711375898935454
21 22 0.38088795400259245
21 61 -0.37678325062632045
22 23 -0.12100448034930533
22 62 0.15710323843214224
23 24 -0.04521878970727555
23 63 0.9821540908082942
24 25 -0.5494619500077413
24 64 -0.5833194313907999
25 26 -0.5639725479390971
25 65 -0.16317012884266302
26 27 -0.34377790162192623
26 66 0.9294161972536397
27 28 0.8049472436042482
27 67 -0.9918013744491316
28 29 -0.7674836914001746
28 68 0.1006522679297377
29 30 -0.700318035843684
29 69 0.989316291814667
30 31 0.8197888383652454
30 70 -0.25889470784590607
31 32 -0.7446757708106946
31 71 0.0022887167276606224
32 33 0.25389993802734767
32 72 0.24193726927984271
33 34 0.041527543848659754
33 73 -0.015563684286201473
34 35 0.9147573463296885
34 74 0.8182438508740337
35 36 0.3350439807097412
35 75 0.6930734591854737
36 37 -0.027708179445422365
36 76 0.5551360837895376
37 38 0.2321736772302947
37 77 0.22638076569053545
38 39 -0.8612024366748408
38 78 0.8093052864700614
39 40 -0.7119164023672875
39 79 -0.9536970717471001
40 80 0.6166573188618503
41 42 -0.44232211859786186
41 81 -0.6281775358196415
42 43 0.518415302883485
42 82 0.3531227153451548
43 44 0.07447980790692643
43 83 0.053353391456796295
44 45 0.3727627087828178
44 84 -0.07656760148839892
45 46 -0.7784107202890103
45 85 -0.5416017909292334
46 47 -0.6798981769167907
46 86 0.9377233116919015
47 48 0.6741497847214271
47 87 0.5455042646646473
48 49 -0.04409141994664845
48 88 0.9481153988537381
49 50 0.6886904327426921
49 89 -0.12743568323979426
50 51 -0.1399641919701995
50 90 -0.004586955733137055
51 52 0.8087268441017357
51 91 -0.8170294495683854
52 53 -0.8593406486288089
52 92 -0.358574552072638
53 54 0.5134053413773854
53 93 0.3421125618004983
54 55 -0.9224983812594241
54 94 0.666153325683499
55 56 -0.8314742300805391
55 95 -0.09580593261795678
56 57 -0.20232080454238632
56 96 -0.5433937315960622
57 58 0.6886179763097529
57 97 -0.3730656395679357
58 59 0.6129791804421469
58 98 0.044552469979996845
59 60 0.9725681925635021
59 99 -0.0621722965132121
60 61 0.09330997394400975
60 100 0.9864973111609974
61 62 0.3125208492387206
61 101 -0.18327594995024366
62 63 0.5694484990688149
62 102 0.0981381689116283
63 64 0.8755347808475562
63 103 0.05244189998440785
64 65 -0.8090664086167594
64 104 -0.2532806987606615
65 66 0.3465685895852493
65 105 -0.30943793274949827
66 67 0.15854944100972213
66 106 -0.23786828426934448
67 68 -0.3216802487611645
67 107 0.994129914976793
68 69 -0.28740806648150574
68 108 -0.1709087656428001
69 70 -0.6434943527921795
69 109 -0.5244502173016543
70 71 0.4054299938192947
70 110 0.2655994692149033
71 72 0.3061511648349493
71 111 -0.06330863927892261
72 73 0.36397563667925437
72 112 -0.6160184949001561
73 74 -0.6237499998236051
73 113 -0.9275422867601097
74 75 -0.29701559694176605
74 114 0.019184534701246037
75 76 0.6765706191133911
75 115 -0.4570104203249603
76 77 -0.855049818459986
76 116 0.6726301140852733
77 78 -0.31325771738069075
77 117 -0.553154982320998
78 79 0.6037042566553514
78 118 -0.38576746064867207
79 80 -0.4764004692509576
79 119 0.5002750072418785
80 120 0.8135431174939123
81 82 -0.17779974414977362
81 121 -0.7652489057305689
82 83 -0.9572474372675746
82 122 0.3217486537877092
83 84 0.631913940274329
83 123 -0.7417577230734818
84 85 -0.4866539573180193
84 124 -0.15730885718250565
85 86 0.5225293399769744
85 125 0.11501370505973396
86 87 -0.7398555806318585
86 126 0.02198931389830694
87 88 -0.9982472162856446
87 127 -0.6773650111149021
88 89 0.7839958593653322
88 128 0.22318355797554967
89 90 0.010822405423524861
89 129 0.8888075993468021
90 91 -0.07183974803211668
90 130 0.29308989875517955
91 92 -0.339811469899824
91 131 0.7967190532674682
92 93 -0.052935152728665
92 132 0.7264021852178366
93 94 -0.7337538618205768
93 133 0.9183952461498386
94 95 -0.8241972452904638
94 134 -0.879893526001879
95 96 0.8411330833274429
95 135 -0.44465092356813396
96 97 -0.4952885319890432
96 136 -0.341082014911116
97 98 0.8729774704672193
97 137 0.24911946899949178
98 99 0.6823478410330548
98 138 -0.28891957293318593
99 100 -0.7545629108643461
99 139 -0.875679687611278
100 101 -0.17157164941581415
100 140 -0.0740146456373516
101 102 -0.1522275414990364
101 141 -0.8711236634243107
102 103 0.2610099973648379
102 142 0.7302169806538503
103 104 0.9521501968694701
103 143 -0.42821466994865354
104 105 0.22639230683242806
104 144 0.021780050284760266
105 106 -0.467061715577175
105 145 0.32352903427670143
106 107 -0.7408292205796723
106 146 0.3396587766368966
107 108 -0.8537811108569715
107 147 0.7381721916924728
108 109 0.8988553125376013
108 148 -0.611878792437327
109 110 0.8928014620284446
109 149 -0.25679147910710975
110 111 0.1687424248904792
110 150 -0.6212772972416185
111 112 0.8938829279943397
111 151 0.15401752691191883
112 113 -0.9097365854985626
112 152 0.7674528198099719
113 114 -0.4622901531071182
113 153 -0.006348243705708745
114 115 -0.18770301759382946
114 154 0.8627527338370684
115 116 0.31953733863432854
115 155 0.08804803675966322
116 117 -0.7195301672023793
116 156 -0.21639805149843383
117 118 -0.3209664217797117
117 157 -0.6218534847835744
118 119 -0.8280970955378129
118 158 -0.679543294903636
119 120 -0.7028157207946772
119 159 -0.6957240497247026
120 160 -0.25584842121132634
121 122 0.36993748874827004
121 161 -0.12477788068069917
122 123 -0.81112081925043
122 162 0.6623251395719059
123 124 0.4405590713446912
123 163 -0.866337337088154
124 125 -0.16161836768896398
124 164 0.10281274213739433
125 126 0.5499836022801006
125 165 0.24487282372004704
126 127 0.8089363540573444
126 166 0.8059475110586185
127 128 0.9323761963484314
127 167 0.8064063154539063
128 129 0.17759305627399313
128 168 0.47739229720635623
129 130 0.21222194101981295
129 169 0.8532583483326135
130 131 -0.785679920387153
130 170 0.4978463270365301
131 132 -0.8966933386315736
131 171 -0.5648978844314652
132 133 0.8841533285932754
132 172 -0.4262809026484957
133 134 -0.8232118396157415
133 173 0.7821556597385724
134 135 0.7144261293593375
134 174 -0.7238601731384471
135 136 0.5024311107900379
135 175 0.31012907741839957
136 137 -0.4158008787876295
136 176 0.9460495557089708
137 138 0.33269879369350885
137 177 0.3178788772605712
138 139 0.30830973015103114
138 178 -0.13113328405691793
139 140 0.11025614943243833
139 179 -0.32651945748182865
140 141 0.3892806831655664
140 180 -0.4936000425820757
141 142 -0.7251812950434133
141 181 -0.42013537355782193
142 143 0.44542284925727516
142 182 -0.0003396930183232616
143 144 -0.16926075254753403
143 183 0.7380030478105797
144 145 -0.20974598493400776
144 184 -0.5124762931771576
145 146 -0.479122772477395
145 185 -0.21020719775936403
146 147 0.4528806719073355
146 186 -0.23175868433386082
147 148 -0.5778064818117161
147 187 -0.648406309960956
148 149 -0.048363265688441404
148 188 0.5959584128562723
149 150 -0.8726444994097018
149 189 -0.9829968622146779
150 151 -0.4863759205017142
150 190 -0.4924174081865311
151 152 -0.02820346261471629
151 191 0.30956086964335827
152 153 -0.707496888058285
152 192 -0.3170768347369217
153 154 0.2151319516595782
153 193 0.5632491038417489
154 155 0.6901289492046787
154 194 -0.9433216692719497
155 156 -0.8360990484018938
155 195 -0.029351257046094092
156 157 -0.13519729559167604
156 196 -0.4967305042264434
157 158 0.013575689362667065
157 197 -0.6984735353502687
158 159 -0.9639898581530553
158 198 0.46910809841372747
159 160 -0.09484828089125585
159 199 0.8871143101201773
160 200 0.29459226727193566
161 162 0.11245865034394043
161 201 -0.2658393567613522
162 163 -0.7745019151999977
162 202 0.13365921871997632
163 164 -0.9693181885427997
163 203 0.09240806989998651
164 165 0.3160959032057702
164 204 -0.4433116811682354
165 166 -0.8903302464805918
165 205 -0.9231799065676716
166 167 0.5306337399078398
166 206 0.355653582713114
167 168 0.9938921136451251
167 207 -0.2892706684471953
168 169 -0.7827427604973809
168 208 -0.1559295055701555
169 170 0.5374200055429452
169 209 0.6615548717593565
170 171 -0.10013149536914212
170 210 -0.4692559140937471
171 172 -0.30505093416247986
171 211 0.8997567515376608
172 173 -0.8336644270573264
172 212 -0.8470437179974739
173 174 0.17124788942614977
173 213 -0.8804460049640976
174 175 -0.6094891032167034
174 214 0.5713507993493179
175 176 -0.6850285799450822
175 215 -0.6996659238993004
176 177 -0.21264524842589094
176 216 -0.3088187354623022
177 178 -0.7419085655809834
177 217 -0.3845223971700005
178 179 -0.5410749965650592
178 218 -0.6848096546946052
179 180 0.0701197406183256
179 219 -0.5404015081077671
180 181 0.9369097219302001
180 220 -0.9365625603911432
181 182 -0.06704962916794743
181 221 -0.8282759165370501
182 183 0.07900786041343921
182 222 0.5314706220803647
183 184 -0.34710273324424934
183 223 0.29237864441992834
184 185 -0.41025418891537524
184 224 0.5666713160031049
185 186 0.48641924165622097
185 225 -0.9845586969082281
186 187 -0.21879762438864936
186 226 0.33583705230352656
187 188 -0.4086646073561604
187 227 -0.08297197263618883
188 189 0.9784656196062809
188 228 -0.6275759554858256
189 190 0.7193487362713673
189 229 -0.45617608728039327
190 191 0.22744036831814873
190 230 0.11346663701889259
191 192 -0.8344832981975379
191 231 0.550039894289928
192 193 -0.4086900020096067
192 232 -0.9474636074193805
193 194 -0.22030083803515055
193 233 -0.08519216580518374
194 195 0.8058126895902566
194 234 0.3541746932527847
195 196 -0.07989390944538499
195 235 -0.9027922046552994
196 197 -0.5713854459777576
196 236 -0.5145783704617626
197 198 0.42691577783042534
197 237 -0.5271138045150721
198 199 -0.5442289944661327
198 238 0.11063353606574178
199 200 0.1398582631455383
199 239 0.2610818799576786
200 240 0.39896399399750604
201 202 -0.1952685423715943
201 241 -0.7739185986112074
202 203 -0.6507478264435469
202 242 0.5812132581061706
203 204 -0.815622182734171
203 243 -0.6565912410641119
204 205 -0.5065641682826807
204 244 0.29628725164067027
205 206 0.8149406165378901
205 245 0.7553577151823914
206 207 -0.7874522123493373
206 246 -0.2107245894178642
207 208 0.5557073303170574
207 247 0.4080252878121555
208 209 -0.882747845458631
208 248 0.718439628163019
209 210 -0.11472904059709732
209 249 0.9476625580975724
210 211 0.19461650983332368
210 250 -0.8259054274040836
211 212 -0.7256439307753726
211 251 -0.24832368976744745
212 213 -0.7775061812643582
212 252 -0.47965641391364233
213 214 -0.6298398042794673
213 253 0.601415308168062
214 215 0.45811928586202955
214 254 0.12480116513468276
215 216 0.4481398062636939
215 255 -0.8162898349831675
216 217 -0.48319452624039405
216 256 -0.14594565690751637
217 218 0.03880319889082329
217 257 -0.008107129413791103
218 219 -0.8528082420439105
218 258 -0.7526025034707589
219 220 0.5126408501835786
219 259 -0.005413828276185306
220 221 -0.29477671022891583
220 260 0.2669938554607503
221 222 -0.7761476169473891
221 261 -0.4565469099350521
222 223 -0.552269648813202
222 262 0.7525452592395876
223 224 0.8409326202558738
223 263 0.3876335629326344
224 225 0.8898904010931226
224 264 0.5732864723967541
225 226 0.7336771057156029
225 265 0.6739636096818566
226 227 0.8423570344123901
226 266 0.5595407372463039
227 228 -0.7652013926335155
227 267 0.19212035746962708
228 229 0.10258572486307393
228 268 -0.5698755801744395
229 230 -0.7552771285052331
229 269 0.38458365177178067
230 231 0.3734010308754183
230 270 0.7233006388858869
231 232 -0.40701435688469645
231 271 0.7701886080294749
232 233 0.47946334825174897
232 272 -0.49985800914116374
233 234 -0.5706439412051878
233 273 -0.5617698983965691
234 235 -0.2344724180284965
234 274 -0.38871983283432066
235 236 0.6749618049583401
235 275 -0.1867181264519615
236 237 0.3373507931172035
236 276 0.19708120452108324
237 238 0.2859157678934541
237 277 0.9935124791810666
238 239 -0.6519569993655512
238 278 -0.6670537694174634
239 240 -0.684396429417923
239 279 -0.7249569655056736
240 280 0.19234150115472604
241 242 -0.10593830746502131
241 281 0.1708902330220714
242 243 -0.932634402438542
242 282 0.591942364718395
243 244 -0.3327921010664818
243 283 -0.7665616637183401
244 245 -0.9335782569376243
244 284 0.7601832443480476
245 246 0.46885791605956495
245 285 0.9144012898655585
246 247 -0.8065350686776072
246 286 0.23125627442526064
247 248 -0.929063136208522
247 287 -0.942282201401053
248 249 0.3005895123377027
248 288 -0.2754552269290198
249 250 0.06948013135131492
249 289 0.8750020877795512
250 251 0.22187289312431124
250 290 -0.0015465662023390614
251 252 0.5833470116524158
251 291 0.3993120602477409
252 253 0.689722549734717
252 292 0.9720605662508452
253 254 -0.10049804899509618
253 293 0.10284547583091364
254 255 -0.7149611212475915
254 294 0.9121089791671666
255 256 0.0549706863199928
255 295 0.11986316491450966
256 257 0.2295310931743435
256 296 0.1951859215372116
257 258 -0.0029929965804069703
257 297 -0.7086985800888044
258 259 0.2526387844157396
258 298 -0.6620202582928736
259 260 0.5297359119340095
259 299 0.685635683365692
260 261 0.36810166968017777
260 300 -0.8634731044540396
261 262 -0.30909084472716475
261 301 0.6331901776058928
262 263 0.29369393390282195
262 302 0.047810111007227984
263 264 -0.5544208547026428
263 303 -0.6418333097579887
264 265 0.833282453930158
264 304 -0.5044515430729437
265 266 0.8788609746805389
265 305 -0.3676352004972685
266 267 -0.27987263507599947
266 306 0.5863209084377745
267 268 0.28853503697126826
267 307 0.7314937766307625
268 269 0.489367574726437
268 308 0.7957884745838482
269 270 0.7774589582791906
269 309 -0.8249871528531856
270 271 -0.9124072100244058
270 310 -0.9185716342432184
271 272 0.05450611166639274
271 311 0.07794183547436506
272 273 -0.8482424544112859
272 312 -0.6050996978370138
273 274 -0.7817604195808823
273 313 0.5691088675059384
274 275 0.9683524890414499
274 314 0.7095609458938676
275 276 0.2672905810244628
275 315 0.5126663716942355
276 277 -0.6579447002962289
276 316 -0.7633412742690027
277 278 0.9579687369957939
277 317 -0.6823335563944426
278 279 0.5368427081739717
278 318 0.32759846309671703
279 280 0.25943694498116754
279 319 0.47360858465866285
280 320 -0.8568558515957474
281 282 -0.6760297923101235
281 321 0.041437576105367135
282 283 0.37887454580087976
282 322 -0.01630867261929425
283 284 0.12517340707895408
283 323 -0.17813726821182407
284 285 -0.19707732783636822
284 324 0.6444335835315917
285 286 -0.8368818072764144
285 325 0.0864125905841222
286 287 0.8034010004532857
286 326 0.2083879875400989
287 288 0.8858213738011282
287 327 -0.9707490650791673
288 289 0.5003629278273276
288 328 0.18621199135166355
289 290 -0.4900514737109454
289 329 0.7463546377190666
290 291 0.9958529545131016
290 330 -0.27161651480478377
291 292 0.6908163402683083
291 331 0.9603600955596199
292 293 -0.9527216493880839
292 332 0.3026618406869772
293 294 0.9191404835857371
293 333 -0.1986230157629134
294 295 0.8071934801169682
294 334 -0.1397063925604316
295 296 0.37298249888813095
295 335 -0.2694654058157533
296 297 0.07497091841138603
296 336 0.529115573182843
297 298 0.312028080083798
297 337 0.0210911108790921
298 299 0.7551651988701478
298 338 0.9131152559623494
299 300 0.9818087075506896
299 339 0.10325978065752017
300 301 0.3266812464956683
300 340 -0.6922540207890964
301 302 -0.7740659504127405
301 341 -0.8109127254129831
302 303 -0.8474104799307369
302 342 -0.44272166561792514
303 304 -0.023263581977270187
303 343 -0.2220105189607431
304 305 0.14437311061479963
304 344 0.6237042463165456
305 306 -0.4661731811081462
305 345 0.43791313858415326
306 307 0.3694365299324882
306 346 -0.29247631647998085
307 308 0.8444699386206191
307 347 -0.5800532850136426
308 309 0.20742703588612832
308 348 0.8004409229151268
309 310 0.4904323796436174
309 349 0.3145077989843028
310 311 0.09495191557327187
310 350 -0.7250388518169919
311 312 -0.286630256229923
311 351 0.4996245536157593
312 313 -0.5141552231445061
312 352 0.7531110148646945
313 314 0.687211501435163
313 353 0.3987549918647517
314 315 0.3307680949911085
314 354 -0.8426064449734787
315 316 0.45845144788101155
315 355 -0.49482392234475947
316 317 -0.5341284107896891
316 356 0.05372208748261098
317 318 -0.12950367430068277
317 357 -0.3978624819554242
318 319 0.41302713510203604
318 358 -0.8021918924714153
319 320 -0.2888665214105046
319 359 0.6711017630011957
320 360 -0.34011824371135857
321 322 -0.347897747724349
321 361 0.398372475888882
322 323 -0.82289246059879
322 362 0.8751005251254671
323 324 -0.42831661573954327
323 363 -0.20370559020437695
324 325 0.47788926868917514
324 364 0.4975721459490552
325 326 -0.5694424570148564
325 365 0.3746306308699212
326 327 -0.1845422425613945
326 366 -0.0449435911747571
327 328 -0.9059594781313112
327 367 -0.711615043428012
328 329 -0.13440237249427467
328 368 0.6772188392273109
329 330 0.6758708475958297
329 369 0.5263114329654117
330 331 -0.15625291621990578
330 370 0.31408596413010303
331 332 -0.5912868167654071
331 371 0.05008608584549101
332 333 -0.16792539287094965
332 372 0.5620334396843778
333 334 -0.7784831355161606
333 373 -0.5134922094973744
334 335 0.9406481303338863
334 374 0.6920729814762547
335 336 -0.06323368730612788
335 375 0.8944268419835852
336 337 -0.5973694968102963
336 376 -0.14846938700616952
337 338 -0.022645594229544486
337 377 -0.04453725636252237
338 339 0.7273211140999174
338 378 -0.6669655162720081
339 340 -0.974617008403875
339 379 -0.6808358645001471
340 341 -0.6226205831379881
340 380 0.6831812056123037
341 342 0.6357164834486138
341 381 -0.2899153851636773
342 343 0.23585606009165816
342 382 -0.7833139043277515
343 344 -0.6515596210276824
343 383 0.8177352090228973
344 345 -0.015464824944694033
344 384 -0.08465753100103046
345 346 0.53469755616167
345 385 0.09436395792783392
346 347 0.7735373969556079
346 386 -0.0952174534480914
347 348 0.07628908150907843
347 387 -0.6210539243436242
348 349 -0.40594196359514756
348 388 -0.3530099613387494
349 350 0.2999798518695287
349 389 0.05620965605720252
350 351 0.6308527184407133
350 390 0.9285767287913695
351 352 -0.12508889062844242
351 391 -0.8762546551865942
352 353 -0.2856601813699582
352 392 -0.07104483159686414
353 354 0.5116012486833383
353 393 -0.2918531140619458
354 355 0.8223401679290645
354 394 0.35079723384901973
355 356 -0.6732445304291366
355 395 -0.04432207362666629
356 357 -0.9424026764557052
356 396 0.710101400203186
357 358 -0.5979971111194538
357 397 0.20264113718482402
358 359 -0.23704108594110407
358 398 -0.004424430667726131
359 360 0.979301412056055
359 399 -0.29940539491668483
360 400 -0.9765564713856443
361 362 -0.2672109021674327
361 401 0.6727490165321104
362 363 -0.8312755474289062
362 402 -0.06121266001815662
363 364 -0.1455751140313606
363 403 0.7716512633640418
364 365 -0.8783737321632485
364 404 0.9307297408469943
365 366 0.06511802448255644
365 405 -0.7299047478629856
366 367 0.1395704622303804
366 406 0.6410491621101282
367 368 -0.9116444849780425
367 407 0.6779414169568341
368 369 0.6303968597840399
368 408 0.1764833322109265
369 370 -0.5490943799533157
369 409 -0.13240634707582455
370 371 -0.8884725632926929
370 410 0.4629244250573352
371 372 0.37456612884279683
371 411 0.2645667347331202
372 373 -0.6209591278855529
372 412 -0.20730574226996845
373 374 -0.626351514857965
373 413 0.32389756529974956
374 375 -0.44801576535338694
374 414 0.9120785265453624
375 376 0.6409347808746599
375 415 -0.03636392412865419
376 377 -0.8017650379054211
376 416 0.5010479758507991
377 378 0.5663928131628437
377 417 0.9267700287536995
378 379 0.0014988100851640596
378 418 -0.20088289151163274
379 380 0.9401909918325446
379 419 0.9542862244420023
380 381 0.6436752028007631
380 420 -0.5493624632448308
381 382 0.025760079804313163
381 421 -0.5191617418872616
382 383 0.6966739962599862
382 422 -0.8458817232022653
383 384 0.8535825990456123
383 423 -0.07008322995366445
384 385 -0.6252775355964186
384 424 0.9824975893566719
385 386 -0.9150252262159135
385 425 -0.17226565082904743
386 387 0.30070657314463745
386 426 0.6732738208427254
387 388 -0.9664734418521075
387 427 -0.1627205317589564
388 389 0.8489859469594596
388 428 0.06190717470972018
389 390 -0.4468918079504234
389 429 -0.9637646832535369
390 391 0.2357570568924119
390 430 -0.7221238331958435
391 392 0.8047334545527074
391 431 -0.4539305080869116
392 393 0.17338577617216155
392 432 -0.894961458485596
393 394 -0.5787869177210763
393 433 0.25732415490601723
394 395 -0.546864123617721
394 434 0.6633169102297156
395 396 -0.8566048823902601
395 435 -0.17780439965449224
396 397 0.2737429522614012
396 436 0.9010797187261477
397 398 -0.575155254961593
397 437 0.006981727244893543
398 399 -0.6535590704015406
398 438 0.21363169375173174
399 400 0.30510203090706467
399 439 -0.6549814476990119
400 440 0.7697853922358047
401 402 -0.037314113504965274
401 441 0.03300459598372196
402 403 0.6112252969041805
402 442 -0.8287070938188514
403 404 -0.12589731338493637
403 443 0.2341206201313777
404 405 0.2952868136845219
404 444 0.35775382785894516
405 406 -0.062497350611114166
405 445 -0.18947010810576748
406 407 -0.5747878769060584
406 446 -0.29224172902267465
407 408 -0.933348026574107
407 447 -0.44436240280102535
408 409 -0.4257250538896096
408 448 0.7413674007365327
409 410 0.0076777446940921035
409 449 -0.39109535585890476
410 411 0.983852754306898
410 450 0.7404982954328534
411 412 -0.6947245729394302
411 451 -0.11892523974245384
412 413 0.3724723267606813
412 452 -0.34913118300734536
413 414 -0.5180216162116023
413 453 -0.8558840239540277
414 415 -0.8100795539444874
414 454 0.7480078294095018
415 416 0.8831684625245346
415 455 -0.9430609563420311
416 417 -0.04495321204233216
416 456 0.98108343818552
417 418 -0.5838952297202582
417 457 0.9243261196419146
418 419 0.23979298891316514
418 458 0.4621741802047792
419 420 -0.1575944739927424
419 459 0.9799398767261176
420 421 0.3512265841933433
420 460 0.6223932547748088
421 422 -0.8421464507312373
421 461 -0.3885104945425666
422 423 0.588577587395452
422 462 0.40211540048513617
423 424 0.43771780384513415
423 463 0.8764604062969885
424 425 -0.8519835115301162
424 464 0.24734782342108486
425 426 0.06047867283844077
425 465 0.7497066876954734
426 427 -0.565328530431835
426 466 0.8416664547632613
427 428 -0.6222770574029601
427 467 -0.500553557362649
428 429 0.743879585423455
428 468 0.8133138862768621
429 430 0.8261592985083168
429 469 0.4226418457816268
430 431 0.574399401959921
430 470 -0.2957121365297568
431 432 -0.668243614633671
431 471 0.4115673468930259
432 433 -0.4798799446518809
432 472 0.5426808771797256
433 434 0.5726089420437253
433 473 0.8762423752652184
434 435 0.2443296908000796
434 474 -0.8251678289708746
435 436 -0.72005744813987
435 475 -0.7838190837042112
436 437 -0.2648100167722016
436 476 0.6407820048346806
437 438 -0.6694931665746164
437 477 0.3913108340861928
438 439 -0.4930708748601287
438 478 0.860948529678282
439 440 -0.4453929367951679
439 479 0.2968308132404138
440 480 0.24958061540235765
441 442 -0.23390374366126188
441 481 0.9950817917551615
442 443 -0.5112409679512901
442 482 0.7856111728221831
443 444 -0.8893570639905477
443 483 0.857087553830868
444 445 -0.2890898950167733
444 484 -0.6703447860747804
445 446 0.31727476336768645
445 485 -0.09386877787900305
446 447 0.5973557151012276
446 486 -0.12813288589507676
447 448 0.7717402230205845
447 487 -0.16967319974646355
448 449 -0.6495005568880239
448 488 0.480418507251692
449 450 -0.1427010202979051
449 489 -0.5187830986185791
450 451 -0.7337157374648158
450 490 -0.7288944628685929
451 452 0.490621881682775
451 491 0.22052222371771357
452 453 0.5250878348872368
452 492 -0.7086092645263187
453 454 0.07378227012143479
453 493 0.5017325338932734
454 455 -0.9001877146610437
454 494 0.7037785265362233
455 456 -0.45400668262517896
455 495 -0.20382190455168203
456 457 0.09147722143163861
456 496 -0.02877688734158923
457 458 -0.2516833996393555
457 497 0.41991631814173713
458 459 0.8671615455254176
458 498 -0.7601618892410678
459 460 -0.9167205809307748
459 499 -0.09910440319453229
460 461 0.43012249556931303
460 500 0.9777588950635399
461 462 0.08591304042233516
461 501 -0.9021863521621083
462 463 0.31926097381652285
462 502 0.23386362339511013
463 464 -0.2752337017807627
463 503 0.3479242524445292
464 465 0.29250664717114194
464 504 0.8667147987701385
465 466 -0.27077523165502027
465 505 -0.9634446417046536
466 467 0.47377549904643423
466 506 -0.25392274826861483
467 468 0.13628051313445044
467 507 -0.5183090165129354
468 469 0.2005407650170674
468 508 -0.3786841571174697
469 470 0.8772392574732379
469 509 -0.24185173970018048
470 471 0.08736877815058297
470 510 0.48981054470392027
471 472 -0.714704551731209
471 511 -0.9413232977690607
472 473 -0.7404146382376693
472 512 0.4970461284072569
473 474 -0.7698603389489049
473 513 0.7204212186477403
474 475 -0.27953541517110625
474 514 0.9908749243273938
475 476 -0.5631331006991209
475 515 0.12412028773613115
476 477 0.618934614222693
476 516 0.6543851784195414
477 478 -0.6595321426988372
477 517 -0.06271870467685492
478 479 -0.43289874506572334
478 518 0.9964953266869834
479 480 0.565155100106973
479 519 0.4088627327335248
480 520 -0.038537056263943326
481 482 0.02848897650355786
481 521 0.11810654865694148
482 483 -0.042777838672672486
482 522 -0.6191986474841011
483 484 0.5145187593670657
483 523 0.9517614382941026
484 485 -0.9183520530359899
484 524 0.09370943031579926
485 486 0.6134724055590401
485 525 0.9852136828312703
486 487 0.10032520409082246
486 526 -0.6808639584866387
487 488 -0.8285263842119317
487 527 0.553407300276169
488 489 0.5669468914359317
488 528 -0.19504047528150914
489 490 0.9958727973065344
489 529 -0.2516307883544884
490 491 -0.8896653885285553
490 530 -0.8774982965720248
491 492 0.43355677909667545
491 531 -0.30867684745490154
492 493 0.8104877045663066
492 532 -0.22216925886405026
493 494 0.246024774181278
493 533 -0.6231606019545475
494 495 0.6603375869643517
494 534 0.7595895417634186
495 496 -0.8621457181906038
495 535 0.5549765870189369
496 497 0.6208105656295551
496 536 -0.5366078625057338
497 498 -0.19450585412206078
497 537 -0.3301189653355465
498 499 -0.8001544278249273
498 538 0.8879804651804704
499 500 0.5458008082215458
499 539 -0.6074458470515729
500 501 -0.8608688681417611
500 540 0.22993695618742693
501 502 0.7022048371732388
501 541 0.7374870808799321
502 503 0.5795935146105837
502 542 0.883380510056839
503 504 0.3839830433091589
503 543 0.673022747217138
504 505 -0.3222690755763007
504 544 -0.14613433789902253
505 506 0.7881086423526973
505 545 -0.10776399297259509
506 507 -0.7645548700113765
506 546 -0.2878220597382142
507 508 0.8746851414536956
507 547 -0.545595899668817
508 509 -0.0035456245490392835
508 548 0.8272231106186476
509 510 -0.8009111479478801
509 549 -0.42829016841272605
510 511 0.03951289765478161
510 550 -0.10584814973339074
511 512 -0.9568607475431645
511 551 -0.39396775722466604
512 513 -0.7665378502339844
512 552 0.5647521155578938
513 514 0.11302438143599947
513 553 -0.3098499342006553
514 515 0.8354079822666978
514 554 -0.3830655776900127
515 516 -0.006305064183661724
515 555 0.09095679553867209
516 517 0.67082864315177
516 556 0.9538813120195548
517 518 -0.6447885012679653
517 557 0.22047777583929906
518 519 -0.12101631055217155
518 558 -0.7647254934116914
519 520 -0.2202502973603906
519 559 -0.02953020103645665
520 560 0.5970527042898504
521 522 -0.931100463782857
521 561 0.4398600527346692
522 523 -0.49391153420214007
522 562 0.5246784953832813
523 524 -0.4966823027146796
523 563 0.9362987422692675
524 525 0.9921520570620477
524 564 0.025717170746477613
525 526 -0.8134445334664184
525 565 0.6542659670924311
526 527 -0.8772088159639053
526 566 -0.5057386454512112
527 528 0.5853537266464641
527 567 -0.8286992131485864
528 529 -0.2983492222671631
528 568 -0.010277121414415724
529 530 0.7456152189823746
529 569 0.4026041431173608
530 531 -0.7537056438418663
530 570 0.7975537151443326
531 532 0.04463644273016043
531 571 -0.08269124774276726
532 533 -0.02012083340763926
532 572 0.1138876196824612
533 534 0.3961633386971395
533 573 -0.5929364433145532
534 535 -0.6115776927710901
534 574 0.577533875960502
535 536 0.009144742280981166
535 575 0.0048842197140608334
536 537 0.31092111996851846
536 576 0.2814258811856756
537 538 0.2680103870875523
537 577 0.17142526187944385
538 539 -0.5942118695578358
538 578 0.49957481210527166
539 540 -0.6716550852481222
539 579 0.49875639590946474
540 541 -0.6974529895580583
540 580 0.7863669794889443
541 542 -0.9222919354042356
541 581 -0.4783719198129095
542 543 -0.9028974498195663
542 582 0.0556857669315427
543 544 -0.713267512763837
543 583 -0.8146495532736509
544 545 0.39713103710201936
544 584 -0.3134155531071532
545 546 -0.9528643345825278
545 585 -0.6870365497266413
546 547 -0.3039654945614214
546 586 -0.6421965036727093
547 548 0.8924346256044078
547 587 0.5320483557544258
548 549 0.7625391147034148
548 588 -0.19589122814813842
549 550 -0.01996095016262167
549 589 0.908364086682115
550 551 -0.604671823135355
550 590 0.03382904987088775
551 552 -0.4318481253160469
551 591 0.7783400340887558
552 553 0.7539800842297748
552 592 -0.3676417725606751
553 554 -0.5753536056448909
553 593 -0.2604033461005919
554 555 0.6579053595257836
554 594 -0.7856417694265334
555 556 0.04615389711140683
555 595 0.38402260063411897
556 557 0.7899448467092105
556 596 -0.06494499833799772
557 558 0.8312866247792885
557 597 0.9864775236787611
558 559 -0.0946492310289464
558 598 -0.9269461580755209
559 560 0.6290605382122316
559 599 0.09532316179596423
560 600 0.13294038741012937
561 562 -0.1579929047855153
561 601 -0.12612974941550226
562 563 0.9170804777084054
562 602 0.5246350466673979
563 564 -0.7200625156757361
563 603 0.42362644265227845
564 565 0.29322867192869917
564 604 0.15242257071640286
565 566 -0.26822516110925143
565 605 0.8487076628445973
566 567 -0.01609468982886364
566 606 0.8720889663770657
567 568 0.27122770685680386
567 607 0.6641979338515314
568 569 -0.4951805863323
568 608 -0.8243728601445546
569 570 0.6845704283012799
569 609 0.4569923695716165
570 571 0.9961864411669785
570 610 0.35548292187114994
571 572 0.27701692705479974
571 611 -0.7784190797985113
572 573 -0.571375444925132
572 612 -0.06522578564213166
573 574 0.6552560568632564
573 613 0.31211587753415837
574 575 0.7449299480059164
574 614 -0.9941259180167603
575 576 0.9862726107418547
575 615 -0.4176221682296921
576 577 -0.996260241688397
576 616 -0.4558641528030729
577 578 0.508135553298454
577 617 -0.49081072134395165
578 579 -0.015549963134673606
578 618 0.2558722590547171
579 580 -0.029419572356266466
579 619 -0.04980765607183524
580 581 -0.9222048261129199
580 620 -0.26403819156434727
581 582 -0.4494710130353572
581 621 -0.023463609055450085
582 583 -0.4279533925288055
582 622 -0.030786719995416822
583 584 -0.3282865455343291
583 623 0.07481421533003685
584 585 0.7031354509079082
584 624 0.48148932610719264
585 586 -0.9418235637550005
585 625 -0.28737890144193945
586 587 -0.7822062104830108
586 626 -0.7716418734756896
587 588 -0.05495389950840868
587 627 0.03547446893195927
588 589 0.08160208972395044
588 628 0.9331598981339575
589 590 0.5930572741719338
589 629 -0.9052473433388584
590 591 0.12687164818822505
590 630 0.07949559740553602
591 592 0.7055735186113488
591 631 0.8763414174974606
592 593 -0.3112750256510892
592 632 -0.29647169819380537
593 594 -0.7157038564758536
593 633 0.502814200987086
594 595 -0.5275826345750982
594 634 -0.11268268152489691
595 596 -0.24756293335583646
595 635 -0.29893509534714746
596 597 -0.9457362329848165
596 636 0.5060796153875817
597 598 0.4847640763909229
597 637 -0.26653218287239433
598 599 0.8022166266281308
598 638 0.21143447533361015
599 600 -0.7627723810316684
599 639 -0.3614091264116608
600 640 0.014979098475185193
601 602 -0.43659849242203874
601 641 0.8005486761134257
602 603 -0.35998574709020015
602 642 0.5831628110911826
603 604 -0.861646796799397
603 643 0.21007825860143292
604 605 0.883908917267028
604 644 0.16540672251884736
605 606 0.23250542590268752
605 645 -0.18359328421505472
606 607 0.13748353728215124
606 646 -0.0632369287934269
607 608 -0.13003930331072033
607 647 -0.3209035287791875
608 609 -0.19511290290580674
608 648 0.28356212844305717
609 610 0.4419558727574502
609 649 -0.9039988486851085
610 611 -0.0007040413818957258
610 650 -0.8980380786639899
611 612 0.01089462667647667
611 651 -0.5914120765227253
612 613 0.33589819142914057
612 652 0.9977647849027416
613 614 -0.090289825546497
613 653 -0.1665248630599545
614 615 0.6061919337130222
614 654 0.6265869646114104
615 616 -0.5860119099047174
615 655 0.37141719182208144
616 617 0.2649825282487601
616 656 0.29349379479835
617 618 -0.8444210873130853
617 657 0.3829563116685595
618 619 0.1506706552972119
618 658 -0.3780426535299415
619 620 0.6024153281522573
619 659 0.18424548855682965
620 621 -0.24715287423832932
620 660 -0.9883756029774009
621 622 -0.250924232242683
621 661 -0.8995570542014077
622 623 -0.4324924364931326
622 662 -0.912068723230729
623 624 -0.7194677498230186
623 663 0.8096597159919994
624 625 -0.953718314193049
624 664 0.196417682269582
625 626 0.752713908838273
625 665 0.008863090738643109
626 627 0.7032775488907987
626 666 0.05793987270011214
627 628 0.26864574553957454
627 667 0.06375118206999142
628 629 0.6161009758938196
628 668 0.12297294493082411
629 630 0.1428544284725115
629 669 0.8442891334060487
630 631 -0.11209976602558935
630 670 0.9513150375262529
631 632 -0.24916339668519538
631 671 0.8954288067777181
632 633 0.6574083430586186
632 672 -0.4193756871472807
633 634 -0.7607445098403223
633 673 0.44165384044740974
634 635 -0.2558178483474294
634 674 -0.3250548403305853
635 636 -0.8473850898656168
635 675 -0.37016363635190364
636 637 -0.9786728017673907
636 676 -0.44801233025002274
637 638 0.854914269266577
637 677 -0.45360920628326284
638 639 0.2575440370973745
638 678 -0.08075661230129927
639 640 -0.7880163800702533
639 679 0.08830577327742573
640 680 0.4982289763078449
641 642 0.33922455621440406
641 681 -0.08786249902295662
642 643 -0.020957903363236774
642 682 -0.40729863100100894
643 644 -0.8809502212332199
643 683 -0.274225759017924
644 645 -0.031693242762560914
644 684 -0.18394386089451853
645 646 -0.3892960951311779
645 685 -0.0830710386376734
646 647 0.94167766186808
646 686 0.9528949809810798
647 648 -0.4489359021697308
647 687 0.1608418907801097
648 649 0.24874406200119648
648 688 0.8218572006011111
649 650 0.43128291439681155
649 689 0.580048350917407
650 651 0.07508712577185817
650 690 -0.24689594355359867
651 652 0.2831630425912497
651 691 -0.7034566320985998
652 653 0.0834371562496743
652 692 -0.3487068806020255
653 654 0.30809918897441646
653 693 0.37714091924176163
654 655 -0.13514935491118685
654 694 -0.9933061626039761
655 656 0.7669487582423946
655 695 -0.45465028274213193
656 657 -0.15349381745819923
656 696 -0.6329882910987914
657 658 0.32565096449139963
657 697 0.1550465158253116
658 659 -0.2180082244332111
658 698 -0.42346186497394833
659 660 0.7819458770234162
659 699 0.6815990396767981
660 661 -0.2947536087276601
660 700 -0.6582082827340641
661 662 -0.9428897068300919
661 701 0.005158803722604688
662 663 -0.7473267691209031
662 702 -0.6085815777095824
663 664 -0.4016971474221649
663 703 -0.5699002977266834
664 665 -0.6924225876311436
664 704 0.153345134342316
665 666 -0.7378009554961262
665 705 -0.9991120169006171
666 667 0.026883068865420023
666 706 -0.04409456023930636
667 668 -0.5217433690873972
667 707 0.7519746599159569
668 669 -0.3284741848336752
668 708 0.11911111773877603
669 670 -0.30707092586282014
669 709 0.5481695114249379
670 671 -0.7538079570409382
670 710 -0.8172217665850352
671 672 -0.6051538345782075
671 711 -0.9001106484889001
672 673 -0.28145368655347824
672 712 -0.801118710121558
673 674 -0.18171579286048756
673 713 -0.27625051614596763
674 675 0.3266226668153063
674 714 -0.3720823303741243
675 676 -0.8819672451519094
675 715 -0.2581583992390235
676 677 -0.4417062029778762
676 716 -0.5643707676257204
677 678 0.6370499885594514
677 717 0.8094879924172935
678 679 0.9381500377398111
678 718 -0.6453322777408153
679 680 -0.3263174521700587
679 719 0.8157538354813381
680 720 -0.06090597524891783
681 682 -0.4203913104555279
681 721 0.0516379269294438
682 683 0.20392241533455024
682 722 -0.5560982458773325
683 684 -0.4830529708626632
683 723 -0.9477460310786878
684 685 -0.7276104284551759
684 724 -0.6829062248644029
685 686 0.09824589134645523
685 725 0.3212807309685226
686 687 0.0560463886056668
686 726 0.7303692525169401
687 688 -0.22507949526290894
687 727 -0.36292531031064446
688 689 0.9480124505944791
688 728 0.7856565529180599
689 690 0.794534528024881
689 729 0.8308746930490909
690 691 -0.9027092945448789
690 730 -0.30999506923192266
691 692 0.7128111281137881
691 731 0.4226418740009541
692 693 0.8381433956569326
692 732 -0.7754469432759015
693 694 -0.05467453691614099
693 733 0.23421824881528086
694 695 -0.44282567081868063
694 734 -0.4790926355152836
695 696 -0.43564165482336437
695 735 -0.9188272405879545
696 697 -0.7231032357609837
696 736 -0.45270180132076665
697 698 -0.1785684714160538
697 737 0.6739758659312953
698 699 -0.3843615390695283
698 738 -0.03653445740060923
699 700 -0.8506459741980146
699 739 0.30955104680902146
700 701 -0.9613247417921404
700 740 0.3824922334430405
701 702 -0.8868635967659859
701 741 0.07282217512979283
702 703 -0.712407347088355
702 742 -0.4086961031949803
703 704 -0.37741697786652595
703 743 -0.3593348140188626
704 705 -0.3933113000855504
704 744 0.9842782376464285
705 706 -0.1320528865796451
705 745 0.7630016843112655
706 707 0.6595424567264012
706 746 0.6880859873848222
707 708 0.6741495704061335
707 747 -0.7416530133877082
708 709 0.8387491653120749
708 748 0.9480101329449746
709 710 0.8786653776371545
709 749 -0.9075833357360759
710 711 0.9302547178902469
710 750 -0.5039932138167917
711 712 -0.9995667686769756
711 751 -0.37269438956229206
712 713 0.4308478941143914
712 752 -0.18164108595604556
713 714 0.5677963404702311
713 753 0.45758221459739046
714 715 -0.13112578789980178
714 754 -0.5507936063956136
715 716 -0.6773155127932236
715 755 -0.00445789775568195
716 717 -0.7656413700171001
716 756 -0.9517665011920042
717 718 0.351092956867852
717 757 0.9664760916361961
718 719 0.947317178402205
718 758 -0.24717637363244327
719 720 0.7099836268936137
719 759 -0.8090554122812372
720 760 0.45713354034655374
721 722 0.1184841230031235
721 761 0.49056766356097237
722 723 -0.22785475815125045
722 762 -0.9868046715973462
723 724 0.4651594837522186
723 763 -0.09708290302255951
724 725 0.6596604790928491
724 764 -0.6451428426944936
725 726 0.690718186821436
725 765 0.11413921495141666
726 727 0.7397504947012761
726 766 0.5932303931118816
727 728 -0.2372911093434109
727 767 0.3485209095264046
728 729 0.5146636311550006
728 768 0.6104406502826829
729 730 -0.8240742325547386
729 769 0.4141096826780044
730 731 0.7402514980571295
730 770 -0.8967065691054013
731 732 -0.12564182594321505
731 771 0.6828957045901263
732 733 0.03892985049061903
732 772 0.48228833141514893
733 734 0.2242180888506271
733 773 -0.43373340743854927
734 735 0.7067677711165326
734 774 0.3572652420356963
735 736 0.4708652757530296
735 775 0.2833005832925142
736 737 0.44813600855681046
736 776 0.30011310901335575
737 738 0.3868026793094277
737 777 -0.7590252051983466
738 739 -0.8804494392013742
738 778 -0.7531954393440707
739 740 -0.7677785206986949
739 779 -0.18336619881646254
740 741 -0.34503001522468035
740 780 -0.06599867291858263
741 742 0.4099234527592912
741 781 -0.3191531343636782
742 743 -0.5536281631186457
742 782 0.8107737358388414
743 744 0.989229727480597
743 783 0.5354055663733839
744 745 -0.7852714962625094
744 784 0.9389724267494541
745 746 0.7621996067779322
745 785 0.7598976244500799
746 747 -0.35197243175780946
746 786 0.6105559749805467
747 748 0.1378131738920616
747 787 0.986003646297275
748 749 0.8216473379048403
748 788 0.7691539465312398
749 750 0.4504152435045743
749 789 -0.38258752567784704
750 751 -0.8680580858488873
750 790 0.21221212659733624
751 752 -0.494549526656606
751 791 0.37886761548736647
752 753 -0.3342281027281597
752 792 0.024314699286501762
753 754 0.7218131512347556
753 793 0.7545622782497141
754 755 -0.25904487262407905
754 794 -0.9877107488531311
755 756 0.5022170683459328
755 795 0.9863487469034267
756 757 0.671114615200572
756 796 0.0878592378873082
757 758 0.271849130810516
757 797 -0.4635036238762802
758 759 -0.17421397967848984
758 798 0.2801723758218475
759 760 -0.22535812813852307
759 799 0.28180535222714687
760 800 0.6446988866305838
761 762 0.6566925071466068
761 801 0.6473889038500984
762 763 -0.28365072481170217
762 802 -0.6065713352877116
763 764 0.7263800307734465
763 803 0.059847916007854884
764 765 -0.5135451635989143
764 804 -0.5883696366950546
765 766 0.7913505149213367
765 805 0.09235837188646356
766 767 0.6105989558108651
766 806 -0.300265635487879
767 768 0.8438017982563246
767 807 0.13915675634023628
768 769 -0.526587970262534
768 808 0.6853378610655365
769 770 -0.3077552974210982
769 809 0.9196917656221231
770 771 0.39447780253498643
770 810 -0.6860547692737009
771 772 0.1728827918867819
771 811 0.9608024662888974
772 773 0.21674513908269866
772 812 -0.8284288378256559
773 774 0.01666092156349208
773 813 -0.9085983193107856
774 775 -0.39505457474920824
774 814 -0.6035998241514013
775 776 -0.0513025915156613
775 815 0.023723134832016157
776 777 -0.7067031113200206
776 816 -0.16879278046942114
777 778 0.18329007200519865
777 817 -0.06207327334707302
778 779 0.16336759897538022
778 818 0.4965589940550692
779 780 -0.8766810492723232
779 819 0.9218911614482637
780 781 0.13674253967848515
780 820 0.8844029481869136
781 782 0.31287008996119736
781 821 0.005465270220201379
782 783 -0.6617127982443611
782 822 0.5054143521936598
783 784 -0.45201337935328145
783 823 0.20050208106343237
784 785 0.6588583086350475
784 824 -0.5729335185696725
785 786 -0.002085935478034928
785 825 0.18854525775486364
786 787 -0.8864655790828708
786 826 0.5818389146606633
787 788 -0.22639361740662634
787 827 0.633080250827601
788 789 0.756186421105528
788 828 0.0764391903454602
789 790 0.45056890028679697
789 829 0.17648179339652859
790 791 0.3290118657207095
790 830 -0.22931292249751034
791 792 -0.6566698185747966
791 831 0.20302816380276512
792 793 0.2068897087978907
792 832 0.6292911707889377
793 794 0.2674993631023914
793 833 -0.6914325862312869
794 795 0.0072801069713261946
794 834 -0.42830943788993037
795 796 -0.049595624821964446
795 835 -0.49789040983129906
796 797 -0.2356555966350764
796 836 -0.3521203592375093
797 798 -0.8894874184972463
797 837 -0.7912333713942943
798 799 -0.7755110484464223
798 838 -0.6979811291007547
799 800 -0.8068223412985809
799 839 0.5750842499462729
800 840 -0.014153559533004234
801 802 -0.845719360241616
801 841 0.28972414072160557
802 803 -0.1807564616849211
802 842 -0.7808767153310621
803 804 0.6979316806008036
803 843 -0.3611287898431257
804 805 0.5997276240968121
804 844 -0.07104408673182161
805 806 0.6383173225891481
805 845 0.07637475855020526
806 807 -0.050552195665360955
806 846 0.5802339867102955
807 808 -0.5188994551828316
807 847 0.7208990510985276
808 809 0.09483062900285488
808 848 0.03533182438484728
809 810 -0.5706081270825976
809 849 -0.09871060056381831
810 811 -0.230021871621358
810 850 0.5991331302145346
811 812 -0.044629786090674584
811 851 -0.5760192452890509
812 813 -0.20053519596334368
812 852 -0.7533755418044001
813 814 -0.852500331363139
813 853 0.9026344605929499
814 815 0.8635487273897353
814 854 0.3795249280070785
815 816 0.5695147728551826
815 855 0.07088740193644205
816 817 -0.5609416354534718
816 856 -0.5786047385425752
817 818 -0.5163351048154015
817 857 -0.8496915231682931
818 819 -0.3822227876350486
818 858 0.4520052989764125
819 820 0.2740432593907829
819 859 0.6972419852378122
820 821 0.896689722210166
820 860 0.8988335368734062
821 822 0.822920515882752
821 861 0.986935766483735
822 823 0.6499356251704629
822 862 0.5186463995980362
823 824 -0.2045927700944874
823 863 0.26124455261320434
824 825 0.4956994595643234
824 864 0.5601595325503848
825 826 0.6214350063983662
825 865 -0.11918805487026218
826 827 -0.7045233639164863
826 866 -0.40123906524991004
827 828 -0.9977621010507045
827 867 0.34499773205505857
828 829 -0.5551501060286004
828 868 0.5198421273954341
829 830 0.39789620950382876
829 869 -0.18354666963202093
830 831 -0.23907001146366258
830 870 -0.0077804689404823435
831 832 0.8954207301520396
831 871 0.06384743147033345
832 833 -0.49048205641944564
832 872 0.19522861299634586
833 834 0.8256493244329455
833 873 -0.5306045895110989
834 835 -0.7462138351457621
834 874 -0.9372303727274962
835 836 -0.08781359614773354
835 875 0.0815792680646279
836 837 0.5978433416135966
836 876 0.7935724134612119
837 838 0.08289324996083747
837 877 0.20061437748255884
838 839 0.37100822789678145
838 878 -0.5992867342239581
839 840 0.1298468441032894
839 879 -0.27332228975133144
840 880 0.8842645823379549
841 842 -0.3814848287269057
841 881 0.04850743175275607
842 843 -0.8285937532576573
842 882 0.49519100746237044
843 844 -0.36080347249314904
843 883 -0.47935531057507363
844 845 -0.9571404161203505
844 884 -0.45193488238065127
845 846 0.021579599697619356
845 885 0.6123094532984503
846 847 0.9462562175947611
846 886 -0.030367970936201916
847 848 0.13185967357039452
847 887 -0.12303947907748691
848 849 -0.8931094022139894
848 888 -0.3930379630402321
849 850 0.6747657629500337
849 889 0.2601893373622237
850 851 -0.21569241638339176
850 890 -0.019288516587006033
851 852 0.843230805701364
851 891 0.014407661725342802
852 853 -0.9700784854676181
852 892 0.745840002830795
853 854 0.2728375035605488
853 893 0.27714155013634323
854 855 -0.34905422510719286
854 894 0.8536945195592063
855 856 -0.39680673819747425
855 895 -0.9859858884304011
856 857 -0.3054029822740896
856 896 -0.8642677582939557
857 858 -0.290568417001946
857 897 0.3040226930618035
858 859 -0.18519650355324568
858 898 -0.09182459249566555
859 860 -0.8346570690101689
859 899 -0.6879360568949295
860 861 0.27968813037534446
860 900 -0.8326417109168287
861 862 0.7149792459947595
861 901 -0.44926043206256083
862 863 0.8284322984085897
862 902 -0.5034514166419353
863 864 0.5613345301396939
863 903 -0.6670223308188519
864 865 0.07247272188261111
864 904 0.8928841577999456
865 866 0.1008528361443084
865 905 -0.06599449881266839
866 867 0.6371293533733862
866 906 0.9817373476150402
867 868 0.9293494284921957
867 907 -0.48754634059725044
868 869 -0.7108815873569632
868 908 0.060656189687629425
869 870 0.6369759831140085
869 909 0.1413930528511933
870 871 -0.21741342066318037
870 910 -0.7973754503399411
871 872 0.49397265799741463
871 911 -0.2907628461414342
872 873 -0.7671712845929068
872 912 -0.675706589862549
873 874 0.22541004598170966
873 913 0.17023040226883013
874 875 -0.9459490493915943
874 914 -0.204711823629534
875 876 -0.8728260522650788
875 915 0.6703387770726126
876 877 -0.0870946445789127
876 916 0.325472570286202
877 878 -0.2965750851168143
877 917 -0.30675725700607814
878 879 0.6021492994458726
878 918 0.957314473016404
879 880 0.009980121504208794
879 919 0.9937992261495916
880 920 0.4835520893798504
881 882 0.9161846750682836
881 921 0.7664019117681085
882 883 -0.6339803076854393
882 922 -0.9698252181896676
883 884 -0.15002333895210573
883 923 0.7847347666211848
884 885 -0.744722718610124
884 924 0.1951312695629106
885 886 -0.22897038147103488
885 925 -0.6728450331639795
886 887 0.034095379895064504
886 926 -0.9278688437066884
887 888 -0.17170329001978168
887 927 0.11400076600635556
888 889 -0.3693017624088577
888 928 -0.05868902906435847
889 890 0.6305320230592133
889 929 -0.5062487050384046
890 891 0.9456316101886295
890 930 -0.7377480623559636
891 892 -0.9471113864430587
891 931 -0.13886238083352387
892 893 0.8541518406545268
892 932 -0.5294551199213455
893 894 0.6436091339320122
893 933 -0.513688625190621
894 895 0.7991576021777691
894 934 0.07773193304473414
895 896 0.34403443841104053
895 935 -0.10700331182145617
896 897 -0.8934449278848098
896 936 0.400044303139645
897 898 -0.4882717116078388
897 937 0.8514010980973403
898 899 0.4158253135232559
898 938 -0.9246929009998248
899 900 0.864193000608448
899 939 -0.6867747754313069
900 901 0.9247505359516004
900 940 -0.6231114498270425
901 902 -0.7053446262647249
901 941 0.540872367401614
902 903 -0.12619655355015702
902 942 0.06560034703973328
903 904 0.1950392328426045
903 943 0.5330889809275756
904 905 -0.6185428598966238
904 944 0.16643498887970498
905 906 -0.6349619576327554
905 945 -0.7046677588695727
906 907 -0.6404688277297681
906 946 -0.6728528230422142
907 908 -0.07096628570874097
907 947 0.5359072836697845
908 909 0.29766388652471987
908 948 0.949509871129792
909 910 0.515270167771857
909 949 -0.7728529235154218
910 911 -0.3942428790357686
910 950 -0.2880864048779974
911 912 0.9339526142572496
911 951 -0.2463351857044842
912 913 0.247839283742759
912 952 0.3110971682257677
913 914 -0.009473468701300503
913 953 0.16521036527011979
914 915 0.5068116448313109
914 954 0.5253397506664301
915 916 0.965115417763095
915 955 0.969515467481483
916 917 0.18095108814977556
916 956 -0.8025160834440812
917 918 0.4632516120269565
917 957 0.4995110244963483
918 919 0.564289055485959
918 958 -0.5837978886138382
919 920 0.9246017165982088
919 959 0.10155316789066449
920 960 0.09583293359935352
921 922 -0.40913621972862013
921 961 0.024751976923359065
922 923 0.8275023744411303
922 962 0.8518810753520654
923 924 -0.04058763259710929
923 963 -0.30285729130491545
924 925 -0.1603840937568597
924 964 -0.47032294096719696
925 926 -0.11401655179703862
925 965 0.1520170229674429
926 927 -0.5340892665917676
926 966 0.977647897486406
927 928 0.20344550496944214
927 967 0.4090318225177825
928 929 -0.7608309799669717
928 968 -0.6606524048224236
929 930 -0.5980323627944604
929 969 -0.18207432981701355
930 931 -0.7622428605066094
930 970 0.5885198733614736
931 932 0.4071647365101556
931 971 0.2963829904942683
932 933 0.3118063198760346
932 972 0.4648188826945989
933 934 -0.1635961536771422
933 973 0.5843076462341867
934 935 -0.1696733352143145
934 974 0.05517550646755276
935 936 -0.9986801976435316
935 975 0.23593893677504085
936 937 0.15805972412805258
936 976 -0.03125877540851629
937 938 -0.5118038011215402
937 977 0.2162126893095606
938 939 0.288442537191137
938 978 0.4782188600484789
939 940 -0.16397936939350988
939 979 0.5936872987379729
940 941 -0.7614819496775964
940 980 -0.9075057910778335
941 942 0.3506009788896203
941 981 0.4267333308297223
942 943 0.7052127249671938
942 982 -0.5993403613321664
943 944 -0.26751452713321666
943 983 0.4295118687224879
944 945 -0.6184729852751925
944 984 -0.18950900126484593
945 946 0.8760704868765985
945 985 -0.5917690161681941
946 947 0.42295290731357293
946 986 -0.9844045315458048
947 948 0.4139708217819149
947 987 -0.5917304485595456
948 949 0.21128518167507226
948 988 0.8607404456499668
949 950 -0.20475525346339207
949 989 -0.7461085297612786
950 951 -0.3259857870901697
950 990 -0.13744157750574537
951 952 0.03773157487058576
951 991 0.6230033003876134
952 953 0.8124271868031885
952 992 -0.5123901803301283
953 954 -0.19692835703994072
953 993 -0.9252618649440658
954 955 -0.025875739981112922
954 994 -0.23171876741544484
955 956 0.7398748350405104
955 995 0.9538743900418103
956 957 0.4429820956445458
956 996 -0.9491397393755876
957 958 -0.09413670076786551
957 997 0.6974254424204134
958 959 -0.662231835007584
958 998 -0.7104514128135295
959 960 0.16381460953772597
959 999 0.7687152898394556
960 1000 -0.013814075351525679
961 962 -0.8225951646314345
961 1001 0.28343346217566
962 963 0.16574075418712653
962 1002 -0.37476090050509914
963 964 0.3643065582033336
963 1003 -0.6759780886672218
964 965 -0.685564330186961
964 1004 -0.1570653859997082
965 966 -0.8122733544328451
965 1005 0.347822036808316
966 967 -0.19593424124388292
966 1006 0.05711679031556782
967 968 0.9303417214874112
967 1007 0.18240987704137046
968 969 -0.6244043227773592
968 1008 -0.8614547891399242
969 970 0.12544961696833856
969 1009 0.8893297524916386
970 971 0.3434726261212633
970 1010 0.4914189519635823
971 972 -0.8366795057280816
971 1011 -0.7562927831218724
972 973 0.3316631122809066
972 1012 -0.1395431437929564
973 974 -0.5065717481965424
973 1013 0.3582250175384425
974 975 0.40006323107492814
974 1014 0.7860723611093527
975 976 -0.06191028054768233
975 1015 -0.21694675126692986
976 977 -0.7828329467234953
976 1016 0.0781618273924729
977 978 -0.9944014558179382
977 1017 0.8042617866801476
978 979 0.15647663841456994
978 1018 -0.9382776194730249
979 980 -0.8834187405580876
979 1019 -0.35018477597479913
980 981 0.7483730118303575
980 1020 -0.5649752323794264
981 982 0.45377870211860394
981 1021 0.6765248027736941
982 983 -0.12727975132190372
982 1022 -0.8269622442508344
983 984 -0.7635289945853911
983 1023 -0.68869596918703
984 985 -0.6389965970489642
984 1024 0.6176051808605345
985 986 -0.3015435647737612
985 1025 -0.3652104928883564
986 987 -0.7958490547539268
986 1026 0.6980238460626935
987 988 -0.22867971427471345
987 1027 -0.6089993774647784
988 989 -0.03960885834799188
988 1028 -0.020529657822215608
989 990 0.729854153928206
989 1029 0.937087839614593
990 991 0.9417794187716417
990 1030 0.683106897516216
991 992 0.9288589072729372
991 1031 0.6901913568158526
992 993 0.7069926572477525
992 1032 -0.02070041236798792
993 994 -0.11285361510874203
993 1033 -0.06387019182716513
994 995 0.21620089011982802
994 1034 0.4114132709455658
995 996 -0.46573491354691376
995 1035 -0.2530069289197927
996 997 -0.5156233989493244
996 1036 -0.27165399321981143
997 998 -0.7726405357763773
997 1037 -0.19675930163496913
998 999 0.44453935662679833
998 1038 0.39268901085193897
999 1000 0.22173426264935547
999 1039 0.33648061749802216
1000 1040 -0.7030701124974994
1001 1002 -0.7351588925767627
1001 1041 0.5329716291596682
1002 1003 0.9965351360239798
1002 1042 -0.6999718983522969
1003 1004 0.8976718868484583
1003 1043 -0.05801646339634137
1004 1005 0.7426629130457312
1004 1044 -0.10297947498329996
1005 1006 -0.7007395139540722
1005 1045 -0.6919773346687355
1006 1007 0.7140934103203751
1006 1046 -0.570869389211724
1007 1008 0.5739099244172181
1007 1047 0.08230443590643444
1008 1009 -0.6161899690360568
1008 1048 0.20073161608941925
1009 1010 -0.36119993935882455
1009 1049 0.9845437894363542
1010 1011 -0.6976153395121005
1010 1050 0.2892639569795441
1011 1012 0.03011131537858458
1011 1051 0.7642090436097266
1012 1013 0.7452692392291056
1012 1052 -0.3100980366524886
1013 1014 0.7417771957853254
1013 1053 0.507042326950925
1014 1015 -0.8707486619165095
1014 1054 -0.9869949302112815
1015 1016 0.34568588417414703
1015 1055 -0.4943781146493167
1016 1017 -0.6939472961364956
1016 1056 -0.8524610806977739
1017 1018 -0.7920787407468297
1017 1057 -0.9169084259008133
1018 1019 -0.5144637436249193
1018 1058 0.45603695708140424
1019 1020 0.43733446813803845
1019 1059 -0.062547505845439
1020 1021 -0.7907566064502196
1020 1060 0.23808434648129362
1021 1022 -0.8997811428618805
1021 1061 0.24913926954647336
1022 1023 0.7778344162356083
1022 1062 0.9358864138117806
1023 1024 0.17809338612052472
1023 1063 0.815329251569056
1024 1025 -0.7920552003180863
1024 1064 0.8618050533146508
1025 1026 0.46277943101921304
1025 1065 0.05577984758492982
1026 1027 -0.8558234194813552
1026 1066 0.6818741974412894
1027 1028 -0.13173937405065206
1027 1067 -0.9466727681103202
1028 1029 -0.3601166289969773
1028 1068 0.11446038832338701
1029 1030 -0.6707226055348128
1029 1069 -0.04224465024228041
1030 1031 0.2600203286422027
1030 1070 0.29805086777488876
1031 1032 0.8716911205553697
1031 1071 0.9447467433745202
1032 1033 -0.5738050613747723
1032 1072 0.2496695381291254
1033 1034 0.023773536796468653
1033 1073 0.4339450790304664
1034 1035 -0.8069616996224835
1034 1074 0.3485130840381214
1035 1036 0.7120605110183607
1035 1075 -0.635747068159511
1036 1037 0.9504599675631369
1036 1076 -0.6149885947994724
1037 1038 -0.7825450779879934
1037 1077 0.19994508193305904
1038 1039 -0.6626483525347839
1038 1078 0.04522362354806053
1039 1040 -0.3002282613520424
1039 1079 0.4204442999641709
1040 1080 0.6910201743180846
1041 1042 -0.8465155195965663
1041 1081 -0.33791235460481284
1042 1043 0.9889629445816646
1042 1082 -0.7500720196384043
1043 1044 0.6394732978327216
1043 1083 -0.8582890274244652
1044 1045 0.5329151222598798
1044 1084 0.21101871011139162
1045 1046 0.08150488088400287
1045 1085 0.9756737251205596
1046 1047 -0.8011511252161885
1046 1086 0.7268222038100238
1047 1048 0.764223064316575
1047 1087 -0.8069324631544634
1048 1049 0.8252760862532889
1048 1088 0.5619044615725233
1049 1050 0.37928553908246965
1049 1089 0.8006947217018872
1050 1051 0.07578765254147068
1050 1090 0.6613627791059482
1051 1052 0.022284166520346593
1051 1091 0.8828020512813439
1052 1053 -0.2756039803725532
1052 1092 0.10197955463200392
1053 1054 -0.41323445031212436
1053 1093 0.8537755472752167
1054 1055 0.5313300080968737
1054 1094 0.948703027659717
1055 1056 0.9121493900068889
1055 1095 -0.4373736172222944
1056 1057 -0.879316570378323
1056 1096 0.9916137040945572
1057 1058 0.16393222581534816
1057 1097 0.6595021876660847
1058 1059 -0.10144092216889788
1058 1098 0.5157833819988222
1059 1060 0.7983128182358898
1059 1099 0.3037016973697826
1060 1061 0.9658867765681323
1060 1100 -0.11616701809068197
1061 1062 -0.5098767914595443
1061 1101 -0.08427209119222945
1062 1063 -0.02866281988087871
1062 1102 -0.9414801253320768
1063 1064 0.8629302742843703
1063 1103 -0.18090706141041668
1064 1065 0.457161388073438
1064 1104 -0.36138506409062376
1065 1066 0.477403318586918
1065 1105 0.7188733466540389
1066 1067 -0.8202934674513136
1066 1106 -0.7870414153741441
1067 1068 0.44563511012337287
1067 1107 -0.7732026167891861
1068 1069 0.7422530483386955
1068 1108 0.8614396789605716
1069 1070 -0.09709933188290831
1069 1109 0.1830257831350841
1070 1071 0.2925563810543568
1070 1110 -0.8071638236723302
1071 1072 0.8004528221200791
1071 1111 0.6361469923249823
1072 1073 -0.19968748339183762
1072 1112 -0.5869129254100491
1073 1074 -0.6147484535578371
1073 1113 -0.6247580455495414
1074 1075 -0.30540069912375056
1074 1114 0.9550546099203749
1075 1076 0.4911135968547493
1075 1115 0.32211739417163665
1076 1077 0.3741474411210095
1076 1116 0.7267916103408423
1077 1078 0.9063126031158395
1077 1117 0.010592558074428382
1078 1079 -0.12697897936846503
1078 1118 -0.8742766118912997
1079 1080 0.17659229375541563
1079 1119 0.5436486122397515
1080 1120 0.4571966386677566
1081 1082 0.3597031743663548
1081 1121 0.018426158921427405
1082 1083 -0.29789071719096305
1082 1122 0.06211664934888561
1083 1084 -0.7871727533283577
1083 1123 0.015396031453628112
1084 1085 0.5190140847802494
1084 1124 -0.09441104483670348
1085 1086 -0.11738472160369584
1085 1125 0.6216088849736159
1086 1087 -0.15366124674100767
1086 1126 -0.4201128451522611
1087 1088 0.7799500543202886
1087 1127 0.5963264341375583
1088 1089 -0.30560199869821747
1088 1128 -0.7822608669272675
1089 1090 -0.8941590014848995
1089 1129 -0.23461518190475372
1090 1091 -0.8895491932459301
1090 1130 0.8449863596732261
1091 1092 -0.0823036811287845
1091 1131 0.39397193507652695
1092 1093 0.062403004887379154
1092 1132 -0.14062410357573785
1093 1094 0.2680927053675237
1093 1133 0.9964006177532871
1094 1095 0.8982142333262337
1094 1134 0.518170057223091
1095 1096 -0.6937706903223122
1095 1135 0.5346187596304592
1096 1097 0.7059241598869812
1096 1136 0.11751250921609535
1097 1098 0.9980563972570007
1097 1137 -0.8322556020762826
1098 1099 0.3271128718647385
1098 1138 0.8718412628967755
1099 1100 0.605289325002982
1099 1139 -0.021596422890158173
1100 1101 0.45064341151230236
1100 1140 0.23058545961273236
1101 1102 0.013028843320465722
1101 1141 0.8745545044820553
1102 1103 -0.9189420997936328
1102 1142 0.8259000853519693
1103 1104 0.9595016975498369
1103 1143 0.44868933429570723
1104 1105 -0.4089217775687761
1104 1144 -0.8739783223071289
1105 1106 0.8032750302277458
1105 1145 -0.11478684837011266
1106 1107 0.2730464313377756
1106 1146 -0.21430389807573724
1107 1108 -0.5541295704060099
1107 1147 -0.19137418423682018
1108 1109 -0.3169975832593812
1108 1148 0.8220806478108311
1109 1110 -0.3715148461518545
1109 1149 -0.1940699879796668
1110 1111 0.6297167681753784
1110 1150 -0.8188380430676061
1111 1112 0.20652298817401782
1111 1151 0.08020918835674218
1112 1113 -0.837876761822353
1112 1152 0.21523083075253835
1113 1114 -0.15542182879702815
1113 1153 -0.31625426149977587
1114 1115 -0.9313255296143175
1114 1154 -0.820112967551853
1115 1116 -0.5893472763818246
1115 1155 0.5731738451215542
1116 1117 -0.9565309478632924
1116 1156 -0.3402844402421483
1117 1118 0.8364132930511994
1117 1157 -0.5719057170033188
1118 1119 -0.0858109442610826
1118 1158 -0.3535687684109925
1119 1120 0.1399733810780659
1119 1159 -0.6783198845627003
1120 1160 0.12203475301564182
1121 1122 0.3102922804931727
1121 1161 0.20424071562492152
1122 1123 -0.35279272295230735
1122 1162 0.612834735547134
1123 1124 -0.13672242052146188
1123 1163 -0.21303754345749204
1124 1125 0.43287488030791343
1124 1164 0.5165174387092517
1125 1126 -0.47438995315450794
1125 1165 -0.477633819380092
1126 1127 0.0048070626024059315
1126 1166 0.02421813432588027
1127 1128 -0.3603351265201713
1127 1167 0.12597354650326165
1128 1129 -0.1460840792094611
1128 1168 -0.5750866333084375
1129 1130 0.45692102598721607
1129 1169 -0.3650093466540454
1130 1131 -0.219726915282751
1130 1170 -0.11087052363327676
1131 1132 0.05067874730147892
1131 1171 0.050104587107072884
1132 1133 -0.41098548175388805
1132 1172 0.5759562102104849
1133 1134 0.4422367972999466
1133 1173 -0.4367536998019108
1134 1135 -0.6646133955928231
1134 1174 -0.26215932789563645
1135 1136 0.7036043103078327
1135 1175 0.6075822577898715
1136 1137 0.7349334275792156
1136 1176 -0.04285623806183847
1137 1138 0.9734095213409482
1137 1177 0.24436119583125548
1138 1139 0.6413707765437864
1138 1178 0.3968689971881867
1139 1140 0.43940468795784193
1139 1179 0.9151824673103912
1140 1141 0.7526061501803951
1140 1180 -0.11457089280004484
1141 1142 -0.07576936000407675
1141 1181 -0.7052774655126273
1142 1143 -0.24551485422773434
1142 1182 -0.2499637557386658
1143 1144 0.33538277232303804
1143 1183 -0.7765357808995401
1144 1145 -0.69091387554825
1144 1184 0.38070652928246784
1145 1146 -0.7800919652959499
1145 1185 0.7086837235927002
1146 1147 -0.3440089290625128
1146 1186 0.4503720279969845
1147 1148 0.7790356168935566
1147 1187 -0.7752905961829082
1148 1149 0.16200117472033293
1148 1188 -0.5010137069775955
1149 1150 -0.7017972839696536
1149 1189 -0.9340696474372612
1150 1151 -0.4214875028468714
1150 1190 0.7195234136400961
1151 1152 0.9052439880903518
1151 1191 0.6601664909284626
1152 1153 -0.44527628712675327
1152 1192 0.6203600524971113
1153 1154 -0.6976323841121257
1153 1193 0.4890719561733561
1154 1155 -0.5227305074222277
1154 1194 0.5509448246868331
1155 1156 0.4388595211718651
1155 1195 0.2584595476013922
1156 1157 -0.6694737913113804
1156 1196 0.020516374637035817
1157 1158 0.6706114782947687
1157 1197 0.4773772049643148
1158 1159 0.2693743290889774
1158 1198 -0.16546422889894918
1159 1160 -0.1780640474181474
1159 1199 -0.0729976859600372
1160 1200 -0.26758238536962375
1161 1162 0.43810911509733286
1161 1201 -0.16956152916336875
1162 1163 0.9206385192615865
1162 1202 0.07894886194522144
1163 1164 -0.07228856576744658
1163 1203 -0.023724905957157816
1164 1165 -0.6374720623322574
1164 1204 -0.38848422480009326
1165 1166 0.88976132178918
1165 1205 -0.6631084367718247
1166 1167 -0.26236359621888683
1166 1206 0.7576776615295227
1167 1168 0.948491055613796
1167 1207 0.4224791928508145
1168 1169 0.15954352605989164
1168 1208 -0.4206277249583963
1169 1170 0.6648371203318866
1169 1209 0.17628621531808886
1170 1171 0.8067576419150801
1170 1210 -0.6555280387936737
1171 1172 -0.8910423017880658
1171 1211 -0.11695544696043125
1172 1173 0.7872598968658622
1172 1212 0.3305134647392338
1173 1174 -0.9742434240816529
1173 1213 -0.02978185255239585
1174 1175 0.2201902613180704
1174 1214 0.8303777789212003
1175 1176 -0.26741960076918936
1175 1215 0.01065194880804321
1176 1177 -0.011934481409501041
1176 1216 -0.5657084850158707
1177 1178 0.17391230286825854
1177 1217 0.8612291069368316
1178 1179 0.9510111171772053
1178 1218 -0.5600232239997249
1179 1180 -0.4408966672376293
1179 1219 0.26390526911941836
1180 1181 -0.626572719887605
1180 1220 -0.39578764864124416
1181 1182 -0.29818392184424525
1181 1221 -0.6614753041533217
1182 1183 0.3060997228768838
1182 1222 -0.37279719954463864
1183 1184 -0.7337272735144318
1183 1223 -0.9212231126084862
1184 1185 -0.11074339779327724
1184 1224 -0.5974798103587591
1185 1186 0.4293932534788114
1185 1225 -0.11974744170724616
1186 1187 -0.951243166067177
1186 1226 -0.5477778646498019
1187 1188 -0.2845862230557916
1187 1227 0.8017455276994905
1188 1189 0.8386935172837096
1188 1228 0.43174780595482476
1189 1190 0.5498968716325396
1189 1229 -0.6850203870548339
1190 1191 0.7952066198471259
1190 1230 0.2150253373398765
1191 1192 0.1525746779897581
1191 1231 -0.742005735670821
1192 1193 0.935560906489203
1192 1232 0.7222444058694844
1193 1194 -0.23481986708751146
1193 1233 0.22481187262459446
1194 1195 0.4250835320256001
1194 1234 0.22944104481573224
1195 1196 -0.29484645527092446
1195 1235 -0.16430496286166152
1196 1197 0.8127205580440142
1196 1236 0.857423887276638
1197 1198 0.03132629831912803
1197 1237 0.8782075681663486
1198 1199 -0.7942877114183513
1198 1238 0.9888907177444597
1199 1200 -0.7689252581412735
1199 1239 -0.2593582068299254
1200 1240 -0.4405443685032522
1201 1202 -0.20691674160267892
1201 1241 0.6502779277163453
1202 1203 -0.0013494450819833137
1202 1242 0.602247814276738
1203 1204 -0.3652709127242828
1203 1243 0.07403942903966332
1204 1205 0.008883767757762673
1204 1244 -0.9579526086274264
1205 1206 -0.31435571471306156
1205 1245 0.0034848064889203556
1206 1207 -0.37625700626582637
1206 1246 0.6696790239943156
1207 1208 -0.625767106166903
1207 1247 -0.608622911636477
1208 1209 -0.5140446675668904
1208 1248 0.3997103326331888
1209 1210 -0.21488232994569323
1209 1249 0.6265335729823558
1210 1211 -0.37569118480277197
1210 1250 -0.3915941782122361
1211 1212 -0.636105095292089
1211 1251 0.46398367482302394
1212 1213 0.7373285536905756
1212 1252 -0.9717296700970663
1213 1214 0.5155290446740544
1213 1253 -0.2086897458783934
1214 1215 -0.03608196374133876
1214 1254 -0.9673109704220273
1215 1216 -0.15545370043917184
1215 1255 0.9282907135369396
1216 1217 -0.4839427531555376
1216 1256 0.5901674303103375
1217 1218 0.39259314729103467
1217 1257 -0.49900638484937576
1218 1219 -0.7703787466054857
1218 1258 0.3024266254412382
1219 1220 -0.9524890336289673
1219 1259 -0.662747591439643
1220 1221 -0.7239378311348235
1220 1260 0.2557660234402799
1221 1222 0.10858384492739415
1221 1261 0.5397115239643073
1222 1223 -0.27187892052928464
1222 1262 0.7093369398668052
1223 1224 -0.9246106673131271
1223 1263 0.5108890863982893
1224 1225 -0.08127617730004433
1224 1264 -0.7601028217524852
1225 1226 -0.016687490687392392
1225 1265 -0.13920147619388978
1226 1227 0.9690826610630587
1226 1266 0.388084366837782
1227 1228 0.683883952432782
1227 1267 0.01936112877843499
1228 1229 0.5332133500083613
1228 1268 -0.2781312539634795
1229 1230 0.211406829256638
1229 1269 0.931589896023826
1230 1231 0.09204594536986077
1230 1270 -0.19391561296305038
1231 1232 0.304791020714821
1231 1271 -0.19661985723392839
1232 1233 -0.939140010078177
1232 1272 0.6751312006861512
1233 1234 0.6464061582272091
1233 1273 -0.6474549527087412
1234 1235 -0.2566838410167729
1234 1274 0.270462746754387
1235 1236 0.034647329387625936
1235 1275 -0.5311009909052933
1236 1237 -0.13467836676425438
1236 1276 -0.4330367183237043
1237 1238 0.7662223686074396
1237 1277 0.027864852926643868
1238 1239 0.8282207462849187
1238 1278 0.2587423857365625
1239 1240 0.6972764998963414
1239 1279 -0.972012259240941
1240 1280 0.9428874089175849
1241 1242 0.4251035073176066
1241 1281 -0.804125695706464
1242 1243 0.5941979038799523
1242 1282 -0.7602674260720057
1243 1244 0.5206042048751458
1243 1283 0.7322818530960735
1244 1245 -0.09319973148406646
1244 1284 -0.10512955254321255
1245 1246 0.741824023657081
1245 1285 0.25109652232871293
1246 1247 0.06126891768471432
1246 1286 -0.12449443232124269
1247 1248 0.2436998224491902
1247 1287 0.9789134133245423
1248 1249 -0.03522853294099759
1248 1288 -0.08948514331395963
1249 1250 -0.08324329940966191
1249 1289 -0.053975272845432576
1250 1251 0.5985429552188855
1250 1290 0.8983676702822005
1251 1252 -0.3376223676761232
1251 1291 -0.2994824558484923
1252 1253 -0.1936585818073855
1252 1292 0.2955302712433736
1253 1254 -0.6551591261331553
1253 1293 0.2586883561344644
1254 1255 0.5049535201958082
1254 1294 -0.5078085663285012
1255 1256 -0.40911430226358214
1255 1295 -0.17781272512477164
1256 1257 -0.9402701617467233
1256 1296 0.7599335290658862
1257 1258 -0.31362396803105996
1257 1297 0.6307739921736246
1258 1259 0.3283723106010208
1258 1298 0.24425030151174587
1259 1260 -0.3879068718913663
1259 1299 -0.2427027378083939
1260 1261 -0.9064838821138823
1260 1300 0.31348590142760346
1261 1262 0.3072526622611209
1261 1301 0.7747986188021068
1262 1263 -0.3831981378721494
1262 1302 0.4206475884934675
1263 1264 -0.0714735415848049
1263 1303 0.8866850275704663
1264 1265 0.9898809523749117
1264 1304 0.7842925162007051
1265 1266 0.6873853032653721
1265 1305 -0.06286099332062833
1266 1267 0.37257043924927435
1266 1306 -0.8062516878377219
1267 1268 0.6615573561197499
1267 1307 0.12676920664871405
1268 1269 -0.32674296714417395
1268 1308 -0.004964020950577019
1269 1270 0.9508123649770364
1269 1309 0.916502294935704
1270 1271 -0.7350257596415488
1270 1310 0.6003032451133365
1271 1272 0.33728619112436187
1271 1311 0.6278288975046866
1272 1273 0.8085460636543862
1272 1312 0.6850682705020401
1273 1274 0.3704109938573472
1273 1313 0.8249787562774695
1274 1275 -0.9698306527815443
1274 1314 0.2463702798850429
1275 1276 0.024601148618365043
1275 1315 0.3657025237907272
1276 1277 -0.626386929757234
1276 1316 0.8643694368524213
1277 1278 0.9921355372613092
1277 1317 0.6585831492236389
1278 1279 0.10186544593230384
1278 1318 0.384646706959034
1279 1280 0.40611189676632287
1279 1319 0.09109856052730247
1280 1320 -0.9055104256919546
1281 1282 0.6843085171417631
1281 1321 -0.11835782462080191
1282 1283 -0.5080282868006518
1282 1322 0.25356617653928604
1283 1284 0.5974536629779514
1283 1323 -0.9437052052084138
1284 1285 0.32042956578669446
1284 1324 -0.6790471539859118
1285 1286 0.09508704035285942
1285 1325 -0.41866106463439556
1286 1287 -0.8701352479706739
1286 1326 0.516846822065808
1287 1288 0.3619302122795387
1287 1327 -0.22653160415056095
1288 1289 -0.6893543132753159
1288 1328 0.3054586423613266
1289 1290 0.11133512557525527
1289 1329 0.9450507576786094
1290 1291 0.010709423337578627
1290 1330 0.9658933023066327
1291 1292 0.5325264381061074
1291 1331 -0.757371626792517
1292 1293 -0.9889169391507269
1292 1332 0.9607883620670101
1293 1294 0.15618139694550348
1293 1333 -0.12515159024812594
1294 1295 -0.684475786664303
1294 1334 0.3113209115343307
1295 1296 -0.36968739050190536
1295 1335 0.2495089684044942
1296 1297 0.17621110685641073
1296 1336 0.7731582014762215
1297 1298 -0.3707583471517897
1297 1337 -0.3690519031306678
1298 1299 -0.8539096475974961
1298 1338 -0.23864892781165814
1299 1300 -0.6236139897758863
1299 1339 0.8947926623977185
1300 1301 0.3808583648176125
1300 1340 -0.8108863528352466
1301 1302 0.03467673833467977
1301 1341 -0.5084282327162162
1302 1303 0.9431042875444815
1302 1342 -0.9535468578777853
1303 1304 -0.4641294493083421
1303 1343 0.4156543340632597
1304 1305 -0.77539833708913
1304 1344 0.458763235539156
1305 1306 0.8493754877943007
1305 1345 -0.41445436463014196
1306 1307 -0.5984348211592085
1306 1346 0.1257211405401486
1307 1308 0.5918776015354865
1307 1347 -0.8052541470908947
1308 1309 0.8078315154322262
1308 1348 -0.4658936338917399
1309 1310 0.09493065559233527
1309 1349 -0.16083346287028455
1310 1311 -0.8282032635087428
1310 1350 0.541247317080986
1311 1312 -0.5083963259620077
1311 1351 0.25860347244211845
1312 1313 0.8985542754757618
1312 1352 -0.9072225882640472
1313 1314 -0.9866220249366486
1313 1353 0.11075511107971692
1314 1315 -0.4448924270601562
1314 1354 -0.20222378863989166
1315 1316 0.64114701553674
1315 1355 -0.31112469369603013
1316 1317 0.6223640171563569
1316 1356 0.7006965892211532
1317 1318 0.6723727226509928
1317 1357 0.059851493634740294
1318 1319 -0.8310563815288232
1318 1358 -0.4013772999390468
1319 1320 -0.9970028283643637
1319 1359 -0.644601891972109
1320 1360 0.3611194485961029
1321 1322 -0.2520215114641704
1321 1361 0.8273516394295131
1322 1323 -0.24549948568830526
1322 1362 -0.8730851481344664
1323 1324 0.05138494210168498
1323 1363 0.34120062200676715
1324 1325 0.614855160944046
1324 1364 -0.049091639626752004
1325 1326 0.2339547767106589
1325 1365 0.4920634450315349
1326 1327 -0.6113681596454617
1326 1366 -0.5498600948883334
1327 1328 -0.3619427057216338
1327 1367 0.9476335152824082
1328 1329 -0.42969769554965165
1328 1368 -0.7279445127099995
1329 1330 -0.6619500280875703
1329 1369 -0.5869130926908885
1330 1331 0.7742809307112961
1330 1370 -0.17511021093239232
1331 1332 0.17782655756251997
1331 1371 0.3654243431852733
1332 1333 -0.5659163007942378
1332 1372 0.15001505371780577
1333 1334 -0.3525247605811692
1333 1373 0.9519485068129667
1334 1335 -0.25115886549860966
1334 1374 -0.006477466079861882
1335 1336 0.7558068776376776
1335 1375 0.36176039711763797
1336 1337 -0.8126277710192886
1336 1376 -0.9204052415563597
1337 1338 -0.9340683444520501
1337 1377 0.8457389962549422
1338 1339 -0.15214835751827271
1338 1378 0.698449486216089
1339 1340 0.2269936152117371
1339 1379 0.8095971576158736
1340 1341 0.47715508179511645
1340 1380 0.3668312089391268
1341 1342 0.2608956866896164
1341 1381 -0.8051585969110817
1342 1343 -0.6301017747804167
1342 1382 0.45021821757181124
1343 1344 -0.855034731171816
1343 1383 -0.29414160653001975
1344 1345 -0.3333270323496027
1344 1384 0.6558961877111804
1345 1346 -0.5802763731825222
1345 1385 -0.9105365151511655
1346 1347 -0.5445216402929014
1346 1386 -0.6723719448359164
1347 1348 0.25447401918293244
1347 1387 0.6926723980277742
1348 1349 -0.5499100319300496
1348 1388 -0.5917291291969176
1349 1350 0.684490693883598
1349 1389 -0.505376877106775
1350 1351 0.2046339063078293
1350 1390 0.1504725813540515
1351 1352 0.2229462466278005
1351 1391 -0.07856938282201242
1352 1353 -0.8561178543573877
1352 1392 -0.6373074810255817
1353 1354 -0.19543762172172263
1353 1393 0.19846261456398562
1354 1355 -0.856101616218041
1354 1394 -0.5637923421554583
1355 1356 -0.24946680008475375
1355 1395 -0.8956566249872759
1356 1357 -0.3213949056364176
1356 1396 0.7019067702463002
1357 1358 0.30434726471878903
1357 1397 0.1782758387976997
1358 1359 -0.9608946224265493
1358 1398 -0.2636513131013327
1359 1360 0.6320126783757829
1359 1399 0.6796996666668218
1360 1400 -0.12198952679224195
1361 1362 0.09555603351822617
1361 1401 -0.4961254742787906
1362 1363 -0.2536027386376425
1362 1402 -0.8517682955485977
1363 1364 -0.24957031865251667
1363 1403 -0.8495930291726859
1364 1365 -0.39325103156543717
1364 1404 -0.3907964285066903
1365 1366 0.8622974819417437
1365 1405 -0.5515873927414308
1366 1367 0.20904670074113274
1366 1406 0.7811657688211278
1367 1368 -0.7172231643730924
1367 1407 0.14988205528053222
1368 1369 0.7945503171257933
1368 1408 0.6885817815202084
1369 1370 0.688718610737447
1369 1409 -0.7599190245263614
1370 1371 -0.34069090551274095
1370 1410 -0.18710519313384189
1371 1372 -0.14671602211933288
1371 1411 0.9257897407016811
1372 1373 -0.44610140666863196
1372 1412 -0.14063818603031386
1373 1374 0.7453914069771352
1373 1413 0.36043832901534145
1374 1375 -0.2547002756635841
1374 1414 0.5622416695882173
1375 1376 0.3838037283354552
1375 1415 -0.9777246680546441
1376 1377 0.6479089520975274
1376 1416 -0.360396844118839
1377 1378 -0.49231360674237545
1377 1417 -0.5988344405987243
1378 1379 0.4737771511957607
1378 1418 -0.5532817142923729
1379 1380 0.8086613889436884
1379 1419 0.3562413707873753
1380 1381 0.7926599256874041
1380 1420 -0.03455158238221134
1381 1382 -0.36068392210338796
1381 1421 0.5022758456574528
1382 1383 0.3218277947804251
1382 1422 -0.2618249676564528
1383 1384 0.42367525833424335
1383 1423 0.2483060426776711
1384 1385 0.9137309092542185
1384 1424 -0.42039104193256494
1385 1386 0.9995753900140927
1385 1425 0.08286246383773332
1386 1387 -0.1976714890164457
1386 1426 0.5741435791177312
1387 1388 -0.8312493170423596
1387 1427 -0.01171019907667592
1388 1389 -0.653162488223396
1388 1428 0.5791179491281497
1389 1390 0.7293071632308179
1389 1429 -0.13593757483238145
1390 1391 -0.6214649294866923
1390 1430 0.37962912109863156
1391 1392 0.2414044912227935
1391 1431 -0.11801338166641973
1392 1393 0.9477054943183827
1392 1432 -0.14072121571489404
1393 1394 0.2712732890415792
1393 1433 -0.4376836996406772
1394 1395 -0.8730098846795646
1394 1434 0.22311445996517287
1395 1396 -0.4548447407872105
1395 1435 -0.6278570281244411
1396 1397 0.8680026639740042
1396 1436 0.5401774048693875
1397 1398 0.8803818414131237
1397 1437 -0.5057926782684317
1398 1399 0.25630378386657515
1398 1438 -0.23649435831732024
1399 1400 -0.8458092594841853
1399 1439 0.15501313485190038
1400 1440 -0.5803582670132568
1401 1402 -0.9450521172512396
1401 1441 -0.5874854007725194
1402 1403 -0.9111160258652062
1402 1442 -0.4139762377306264
1403 1404 0.33812901026763775
1403 1443 0.180660689444347
1404 1405 0.12367448431503147
1404 1444 0.9052098752637379
1405 1406 -0.837839984598618
1405 1445 -0.6317403775519719
1406 1407 0.3232132457144017
1406 1446 0.14245802626374604
1407 1408 -0.9064669568236485
1407 1447 -0.8765450783017448
1408 1409 -0.13492792670514064
1408 1448 0.6575636366326041
1409 1410 -0.9592982954165135
1409 1449 -0.3007078381034267
1410 1411 -0.6005624792566895
1410 1450 0.35671065843774064
1411 1412 0.5829584421037983
1411 1451 0.7269373454673762
1412 1413 0.501540786729465
1412 1452 0.6612982982185867
1413 1414 0.07912345811666821
1413 1453 0.2621935716630295
1414 1415 0.671119897896608
1414 1454 0.2743362292259526
1415 1416 -0.2845113510221444
1415 1455 -0.40211142586281934
1416 1417 0.8283209773194571
1416 1456 0.3237545219009248
1417 1418 -0.6603806977484603
1417 1457 -0.9162680098692293
1418 1419 0.4255827300759629
1418 1458 0.3007230723868022
1419 1420 0.5969434562907481
1419 1459 0.8336914783591107
1420 1421 -0.8394031357452283
1420 1460 0.13923642300193206
1421 1422 -0.5914502671170041
1421 1461 0.7147317636820663
1422 1423 0.14757154193078392
1422 1462 0.6992176005925672
1423 1424 0.6880649238787189
1423 1463 -0.7214636269273966
1424 1425 -0.011155060024991448
1424 1464 0.342056556258576
1425 1426 0.020620334502085447
1425 1465 0.6340260668245856
1426 1427 -0.21665063417294306
1426 1466 -0.2942833987165221
1427 1428 -0.42050990207519967
1427 1467 -0.34555062328183483
1428 1429 -0.3579998559805617
1428 1468 0.659042798896212
1429 1430 0.897180187797558
1429 1469 -0.43138923487737624
1430 1431 0.5434105727744394
1430 1470 0.1484585165940715
1431 1432 -0.8256290631861734
1431 1471 0.5748824872398783
1432 1433 -0.26172888731213617
1432 1472 0.5403953316969388
1433 1434 0.31742436503956273
1433 1473 0.19277478336620613
1434 1435 0.8507983808728559
1434 1474 -0.5125823511333667
1435 1436 -0.740681963015805
1435 1475 0.2078873815307356
1436 1437 -0.05633506076171679
1436 1476 -0.9893219817386023
1437 1438 -0.7931677712073837
1437 1477 0.5655025658993076
1438 1439 0.8464904305045171
1438 1478 -0.1573011346115416
1439 1440 -0.11114079951467226
1439 1479 -0.1942869879299638
1440 1480 0.6873641035854594
1441 1442 0.18177072295506624
1441 1481 -0.6726969439761163
1442 1443 0.5090850423699307
1442 1482 0.9064948428114992
1443 1444 0.469260033790178
1443 1483 -0.2661078359930489
1444 1445 0.08569354664863371
1444 1484 0.4729884926923813
1445 1446 -0.7230222181717636
1445 1485 -0.04060038707476643
1446 1447 -0.07666891921265595
1446 1486 0.7789428779741003
1447 1448 0.6774841425178508
1447 1487 -0.5677706240502893
1448 1449 -0.4010899102830945
1448 1488 -0.6203838517201035
1449 1450 -0.40426134297202765
1449 1489 0.3018454367645418
1450 1451 -0.47218530640232004
1450 1490 0.19942194586391127
1451 1452 -0.9595198519507169
1451 1491 0.2560267130784357
1452 1453 -0.9902183549061412
1452 1492 0.6484937980772119
1453 1454 -0.1171263176322348
1453 1493 0.8800862882081137
1454 1455 0.014118874340140586
1454 1494 0.38394670133788567
1455 1456 0.05759730247752182
1455 1495 0.35811116188040804
1456 1457 0.38381668852634365
1456 1496 -0.10582523461870741
1457 1458 -0.27686666198213294
1457 1497 -0.20111511939554783
1458 1459 -0.34742315616253316
1458 1498 -0.36226546921124614
1459 1460 0.262311768261257
1459 1499 -0.5962969235317606
1460 1461 0.03792223447800169
1460 1500 -0.6594842486849046
1461 1462 -0.23482635433138754
1461 1501 -0.9378726672512159
1462 1463 -0.4896190469060633
1462 1502 -0.362794868502581
1463 1464 -0.41765754959488466
1463 1503 0.04687861403862392
1464 1465 -0.541348100575775
1464 1504 0.11358271782288942
1465 1466 -0.17237050260360465
1465 1505 0.21575359909845138
1466 1467 0.7810047456218996
1466 1506 -0.857107520294023
1467 1468 0.9603749517026037
1467 1507 0.4804624520245555
1468 1469 0.044186107130778085
1468 1508 -0.9482311909006946
1469 1470 0.6445834883365449
1469 1509 -0.9126744533970372
1470 1471 -0.6853167856620241
1470 1510 -0.8898618895671633
1471 1472 -0.6333207250500628
1471 1511 0.22373116270315774
1472 1473 0.4158454327162977
1472 1512 0.4807770524925101
1473 1474 -0.09344374187530158
1473 1513 0.4401393047824218
1474 1475 0.1302074525235528
1474 1514 0.743350999965908
1475 1476 -0.71972307422165
1475 1515 0.42863824978601683
1476 1477 0.7947065045119821
1476 1516 0.17429793338499233
1477 1478 0.6175303348587695
1477 1517 0.2009038246250261
1478 1479 0.9626162204185369
1478 1518 0.5512042117031424
1479 1480 -0.9939658923364101
1479 1519 -0.867799155927764
1480 1520 0.1758068702405382
1481 1482 0.6738563278419376
1481 1521 0.5504063422630712
1482 1483 0.1774970454503182
1482 1522 0.975880534134111
1483 1484 -0.9849396893100508
1483 1523 -0.4213992480732147
1484 1485 0.4852765614279597
1484 1524 0.952239905256546
1485 1486 0.022667425939306485
1485 1525 0.9012339610746274
1486 1487 -0.36272969993392246
1486 1526 -0.7912661245439703
1487 1488 -0.9546821870473658
1487 1527 -0.220320100431888
1488 1489 -0.8871768510331921
1488 1528 -0.9691063681324028
1489 1490 -0.6708164806302315
1489 1529 -0.10919553280585537
1490 1491 -0.9573916412687145
1490 1530 0.8371939420040617
1491 1492 -0.24066017152053765
1491 1531 0.7552501589848433
1492 1493 -0.24721898558179833
1492 1532 0.430493698472981
1493 1494 -0.868819192442394
1493 1533 -0.07002219282567013
1494 1495 0.9239443603519004
1494 1534 -0.32770616483586656
1495 1496 0.08793175692227595
1495 1535 0.7012806724350844
1496 1497 0.3511116735826063
1496 1536 -0.0611227553430671
1497 1498 -0.8488285251858254
1497 1537 0.991785237182347
1498 1499 -0.5821689562083763
1498 1538 0.2912595649031062
1499 1500 0.8454587834939167
1499 1539 0.4163029378100078
1500 1501 -0.3010146614771507
1500 1540 -0.38438622872718065
1501 1502 0.5629495707344694
1501 1541 0.63248119448968
1502 1503 0.33701864767493417
1502 1542 0.14301784078414803
1503 1504 -0.8892549528031515
1503 1543 -0.18068913338860892
1504 1505 0.06111661644538735
1504 1544 0.2734328561949386
1505 1506 -0.9033694317041068
1505 1545 0.858352978417456
1506 1507 -0.20295472411654947
1506 1546 0.03056206185358379
1507 1508 0.2804239436454259
1507 1547 -0.6770635612970335
1508 1509 0.8617382080749763
1508 1548 0.6443169998351825
1509 1510 -0.6151655692124571
1509 1549 0.7625783866173226
1510 1511 0.7670662802850163
1510 1550 -0.878552865477511
1511 1512 0.4220304899084504
1511 1551 0.8197612112482862
1512 1513 -0.43726656049695745
1512 1552 0.011257238026618044
1513 1514 0.2605284350248471
1513 1553 -0.10517373475554503
1514 1515 0.22634733875985402
1514 1554 -0.8724002864646461
1515 1516 -0.3999938965541239
1515 1555 0.9405943784927862
1516 1517 -0.7809095295061446
1516 1556 0.8941849743894557
1517 1518 0.6270310569130022
1517 1557 0.0439829398637257
1518 1519 0.6785414710901998
1518 1558 0.14021845535922983
1519 1520 -0.6755510772298945
1519 1559 0.5878147945365206
1520 1560 -0.06827921260010772
1521 1522 -0.6619170872042872
1521 1561 0.5339886585672289
1522 1523 -0.6038510042625225
1522 1562 -0.9140624356357874
1523 1524 -0.19527888636126156
1523 1563 0.25785480289914453
1524 1525 -0.2615282541375674
1524 1564 0.8709744692456536
1525 1526 0.5917024390634904
1525 1565 0.6042416609402141
1526 1527 0.9435168274932251
1526 1566 -0.13382878920840224
1527 1528 -0.5931738556996053
1527 1567 -0.835208455537898
1528 1529 0.9496587104319989
1528 1568 0.5122235243795434
1529 1530 0.6769409149101606
1529 1569 0.16858101406018933
1530 1531 -0.5862403272510082
1530 1570 0.9277040475520213
1531 1532 -0.794637841894823
1531 1571 -0.839812866594517
1532 1533 -0.6548783315358968
1532 1572 -0.20229772569408033
1533 1534 -0.4401866011001303
1533 1573 -0.5691924482289077
1534 1535 0.25649650063658913
1534 1574 0.7334355390458518
1535 1536 0.40906781978935447
1535 1575 0.36149591666108827
1536 1537 0.8544854624846969
1536 1576 0.6020076556434666
1537 1538 -0.7252037160121467
1537 1577 0.6401431501181545
1538 1539 0.13373534779109586
1538 1578 -0.02951437209395613
1539 1540 0.27852245952185983
1539 1579 0.4933107125977809
1540 1541 0.289544694831378
1540 1580 0.24784380863561206
1541 1542 0.9512718721443056
1541 1581 -0.6440026366973541
1542 1543 -0.266888500509568
1542 1582 0.32003029062505206
1543 1544 0.19566475571509034
1543 1583 -0.7890587615382432
1544 1545 -0.7829946379365558
1544 1584 -0.06821882647554078
1545 1546 0.7308993112139133
1545 1585 0.3632548170760663
1546 1547 -0.5116288537309479
1546 1586 0.21107504985002
1547 1548 -0.6744594283162795
1547 1587 0.3829151418079828
1548 1549 -0.20793094656588895
1548 1588 -0.014819042501483581
1549 1550 -0.9980003944116826
1549 1589 -0.49848269343713336
1550 1551 0.6409132642192734
1550 1590 0.7109061372694478
1551 1552 -0.9694436486171667
1551 1591 -0.6932702300654476
1552 1553 0.5144217975055858
1552 1592 -0.47598538845200933
1553 1554 0.42694352644781786
1553 1593 0.9579527980916589
1554 1555 0.3138535126046651
1554 1594 0.11063356852033457
1555 1556 -0.454834700331717
1555 1595 -0.44276067795164376
1556 1557 0.6857982190864222
1556 1596 0.22027409874773096
1557 1558 -0.5559766633079684
1557 1597 -0.51494596842573
1558 1559 0.6569540818871493
1558 1598 -0.0493294807429312
1559 1560 0.8425575001754497
1559 1599 0.5332165844067469
1560 1600 -0.6747560726720372
1561 1562 -0.32926830186355205
1562 1563 -0.2325915966822263
1563 1564 -0.09899480981678499
1564 1565 0.17247218798366082
1565 1566 -0.5301193810502443
1566 1567 -0.7303528383244013
1567 1568 0.0328010685907596
1568 1569 -0.6701124686717075
1569 1570 -0.29235965192797564
1570 1571 0.18124244929761724
1571 1572 -0.09795308411874881
1572 1573 0.6941266577168221
1573 1574 0.6608001736281792
1574 1575 -0.07844362957374695
1575 1576 -0.8761369164514994
1576 1577 0.7952750552293044
1577 1578 -0.9908469477139008
1578 1579 0.7995772691701282
1579 1580 0.0781563912361618
1580 1581 0.4259711996595781
1581 1582 -0.053815860879658395
1582 1583 0.16797639334811354
1583 1584 -0.9987011011497919
1584 1585 -0.3653770359509805
1585 1586 -0.643960384507096
1586 1587 0.36523633158992963
1587 1588 0.1402427372858257
1588 1589 0.8546477970019732
1589 1590 -0.7047842160831821
1590 1591 -0.4426016261924657
1591 1592 0.6581390702954761
1592 1593 -0.26171626264373615
1593 1594 -0.44640462686181936
1594 1595 -0.5815338921602382
1595 1596 0.42769393815934054
1596 1597 0.15772948299355982
1597 1598 0.16481966441230878
1598 1599 -0.4012299674911477
1599 1600 -0.630135865517014
