1 2 -0.9792516922286001
1 41 0.0037491842974775036
2 3 0.4695316340723392
2 42 0.11243297360729776
3 4 0.9050223070183414
3 43 0.7065152608324152
4 5 -0.9775843073368702
4 44 -0.9022009333211365
5 6 -0.0015173546250706327
5 45 0.583102020092362
6 7 -0.09041217485156894
6 46 0.9626721648925511
7 8 0.49758962187870925
7 47 -0.9663131829179505
8 9 0.3748685727558443
8 48 0.7088090229408077
9 10 0.18582397466221856
9 49 0.031669125519592445
10 11 -0.27298392435368224
10 50 0.39674349311583
11 12 0.7932466146252157
11 51 -0.30199301327039163
12 13 -0.6272379812098956
12 52 0.8323559573912693
13 14 -0.6155889545096238
13 53 -0.5743722764736836
14 15 -0.7495482810528329
14 54 0.8154714286037643
15 16 -0.6252060668867137
15 55 0.03601334551198976
16 17 -0.21588416601413196
16 56 0.24641749028076254
17 18 0.9248716814886333
17 57 -0.528271505947087
18 19 -0.5933263062319807
18 58 0.6765665511076051
19 20 -0.504452532076235
19 59 0.5679427979774132
20 21 0.2511272174156609
20 60 0.9692826283416607
21 22 -0.32660360798097177
21 61 0.3353529155561199
22 23 -0.9737241459362067
22 62 0.17298876085109405
23 24 -0.7108161613042407
23 63 0.11136480614666566
24 25 0.8480012006968816
24 64 -0.7040147932661844
25 26 0.8004703190678275
25 65 0.9340466158366809
26 27 -0.00868132505817898
26 66 -0.9939758576292381
27 28 -0.03334376583450083
27 67 -0.6895385156371083
28 29 -0.4139485313538762
28 68 0.2961085034929214
29 30 0.46310602455939187
29 69 0.311486553404726
30 31 -0.49455715151590796
30 70 -0.5903262963360367
31 32 0.9175791677716059
31 71 -0.7439318660859568
32 33 0.025550557640121152
32 72 -0.5203755371656442
33 34 -0.0627162115368074
33 73 0.17259403646729243
34 35 0.8269059307254751
34 74 -0.4119168943780367
35 36 0.3271740027235299
35 75 -0.3500900384793919
36 37 0.453690018311103
36 76 -0.5670282266033311
37 38 -0.44763868953890396
37 77 -0.13793371458872605
38 39 0.8987810580578082
38 78 0.06712019929173674
39 40 -0.8563145135745291
39 79 -0.952054147713548
40 80 -0.10986625151323626
41 42 -0.008453413731707826
41 81 -0.7323409420814468
42 43 -0.39473871667998695
42 82 0.941596389626912
43 44 0.7970142119422758
43 83 -0.9488617933352843
44 45 0.29868521303940754
44 84 -0.42255293090845214
45 46 0.8394106330533533
45 85 0.5747778425338728
46 47 -0.9271897094794743
46 86 0.34150895358745004
47 48 -0.14135799999283805
47 87 0.6053518462948095
48 49 -0.07792798599370543
48 88 0.8975995987587106
49 50 -0.17681931969004072
49 89 0.025447354749798645
50 51 0.5019631391131198
50 90 -0.32126080095330956
51 52 0.7982885274396336
51 91 0.9270956262554069
52 53 -0.7144164463954337
52 92 0.7837977389825523
53 54 -0.4996740219043434
53 93 -0.8003874943660705
54 55 -0.7960589524739294
54 94 0.46236152652964946
55 56 0.47959970766634075
55 95 -0.06448567590996124
56 57 -0.27886693160298903
56 96 0.9596106634810397
57 58 0.6799829666539572
57 97 0.9304150742936361
58 59 0.6279871814398046
58 98 -0.42075213127590905
59 60 0.05756235434809076
59 99 0.7808878806139286
60 61 0.7396117594674547
60 100 -0.5719203927103544
61 62 0.16249002672901947
61 101 -0.8387347719779898
62 63 0.07898749139688288
62 102 -0.5982412967852464
63 64 -0.6134635235735066
63 103 0.723833392010419
64 65 -0.7787515311583912
64 104 -0.1749078576949712
65 66 -0.37992521010806724
65 105 0.7562353030170268
66 67 0.13302466892741305
66 106 -0.5739164024632695
67 68 0.6153307369772782
67 107 0.765228019219129
68 69 -0.03049840523460534
68 108 -0.6521901647235953
69 70 0.360219882605018
69 109 -0.6389946234093207
70 71 0.10295571386046021
70 110 -0.19807388786915392
71 72 0.05400699915831941
71 111 -0.8626575572258424
72 73 -0.6247861036706377
72 112 0.07177058349982857
73 74 0.5687329264076715
73 113 -0.7531373051660981
74 75 0.593272558973434
74 114 0.6372223622274129
75 76 -0.7974970074499004
75 115 0.7826059272651693
76 77 0.935420624316905
76 116 -0.4083177656914596
77 78 0.7131111700911343
77 117 -0.27716734678777644
78 79 -0.7722730248644396
78 118 0.17236133761611172
79 80 0.5866923380989677
79 119 -0.41721310945248846
80 120 0.27987744326342856
81 82 -0.7157778290909229
81 121 -0.5628826487478436
82 83 -0.5503147757533917
82 122 -0.7224616860906545
83 84 -0.6871541956431313
83 123 -0.04620369965274573
84 85 0.6888204672141178
84 124 -0.3334062634550692
85 86 -0.4043263321855006
85 125 0.4346701302396254
86 87 0.46943261512914924
86 126 -0.790226003524388
87 88 -0.7038202035378596
87 127 0.5128694640724163
88 89 0.9707766921198362
88 128 -0.7623675395343752
89 90 -0.8846421632619272
89 129 -0.46446405286295067
90 91 0.5530679607437272
90 130 -0.0032044699150077793
91 92 0.5424597633706483
91 131 -0.08812919732170044
92 93 0.027590832451312775
92 132 0.586220693604647
93 94 -0.7414599924965579
93 133 0.47191636072282295
94 95 0.6595759058999799
94 134 0.3835623011206768
95 96 0.85262718034068
95 135 0.8045722219651472
96 97 -0.05007800101263071
96 136 -0.11070522710663488
97 98 -0.0389730460517248
97 137 0.9356395254628591
98 99 0.08465863997927592
98 138 0.8136559053013781
99 100 0.3985172793709919
99 139 -0.6839640266611613
100 101 0.30011573817577464
100 140 0.6807675806859341
101 102 0.7214615685069921
101 141 -0.40360880742606997
102 103 -0.3932108018259197
102 142 0.21448544508720468
103 104 -0.1123033426293445
103 143 -0.8337486005479144
104 105 0.12300557128810774
104 144 0.8736473387541401
105 106 0.5779450146513401
105 145 0.11039059387996297
106 107 0.9638878572054774
106 146 0.5218788235162699
107 108 0.6881457194675289
107 147 -0.7738368903324495
108 109 0.06192893447446979
108 148 0.792767240282475
109 110 -0.40803390217993174
109 149 -0.8091926545755428
110 111 0.4685007502565186
110 150 0.2268954139528947
111 112 -0.7660070800709586
111 151 -0.9413816551703595
112 113 0.5619428066569325
112 152 0.7549662130331476
113 114 -0.06502093910498297
113 153 -0.5408313722758631
114 115 -0.5747293847350796
114 154 0.6361360024076044
115 116 0.8708271892260928
115 155 0.3331240992033915
116 117 0.6152397949601327
116 156 -0.47576264794510315
117 118 0.6614021476495859
117 157 0.17260221658326635
118 119 0.11694451108244497
118 158 -0.01678293957396182
119 120 -0.24561493513099864
119 159 0.6344729094632637
120 160 -0.4902607337483429
121 122 -0.16298363897909507
121 161 -0.5037976631728818
122 123 0.22986495072443747
122 162 -0.016142121430507528
123 124 0.4694436820266632
123 163 -0.28738104535008446
124 125 0.8426139898011218
124 164 -0.7372266059190555
125 126 0.2301135955540019
125 165 0.6826460446975449
126 127 -0.47756595918997835
126 166 -0.049754820411819
127 128 -0.3026080914184872
127 167 -0.9138400470654151
128 129 0.09316681877834854
128 168 0.1982067862329937
129 130 0.6014772662316501
129 169 0.8658138625336882
130 131 -0.0966933688017273
130 170 0.8392498577283805
131 132 0.8932256267163099
131 171 -0.561730476180992
132 133 -0.2207684566948962
132 172 0.6022687261258539
133 134 0.15631448655147784
133 173 0.7458415719834111
134 135 -0.6009977442869636
134 174 -0.3273355742041546
135 136 0.25460076586046787
135 175 -0.11043287141386982
136 137 -0.4270008936750924
136 176 0.7408751374470657
137 138 -0.5707885443892209
137 177 -0.5420374082009465
138 139 0.4095986684282693
138 178 0.9075388734616694
139 140 0.41141698590721676
139 179 0.5124196062773947
140 141 0.6914689592595993
140 180 0.4153719213518621
141 142 0.4704205076801167
141 181 0.14430585116012873
142 143 0.3840674029684945
142 182 0.26523906189544366
143 144 0.9910463296266967
143 183 -0.758891032291612
144 145 0.7857333964573072
144 184 0.3553926328912105
145 146 -0.18325350902216475
145 185 -0.30163129210505346
146 147 -0.8382712517547124
146 186 -0.5273708164887227
147 148 0.7792176177366923
147 187 -0.09957111930304041
148 149 -0.11725251837270045
148 188 0.05184820481395147
149 150 0.8323068076237419
149 189 -0.09735318541218585
150 151 0.5414487736953653
150 190 -0.9144659755416482
151 152 0.21065731235556573
151 191 0.5802968213640136
152 153 0.17218291109217265
152 192 0.5792055340784659
153 154 0.8850961725251123
153 193 0.08777206125326042
154 155 0.5413251159994756
154 194 0.6917564603619373
155 156 -0.728977793625069
155 195 0.9105599208995496
156 157 -0.6611662230404161
156 196 0.2959106607026125
157 158 -0.5514120943673666
157 197 0.5685752983661809
158 159 0.44278012020893964
158 198 -0.6563379783366983
159 160 0.7325340432203795
159 199 -0.7293390741971533
160 200 0.7059337716329492
161 162 -0.8318806976692998
161 201 -0.3090027198991998
162 163 -0.633694532693559
162 202 -0.7813789696706006
163 164 0.12890726535496233
163 203 -0.9090610036942948
164 165 0.09800997653418797
164 204 -0.4111309972543684
165 166 -0.19086405492309466
165 205 -0.09327730019949287
166 167 -0.597809849604638
166 206 0.865366007788891
167 168 0.4489819434982161
167 207 0.7152763165403346
168 169 -0.9701393390126476
168 208 -0.7051083867260326
169 170 -0.9759940107734655
169 209 -0.9661449994232851
170 171 0.11007585215286464
170 210 0.31228192721540315
171 172 0.8513926816542774
171 211 0.5683065340506945
172 173 0.1558368608570182
172 212 -0.17780985322101195
173 174 -0.9512715556991156
173 213 0.08361341555132551
174 175 -0.8059795956917539
174 214 0.04958454123705258
175 176 -0.618025161239915
175 215 0.4361872906300457
176 177 0.1771091898250543
176 216 -0.9136200246847617
177 178 -0.4598284437934821
177 217 0.7380140292728015
178 179 -0.5036085090505558
178 218 0.9825996640613259
179 180 0.1753656715445906
179 219 0.96282655777236
180 181 0.2764046134621738
180 220 0.39955556191147523
181 182 0.013192440011116968
181 221 0.38023047743740546
182 183 -0.5696040524290338
182 222 -0.2322149452350728
183 184 -0.2676094494449106
183 223 -0.7312860609476504
184 185 -0.8809365611181799
184 224 -0.6430889407561478
185 186 0.6187886200651349
185 225 -0.30075285217145975
186 187 0.21718271020208868
186 226 -0.6659554980301654
187 188 -0.2703174767630263
187 227 0.153705376016942
188 189 0.04149016381549098
188 228 -0.8265345238119015
189 190 -0.6030843951373179
189 229 0.6183870134297471
190 191 -0.9892857178818943
190 230 0.8785800543778421
191 192 -0.9267206648443767
191 231 0.11343883886259509
192 193 -0.40566344159476997
192 232 -0.6233448181937609
193 194 -0.08448345047350148
193 233 -0.7530936254823808
194 195 0.7129770394995691
194 234 0.8435221357097344
195 196 0.029152723044301165
195 235 0.7269030686348668
196 197 0.07137645690669947
196 236 -0.44291277240147275
197 198 -0.29915933750349133
197 237 0.7817425399173772
198 199 0.6487700518977231
198 238 -0.5612510771825594
199 200 0.48843507563630384
199 239 0.32846559323774693
200 240 -0.6303104186008464
201 202 -0.6664473069353571
201 241 0.7571181710653181
202 203 0.07915104984684773
202 242 -0.4214014369035124
203 204 0.28088261119926616
203 243 0.36241276161566116
204 205 0.6123064036782788
204 244 -0.32464679223741877
205 206 -0.8124708309994622
205 245 -0.5627126891240024
206 207 0.4324892602674799
206 246 -0.7978174062186592
207 208 0.9541339990795747
207 247 -0.6960082294385626
208 209 0.4857892201128873
208 248 -0.25412432199458523
209 210 0.8613346114868954
209 249 0.6909398167234635
210 211 -0.544534885667086
210 250 -0.30610121329828166
211 212 0.22055368448620372
211 251 0.7103293289531896
212 213 -0.22899705775319124
212 252 0.8471792062743566
213 214 0.6116528711345603
213 253 0.21343762971604097
214 215 -0.06505872600216067
214 254 0.49662899659498105
215 216 0.5512413824581033
215 255 0.0041079724606629675
216 217 0.38295232524903966
216 256 -0.23309289732338856
217 218 -0.8225452255920114
217 257 0.09435205727683238
218 219 -0.7875845595170732
218 258 0.269683892873011
219 220 -0.4489676770937352
219 259 0.05504878049629758
220 221 -0.5019428840327051
220 260 -0.10897321785634162
221 222 0.33483805040959225
221 261 0.3340475064087418
222 223 -0.7889282121559995
222 262 -0.9078347390302994
223 224 -0.193932967172586
223 263 -0.5016038379672279
224 225 -0.8657898093587137
224 264 -0.8117979514603719
225 226 -0.09583133002740585
225 265 -0.8176961128439009
226 227 -0.08198427180389922
226 266 0.6289595827729448
227 228 0.7545358276689971
227 267 -0.6130581023888257
228 229 0.3167676015147991
228 268 0.850194683850751
229 230 0.7270456244117618
229 269 -0.6298330404802159
230 231 -0.11253916387157625
230 270 -0.03868959382772852
231 232 -0.1887781151308736
231 271 -0.8829295460051061
232 233 -0.7621768159487481
232 272 0.3216598298314648
233 234 0.33223284722342594
233 273 0.12081134719435749
234 235 0.4239077913435032
234 274 0.7442898234636401
235 236 -0.8675253088849453
235 275 0.692323679630374
236 237 -0.0816673751369641
236 276 -0.7124486212073122
237 238 0.44706807612036736
237 277 0.05081951449695321
238 239 -0.8467213305773242
238 278 0.43698702605802797
239 240 0.4214801573961269
239 279 0.7139337282292688
240 280 0.18017596747104614
241 242 0.901928063253433
241 281 -0.9225032483353603
242 243 -0.7938918963077533
242 282 -0.018796903651368657
243 244 -0.20872504977903694
243 283 -0.7266539793235502
244 245 -0.7579411986895399
244 284 -0.08880492723961608
245 246 0.05868498218362728
245 285 0.05773265431141916
246 247 0.7477030247811935
246 286 -0.4235910176616229
247 248 0.1830236608304172
247 287 -0.4553213124442572
248 249 0.627639797610094
248 288 0.985777628974893
249 250 -0.013148261398509886
249 289 0.883269125457949
250 251 -0.05558744735048382
250 290 0.22612519033056344
251 252 -0.3061475560224427
251 291 -0.7222628272421743
252 253 0.7239341702812467
252 292 0.05320212542308034
253 254 -0.5399041065324954
253 293 -0.966791827253572
254 255 -0.14208578738245414
254 294 0.19131048764125946
255 256 0.48515926625219974
255 295 0.6351722993540927
256 257 -0.10204806781764719
256 296 -0.15756644211673732
257 258 -0.9985760624595355
257 297 -0.7686974185737037
258 259 -0.9546195088882723
258 298 0.44310132015064796
259 260 0.7546144234942971
259 299 -0.9529526137700237
260 261 0.6013945907784874
260 300 0.38761708160916464
261 262 0.8543694668041837
261 301 -0.9011237539423913
262 263 -0.31592131891092623
262 302 0.29406843921997616
263 264 -0.9107107053206638
263 303 0.3635787916842339
264 265 -0.18418535685195314
264 304 0.18682961731214087
265 266 0.3603514251620261
265 305 -0.46085464859899816
266 267 -0.9331744281703385
266 306 -0.1671495246877026
267 268 0.4140772958757444
267 307 0.696598312682337
268 269 0.28788554513495557
268 308 0.7742764213769646
269 270 -0.0720057711391826
269 309 -0.38726003211803484
270 271 -0.8329986076716198
270 310 0.36005755398804373
271 272 -0.13840392808055757
271 311 0.597389397301431
272 273 0.7059551065099536
272 312 0.7136822998041641
273 274 0.4540063081577663
273 313 0.7753861838516829
274 275 -0.19996134561784595
274 314 0.5549359795850008
275 276 -0.9173480154694535
275 315 0.3929768129268538
276 277 -0.02186026074111025
276 316 0.6333562728498652
277 278 0.40504235067528893
277 317 0.580688967142956
278 279 0.01962371127250173
278 318 0.6062270882552125
279 280 -0.5387138865441026
279 319 0.4923745786707763
280 320 -0.036729878112301995
281 282 0.398214782797522
281 321 0.1455196311388185
282 283 0.2641833694649103
282 322 -0.9240615661461036
283 284 -0.16708449568083594
283 323 0.4769256683127827
284 285 -0.5002366671063345
284 324 0.4904662090967875
285 286 0.42615289944774726
285 325 -0.4272149471146096
286 287 -0.19036084795726316
286 326 0.23930678096771363
287 288 0.7675800427483255
287 327 -0.8171755240042655
288 289 0.17319560728056915
288 328 -0.9584591836674234
289 290 -0.4993285152595892
289 329 -0.36735208560431887
290 291 0.4664616792319045
290 330 0.6864682347884037
291 292 -0.9781816334099793
291 331 -0.24422711857317392
292 293 -0.45738211521995864
292 332 0.07986410060523808
293 294 0.4691034495318145
293 333 0.611629873862976
294 295 -0.5460110292743663
294 334 -0.5852019747704817
295 296 0.508284277166273
295 335 0.7395533712931492
296 297 -0.1886771467325794
296 336 0.7531386587934175
297 298 -0.33935832979233527
297 337 0.943699129253722
298 299 -0.970731440369194
298 338 -0.23157447549297583
299 300 -0.004938525097095026
299 339 -0.24916164321456624
300 301 -0.7098523993755754
300 340 0.1436606595365948
301 302 0.10056711613656377
301 341 -0.7610584695840281
302 303 0.2974235740839859
302 342 -0.3796294092341381
303 304 0.9952204467143653
303 343 -0.747977049173681
304 305 -0.6468094709137688
304 344 0.18286830095225093
305 306 -0.46229996220061764
305 345 0.6024797454021442
306 307 -0.6328763261359691
306 346 -0.2767414184292667
307 308 -0.6652036279044085
307 347 -0.7419729737863565
308 309 0.4424292912309078
308 348 0.23578105729651666
309 310 0.9173900093478526
309 349 0.2783336750615484
310 311 0.9655403360056185
310 350 0.5877543571318298
311 312 -0.038119815207009244
311 351 0.258214782846071
312 313 -0.09829517475509086
312 352 -0.818148394708686
313 314 0.4000442311451782
313 353 0.3150696278616649
314 315 0.4342738386350733
314 354 -0.34307938680488226
315 316 0.16408396571404382
315 355 -0.37785129643127924
316 317 0.262638995815653
316 356 -0.4115731283043642
317 318 -0.028123494234251645
317 357 -0.7432331072558209
318 319 0.1266830214889949
318 358 -0.2715108796978898
319 320 -0.8038757391532245
319 359 0.8055522841691443
320 360 0.42293717193886304
321 322 0.7960142364502991
321 361 0.33379794583927325
322 323 0.00021584088351844777
322 362 -0.8329131401411094
323 324 0.16861527151380318
323 363 0.7668664521699382
324 325 0.47184009397483995
324 364 -0.9795902866680974
325 326 -0.7678563377735725
325 365 -0.6254967690025655
326 327 -0.010505869724930283
326 366 0.07113182155958286
327 328 -0.6377187444826578
327 367 -0.8433692899724685
328 329 -0.6900594230266741
328 368 0.3277327308451192
329 330 0.8843342644158556
329 369 -0.3266920308998309
330 331 0.4049997061696715
330 370 0.22343064579692284
331 332 -0.1308583808735091
331 371 0.45612647760709923
332 333 0.37053966746869693
332 372 0.24027229433630204
333 334 -0.8742048026614775
333 373 -0.09654231830492432
334 335 -0.782904882188246
334 374 -0.6635843542651314
335 336 0.02197638844428207
335 375 -0.2337070769547489
336 337 0.6119490301529358
336 376 -0.8027582026523126
337 338 0.7990095362593608
337 377 0.3736042155321124
338 339 0.3793827807872219
338 378 -0.9230896713181698
339 340 0.5193078715611559
339 379 0.21036317601162158
340 341 0.41258614565293605
340 380 0.7579704344363065
341 342 0.7719230437966498
341 381 0.9074350340815105
342 343 -0.6685383697216107
342 382 0.6541896517647383
343 344 -0.3351338817077114
343 383 0.12836053790867985
344 345 0.9504465220230811
344 384 -0.17567565204710545
345 346 -0.2482260580012734
345 385 0.32007223834645004
346 347 0.23077479568506787
346 386 0.06800452836839388
347 348 -0.5660432749019662
347 387 -0.622116044082414
348 349 -0.34154250878205894
348 388 0.2501865768096172
349 350 0.8038849855971044
349 389 0.42825523255664
350 351 0.3230635876337935
350 390 0.18469700859421478
351 352 -0.46204717638556625
351 391 0.9814351823521983
352 353 -0.7915040022966326
352 392 -0.8031689469657379
353 354 0.07436899935136809
353 393 -0.22841182475920063
354 355 0.042609932932466066
354 394 0.6014582377168651
355 356 -0.41334205472835905
355 395 0.6019434597335445
356 357 0.21564877313119868
356 396 -0.5813198386561307
357 358 -0.27973502681519213
357 397 -0.06437960192401504
358 359 0.6673843104751849
358 398 0.26065004848096374
359 360 -0.5342778640174215
359 399 -0.850322726370885
360 400 0.36040699547454724
361 362 0.09567556609296313
361 401 0.4048548481361105
362 363 0.5826364694887518
362 402 0.5160720498455427
363 364 0.15749922264117466
363 403 -0.6440590794161536
364 365 -0.9940160608941606
364 404 0.8360128354335017
365 366 -0.13256178297588894
365 405 -0.6289152546286516
366 367 0.8818737850586427
366 406 -0.2258803009099133
367 368 -0.4070519236392136
367 407 0.9060023460672602
368 369 0.5394627468424302
368 408 -0.9814432879364718
369 370 0.9574890612032065
369 409 -0.7167548175990865
370 371 -0.029723867753347122
370 410 -0.1699497263171803
371 372 -0.6591346760210628
371 411 -0.17441921534843963
372 373 0.21535182534562924
372 412 0.530633037459423
373 374 -0.40039196807482913
373 413 -0.04229249596334239
374 375 -0.9524360088260082
374 414 -0.23522027774184884
375 376 0.9628401135177191
375 415 0.8259085665864907
376 377 -0.9431310099003598
376 416 0.2409642533530989
377 378 0.9280004159508854
377 417 0.8096033803960865
378 379 -0.7012174672507976
378 418 -0.45907297701316163
379 380 -0.1840859654296818
379 419 0.4964609588991813
380 381 0.4657067651061484
380 420 0.19467393524581778
381 382 -0.07386780083603761
381 421 0.05690418379968354
382 383 0.877158881013612
382 422 -0.2105912939892991
383 384 -0.5207305515707592
383 423 -0.5080992763677625
384 385 0.8465740301988178
384 424 -0.9605586932424726
385 386 -0.13149415665471742
385 425 -0.16477540271798952
386 387 0.35565078367489855
386 426 0.6976602516797517
387 388 -0.0001856108638258469
387 427 0.8006142856499405
388 389 -0.24440633054548577
388 428 0.9977278743033762
389 390 -0.13219815004601632
389 429 -0.29382365414359835
390 391 -0.33474164457759725
390 430 0.7131809429147156
391 392 -0.12142691536503292
391 431 0.18481645537960123
392 393 0.42654818118230975
392 432 -0.4095535148677938
393 394 0.4765145253621865
393 433 0.8415666688063823
394 395 -0.1641941428308884
394 434 -0.6820873348015541
395 396 -0.21392333264878038
395 435 -0.8780455845956232
396 397 -0.4146672742460773
396 436 0.8742083290482698
397 398 -0.8830925611595277
397 437 0.8584843764229488
398 399 -0.5617953474827677
398 438 -0.45183025307876257
399 400 -0.8329272992971042
399 439 0.06785697873620644
400 440 -0.21706471137815253
401 402 -0.22704566077066923
401 441 0.38887735552891645
402 403 -0.4754535583940962
402 442 -0.7982828179095567
403 404 0.18350338613528439
403 443 -0.8922445126472729
404 405 -0.3542498783492021
404 444 -0.4072419088092045
405 406 -0.7530684634953968
405 445 0.4500508616516756
406 407 0.04269923509368234
406 446 -0.6135707268766715
407 408 -0.2656831666443342
407 447 0.12201144301415878
408 409 0.27111608859442726
408 448 0.07174740404299262
409 410 0.21757518000075282
409 449 0.21128349805481617
410 411 0.5633448084283419
410 450 -0.03691712301396888
411 412 -0.06360079650647865
411 451 0.744488077074273
412 413 -0.46971804764850167
412 452 0.641803085672354
413 414 0.5377661477165472
413 453 0.12945744276779747
414 415 0.9818746441821355
414 454 0.6892840307642703
415 416 0.7995981778479355
415 455 0.695508690653575
416 417 -0.44549597582961753
416 456 0.2134934717129764
417 418 0.9530590153702474
417 457 0.3055007323998409
418 419 -0.6580938588553538
418 458 -0.0844503477437204
419 420 -0.4016877552856264
419 459 0.29366675262983866
420 421 0.7013524222726075
420 460 -0.8802226359060872
421 422 -0.6312825959889803
421 461 -0.6816231612111299
422 423 0.5041983440293376
422 462 -0.5297944456562951
423 424 -0.7050543835189746
423 463 0.19822491109797435
424 425 0.37535726898491406
424 464 -0.5375778091231214
425 426 -0.2868469553439801
425 465 -0.3898019977281164
426 427 -0.8402966181063958
426 466 -0.9021579221962326
427 428 -0.7187336755213578
427 467 0.0683843781729283
428 429 0.4131468004628267
428 468 -0.6125572288278835
429 430 0.014198746475864832
429 469 0.1610865887318984
430 431 -0.8350113375349586
430 470 -0.5066980908318464
431 432 -0.939350704762373
431 471 0.7515771865970482
432 433 0.4774494050980129
432 472 -0.02008083257699722
433 434 -0.7802203517426161
433 473 -0.3084321627688338
434 435 -0.45340042902038546
434 474 0.9778869130299943
435 436 0.8976453295073279
435 475 0.5604259180567881
436 437 0.023749280416949015
436 476 -0.5841437434649615
437 438 -0.8795489111343153
437 477 -0.604201989367529
438 439 0.18476371402460812
438 478 -0.3079086179877346
439 440 -0.9265469935195421
439 479 -0.18547703310211539
440 480 0.10349289041443477
441 442 0.6497409290010963
441 481 -0.06866304926546829
442 443 0.8343854123208669
442 482 0.03492048353766086
443 444 0.4868262657543123
443 483 -0.5979246770425579
444 445 -0.4581477197327548
444 484 -0.5085521112677911
445 446 0.8203355112265189
445 485 -0.878176017053856
446 447 -0.9326768524014721
446 486 0.04146275411898781
447 448 -0.20751018971163226
447 487 0.9611963380641486
448 449 -0.737655890253027
448 488 -0.8303620578023212
449 450 -0.6777139254202513
449 489 -0.5945799200013828
450 451 -0.6534177168349293
450 490 -0.4929599508269511
451 452 -0.4677440543764002
451 491 0.045185169883770415
452 453 -0.3994605940980491
452 492 0.8167122815313157
453 454 -0.23580209202781588
453 493 0.40806454725844654
454 455 0.8763089441691132
454 494 -0.15920648256746572
455 456 -0.804106789194442
455 495 -0.18459932293855497
456 457 0.6489826201678905
456 496 0.42231256793927563
457 458 0.7736194509363923
457 497 0.4789599595694536
458 459 -0.8359408262312293
458 498 0.4012775471745895
459 460 -0.8823760624825581
459 499 -0.03758005714030577
460 461 0.17805962727107105
460 500 0.12551245404546485
461 462 -0.8489432703540478
461 501 -0.8621622422950934
462 463 -0.6485945494011318
462 502 -0.7309939395562943
463 464 -0.6988742629289024
463 503 -0.4891648394700654
464 465 -0.9500819275582704
464 504 0.3066241776589236
465 466 -0.06085732495903451
465 505 0.8129321565315335
466 467 0.459017756822921
466 506 -0.4987863669254826
467 468 0.6875195998640562
467 507 0.2531818148252807
468 469 -0.07495645116145844
468 508 0.6739148270725162
469 470 0.3067686649073793
469 509 -0.20955543203207028
470 471 0.8249423632799853
470 510 -0.73808704651002
471 472 -0.27378071993401654
471 511 -0.7978253617184476
472 473 0.3099048263947677
472 512 0.9048690384161922
473 474 0.43782420127290345
473 513 0.7420010917420228
474 475 0.7076091823258666
474 514 -0.7574417852993194
475 476 -0.42625234718435556
475 515 0.0099983642555721
476 477 -0.9757886692585922
476 516 0.05075604610140494
477 478 -0.37543801689752354
477 517 0.4365119972883331
478 479 0.16888166084035117
478 518 0.5761774965959696
479 480 0.48818728809229306
479 519 0.3102090223308134
480 520 0.29821521449423405
481 482 0.8810488190533121
481 521 0.6074795400246356
482 483 -0.7329206481531327
482 522 -0.7749137719132868
483 484 0.8093506849441074
483 523 -0.05286423951767838
484 485 0.5507386217956474
484 524 -0.47352304010876356
485 486 -0.9163511518085763
485 525 -0.4285721643533247
486 487 -0.8001131767015
486 526 0.3546073965914964
487 488 0.4306773959803021
487 527 0.6834074592275725
488 489 0.9068534509112098
488 528 0.918457506586597
489 490 -0.18485024367562586
489 529 0.0014145117920973949
490 491 -0.5149762635991468
490 530 0.6302282240095138
491 492 -0.8367924262970037
491 531 -0.5725147517103164
492 493 -0.3443410901733297
492 532 -0.5017927811239751
493 494 0.1890510316329732
493 533 0.7470522934302581
494 495 0.8351778725917092
494 534 0.2419522711383819
495 496 -0.5716360051935649
495 535 -0.932660492525679
496 497 -0.2770653652496462
496 536 0.27040626405342816
497 498 0.879316947603773
497 537 0.8956873034411741
498 499 0.5996541667300641
498 538 0.25501132288985806
499 500 -0.4186690987385029
499 539 -0.21086728362927198
500 501 -0.013388536402617612
500 540 0.7262040271443706
501 502 0.9053077036680872
501 541 -0.7137194273664895
502 503 -0.7902488562558392
502 542 -0.3234639683145184
503 504 -0.0504661507769224
503 543 0.09306185646980891
504 505 0.6243847189398086
504 544 -0.2259979205555318
505 506 -0.6149991258508511
505 545 0.412778364969985
506 507 0.8752195598785482
506 546 0.6841286440285912
507 508 0.09310591449450234
507 547 0.18014643635780114
508 509 0.8800628464020146
508 548 -0.40946734457498346
509 510 -0.410236406081119
509 549 0.9393912299142431
510 511 -0.7889183163166833
510 550 -0.0039461918756762415
511 512 0.04480289574791052
511 551 -0.3413392689377641
512 513 0.7599792688004547
512 552 -0.6903398679053154
513 514 0.4642302947496475
513 553 -0.43607633308327465
514 515 -0.6300215675701928
514 554 0.13183320893768502
515 516 0.8025381107960825
515 555 -0.5308526627263335
516 517 -0.018367835846473612
516 556 0.19645376875011267
517 518 0.9095511059871166
517 557 0.5585933567355867
518 519 -0.006662709707962566
518 558 0.334589133818157
519 520 -0.6811111235344718
519 559 0.8831467336641343
520 560 -0.5218836443646484
521 522 0.966718496448665
521 561 -0.6607274848324658
522 523 0.6832822968281542
522 562 0.09214947306084276
523 524 -0.11669363167814573
523 563 -0.7278405957886007
524 525 0.43797422788863005
524 564 0.3465775520077994
525 526 0.15928712254934063
525 565 0.8765228262299485
526 527 -0.5348411504175228
526 566 0.016133876463578556
527 528 -0.7450641540301064
527 567 0.8736415706275447
528 529 -0.3625468405658414
528 568 -0.21192360297689294
529 530 -0.33733399671086506
529 569 0.34353948284131053
530 531 0.9946234244692334
530 570 0.61184591138146
531 532 -0.5822880923942841
531 571 -0.25084162503417073
532 533 0.5521346212215361
532 572 -0.7732996629624782
533 534 -0.6504285430639216
533 573 -0.09641088451387803
534 535 -0.709377454061437
534 574 -0.22611090063963069
535 536 0.037714178505382945
535 575 0.4584991704279697
536 537 0.6664872800664927
536 576 0.04643274978287981
537 538 -0.6299190682884783
537 577 -0.6337260988586058
538 539 0.3076126564037882
538 578 0.17493035552132086
539 540 0.6305952701778001
539 579 0.5701128805055451
540 541 0.35550144076596135
540 580 0.07119670794326294
541 542 -0.7743501318510833
541 581 0.31203100835399655
542 543 -0.8828754728820802
542 582 0.8374570944779935
543 544 -0.6031653775921755
543 583 0.4404451603959991
544 545 0.35594256803411417
544 584 -0.8110763011540247
545 546 -0.9677806663391377
545 585 -0.6434632422488278
546 547 0.7147095984818337
546 586 -0.19330992564505967
547 548 0.3073768923443059
547 587 0.24993404227915605
548 549 0.41346602123863385
548 588 0.6469385932546878
549 550 0.42173217750170333
549 589 -0.6434232455873035
550 551 -0.07349623035954589
550 590 -0.17994098975690398
551 552 -0.9937420657462634
551 591 -0.26056936374024264
552 553 0.0031212368048583183
552 592 -0.9925919576067297
553 554 -0.3585308294331253
553 593 0.0076012900055091315
554 555 -0.23956342469777225
554 594 -0.5984519208670693
555 556 -0.8480246608489423
555 595 -0.5848263701472414
556 557 -0.3416900729573884
556 596 -0.7517219524979599
557 558 -0.04087816085354756
557 597 0.04373145181026694
558 559 -0.8473087639713504
558 598 -0.15652842404180922
559 560 0.2523413768398002
559 599 0.47313107709527813
560 600 -0.5177582065818225
561 562 0.04216942291959458
561 601 0.8910348339524814
562 563 -0.4779668337049441
562 602 0.15165103563972782
563 564 0.6153911951015947
563 603 0.8340575149633946
564 565 0.1010675896731521
564 604 0.3655460523720244
565 566 0.16337048069795612
565 605 0.35996751698659746
566 567 0.6309346926668788
566 606 0.3888853126530949
567 568 -0.45095742611098855
567 607 0.3751963066728019
568 569 -0.7778162250555491
568 608 -0.5023996037151219
569 570 0.8953470385772391
569 609 0.7102441585533863
570 571 0.43348351068334257
570 610 0.20224721383292965
571 572 0.49453203828930814
571 611 0.04801515158482417
572 573 0.5163470161902033
572 612 0.04520732650609194
573 574 0.24157207992049234
573 613 -0.32296596644028885
574 575 -0.30678554455386897
574 614 -0.7986283624534691
575 576 -0.3774853699529961
575 615 -0.1368163531002975
576 577 -0.46536747577850046
576 616 0.9087945503129513
577 578 -0.587269132197104
577 617 0.308318446751227
578 579 -0.16331746233445976
578 618 -0.8712211008434443
579 580 -0.10594136791792264
579 619 -0.07588503000700508
580 581 -0.4267691216661298
580 620 -0.825645935877596
581 582 0.4658062907653522
581 621 -0.6974202484502832
582 583 -0.8922198991501191
582 622 -0.8816339204981944
583 584 -0.2854640340378547
583 623 -0.5631987057738306
584 585 0.7614244231311025
584 624 -0.8098445887968075
585 586 0.7567719966400452
585 625 0.15801829504757792
586 587 0.7497170158550375
586 626 0.6534238449313614
587 588 -0.4786938848703204
587 627 -0.4382697771933206
588 589 -0.676375566892544
588 628 -0.7176367413690579
589 590 -0.807181550005436
589 629 -0.2793436352251477
590 591 -0.5265583025149057
590 630 -0.7060385327235528
591 592 0.6687695030093916
591 631 -0.8752216386505316
592 593 0.2936255609035838
592 632 0.7736798413983061
593 594 -0.9951970064688147
593 633 -0.10614041588133727
594 595 0.9136933221695229
594 634 -0.33949713518560376
595 596 -0.5723865836011197
595 635 -0.17747338957023695
596 597 -0.5988040108136052
596 636 -0.5850580529730824
597 598 -0.505930617371142
597 637 0.7975746239605432
598 599 0.12985546377783352
598 638 0.34421089260981996
599 600 0.602380156620721
599 639 0.10373663360652996
600 640 0.7311802952729975
601 602 0.2990809263209524
601 641 0.7216638464513934
602 603 -0.37229478644415526
602 642 0.5832463706134832
603 604 0.38917698411407065
603 643 0.33508891785123507
604 605 -0.6519341497999465
604 644 -0.07096386073320438
605 606 0.29995748781299425
605 645 0.8910091778820137
606 607 -0.14539335315707214
606 646 0.36363398596471774
607 608 -0.40530103204588164
607 647 0.2984141577351238
608 609 -0.35345103805462674
608 648 0.38210503980369936
609 610 -0.6506940025547834
609 649 0.016596666023864337
610 611 -0.23626186314068987
610 650 0.4093587188517118
611 612 -0.2740199780546335
611 651 -0.1938074104828862
612 613 0.3080761191405337
612 652 -0.14906529439457117
613 614 0.16574165586347966
613 653 -0.8598674554471568
614 615 -0.7467552318761337
614 654 0.3237956985883974
615 616 -0.401532893192166
615 655 -0.0373773762326588
616 617 -0.627137862659799
616 656 -0.598351989316499
617 618 -0.3805471956436377
617 657 0.8861674552360939
618 619 0.6139506387717051
618 658 0.8945132036415355
619 620 0.5804713894062468
619 659 -0.09491770487116713
620 621 -0.9896410885808347
620 660 0.6806371741712287
621 622 -0.2231900814987946
621 661 -0.8468688023024011
622 623 -0.5145336049922375
622 662 0.20011389463129903
623 624 -0.4275039749216816
623 663 0.1766887403671764
624 625 -0.6514019285647576
624 664 -0.1774486540000868
625 626 0.22761080261231958
625 665 -0.6315944220282124
626 627 0.5012825230533944
626 666 -0.8274122534615933
627 628 0.21260028474732118
627 667 0.49502392322475974
628 629 -0.9559569893604063
628 668 0.1935719751445295
629 630 -0.12969374105297637
629 669 -0.6126912419517958
630 631 -0.7238763528899226
630 670 -0.2283957522806046
631 632 -0.04972753473607594
631 671 -0.03612261358770508
632 633 0.5548260099678692
632 672 -0.010907324703419263
633 634 0.38866748269892537
633 673 0.19321069096196308
634 635 -0.2791650421927798
634 674 0.7483478682003484
635 636 -0.778177777358231
635 675 -0.944191366656125
636 637 -0.5960249877421377
636 676 -0.284164672167984
637 638 0.9140071002861263
637 677 -0.24071951968820726
638 639 0.6426609011924755
638 678 -0.46084129745420643
639 640 -0.9675099705614452
639 679 0.13931830572826165
640 680 0.14374717486970123
641 642 0.9416920241804503
641 681 -0.6289166261310786
642 643 -0.013818563194082367
642 682 0.9303163669200931
643 644 0.4132355297195571
643 683 0.48962720251491976
644 645 -0.01208217814440693
644 684 -0.9451774635357784
645 646 0.7134173598140072
645 685 -0.27798414854811804
646 647 -0.35785384476853976
646 686 0.8190816331669302
647 648 -0.9283041544528998
647 687 -0.21953326857511613
648 649 -0.14207732158430986
648 688 0.2496498295616867
649 650 0.9884697041964221
649 689 -0.07252729550155612
650 651 0.08399869078945588
650 690 -0.3249565119567437
651 652 0.8723637507770605
651 691 0.10565580500645311
652 653 -0.22423956275480772
652 692 0.8239293900486349
653 654 -0.8009238332458466
653 693 -0.050422842823583336
654 655 0.03177083870105446
654 694 -0.5823128208670139
655 656 -0.48685221199668804
655 695 -0.3961511010704537
656 657 -0.3458921158412853
656 696 -0.9310356778244979
657 658 -0.20296905558216416
657 697 -0.48462186723751
658 659 0.19938553419410798
658 698 0.38536352738356205
659 660 -0.22547358472611645
659 699 -0.9815407143728989
660 661 -0.3650537812677348
660 700 -0.021206857008043478
661 662 0.23887623327556629
661 701 0.09082163736434445
662 663 -0.13127269003822528
662 702 0.06413115152130988
663 664 -0.07686250466887512
663 703 -0.2489590950301408
664 665 -0.7105124555366658
664 704 0.3052450934869999
665 666 0.03350491128014088
665 705 -0.048822982880714516
666 667 -0.41595925433958847
666 706 -0.6846048675926604
667 668 -0.9325341069937019
667 707 -0.9644149980813417
668 669 0.4469900922661585
668 708 -0.954447628175118
669 670 -0.7764983005977222
669 709 -0.4608180640071984
670 671 -0.08994084432718252
670 710 -0.5076067290442268
671 672 -0.8639409709961103
671 711 0.838787883022666
672 673 -0.8915350850938579
672 712 0.40890068268496127
673 674 0.02609122635779415
673 713 -0.44889196374032836
674 675 0.8670463031841102
674 714 -0.14123550723052425
675 676 0.9094475807088023
675 715 -0.45522176041784945
676 677 0.6845437258506415
676 716 0.9762098936269543
677 678 0.5718839223139551
677 717 -0.7078735123020965
678 679 0.22585798895545728
678 718 -0.4377521695853932
679 680 -0.40330384571840106
679 719 -0.991933876176389
680 720 -0.2016508223269584
681 682 -0.513768649373183
681 721 0.7468016862022495
682 683 0.04062388899430669
682 722 0.8060431909945389
683 684 0.42919031808235464
683 723 -0.7140749518494998
684 685 -0.5635233235181405
684 724 0.8668176395647715
685 686 0.6443456596956401
685 725 -0.4775662367012987
686 687 -0.3798810242632973
686 726 0.23105791856540625
687 688 0.9023142041567513
687 727 -0.7145962617275072
688 689 0.3063478816106495
688 728 0.06139018457235701
689 690 0.7319883360480046
689 729 -0.8385550515741091
690 691 -0.8352666307961838
690 730 -0.5847614668616776
691 692 -0.5377321717698431
691 731 -0.7008758999248565
692 693 0.29668708995698
692 732 -0.45872035238326636
693 694 0.08251846062147239
693 733 0.9675264134925023
694 695 -0.9770993065576439
694 734 -0.1057135445936277
695 696 0.41137789067085473
695 735 0.8738208938673309
696 697 0.3560081388087162
696 736 -0.623753324874454
697 698 -0.620469255412265
697 737 -0.14928835806172636
698 699 -0.142161410907502
698 738 0.04422026733804296
699 700 0.7682001420830016
699 739 -0.5430734889465647
700 701 -0.13784204222497265
700 740 0.5762211526224705
701 702 0.807266214376573
701 741 0.979663503594346
702 703 0.6001998746382118
702 742 0.6359548306288356
703 704 0.1397963840815235
703 743 0.20530524488744262
704 705 -0.19288358031196662
704 744 0.14625546262157552
705 706 0.7780664766592089
705 745 -0.43006544159179394
706 707 -0.1881139848619724
706 746 -0.7494874673116174
707 708 0.7740965853690582
707 747 0.4073964282193432
708 709 0.6316130421921575
708 748 0.7593330986677966
709 710 0.9987070264326594
709 749 -0.557966953396765
710 711 0.7106822717879278
710 750 -0.3248956844347497
711 712 -0.15204507548372503
711 751 -0.5890099761717096
712 713 -0.8190125319764174
712 752 0.6991640921518258
713 714 0.1814811568604282
713 753 -0.03494298885585656
714 715 0.2768411474629524
714 754 0.8926305621427004
715 716 0.30294206219105035
715 755 -0.9122934493817265
716 717 0.39091273574213914
716 756 -0.5878846517411049
717 718 -0.8029033166113682
717 757 0.6771369578679094
718 719 0.12021590935643522
718 758 -0.6461308134184984
719 720 -0.5144800157595617
719 759 -0.8418894206501482
720 760 -0.6183044030836513
721 722 0.8125545538470154
721 761 0.5165559735932976
722 723 -0.5003908787953661
722 762 0.04297460636788086
723 724 0.33271589571391913
723 763 0.8207147864101694
724 725 0.31728857483186146
724 764 0.9573249804887829
725 726 0.972071353872028
725 765 -0.20041336050058733
726 727 -0.11097714295151095
726 766 -0.8960098635092422
727 728 -0.2618178774921791
727 767 0.86378829209167
728 729 0.07898250707535093
728 768 -0.999876959826761
729 730 0.39813827385356193
729 769 -0.6845851420938829
730 731 0.9603006175573501
730 770 -0.31982919825178424
731 732 0.6098020949603433
731 771 -0.8219419220031283
732 733 -0.7007459439447048
732 772 -0.940866767359783
733 734 0.33042566845393373
733 773 0.3748882999689678
734 735 0.6940527000662513
734 774 0.9290028931400143
735 736 -0.8398842407414657
735 775 0.36636528319830597
736 737 0.6618833138840678
736 776 -0.735392626857549
737 738 -0.7341203329967039
737 777 0.8046303572366
738 739 0.4508510333694189
738 778 -0.6707189367166513
739 740 -0.5137268898168783
739 779 -0.5477042151519611
740 741 -0.46662884337805655
740 780 -0.5228704893185863
741 742 0.2195069139369228
741 781 0.9046911271867137
742 743 0.725475198521081
742 782 0.45764235228953476
743 744 -0.4685473368059232
743 783 0.9195853166169161
744 745 -0.37623131597739734
744 784 0.5285400257996737
745 746 -0.7444135775348608
745 785 -0.4861632401571001
746 747 -0.3906293880636058
746 786 -0.16723654415467992
747 748 0.8474456800143053
747 787 -0.1557229220593599
748 749 -0.34760767995539155
748 788 -0.9504817001981403
749 750 0.9731541076545183
749 789 0.7499182946400416
750 751 0.530380123151293
750 790 -0.0679045845945545
751 752 0.05529394522795994
751 791 -0.24539645906451302
752 753 0.4751884347599564
752 792 -0.6905984276468915
753 754 -0.6087252228201496
753 793 -0.04209342313017039
754 755 0.06570535599088023
754 794 -0.08950540525678674
755 756 -0.10519143228343619
755 795 -0.052578495731252506
756 757 0.6284311877606916
756 796 0.42908050400111897
757 758 -0.4356648421225138
757 797 -0.8851276531159291
758 759 -0.43750771395394694
758 798 0.02894590563089028
759 760 0.2830004284605814
759 799 0.0014590489789740868
760 800 -0.44595116967742987
761 762 -0.3061960924489606
761 801 -0.07293057203188491
762 763 0.011491366780008505
762 802 0.6261429614565279
763 764 -0.9351500822749463
763 803 -0.6303712503389696
764 765 -0.26137191627738754
764 804 0.524780759203687
765 766 0.10890042618385865
765 805 0.2955617524125531
766 767 -0.18877962625087275
766 806 0.17880128623403668
767 768 -0.9831864490384039
767 807 0.6771206113149777
768 769 0.2693137313013241
768 808 0.38173642044712675
769 770 0.8371455396877154
769 809 -0.19830529096788174
770 771 0.4445846707345509
770 810 -0.043995409929965756
771 772 -0.5076726302495405
771 811 0.8412549249586516
772 773 0.25350056439181534
772 812 -0.19993890750300825
773 774 0.23494990809712069
773 813 0.9885102994495165
774 775 0.07607678033873455
774 814 0.7311196079172393
775 776 0.08510221477757574
775 815 -0.6528407437359975
776 777 0.8693461228434383
776 816 0.31756857438709685
777 778 0.7173576170679228
777 817 0.7117618679227591
778 779 0.33578146199465353
778 818 0.07048284729963483
779 780 0.8386716660049549
779 819 -0.4516776134526612
780 781 -0.8947195645815538
780 820 0.6856705252912887
781 782 0.37581715188405984
781 821 -0.11580657282396523
782 783 -0.7975579993087865
782 822 -0.8016779714981972
783 784 -0.7972673368340133
783 823 -0.5955940011899499
784 785 0.29881908951579805
784 824 -0.8133182204317015
785 786 -0.01588786722594171
785 825 0.43522877657480463
786 787 0.5285372388202692
786 826 -0.2188880338533028
787 788 -0.6501264992632751
787 827 0.7208877049282203
788 789 0.13701507622046205
788 828 0.5544603288731969
789 790 -0.26334363021951734
789 829 -0.4489472875080225
790 791 -0.33398045049009806
790 830 0.4375195594435555
791 792 0.8380453771814902
791 831 0.649070509843781
792 793 -0.34331234865101035
792 832 0.8480877473066086
793 794 -0.7718626098752888
793 833 -0.7445404786329031
794 795 -0.24826210257262415
794 834 -0.327940366637522
795 796 -0.23351888946870236
795 835 0.9106294598566769
796 797 0.03510349055356565
796 836 0.9351123154608172
797 798 0.5078498851838695
797 837 0.17382912878310952
798 799 0.43080489116893905
798 838 -0.7098443469769469
799 800 -0.7703725347635482
799 839 0.02169444057395986
800 840 0.3951146545745192
801 802 0.2210754816962588
801 841 -0.007436564657625988
802 803 -0.8536115575383398
802 842 0.6724140014894908
803 804 0.5247041687767613
803 843 -0.9162665005024848
804 805 0.19933031961990344
804 844 0.20418478585813293
805 806 -0.3719982353045448
805 845 0.7403727545452963
806 807 -0.053186203949135535
806 846 0.8745357083027345
807 808 0.675957639685683
807 847 0.5627457846390249
808 809 0.9747860850170831
808 848 -0.07095402696834552
809 810 -0.1774902633886215
809 849 -0.8092661434427897
810 811 0.16980220367189536
810 850 -0.4323440363224651
811 812 -0.7057642042719696
811 851 0.22148749444551563
812 813 0.40654139728146266
812 852 -0.45646794908011534
813 814 0.7144666847915062
813 853 0.9475754562227745
814 815 0.7006224853967769
814 854 -0.5038567730874932
815 816 0.5987947970305465
815 855 0.29220904353173616
816 817 -0.1628522905021248
816 856 -0.7396675088959597
817 818 0.9883588501629341
817 857 -0.401360529555828
818 819 -0.4896002571508864
818 858 0.7612137100223626
819 820 -0.904379083971393
819 859 0.925179271728737
820 821 0.9774960567616082
820 860 -0.40446018371146875
821 822 -0.8012941391742274
821 861 -0.8238594595666398
822 823 0.03579097150011523
822 862 0.2958920109957379
823 824 -0.696249485971443
823 863 -0.9412915154145451
824 825 0.9716967987929119
824 864 0.07221653851676457
825 826 -0.7928681880231514
825 865 -0.5064214159431781
826 827 -0.8976601832211346
826 866 -0.6942208837456822
827 828 0.684336862371024
827 867 -0.45657116276435183
828 829 0.5832877647851529
828 868 -0.7303786711826565
829 830 0.025259733847185606
829 869 0.5843836748480873
830 831 0.3104691172419414
830 870 0.009240482911179182
831 832 -0.9073705946915516
831 871 0.6380171022936139
832 833 -0.9666569530765756
832 872 -0.39214456385923024
833 834 0.5760595216015265
833 873 -0.8022186683060211
834 835 -0.19880905272923854
834 874 0.30791809842830276
835 836 -0.9417125673810356
835 875 0.7220348063275577
836 837 -0.966929123340659
836 876 0.13692498395917885
837 838 -0.1678920636646255
837 877 0.47434600978399377
838 839 -0.04613788986863865
838 878 -0.19151630943364073
839 840 0.05664249335291238
839 879 0.6540765725878088
840 880 -0.40087859444854446
841 842 -0.044051972923306204
841 881 -0.12888907046730846
842 843 0.6084712707576594
842 882 -0.18735745829386818
843 844 -0.44202705393959074
843 883 0.7159208275671769
844 845 -0.773384717795772
844 884 -0.5555984296334238
845 846 0.9795844917774752
845 885 0.13901700424228802
846 847 -0.7437214755878541
846 886 0.5027302699887257
847 848 0.7649977912303161
847 887 -0.24031738659497415
848 849 0.3652213420006567
848 888 -0.1593980442742362
849 850 -0.8472845835234539
849 889 0.223871014226819
850 851 0.2962762511213122
850 890 -0.8235104043854886
851 852 -0.02809824424212759
851 891 -0.7840738730145664
852 853 0.6063994004766171
852 892 0.8459896260701931
853 854 0.6027832986215649
853 893 0.15221379892711284
854 855 0.9299375938186718
854 894 0.11225651418675864
855 856 -0.009998694507489914
855 895 0.1406880602626499
856 857 0.06669678911271282
856 896 -0.11282748697007983
857 858 -0.45927816954400846
857 897 -0.8150938639545355
858 859 0.9988485396273539
858 898 -0.2713047319104134
859 860 0.362448693594688
859 899 -0.7429013941379472
860 861 0.2377277865915266
860 900 -0.2086233098192889
861 862 -0.931074320535138
861 901 -0.8110504997495991
862 863 0.7732650966194019
862 902 -0.7605819385389301
863 864 -0.4715090172362806
863 903 -0.649793522139994
864 865 -0.23356288863931196
864 904 0.09345180448534118
865 866 -0.7257625839590971
865 905 0.681726477510862
866 867 -0.8776068336400566
866 906 -0.33497164747433583
867 868 0.39188940184348087
867 907 -0.7716691227525685
868 869 0.8688409838184703
868 908 0.7898703187646827
869 870 0.7168775846401965
869 909 -0.7271705463861431
870 871 0.3584838290486072
870 910 -0.8278433746375364
871 872 -0.635875662167509
871 911 0.7763645579204697
872 873 -0.816013517958377
872 912 0.04769039699845701
873 874 -0.00039537940332001753
873 913 -0.5097754817607965
874 875 0.81220097326666
874 914 -0.38013380694469
875 876 -0.9731152453666385
875 915 -0.09894714805538762
876 877 -0.049997291503961705
876 916 -0.29990583014779615
877 878 0.8346110055857976
877 917 0.28591417050270507
878 879 0.8285870334883407
878 918 -0.667345891386022
879 880 -0.2872073573862717
879 919 -0.7054317431420294
880 920 -0.8574169346916847
881 882 0.7408165928530621
881 921 -0.6252827058771568
882 883 -0.9270975033556657
882 922 0.5345082139051518
883 884 -0.2619200070639558
883 923 0.7979837507060408
884 885 -0.855474952730152
884 924 0.010605610425162615
885 886 -0.5544581931350672
885 925 -0.4283947499195717
886 887 0.24565087019542364
886 926 -0.2888743387885746
887 888 -0.4054430252007346
887 927 0.05087191225029564
888 889 -0.5761823691930861
888 928 -0.7168841828644363
889 890 0.07940720265863144
889 929 -0.3029429520077227
890 891 0.2823006918653521
890 930 0.7324635245721298
891 892 0.4006533834434234
891 931 0.6553073868051251
892 893 0.3737110409125235
892 932 -0.09133526705718187
893 894 0.563512472471422
893 933 0.17460866704550093
894 895 0.2336639957801172
894 934 0.9306123196713205
895 896 -0.7399561036043292
895 935 0.6365810256394708
896 897 0.7085388797541623
896 936 -0.10038198234493478
897 898 -0.9804669329919216
897 937 0.6129650176918293
898 899 -0.4484803145923717
898 938 0.05597167589230989
899 900 -0.09316652425891925
899 939 -0.5688890118809926
900 901 0.2652309147051868
900 940 -0.7608828224389683
901 902 0.9372552823924911
901 941 -0.1054667878281319
902 903 0.2526321003566565
902 942 0.5823916881411779
903 904 -0.9158722252078757
903 943 -0.7116825990287732
904 905 -0.7858380078054423
904 944 -0.32274323813978034
905 906 0.1708674311687295
905 945 -0.0649612605204406
906 907 -0.31211206329890295
906 946 -0.5595201508267764
907 908 0.6283256785718765
907 947 0.15623925012872775
908 909 -0.5156271519407349
908 948 0.3622489683426251
909 910 -0.5017809974222918
909 949 0.08243770007737816
910 911 0.9451616514898837
910 950 -0.38617822048704387
911 912 -0.7575044898629084
911 951 -0.8506075718419512
912 913 0.9953732331541918
912 952 -0.2632912779944301
913 914 0.046451601157700084
913 953 -0.8113159561613834
914 915 -0.7560180613313483
914 954 0.4191632526700213
915 916 0.8383653697952684
915 955 -0.6715590741350794
916 917 0.4518293113035523
916 956 -0.567189895014232
917 918 0.567656544146748
917 957 0.6623614757714369
918 919 0.3968661932650688
918 958 0.09288970353983417
919 920 -0.2134060812155829
919 959 0.8927401849184977
920 960 -0.6686396170900839
921 922 0.3753481863853503
921 961 0.40705834760277626
922 923 0.35785513806120384
922 962 0.8378577765148352
923 924 -0.4218043374950049
923 963 -0.23935303811864217
924 925 -0.30980165255653946
924 964 -0.6065589066522667
925 926 0.6362455737231587
925 965 0.12205044876145221
926 927 0.10595894984228926
926 966 -0.7403628707606085
927 928 -0.41252897786378284
927 967 -0.5064319674424884
928 929 -0.8190995082167885
928 968 -0.5540609187036987
929 930 0.9333336927482914
929 969 -0.11551962045514874
930 931 0.7911442667558679
930 970 0.19805602159623747
931 932 0.7820519714016099
931 971 -0.5444299173043112
932 933 0.09956979695891266
932 972 -0.6350550727485194
933 934 -0.2167339759510476
933 973 -0.5197481708051501
934 935 -0.3683756117098709
934 974 0.9411341005592682
935 936 0.35734861592848
935 975 0.8372233211166673
936 937 -0.8753913582138815
936 976 0.42552662679500086
937 938 -0.397808805076294
937 977 0.5276961409088745
938 939 0.5077283816335707
938 978 0.5407026131495845
939 940 -0.131128060197939
939 979 -0.30629630549448894
940 941 -0.6761167459343174
940 980 -0.4524148082216879
941 942 0.3325434514988792
941 981 -0.48365807025172813
942 943 0.6376355992873355
942 982 0.7985135218905759
943 944 0.7361018309422129
943 983 0.5067144075750571
944 945 -0.09568936000106154
944 984 0.04284614308814594
945 946 0.9319902515007412
945 985 -0.21174826136400204
946 947 0.5373414654420743
946 986 -0.47215994152541163
947 948 0.9133364401451158
947 987 0.0521182701315932
948 949 -0.08453299070513265
948 988 -0.21203229062616447
949 950 0.07761812578380156
949 989 0.3929461200519404
950 951 0.01010317861031873
950 990 0.2644279001766301
951 952 -0.7446391968501189
951 991 0.07364139305827022
952 953 0.20648515963788494
952 992 -0.806169705587845
953 954 0.4755985654054722
953 993 -0.15494896012169512
954 955 -0.2311316394507119
954 994 0.5280496549814389
955 956 -0.9979761490231862
955 995 -0.42441633509278165
956 957 -0.5662445476444262
956 996 0.66583523249681
957 958 -0.23522853601383908
957 997 -0.7295540554513245
958 959 -0.9148956982434415
958 998 -0.8545147750318871
959 960 -0.049181832352235944
959 999 -0.5921541688280378
960 1000 0.29043170051261824
961 962 0.8504001545422148
961 1001 -0.9210903646514659
962 963 0.12037124460411408
962 1002 0.9354379194514781
963 964 -0.7812532146259843
963 1003 0.6292492223792026
964 965 -0.25060566617707414
964 1004 0.05281344557195489
965 966 0.08478498826024561
965 1005 -0.7008789971416833
966 967 0.18629939613162283
966 1006 -0.7248831835890117
967 968 -0.8765453562539114
967 1007 -0.29324661764990223
968 969 -0.16916575637548692
968 1008 -0.8906915221971996
969 970 0.37048466938563784
969 1009 -0.5253984268599827
970 971 -0.7151672679047019
970 1010 0.6915594731863199
971 972 -0.21286788948398327
971 1011 -0.8257298199319358
972 973 -0.6601365956035647
972 1012 -0.8724724945699702
973 974 0.21880684644179293
973 1013 -0.7819351734978159
974 975 0.3133512927124775
974 1014 0.6650778701510363
975 976 -0.3065828285256942
975 1015 0.15755207960539597
976 977 0.19962366549259158
976 1016 0.0854716941133653
977 978 -0.7676543682652943
977 1017 -0.0533785364282926
978 979 -0.33655868227602515
978 1018 -0.004177853378751539
979 980 -0.08117993138583302
979 1019 -0.38609041443781766
980 981 -0.9286495300236508
980 1020 -0.8738251821360086
981 982 0.036638289929664225
981 1021 0.29593684989586966
982 983 -0.2645572693399416
982 1022 0.591319692689082
983 984 -0.1526938955621333
983 1023 0.6819015973222387
984 985 0.28603891727774755
984 1024 -0.31069272065999876
985 986 -0.43824360566079856
985 1025 0.3591899511658383
986 987 -0.43067574791103147
986 1026 -0.5468850191317416
987 988 0.27699658555391116
987 1027 0.8976549899284307
988 989 -0.4319177505329139
988 1028 -0.9809795381200948
989 990 0.8920685179856298
989 1029 0.18940181056567806
990 991 0.39121300163215667
990 1030 0.6692955066554587
991 992 -0.06915857987596019
991 1031 -0.7028463492452726
992 993 0.7766588629250091
992 1032 0.12847643287461996
993 994 -0.8235498163106572
993 1033 0.2848009671602061
994 995 0.4666810029360262
994 1034 0.8674217286691532
995 996 -0.8885320275318382
995 1035 0.40766115310185236
996 997 0.17252456709003305
996 1036 0.950729159406422
997 998 0.300727569138568
997 1037 -0.9044223985135085
998 999 0.839738621715812
998 1038 0.22264288180210645
999 1000 -0.8321838199353337
999 1039 0.20449071994063361
1000 1040 -0.8654110245224678
1001 1002 0.2942334270902227
1001 1041 0.2761079694347699
1002 1003 -0.38323129784863363
1002 1042 -0.32222006776929546
1003 1004 0.8669708843779178
1003 1043 -0.6337856214984594
1004 1005 0.4216538663414655
1004 1044 0.1799426679509033
1005 1006 0.4804897118217508
1005 1045 -0.6869689895479696
1006 1007 0.17915560711994205
1006 1046 0.6634169878638443
1007 1008 -0.6862010954781594
1007 1047 0.5198039947306554
1008 1009 -0.9878087158266835
1008 1048 0.5504107021230906
1009 1010 0.0068338117130903875
1009 1049 0.8764735351696193
1010 1011 -0.14107695410455157
1010 1050 0.09883871959148394
1011 1012 0.7977838910740946
1011 1051 -0.800138208659616
1012 1013 0.38113833533782726
1012 1052 -0.4358740074647005
1013 1014 0.5335081642575381
1013 1053 -0.28334340214709774
1014 1015 0.6324729598863164
1014 1054 -0.5138908050705224
1015 1016 -0.8224046528646474
1015 1055 -0.634592231125628
1016 1017 -0.5983812704755975
1016 1056 -0.007330540184075973
1017 1018 -0.7917446317133834
1017 1057 -0.7734319502238669
1018 1019 -0.9927389302946963
1018 1058 -0.60604797714889
1019 1020 0.15300842099884093
1019 1059 0.6624111359634006
1020 1021 0.43511202542595995
1020 1060 0.4481981352966309
1021 1022 0.10956863951193707
1021 1061 -0.5567254457594093
1022 1023 -0.5690654463704854
1022 1062 0.7271069209594547
1023 1024 -0.3747804967012893
1023 1063 0.19509652733146976
1024 1025 -0.9990242382263295
1024 1064 -0.4089753272159491
1025 1026 0.6389852917456216
1025 1065 0.7196143387346765
1026 1027 0.34357346575931125
1026 1066 0.35462257686301535
1027 1028 -0.8187259201491146
1027 1067 -0.0017037367500583045
1028 1029 0.25971045582108876
1028 1068 0.34442076989962733
1029 1030 -0.9112557306382716
1029 1069 0.3304684713677768
1030 1031 -0.003523801657804082
1030 1070 0.07796181375678435
1031 1032 -0.30934754588231184
1031 1071 0.24351501795503006
1032 1033 0.25242372967938387
1032 1072 -0.35104320749836115
1033 1034 -0.12023069097236339
1033 1073 0.8984076801584364
1034 1035 0.3177378208384831
1034 1074 -0.6338668089380759
1035 1036 0.0076772860985878655
1035 1075 0.20361259653730457
1036 1037 -0.25716383561476475
1036 1076 0.25822119491948237
1037 1038 -0.607507624402059
1037 1077 0.26417826863252314
1038 1039 0.04335820010674718
1038 1078 0.23363008505096894
1039 1040 0.7281892658084659
1039 1079 0.8449417491006885
1040 1080 0.08534315359626365
1041 1042 -0.07660467505860602
1041 1081 -0.893881151029214
1042 1043 0.46176362289393347
1042 1082 0.4027398118686236
1043 1044 -0.3776028663079063
1043 1083 0.3494080865469862
1044 1045 0.2781819858465939
1044 1084 0.20752382223255816
1045 1046 -0.6265044176931971
1045 1085 0.17222859718816808
1046 1047 -0.18333436496910283
1046 1086 -0.8851770495875453
1047 1048 0.35669535092239824
1047 1087 0.7242017034486232
1048 1049 0.7809966577636454
1048 1088 -0.4086960326068927
1049 1050 -0.1859064210067849
1049 1089 0.08031254736342586
1050 1051 0.3670977662300685
1050 1090 0.15675000742031742
1051 1052 0.8120111402138455
1051 1091 -0.888106463380492
1052 1053 0.955220713725047
1052 1092 0.49770817186487326
1053 1054 0.9760767906967309
1053 1093 -0.297253606362613
1054 1055 -0.6175012965131685
1054 1094 -0.38856002133778134
1055 1056 -0.49757511099616236
1055 1095 -0.4314236291805187
1056 1057 0.6291403732718301
1056 1096 0.24656134721490752
1057 1058 0.8309622132266505
1057 1097 -0.5313427682038474
1058 1059 -0.16689431464430915
1058 1098 -0.46420670231516814
1059 1060 -0.008027325186330758
1059 1099 0.09592213306547426
1060 1061 0.45157401321640345
1060 1100 -0.3397730364533533
1061 1062 -0.4920596913056683
1061 1101 0.20661620657161195
1062 1063 0.9631552820780758
1062 1102 -0.28468213106459617
1063 1064 -0.008705530622367785
1063 1103 -0.026796982648164658
1064 1065 0.11034726633077252
1064 1104 0.5023709220999997
1065 1066 0.24469180203077157
1065 1105 0.9673513707042942
1066 1067 -0.8064506019838453
1066 1106 -0.21480434513511537
1067 1068 -0.34469259437027033
1067 1107 -0.17803261403102977
1068 1069 0.9683012323995275
1068 1108 0.08007442190022296
1069 1070 -0.25078364799952624
1069 1109 -0.5307079150770873
1070 1071 -0.4963264590348304
1070 1110 0.4677400920446577
1071 1072 -0.8353246412766557
1071 1111 0.9262258523317652
1072 1073 0.6588026110651972
1072 1112 -0.027199722050317288
1073 1074 -0.30093090447705517
1073 1113 0.17268796085585736
1074 1075 0.14638811884513592
1074 1114 0.20377084927437994
1075 1076 0.8457548786643665
1075 1115 0.6213896440154951
1076 1077 -0.29858532726479914
1076 1116 -0.4944722106535826
1077 1078 0.17931713740223976
1077 1117 0.6497266505331691
1078 1079 -0.9328199366076291
1078 1118 -0.16267914418249152
1079 1080 -0.7870744092915365
1079 1119 -0.620296349881476
1080 1120 0.7581062077794352
1081 1082 -0.9228581536752833
1081 1121 -0.6609371715842463
1082 1083 0.45069784373250377
1082 1122 0.7878854881337714
1083 1084 -0.8417979156474051
1083 1123 -0.9345520113977202
1084 1085 -0.2528501920964634
1084 1124 -0.3488913835341989
1085 1086 0.2382947189314033
1085 1125 -0.6204302770866383
1086 1087 -0.5520477999172364
1086 1126 0.13514585161895076
1087 1088 -0.043463573993686166
1087 1127 -0.5134513961185725
1088 1089 -0.19999388262505935
1088 1128 0.8520134993966575
1089 1090 -0.4054594467833543
1089 1129 -0.35205705336206083
1090 1091 0.6569349947209719
1090 1130 0.3371785747052607
1091 1092 -0.2145230824623119
1091 1131 -0.23626803634540927
1092 1093 0.3536733574072164
1092 1132 0.33465072634009085
1093 1094 0.6887740037872858
1093 1133 0.4406932696187109
1094 1095 -0.07255862254939971
1094 1134 -0.6918822841546699
1095 1096 -0.33630814021135436
1095 1135 -0.33202895215222505
1096 1097 0.4919070173824922
1096 1136 0.35497854752791547
1097 1098 0.5811704688810109
1097 1137 0.22784553319435918
1098 1099 0.6011173141213673
1098 1138 0.1674786642859094
1099 1100 0.46660500824605045
1099 1139 -0.7711420398907463
1100 1101 0.31007720368210423
1100 1140 -0.7965115693538234
1101 1102 0.10460186881824751
1101 1141 0.13671286788832315
1102 1103 0.8211467203880263
1102 1142 -0.5312720922792189
1103 1104 -0.8774408121978077
1103 1143 0.9951036191471769
1104 1105 -0.13139544718898555
1104 1144 0.9462741373799928
1105 1106 -0.03275370270730238
1105 1145 0.1970254415879742
1106 1107 -0.047230158462644445
1106 1146 0.7393196126919606
1107 1108 0.9010657881520057
1107 1147 0.6167640725370254
1108 1109 -0.11139800723686966
1108 1148 0.028504026903957813
1109 1110 0.3535430769086412
1109 1149 -0.31385172012806417
1110 1111 -0.2863176349819152
1110 1150 0.47771639809512556
1111 1112 -0.951909466731812
1111 1151 0.9855522334069002
1112 1113 -0.07074403533449969
1112 1152 0.5028730212863533
1113 1114 -0.14720655791593606
1113 1153 0.35883086707108314
1114 1115 0.6435496649833674
1114 1154 -0.5647660561768477
1115 1116 -0.5994604642239629
1115 1155 0.6052916443637997
1116 1117 0.6919117051006176
1116 1156 0.28787984125943433
1117 1118 -0.4004267625386806
1117 1157 -0.4968895006289098
1118 1119 0.7951482950587652
1118 1158 -0.565088681176356
1119 1120 0.10247175286450383
1119 1159 0.6056606195549146
1120 1160 -0.9969173073472581
1121 1122 0.5890957739570788
1121 1161 -0.6747879068798384
1122 1123 0.4332981747869469
1122 1162 0.3643055403428055
1123 1124 -0.34684876239344886
1123 1163 -0.22677561136656732
1124 1125 0.12228418069242486
1124 1164 0.49932699723208107
1125 1126 0.8703019653061177
1125 1165 0.41623858397969404
1126 1127 0.22904979591770003
1126 1166 0.8965821362610529
1127 1128 0.5205057567887017
1127 1167 -0.6190329823191127
1128 1129 -0.20121851128051182
1128 1168 -0.0191428681512813
1129 1130 -0.21504939899132336
1129 1169 -0.48799879396050505
1130 1131 0.9000909394369296
1130 1170 -0.49073866971752755
1131 1132 0.03166443717474343
1131 1171 -0.062410169240870284
1132 1133 0.20535100603075818
1132 1172 -0.7720297340848707
1133 1134 -0.6058449703712472
1133 1173 -0.9180928493960632
1134 1135 -0.6402649875177391
1134 1174 -0.27366372372757763
1135 1136 -0.6340251009653486
1135 1175 -0.3559799269512367
1136 1137 -0.4379484129303959
1136 1176 0.442011957652958
1137 1138 0.06841346823915195
1137 1177 -0.9344950684091995
1138 1139 0.744669421333088
1138 1178 0.18106418963241433
1139 1140 0.4367823898775669
1139 1179 0.9663605369967858
1140 1141 -0.014524422152239369
1140 1180 0.8921866156180418
1141 1142 0.7649588761675352
1141 1181 -0.5339637548844693
1142 1143 0.3831321736734494
1142 1182 0.32844994496201707
1143 1144 -0.6275395904949503
1143 1183 -0.44173077132463234
1144 1145 -0.27046537925889735
1144 1184 -0.35472812668770737
1145 1146 0.06987553942553926
1145 1185 0.07109093092863494
1146 1147 -0.09471449462343151
1146 1186 -0.30715525513899244
1147 1148 0.7764867111912721
1147 1187 0.23365417403873856
1148 1149 0.8127126890715162
1148 1188 0.7071080821997551
1149 1150 0.9167833143005577
1149 1189 -0.6382008642962849
1150 1151 0.809603162500915
1150 1190 -0.5510594552923489
1151 1152 0.49367094943585776
1151 1191 0.34107078275022884
1152 1153 0.1085926435496265
1152 1192 0.16313389407512502
1153 1154 -0.309128378012931
1153 1193 -0.739609407046049
1154 1155 0.4943518117682104
1154 1194 -0.13815897542762645
1155 1156 -0.4644134086297098
1155 1195 -0.30846952327440147
1156 1157 -0.48381110853849996
1156 1196 -0.43120516335037684
1157 1158 0.6348914789485147
1157 1197 -0.46515664507297316
1158 1159 0.2506123314836961
1158 1198 0.6981505623110638
1159 1160 0.4126046924673308
1159 1199 0.08639890729354582
1160 1200 -0.5325298954905866
1161 1162 -0.7225226004408962
1161 1201 -0.2941660935346362
1162 1163 0.6862336841042238
1162 1202 0.29023799699034547
1163 1164 0.09793469019913803
1163 1203 0.10586234488644441
1164 1165 0.8383816554214376
1164 1204 0.6553383312074292
1165 1166 0.6034329848793345
1165 1205 0.5615105791420092
1166 1167 0.7952937094974764
1166 1206 -0.41757909011585426
1167 1168 -0.2342580881839984
1167 1207 0.24556096150323636
1168 1169 -0.865104043111866
1168 1208 0.014066203941874411
1169 1170 0.5449549609821358
1169 1209 0.016752288258518266
1170 1171 0.25643941184926233
1170 1210 0.22234892163571218
1171 1172 0.6165168299042332
1171 1211 0.5264080639175821
1172 1173 0.9268897649406704
1172 1212 0.052707506363130374
1173 1174 -0.3360760189380496
1173 1213 0.5643723685376132
1174 1175 0.7801151518888267
1174 1214 -0.809351540294311
1175 1176 0.8329438040457191
1175 1215 0.27409973949358646
1176 1177 0.9692615952727839
1176 1216 0.005299421707077201
1177 1178 -0.5108678688953205
1177 1217 -0.5499048889110734
1178 1179 0.688912879524481
1178 1218 -0.5651974208035835
1179 1180 -0.7316642880761466
1179 1219 -0.9136482097570289
1180 1181 -0.05629824367137548
1180 1220 -0.3721550913908367
1181 1182 -0.5614940467851364
1181 1221 -0.3386542326717634
1182 1183 0.3059486780973639
1182 1222 -0.014721766229492284
1183 1184 0.30915184245760363
1183 1223 -0.9547616908822572
1184 1185 -0.45563315486222833
1184 1224 0.9398047683182138
1185 1186 0.6063373764008488
1185 1225 0.9340732002078995
1186 1187 0.6361647475141958
1186 1226 0.6984737889054695
1187 1188 -0.8130782629847741
1187 1227 -0.42268018100463967
1188 1189 -0.2111663372769994
1188 1228 0.4577318698331363
1189 1190 -0.5041672424809969
1189 1229 -0.22512617419573133
1190 1191 0.8394807041577375
1190 1230 -0.6689661400513316
1191 1192 -0.10787537561883886
1191 1231 -0.16317565870420658
1192 1193 0.7134851456849993
1192 1232 0.3409989110057199
1193 1194 0.8777665532527654
1193 1233 -0.9043441097477549
1194 1195 -0.27390150223595056
1194 1234 0.20206881360389617
1195 1196 -0.12968100539826022
1195 1235 0.8387070883964425
1196 1197 0.8369950613610992
1196 1236 0.5463404495036559
1197 1198 -0.6317455430946124
1197 1237 -0.5821432665127766
1198 1199 0.9133076516202223
1198 1238 -0.8203622293318806
1199 1200 0.7977398061841374
1199 1239 0.3352232866444542
1200 1240 0.6348033807943914
1201 1202 -0.031003089694395802
1201 1241 0.3954727702475551
1202 1203 -0.3946022237424829
1202 1242 0.6575624044991488
1203 1204 -0.3397456525805733
1203 1243 -0.14869779756049462
1204 1205 0.10745472408090162
1204 1244 0.649643840666944
1205 1206 0.04661071721913346
1205 1245 0.26354384375644924
1206 1207 -0.7716473288292689
1206 1246 0.6414155065978038
1207 1208 0.26961573970188857
1207 1247 -0.03635083146302387
1208 1209 0.424089566829176
1208 1248 -0.43949218091697495
1209 1210 0.894136427669838
1209 1249 0.14975864402825656
1210 1211 0.39187308717267144
1210 1250 -0.5522061098121684
1211 1212 0.382119014024094
1211 1251 0.8090062752777365
1212 1213 0.34817136633323975
1212 1252 0.21332423035181192
1213 1214 0.26062608281849364
1213 1253 -0.05899380885338368
1214 1215 0.3530410777166111
1214 1254 0.2758515650649471
1215 1216 0.4336286289530715
1215 1255 0.194056680085132
1216 1217 -0.31639185632999767
1216 1256 -0.9800206842374466
1217 1218 0.5696284621334011
1217 1257 0.04712577656809347
1218 1219 0.5677360187983889
1218 1258 0.013939930895690011
1219 1220 0.9798700234535995
1219 1259 -0.6391767028553217
1220 1221 0.9972334155251119
1220 1260 -0.3901884057403726
1221 1222 -0.2766838724949554
1221 1261 -0.4050159424136488
1222 1223 0.060230874380373445
1222 1262 0.7788344379329806
1223 1224 -0.3867362490296493
1223 1263 -0.2605389122908619
1224 1225 0.7246509591729673
1224 1264 -0.9673496050586761
1225 1226 0.21835433914581226
1225 1265 -0.1191525600115948
1226 1227 -0.4888937781624476
1226 1266 -0.20121902041458117
1227 1228 -0.43865292918161236
1227 1267 -0.5839434399495291
1228 1229 -0.535724274470385
1228 1268 -0.018057556585779677
1229 1230 0.6029875967104843
1229 1269 0.46790192988200063
1230 1231 0.22740782937945792
1230 1270 -0.5613509311539009
1231 1232 -0.42055249868872124
1231 1271 0.7778039574945799
1232 1233 0.646213606298222
1232 1272 0.8290171264386061
1233 1234 -0.6767960048506723
1233 1273 0.1096520857364447
1234 1235 0.05844591659523468
1234 1274 -0.30944451209603807
1235 1236 0.09044428212915534
1235 1275 -0.6272734838934997
1236 1237 0.32880165500417324
1236 1276 -0.8745414222730215
1237 1238 -0.73385960418347
1237 1277 -0.6038803429251236
1238 1239 0.5532152346999759
1238 1278 0.9845703440567513
1239 1240 -0.8599283325842393
1239 1279 -0.47019851216087716
1240 1280 -0.8595626670102001
1241 1242 0.6023128633913719
1241 1281 -0.4664512458561174
1242 1243 -0.5105609046473016
1242 1282 0.40756138598496183
1243 1244 -0.49628628191837243
1243 1283 -0.5947297353889731
1244 1245 -0.9435358931122677
1244 1284 0.5950423085064009
1245 1246 -0.96252031554991
1245 1285 0.1660266131619592
1246 1247 0.04736347867087476
1246 1286 0.9308435766400884
1247 1248 0.27291672759332486
1247 1287 -0.5783273442463803
1248 1249 -0.07750722736826976
1248 1288 -0.8784758007166324
1249 1250 0.435473940780541
1249 1289 -0.0721273563942626
1250 1251 -0.84949356016448
1250 1290 -0.9575380909089675
1251 1252 -0.9198540484715434
1251 1291 0.1658624049616957
1252 1253 0.03308590138808709
1252 1292 -0.4583884211599827
1253 1254 -0.09434237431911785
1253 1293 0.11928465623047435
1254 1255 0.5761046128455969
1254 1294 -0.9757122720548856
1255 1256 -0.5630936357782064
1255 1295 0.8378701533160984
1256 1257 -0.96671892896172
1256 1296 -0.7972302282801504
1257 1258 -0.8426030706926735
1257 1297 -0.45180747220375794
1258 1259 -0.43034898751842476
1258 1298 -0.9259689219853513
1259 1260 -0.2001301901907624
1259 1299 0.25161227177928946
1260 1261 -0.36355357519258047
1260 1300 0.735848831071604
1261 1262 -0.17492002074230317
1261 1301 -0.982706408650744
1262 1263 -0.7505643965447528
1262 1302 -0.5083667277592814
1263 1264 0.23854014423337344
1263 1303 -0.8443033356752181
1264 1265 -0.09178684168570239
1264 1304 -0.014343820593574641
1265 1266 0.7794434068039686
1265 1305 -0.15309483367099785
1266 1267 0.32225895088756884
1266 1306 -0.33367201250647094
1267 1268 -0.22032527745556707
1267 1307 0.8646500909765833
1268 1269 -0.12194221216520784
1268 1308 0.7100711984765853
1269 1270 -0.9620796887251162
1269 1309 0.21332886177343835
1270 1271 -0.40051815576251193
1270 1310 0.34183460265290866
1271 1272 -0.5341517808528411
1271 1311 0.21874115847130637
1272 1273 0.5530081119287182
1272 1312 0.8801624565384674
1273 1274 -0.19594556655673556
1273 1313 -0.8322362402437804
1274 1275 -0.4203646699363266
1274 1314 -0.8297076329645108
1275 1276 -0.5181350048069728
1275 1315 0.7828757890296649
1276 1277 -0.6338161127563051
1276 1316 -0.44743551729367104
1277 1278 0.34377995686056173
1277 1317 0.7682975301121557
1278 1279 -0.7253078692638755
1278 1318 0.31101286266244177
1279 1280 -0.00226809712959386
1279 1319 0.7913211120582373
1280 1320 0.9856829180342621
1281 1282 0.8189524185165005
1281 1321 -0.9542661000606463
1282 1283 0.07177648168727435
1282 1322 -0.23838096250297403
1283 1284 0.5550510261318196
1283 1323 -0.7208143008626233
1284 1285 -0.6010225896945018
1284 1324 0.37168191883686585
1285 1286 0.2194701859747632
1285 1325 0.3355916465370896
1286 1287 -0.8604678243757993
1286 1326 -0.295846903201443
1287 1288 -0.03801381150447969
1287 1327 -0.36987916608056826
1288 1289 0.20777549962435038
1288 1328 0.4112332894084312
1289 1290 -0.48648433979093886
1289 1329 -0.37722867146006456
1290 1291 -0.06779723327807563
1290 1330 0.16055495320271151
1291 1292 -0.10226692717853325
1291 1331 0.9330196414141918
1292 1293 0.21184454061468472
1292 1332 0.4120922152341888
1293 1294 -0.9699943656509094
1293 1333 0.7827274006840534
1294 1295 -0.2529759760916155
1294 1334 0.5597051346501476
1295 1296 0.73600108489836
1295 1335 0.3012774508436147
1296 1297 -0.24322365878215413
1296 1336 0.1525223642728244
1297 1298 0.4552166400901536
1297 1337 0.4497186847406356
1298 1299 0.2987264598088808
1298 1338 -0.500495079993009
1299 1300 -0.19741785766173026
1299 1339 0.9485286703977591
1300 1301 0.9792540248586994
1300 1340 -0.18577487922589064
1301 1302 0.008459231855257654
1301 1341 0.4364626846876716
1302 1303 -0.9897016746978191
1302 1342 0.9769582261724126
1303 1304 -0.79487808206617
1303 1343 0.05192255125470613
1304 1305 -0.8553832049500396
1304 1344 0.3983972931845772
1305 1306 0.4622432815720281
1305 1345 -0.7864018418927463
1306 1307 -0.8322132975629706
1306 1346 -0.8679273960705638
1307 1308 -0.38403720132389196
1307 1347 -0.1544138273913771
1308 1309 0.8557810235633887
1308 1348 0.5381836983280028
1309 1310 -0.7841337472907919
1309 1349 0.5647926623966457
1310 1311 0.3698437317812504
1310 1350 -0.8319712604490421
1311 1312 0.33439021147076486
1311 1351 -0.0031121693431019892
1312 1313 -0.6038785880959592
1312 1352 -0.5131336994894149
1313 1314 -0.48800768764071356
1313 1353 -0.9487106142654087
1314 1315 0.8164699025940461
1314 1354 -0.9331984938523563
1315 1316 0.17420412600602342
1315 1355 0.3813167824217145
1316 1317 -0.2426493553661342
1316 1356 0.5987019661293225
1317 1318 0.27770011186735344
1317 1357 -0.8369017639936018
1318 1319 0.8970906374280032
1318 1358 0.1340723803827346
1319 1320 0.17290064113438475
1319 1359 -0.7276826508327796
1320 1360 0.33182503395989715
1321 1322 -0.24975447500845216
1321 1361 -0.6007333427035506
1322 1323 -0.6427641296822952
1322 1362 0.7716632088661117
1323 1324 -0.09759258807025373
1323 1363 -0.754954751578172
1324 1325 0.6503795130604728
1324 1364 -0.37007383856993625
1325 1326 -0.5927599379344795
1325 1365 -0.3584130427836505
1326 1327 0.4862126141579344
1326 1366 0.1255083848488454
1327 1328 -0.6603257972895435
1327 1367 -0.8602046866319666
1328 1329 -0.9529969394626079
1328 1368 -0.04447830669328123
1329 1330 -0.544360165560382
1329 1369 -0.8676102692050169
1330 1331 -0.9322454589197913
1330 1370 0.06641172959399944
1331 1332 -0.7527677446026177
1331 1371 -0.563058289490082
1332 1333 -0.254128550288623
1332 1372 0.4097969218829134
1333 1334 -0.1690721015327885
1333 1373 -0.5288724887450615
1334 1335 0.17853585371504765
1334 1374 -0.1374608698894373
1335 1336 0.9907828600147477
1335 1375 0.19787807896688925
1336 1337 0.10361568435623902
1336 1376 0.7146969458213104
1337 1338 -0.5071301835581175
1337 1377 -0.6711864404006493
1338 1339 0.9292562973132552
1338 1378 -0.8226582300833629
1339 1340 -0.4271362945880641
1339 1379 -0.27880858107554163
1340 1341 -0.8854088349804656
1340 1380 -0.28107428170862003
1341 1342 -0.85182453623569
1341 1381 0.5125460431843682
1342 1343 0.20977053294669945
1342 1382 0.6230729660116228
1343 1344 0.6333096244936043
1343 1383 -0.41450488636393445
1344 1345 -0.279661746010615
1344 1384 0.7600255421893034
1345 1346 -0.6238821558107375
1345 1385 0.15863821859890037
1346 1347 -0.3324118488998802
1346 1386 -0.10509361312182786
1347 1348 -0.7824604880947561
1347 1387 0.4064278204535656
1348 1349 0.7359925429266294
1348 1388 0.30533741566421035
1349 1350 -0.4047525061856925
1349 1389 0.9888006437328967
1350 1351 0.4590734592587393
1350 1390 -0.568863023323688
1351 1352 0.4041973235236882
1351 1391 0.7573296814868578
1352 1353 -0.4566466846430599
1352 1392 -0.09984379760249196
1353 1354 -0.3059630194514167
1353 1393 0.6702045673714447
1354 1355 -0.689242631728378
1354 1394 -0.7154000202183759
1355 1356 -0.8562450917220592
1355 1395 -0.8430741773286914
1356 1357 0.4609288087604404
1356 1396 0.8106060793411123
1357 1358 -0.012784878729631188
1357 1397 -0.16529665879328603
1358 1359 -0.5373296844151623
1358 1398 -0.7900717129437247
1359 1360 -0.14503733169787503
1359 1399 -0.5398338349650569
1360 1400 0.8686174767063342
1361 1362 -0.31438954167717936
1361 1401 -0.11177540991190704
1362 1363 -0.8395330130304264
1362 1402 0.6071772941510298
1363 1364 0.632571803022842
1363 1403 0.6869798575531922
1364 1365 -0.20050519303427294
1364 1404 0.9711777959132606
1365 1366 0.9469649193326557
1365 1405 -0.45238212956976853
1366 1367 0.6326499994336638
1366 1406 0.4918747023984267
1367 1368 -0.5946178688564956
1367 1407 -0.1860449075824291
1368 1369 -0.8282497226705505
1368 1408 0.960242046348668
1369 1370 0.40869801538729544
1369 1409 0.04382551182771399
1370 1371 0.16090850355958386
1370 1410 -0.8594278363784156
1371 1372 -0.05092048447843078
1371 1411 -0.8369741802409094
1372 1373 -0.7288788134643971
1372 1412 0.4150418757252645
1373 1374 -0.7173804062980706
1373 1413 0.9937671456121149
1374 1375 0.8516488530606785
1374 1414 -0.8830252258313607
1375 1376 -0.9371256965348591
1375 1415 -0.2136275372803218
1376 1377 -0.31760434545597604
1376 1416 0.31817984854731773
1377 1378 -0.17332937538930882
1377 1417 -0.533482337044582
1378 1379 0.6485313210300281
1378 1418 -0.2439328350146146
1379 1380 -0.7034354062217121
1379 1419 0.804634616024275
1380 1381 -0.03555320030563203
1380 1420 0.6477396548001977
1381 1382 -0.9130596893097247
1381 1421 0.8966986634233061
1382 1383 -0.9178376435322011
1382 1422 -0.5858580740302988
1383 1384 0.05314681010134348
1383 1423 -0.00026572590815421293
1384 1385 -0.29452203900915186
1384 1424 -0.9333730379766421
1385 1386 0.45795495916320594
1385 1425 -0.9458318106484764
1386 1387 0.4322826925210832
1386 1426 -0.18155383734820263
1387 1388 0.5101348571357975
1387 1427 -0.6761536744241052
1388 1389 0.0393333830610616
1388 1428 0.6503687238254521
1389 1390 -0.4699273994841586
1389 1429 0.07959614851634322
1390 1391 0.37722889317577324
1390 1430 -0.4846793970115748
1391 1392 0.0072606154974457215
1391 1431 -0.3283647775536349
1392 1393 0.7841656576097731
1392 1432 -0.4780577330650424
1393 1394 0.301996820040755
1393 1433 0.740945163408339
1394 1395 0.19652900704734666
1394 1434 0.0592541114160976
1395 1396 -0.40550351562189313
1395 1435 0.09565169538326557
1396 1397 0.2626014509259531
1396 1436 -0.66980031299958
1397 1398 -0.4799159500390564
1397 1437 -0.10682578289829459
1398 1399 -0.6645456566519616
1398 1438 0.1152770018635858
1399 1400 -0.8390775822116456
1399 1439 0.1385863044313378
1400 1440 0.12548575766296377
1401 1402 -0.0037207792764146763
1401 1441 -0.17130735040075673
1402 1403 0.36694070378708843
1402 1442 -0.07597911740399166
1403 1404 -0.7704498852965513
1403 1443 0.4419634183065355
1404 1405 -0.49287061874653526
1404 1444 0.510678647947227
1405 1406 0.39996261814918177
1405 1445 -0.4693895311065681
1406 1407 -0.286634597446104
1406 1446 -0.236414310230862
1407 1408 0.3290035129764537
1407 1447 -0.4706999933477063
1408 1409 -0.13236718516406332
1408 1448 -0.0020341007875643857
1409 1410 -0.5141818326480072
1409 1449 -0.8045838284071061
1410 1411 0.7852556517882694
1410 1450 -0.7860854235896833
1411 1412 -0.2987517911963302
1411 1451 -0.3921443865565506
1412 1413 0.5576211531000097
1412 1452 0.9670671201639223
1413 1414 -0.18701916885576875
1413 1453 0.22601955884519254
1414 1415 -0.6588945112575058
1414 1454 -0.7954185967714689
1415 1416 0.41086339051744214
1415 1455 0.27821066382899184
1416 1417 -0.20196632555561078
1416 1456 -0.30403919195742146
1417 1418 0.024838887099710938
1417 1457 -0.832384679409754
1418 1419 0.9766499346250546
1418 1458 0.23160999653075698
1419 1420 0.1551371478179422
1419 1459 -0.1755857835827146
1420 1421 -0.8518450599242491
1420 1460 0.47144999446290226
1421 1422 -0.028161135171324903
1421 1461 -0.625081918108755
1422 1423 0.5948560170426445
1422 1462 -0.31746021778375444
1423 1424 0.5393772982117282
1423 1463 0.9801601563038991
1424 1425 -0.03989418785586696
1424 1464 -0.19147385836402675
1425 1426 0.6090191916639005
1425 1465 0.25747226785542643
1426 1427 0.34074017417250113
1426 1466 -0.4644281097754286
1427 1428 0.31297017891737444
1427 1467 0.3061697146692339
1428 1429 -0.15956499019688297
1428 1468 0.14939040811972837
1429 1430 -0.7952388842540739
1429 1469 0.5230478239731462
1430 1431 0.874332410257632
1430 1470 -0.06342053596918018
1431 1432 -0.045538805475337174
1431 1471 -0.7889552955247863
1432 1433 0.6497703612582459
1432 1472 -0.2029825947104822
1433 1434 -0.856188844719608
1433 1473 -0.14398729571373337
1434 1435 0.31055638112846196
1434 1474 -0.7844440394430601
1435 1436 0.5160275415725877
1435 1475 0.9297777920216614
1436 1437 0.4995473733094802
1436 1476 0.790654735850707
1437 1438 -0.629962514308626
1437 1477 0.9781572920141608
1438 1439 0.5837276650731567
1438 1478 -0.057187518189876
1439 1440 0.02795368107906193
1439 1479 -0.5935979638551876
1440 1480 0.5582176675402302
1441 1442 -0.5714880742301252
1441 1481 -0.5667205745462758
1442 1443 0.32809861888279634
1442 1482 -0.4346674754086668
1443 1444 0.8466309639696097
1443 1483 -0.2279381356946164
1444 1445 -0.18788084872341382
1444 1484 -0.3695401280724242
1445 1446 0.14539491167709118
1445 1485 0.7442845477667601
1446 1447 -0.544909312640615
1446 1486 0.6165552750915007
1447 1448 0.7590743828953335
1447 1487 -0.8616745935552164
1448 1449 -0.01865645720301279
1448 1488 0.8650772024327091
1449 1450 -0.25029110001801946
1449 1489 0.3227125903906518
1450 1451 -0.5997009137572258
1450 1490 -0.2814115119187728
1451 1452 0.5528581405210269
1451 1491 0.08263883615893697
1452 1453 0.4760668792268765
1452 1492 0.8912971629411668
1453 1454 -0.6313359087195869
1453 1493 -0.9112429225409799
1454 1455 0.4302390512226202
1454 1494 0.41161337921980223
1455 1456 -0.4356325676537254
1455 1495 -0.5694757647019351
1456 1457 -0.6714210165901651
1456 1496 0.8046943313354682
1457 1458 -0.12919780749839171
1457 1497 -0.28252888751363203
1458 1459 0.7792745225012769
1458 1498 0.1921065910254618
1459 1460 0.35450528580687335
1459 1499 0.2930852131688393
1460 1461 -0.4848491287903589
1460 1500 -0.23240163635363476
1461 1462 -0.25340606612915373
1461 1501 0.020083872878273734
1462 1463 0.4001882581940217
1462 1502 -0.4484035589278792
1463 1464 -0.7397611933475858
1463 1503 -0.10582102914800418
1464 1465 -0.9548673365372842
1464 1504 -0.7320072364042647
1465 1466 0.30923240117963857
1465 1505 -0.8366415438585673
1466 1467 0.3102655612174172
1466 1506 -0.9689074977321999
1467 1468 0.9036247416427703
1467 1507 0.20956694254249775
1468 1469 -0.540656933116052
1468 1508 -0.14595991262707764
1469 1470 -0.6862704115414484
1469 1509 -0.571418168067575
1470 1471 -0.9082253414495958
1470 1510 0.878340703187054
1471 1472 -0.9868783276013751
1471 1511 0.07338644286953411
1472 1473 0.8724378622612834
1472 1512 0.010711882283329643
1473 1474 0.42440138310385556
1473 1513 -0.9019156090809546
1474 1475 -0.6778415899234349
1474 1514 -0.4825277235078471
1475 1476 0.44158699471313567
1475 1515 0.8769528524194163
1476 1477 0.49182546797950666
1476 1516 -0.24388493951266033
1477 1478 0.7522995450294714
1477 1517 0.6911916522147536
1478 1479 -0.8391681996116074
1478 1518 -0.3853317837425905
1479 1480 -0.16228764352778224
1479 1519 -0.4296364483317381
1480 1520 -0.6692860183242304
1481 1482 -0.5353857455070028
1481 1521 0.45817124125282516
1482 1483 0.7231495498730027
1482 1522 -0.6430408882145269
1483 1484 0.5542256115422386
1483 1523 0.847771409221008
1484 1485 0.5410318442144189
1484 1524 -0.10027884640669438
1485 1486 0.6341653201475681
1485 1525 -0.9415396931668714
1486 1487 -0.12978898618805124
1486 1526 0.6931523663517061
1487 1488 0.6065037902588684
1487 1527 -0.062445833631253
1488 1489 0.28132913611358146
1488 1528 0.4567439000103075
1489 1490 -0.318788783914832
1489 1529 -0.169090759842627
1490 1491 0.2516400429080714
1490 1530 -0.3172093475054223
1491 1492 -0.9348787683963815
1491 1531 0.3158851397337292
1492 1493 -0.5160065597278587
1492 1532 0.6901277367902094
1493 1494 -0.372840947809264
1493 1533 -0.2696235302911405
1494 1495 0.7247598986294554
1494 1534 0.7565349340348249
1495 1496 -0.4723917345388371
1495 1535 0.8215312021545849
1496 1497 0.12239971229149926
1496 1536 -0.839038266774089
1497 1498 0.9601695714478513
1497 1537 -0.0853600419718259
1498 1499 -0.0618507536123849
1498 1538 -0.9928393315769888
1499 1500 0.7162672974042135
1499 1539 -0.5385311826643586
1500 1501 -0.6448853203529685
1500 1540 -0.9686035833752085
1501 1502 0.32473846495151437
1501 1541 -0.2719257821222014
1502 1503 -0.6338588317400933
1502 1542 0.9188848338147673
1503 1504 0.31919112363808577
1503 1543 0.5530045556160212
1504 1505 0.74438259581204
1504 1544 0.8893575824319293
1505 1506 -0.3369401242475336
1505 1545 -0.004382201850741119
1506 1507 0.9349131932386614
1506 1546 -0.597858320803059
1507 1508 0.3909308156242719
1507 1547 -0.6890605610920089
1508 1509 0.4855942396575992
1508 1548 -0.5540949069798584
1509 1510 0.9908495195162574
1509 1549 -0.6038343166239808
1510 1511 -0.8205485820089802
1510 1550 0.5463482609898671
1511 1512 -0.18997343992491023
1511 1551 0.03709948194153734
1512 1513 -0.4141323084692743
1512 1552 0.5633492367089419
1513 1514 -0.1674889890328204
1513 1553 0.6482072208840433
1514 1515 -0.4200895761342833
1514 1554 0.11525179354046866
1515 1516 -0.5505377069629147
1515 1555 -0.5132629488691864
1516 1517 0.8737495304399803
1516 1556 0.6237770953232953
1517 1518 0.051687026981095174
1517 1557 -0.3724388234651188
1518 1519 0.7086608754170609
1518 1558 -0.591719410225517
1519 1520 -0.9413717220098234
1519 1559 0.1592929920743389
1520 1560 0.8865301625099318
1521 1522 -0.16816266597041563
1521 1561 0.16779635602759901
1522 1523 0.15942156318789258
1522 1562 -0.07273123506272872
1523 1524 -0.9900971804170022
1523 1563 -0.4548323725250425
1524 1525 0.4201719322116857
1524 1564 -0.5555991211975273
1525 1526 -0.15127789466310881
1525 1565 -0.21277974214225504
1526 1527 0.8963034071537435
1526 1566 -0.3166129574278349
1527 1528 -0.3653331394898578
1527 1567 -0.7187505617765146
1528 1529 0.1843751901490316
1528 1568 0.04340811742124706
1529 1530 -0.06169665891243836
1529 1569 -0.12519056572838272
1530 1531 0.09557295843660962
1530 1570 0.100446542583154
1531 1532 0.549247655933546
1531 1571 0.8783401398958497
1532 1533 0.38068203837549097
1532 1572 0.7755356801010163
1533 1534 0.4381170486566237
1533 1573 -0.9750014495744872
1534 1535 0.4801475791618668
1534 1574 -0.7421364782926907
1535 1536 -0.054632259732983135
1535 1575 0.6454536668193567
1536 1537 0.9183712422845651
1536 1576 0.5954682997684255
1537 1538 -0.0756017836467866
1537 1577 0.9370212454988467
1538 1539 0.4123197326992518
1538 1578 -0.1535915390458582
1539 1540 0.7982082105255028
1539 1579 -0.5424824077868173
1540 1541 -0.5019485147497951
1540 1580 -0.22268540386236868
1541 1542 -0.1584857410669358
1541 1581 0.7161882124413625
1542 1543 0.5371142000269986
1542 1582 0.5625817912294491
1543 1544 0.795441103213675
1543 1583 0.46816787902298795
1544 1545 -0.3860622120876238
1544 1584 -0.9748755481595892
1545 1546 -0.2964247777311442
1545 1585 0.7000969255362095
1546 1547 0.7475434517352955
1546 1586 0.6233560650370482
1547 1548 -0.04497658323530618
1547 1587 -0.03247206343849984
1548 1549 -0.18970477033387856
1548 1588 -0.1901768767571188
1549 1550 0.8933971865515429
1549 1589 0.533281792857861
1550 1551 0.029359818118246617
1550 1590 -0.03042946955458925
1551 1552 0.8320491054329049
1551 1591 -0.3475355480300062
1552 1553 -0.3633558209164862
1552 1592 -0.4718832372398343
1553 1554 0.7539232320481655
1553 1593 -0.34919924382358447
1554 1555 0.05842095044239226
1554 1594 0.5921926069968051
1555 1556 0.5524837156715408
1555 1595 -0.05089497253458952
1556 1557 0.5519030896487402
1556 1596 0.06045103746831937
1557 1558 -0.9104215646851492
1557 1597 -0.634038185530476
1558 1559 0.5351737279458073
1558 1598 0.34501354755068214
1559 1560 0.3834767354053028
1559 1599 0.7896523219427687
1560 1600 0.7391934439827661
1561 1562 -0.011326789734586562
1562 1563 0.34644365343869254
1563 1564 -0.9269617545374542
1564 1565 0.6476738246878557
1565 1566 0.8006512630944451
1566 1567 -0.2649090566100645
1567 1568 0.192783927697199
1568 1569 0.6392866992794539
1569 1570 -0.16218694407957335
1570 1571 -0.40917269011753565
1571 1572 0.6326092490345636
1572 1573 -0.8434225051433646
1573 1574 0.856839195003051
1574 1575 0.007291482951202077
1575 1576 -0.5480933458855592
1576 1577 0.09040682391418708
1577 1578 -0.21747827918987594
1578 1579 -0.1435528468770526
1579 1580 -0.6991516168722365
1580 1581 -0.2392114762123787
1581 1582 -0.7317743674979205
1582 1583 -0.6827286602958327
1583 1584 -0.05100014675526454
1584 1585 0.15361008031124235
1585 1586 -0.4742174585324397
1586 1587 0.33431021479930734
1587 1588 0.5005444966633674
1588 1589 -0.71848478541642
1589 1590 0.34373142023538494
1590 1591 -0.36231123356447514
1591 1592 -0.24253175586237408
1592 1593 0.508608622303989
1593 1594 0.27751679137592933
1594 1595 -0.724402091216555
1595 1596 -0.5283547018290278
1596 1597 -0.8791503024763399
1597 1598 0.5541595956776122
1598 1599 0.7584860294454101
1599 1600 -0.24411520561663713
