1 2 -0.165955990594852
1 41 0.4406489868843162
2 3 0.7666121824116197
2 42 0.24734441411121777
3 4 -0.5203044817048277
3 43 -0.012460571462540093
4 5 -0.3695103938092541
4 44 0.7857774170503027
5 6 -0.16830256346494532
5 45 0.23337013431047238
6 7 0.9188686421235048
6 46 0.6079217829972936
7 8 -0.34802037645994943
7 47 0.7189786417311717
8 9 -0.9541697373552365
8 48 0.03816464442397893
9 10 -0.8397927123879014
9 49 0.8092620058724858
10 11 -0.1340369860647037
10 50 0.8186239773098734
11 12 0.7767728687907718
11 51 -0.6312311152644665
12 13 -0.24283881349879555
12 52 -0.6236114799403576
13 14 0.9869209261996998
13 53 0.6689730280360593
14 15 -0.9134181236276828
14 54 -0.027118513659210475
15 16 -0.39330865658286185
15 55 -0.9572480778238586
16 17 0.6436987495280211
16 56 0.2564791942613156
17 18 0.48340960046311077
17 57 0.23003144994209768
18 19 0.2991661097569578
18 58 0.8628940299858214
19 20 -0.43075206206252914
19 59 0.8147922844819946
20 21 -0.42147900903418
20 60 0.8955281322032138
21 22 -0.9979341346845307
21 61 -0.0478217639957903
22 23 -0.8191805686104028
22 62 -0.7420480317154479
23 24 -0.2092990524106193
23 63 0.9107799785143493
24 25 0.04837122913732239
24 64 0.31504281540622014
25 26 0.8837724923734105
25 65 0.7398215465367088
26 27 0.15395569295500322
26 66 0.750777476901374
27 28 0.344841545172865
27 67 0.03557344762682901
28 29 -0.629913300726048
28 68 -0.874760396032169
29 30 0.48584250077939406
29 69 -0.3181595017353158
30 31 -0.18390572930414262
30 70 -0.8993297406810965
31 32 0.8514082173804618
31 71 -0.1888852317219516
32 33 -0.9166251149594244
32 72 0.3199394379277982
33 34 0.7220227372279511
33 73 -0.7409981081142083
34 35 0.6818156629070649
34 74 0.6853354451900653
35 36 -0.5592661976926103
35 75 -0.029325092063238856
36 37 -0.8266550546941798
36 76 0.1892077762232518
37 38 0.932822831304621
37 77 0.12957247053327237
38 39 0.09514911970914541
38 78 0.5093393489497293
39 40 0.8708540246828174
39 79 0.6776896683963656
40 80 0.5438542921460967
41 42 -0.9997712503653102
41 81 -0.39533485473632046
42 43 0.5018848680546744
42 82 -0.30220331604431494
43 44 0.2399114367627595
43 83 0.6579617991003575
44 45 0.15571443056907097
44 84 -0.6319795967450699
45 46 -0.5326677215214999
45 85 -0.7960654811484051
46 47 -0.935353866752852
46 86 0.4187745024625902
47 48 0.11703310184503568
47 87 0.3804557363254957
48 49 0.6199774213248326
48 88 -0.9747924659402474
49 50 -0.2596916448925235
49 89 0.061394876952278965
50 51 0.21095800206186932
50 90 0.5335491744742042
51 52 0.1706969178765021
51 91 0.7964100920342743
52 53 0.4940096580598903
52 92 -0.3192414184690655
53 54 0.39924636479916775
53 93 0.8365171782641159
54 55 -0.5211779117244881
54 94 0.9049475633865185
55 56 0.9949699854566589
55 95 0.16405995268692353
56 57 0.9126030195104642
56 96 0.17984625415153954
57 58 0.3448221978678516
57 97 -0.9832338409499368
58 59 -0.8505371099704777
58 98 -0.4463870747988268
59 60 0.7811045727566222
59 99 0.8450089945207868
60 61 0.6998610704628379
60 100 -0.13069041185665298
61 62 0.3140806580494586
61 101 0.686646427839045
62 63 -0.7894749466744262
62 102 -0.65454507335424
63 64 -0.7784091206080876
63 103 0.29510597163285435
64 65 0.6265876906501113
64 104 0.6150245432860642
65 66 0.407998996559777
65 105 -0.05940215043564945
66 67 0.2171308739471174
66 106 -0.4966808316953526
67 68 -0.6198258990401189
67 107 -0.06173112033324579
68 69 -0.24378282643395743
68 108 0.3919930208909881
69 70 -0.9047781425868899
69 109 -0.6872861426474968
70 71 0.4896677460649854
70 110 -0.40854893115223767
71 72 -0.8499347213269184
71 111 0.7227049489660575
72 73 -0.5967364818867313
72 112 -0.16707488765378375
73 74 0.15014033397742788
73 113 -0.5704349282302825
74 75 0.6556064789184444
74 114 -0.9770489747883733
75 76 0.9859627152749568
75 115 -0.35167739363753014
76 77 0.8619797306919439
76 116 -0.7324433845138172
77 78 -0.2821777164222863
77 117 0.2379402174802845
78 79 0.05931464114008511
78 118 -0.4260324945058509
79 80 -0.6884453487689743
79 119 0.14856670870176636
80 120 0.12556109937884985
81 82 -0.7064882183657739
81 121 -0.8153228104624044
82 83 -0.46014421646994785
82 122 0.7917724363921337
83 84 -0.6864172107078315
83 123 -0.962847595645181
84 85 0.5758584676510086
84 124 0.22406235408986785
85 86 0.03171403393705963
85 125 -0.04571802590043528
86 87 -0.06999703687298786
86 126 0.8950978827901996
87 88 -0.0942930000969251
87 127 0.2566180750427143
88 89 0.3449396893074679
88 128 0.37361645331398363
89 90 -0.011767468207349863
89 129 -0.7356777161141237
90 91 0.009401216191788686
90 130 -0.003888750343985059
91 92 -0.10776556193114062
91 131 0.8437366109676308
92 93 0.5906023348112857
92 132 -0.024198121640759407
93 94 -0.9205425866338304
93 133 -0.8593331167689495
94 95 0.8877852555675922
94 134 0.22786800476940172
95 96 -0.41324744302788674
95 135 0.8578989237862313
96 97 -0.6043344307041614
96 136 -0.1413385547670154
97 98 0.35675394450263975
97 137 0.006361381085774109
98 99 0.8384750085123449
98 138 0.5300102965962858
99 100 -0.6877008711184105
99 139 0.7594442870027618
100 101 -0.06390089026705437
100 140 0.2597060431668454
101 102 -0.6325211762479965
101 141 0.7123184759747436
102 103 -0.74713821942063
102 142 0.5566017801352552
103 104 0.055243016912698506
103 143 -0.293515188033882
104 105 0.23936398410772552
104 144 -0.09779507575845026
105 106 0.3653960858065026
105 145 -0.9731633788869409
106 107 -0.4077401530081912
106 146 0.0658451180633064
107 108 -0.32091826240739296
107 147 0.40899439649625213
108 109 -0.7943632650913683
108 148 -0.6083315326500152
109 110 -0.6122702806809064
109 149 -0.009775274877643625
110 111 -0.20308360690191973
110 150 -0.24552086493898106
111 112 0.0385951709408805
111 151 -0.3621282621651518
112 113 -0.09821468699860003
112 152 -0.30254646090470816
113 114 0.736477142881778
113 153 -0.9699611564931518
114 115 -0.4659193801434096
114 154 0.9997515751485249
115 116 -0.9292761610173721
115 155 0.6347034585680265
116 117 0.02602458732003554
116 156 0.36799842823391526
117 118 0.0035862361263390152
117 157 -0.09524750444429686
118 119 0.24835944652782183
118 158 -0.4703266896476084
119 120 0.34700602937137215
119 159 -0.18835918800190976
120 160 -0.9473042422600344
121 122 -0.6274795772446582
121 161 -0.3088785459139045
122 123 -0.14381762025741018
122 162 0.9296800942967711
123 124 -0.8599557125615553
123 163 -0.02730977812593638
124 125 -0.8921814558524941
124 164 -0.15961263999773556
125 126 -0.6946567118136735
125 165 0.243612463480831
126 127 -0.5571345313530234
126 166 -0.46585596063126844
127 128 -0.41980629662514835
127 167 -0.9813028440669684
128 129 -0.10150649282672486
128 168 0.8295773734838685
129 130 -0.587091882221134
129 169 -0.8476223819353577
130 131 0.6857996803856998
130 170 -0.8643861313180925
131 132 -0.4420182190860582
131 171 0.21766234838759146
132 133 0.051338888701958796
132 172 -0.9430183010168656
133 134 -0.051987420023890785
133 173 -0.30166517408584537
134 135 0.9469747946503926
134 174 -0.310277312567498
135 136 0.01423884709640899
135 175 -0.0906155448951862
136 137 -0.32650800259766544
136 176 0.983890023814562
137 138 -0.5381830990316416
137 177 -0.6502069820361556
138 139 0.19948068894419735
138 178 0.6659362876741408
139 140 0.2639899009262743
139 179 -0.5787436431623951
140 141 -0.6839363300723746
140 180 -0.9704358265158142
141 142 -0.2712690402859441
141 181 0.7845478585523449
142 143 -0.9211769756311114
142 182 -0.5168831653182719
143 144 -0.6036015413596163
143 183 -0.5588118363053285
144 145 -0.1841000219052651
144 184 0.7494952398087269
145 146 0.9649562370040878
145 185 -0.6558453363422081
146 147 0.924156425694187
146 186 -0.6310087910196447
147 148 -0.547809595134902
147 187 0.6899762747166904
148 149 -0.09209469918696023
148 188 0.24229837938729215
149 150 0.2702499221826764
149 189 0.760439954437166
150 151 0.32720526334218714
150 190 -0.8273334263696719
151 152 0.9260646775693513
151 191 0.8765235370047566
152 153 -0.23343937974397488
152 192 -0.6393878783044813
153 154 -0.7885115697398957
153 193 -0.2478858489053688
154 155 -0.760633445615027
154 194 -0.019821007824733394
155 156 0.006613567199324599
155 195 -0.894432287762859
156 157 -0.6563404807863458
156 196 -0.977480213015621
157 158 0.46454146951253716
157 197 0.8490202999682053
158 159 0.30538582866904607
158 198 0.6837960156534757
159 160 -0.9902459110355468
159 199 -0.3493373404620792
160 200 -0.36308576037263496
161 162 -0.20646505153866013
161 201 0.07763346800671389
162 163 0.32688299563689616
162 202 0.24339144041824357
163 164 0.2126589233066607
163 203 0.13770287417296267
164 165 0.3581376731308592
164 204 0.8372035559550517
165 166 0.08802023762787625
165 205 0.30827469394148865
166 167 -0.837052070245476
166 206 -0.14276234267242693
167 168 0.15351186997418154
167 207 -0.37711157173507437
168 169 0.2887221695139859
168 208 -0.9895203246970683
169 170 0.015843399890574927
169 209 -0.47690089633402577
170 171 0.14654454309936926
170 210 0.8855251508658986
171 172 0.3649074195336308
171 211 -0.5435885332990318
172 173 0.28846403975806356
172 212 -0.2986869951356652
173 174 0.8745041242568978
173 213 -0.02087007770966287
174 175 0.7957014353353635
174 214 -0.130810053182981
175 176 0.1757430125923729
175 215 -0.47172471157886076
176 177 -0.23952700776547053
176 216 0.9854017473296359
177 178 -0.6300340688983403
177 217 0.6885200101501969
178 179 0.7920869831500039
178 218 0.9454407057056498
179 180 -0.3097681704398376
179 219 -0.6801624228214336
180 181 -0.4689759650552283
180 220 -0.9691127361144782
181 182 -0.94457651975527
181 221 -0.8292197217536588
182 183 0.758132802716931
182 222 0.9470377216725872
183 184 -0.9123569805457061
183 223 0.426327946319629
184 185 0.40586346422874264
184 224 -0.6301299552531967
185 186 0.8125207919233637
185 225 0.6142198033322122
186 187 0.01979675628621802
186 226 -0.3124237931263112
187 188 0.05245932978326073
187 227 0.0012391458461782356
188 189 0.5002484961379701
188 228 -0.7805299574286868
189 190 0.8050731128444901
189 229 -0.38567846302981
190 191 0.0997798409439623
190 230 -0.9691563553134883
191 192 -0.47996205608661535
191 231 -0.5972162925725595
192 193 -0.8637398852118512
192 232 0.10251329787170316
193 194 -0.19581218781361298
193 233 -0.4455598340426348
194 195 0.5800523012053707
194 234 -0.7555721798122876
195 196 0.7806100544484824
195 235 -0.19097124003928445
196 197 0.7753662609594496
196 236 -0.929537458693281
197 198 -0.04145716943282096
197 237 -0.8235396979998084
198 199 0.27789564073686335
198 238 0.13126293795346777
199 200 0.6778898959464974
199 239 -0.8743520395654611
200 240 0.6171283009487769
201 202 -0.1616109711934104
201 241 0.370439000793519
202 203 -0.7705080540932496
202 242 0.8989785174141425
203 204 -0.3652751813556785
203 243 0.9772323088248978
204 205 -0.9991959502172851
204 244 0.9535182980621193
205 206 -0.7109089197506804
205 245 0.5030556342704877
206 207 -0.7819624719618634
206 246 0.2675735212238357
207 208 0.0345351970022596
207 247 0.8328117061077955
208 209 -0.031143108971248834
208 248 0.7186356121952
209 210 -0.28587678223441615
209 249 -0.7838693426055263
210 211 0.03572009634464379
210 250 -0.611068380944231
211 212 -0.9724649748845664
211 251 -0.16655207525860782
212 213 -0.5415899454158686
212 252 -0.13223324757659882
213 214 0.07929822018670118
213 253 0.7905207314624416
214 215 -0.5283707257049726
214 254 0.8816559264027988
215 216 -0.3894234013051334
215 255 -0.2566908465516351
216 217 0.03760850146682837
216 256 -0.6554405970457491
217 218 0.9651795786101707
217 257 0.8274792496832633
218 219 0.9970410141796118
218 258 -0.720701332631793
219 220 -0.11130368510774558
219 259 -0.832450092309079
220 221 0.34899768832451494
220 260 0.102937671625553
221 222 0.962820931508225
221 261 0.2190038515469932
222 223 0.21084401545409626
222 262 0.9524765291207768
223 224 0.3076803983925098
223 263 -0.11246041455055522
224 225 0.1314642932585266
224 264 0.8176160646001138
225 226 0.6002793687739754
225 265 -0.4621278844298702
226 227 0.5394506899143714
226 266 0.605732972864848
227 228 -0.49262838622463967
227 267 -0.627688660526672
228 229 0.24924721431128227
228 268 -0.2252789557110384
229 230 0.5067601462511715
229 269 -0.4351439388820548
230 231 0.9660779670788335
230 270 0.19685444477602965
231 232 0.1778174066121545
231 271 0.6850364196831178
232 233 0.1917338912333022
232 272 -0.7090004215565824
233 234 -0.8078740024801216
233 273 -0.7625391897748128
234 235 0.32481836138249576
234 274 -0.02383910895735175
235 236 0.8585463642807938
235 275 -0.1958436523988769
236 237 -0.4850834323846509
236 276 0.30336806348133694
237 238 0.13930711336814783
237 277 -0.5100982897703312
238 239 -0.38571578145827745
238 278 0.7535540798759224
239 240 -0.7891605071213657
239 279 0.40357469302383175
240 280 0.47517701983336225
241 242 -0.5910955005369651
241 281 0.7562348727818908
242 243 -0.10017573304011895
242 282 0.15677922877426353
243 244 0.15949043849159383
243 283 -0.2397176547528992
244 245 -0.24683937050845106
244 284 0.9475670767166451
245 246 -0.5559017204001546
245 285 0.038703648732066
246 247 0.6059264747474757
246 286 0.39360099224035694
247 248 -0.14705042299720805
247 287 -0.5052079267952292
248 249 0.6607991400746789
248 288 0.2983083942249558
249 250 0.5751036793050144
249 289 -0.7868322464223978
250 251 0.6958787848869523
250 290 -0.49672171528829434
251 252 0.8769637837134681
251 291 -0.3139437803391869
252 253 -0.23506508545816485
252 292 -0.06042191982727951
253 254 -0.10672990835261897
253 293 0.7540687785407039
254 255 0.36843610196645504
254 294 -0.8701768293217413
255 256 -0.5111040012567782
255 295 0.16909453223325954
256 257 -0.8508518574970403
256 296 -0.25938861245222467
257 258 -0.30526115925437436
257 297 0.5604491593827274
258 259 -0.8589159105126016
258 298 -0.8530666912797533
259 260 -0.6693630190395203
259 299 -0.6056073070666614
260 261 -0.3567037087944447
260 300 0.5604046742395172
261 262 -0.16473530637163347
261 301 -0.6615716306126189
262 263 -0.9130969165700464
262 302 0.8971455367520151
263 264 0.4378789761796873
263 303 -0.7800480551093592
264 265 -0.6986200155034576
264 304 0.6910353510614129
265 266 -0.5616923884854839
265 305 -0.14239861417182254
266 267 -0.15088017939556675
266 306 -0.5917550000113283
267 268 -0.056361874524806455
267 307 0.9636488356505146
268 269 0.34018073749561406
268 308 -0.5928792446761968
269 270 -0.26284626046944815
269 309 -0.4145468758137396
270 271 -0.23177154400754674
270 310 -0.7065041385450346
271 272 -0.32655782050989024
271 311 0.17285884292852316
272 273 -0.5381165833557517
272 312 -0.42724573692523515
273 274 -0.3641104923053322
273 313 0.9015856681554411
274 275 -0.6114200358276265
274 314 0.7572600531654408
275 276 -0.8463354304506383
275 315 -0.5093977117600146
276 277 -0.42843413328847557
276 316 -0.9805848068503669
277 278 -0.9208441770492617
277 317 0.5762804132873662
278 279 0.9776437694345992
278 318 0.554958862419882
279 280 0.02831653551237534
279 319 -0.003666350010975483
280 320 -0.8732789772519294
281 282 -0.9452248136041477
281 321 0.34093502035680445
282 283 -0.18372639447743766
282 322 -0.5259460395139446
283 284 0.10189643823579364
283 323 0.4906688618130042
284 285 0.20943220194810608
284 324 0.6576916159613859
285 286 0.5705920564432378
285 325 -0.9553391440163876
286 287 0.5324227621515409
286 326 -0.3150917603129604
287 288 -0.2574124774418911
287 327 0.8637222332730812
288 289 0.3473968477972633
288 328 0.15699915957840105
289 290 0.9714176474263756
289 329 -0.6456776711231653
290 291 0.4014520729650759
290 330 0.08052188079379974
291 292 0.5594885909651999
291 331 -0.6505273743451851
292 293 0.9589667083596127
292 332 -0.2712438592635391
293 294 -0.4928365012567433
293 333 -0.45238059168378286
294 295 0.7408497136461323
294 334 0.40276058926669256
295 296 0.39169226786465283
295 335 -0.8561055596719978
296 297 -0.7531622803705402
296 336 0.2690374325836833
297 298 0.09290918140286131
297 337 0.6328847951118755
298 299 -0.9705124182001061
298 338 0.9436401459558521
299 300 0.3820546831134084
299 339 0.1476057383307059
300 301 -0.7084291375704459
300 340 -0.5102387224762328
301 302 0.29980230617938
301 341 -0.9260498632812844
302 303 -0.37740783508766573
302 342 0.597945680723186
303 304 0.8774383467378621
303 343 0.6952534184787751
304 305 0.6404049326306998
304 344 -0.0013177974043310225
305 306 0.6987422014613098
305 345 -0.09924071505655951
306 307 -0.8658210793422894
306 346 -0.602703471158877
307 308 -0.7341875246763458
307 347 -0.43307513514388574
308 309 0.05583759506146224
308 348 -0.6556748900881346
309 310 -0.1726185276017973
309 349 -0.5705686086632389
310 311 0.3937566528736103
310 350 0.8116168334131046
311 312 -0.6755100010423845
311 351 -0.6108125295237163
312 313 0.6615027338088515
312 352 -0.6931581176751753
313 314 -0.5851868703613521
313 353 0.49456064211844497
314 315 -0.6370252048845393
314 354 0.2781057185895506
315 316 -0.2994789885855944
315 355 0.5014565847104502
316 317 0.15090366892996476
316 356 -0.38441544333057887
317 318 -0.4544635266704238
317 357 0.5541409858847677
318 319 0.14728771514083827
318 358 -0.7174413347179966
319 320 -0.2527805621471879
319 359 0.20702723334263795
320 360 -0.3285697844887938
321 322 -0.16539039526574606
321 361 0.11737965689150331
322 323 0.8067590411245076
322 362 0.1473589733445717
323 324 0.3384657869063692
323 363 -0.4701608846743812
324 325 0.14942300941620457
324 364 0.2561523966147008
325 326 -0.351275080547627
325 365 0.7458447528002221
326 327 0.6917029660553553
326 366 -0.1424624500011149
327 328 0.8737367626181873
327 367 0.6886598971314264
328 329 -0.4517604496662957
328 368 0.12105998107211757
329 330 0.14481022486929862
329 369 -0.9103093308218237
330 331 0.8976725765604392
330 370 0.24867340480535183
331 332 -0.31609432739509513
331 371 -0.7108045583238065
332 333 0.548820266672079
332 372 0.10553519309978499
333 334 -0.34327721982481973
333 373 0.09512854096190693
334 335 0.20985374594856343
334 374 0.46474979835866104
335 336 0.9421666392509276
335 375 0.5061413117389097
336 337 -0.17216030854118225
336 376 0.9818312650509002
337 338 -0.0325460976221883
337 377 0.17990259659880747
338 339 -0.8104661670855418
338 378 0.6834736523716993
339 340 0.7466462680734642
339 379 -0.5107318685615838
340 341 -0.41537247592143256
340 380 -0.6081361070020157
341 342 -0.3767721730785907
341 381 -0.3530416060218493
342 343 0.6212582068938031
342 382 0.7199971831606897
343 344 0.3180713193317666
343 383 -0.24233766267653634
344 345 -0.9248322970285936
344 384 -0.7049949892061291
345 346 0.8708402280141236
345 385 -0.294641345496524
346 347 -0.4551982997412356
346 386 0.1975778358184208
347 348 0.6012823485669121
347 387 0.3295537970215099
348 349 -0.9626379880072493
348 388 -0.026099507152085755
349 350 -0.3620279870596219
349 389 -0.7561603722198247
350 351 -0.36378249531076645
350 390 0.5329842893124594
351 352 0.5226704319841913
351 391 -0.6998030772959001
352 353 0.10427761510696287
352 392 0.1362794353843848
353 354 -0.48362267198503206
353 393 -0.9255194887784304
354 355 0.4816537563958583
354 394 0.12534577318645646
355 356 -0.6305036953014327
355 395 -0.13805269254825125
356 357 -0.6969718762957537
356 396 0.9425666234651602
357 358 -0.023582113823590323
357 397 -0.36412821784976934
358 359 -0.3701419552147929
358 398 -0.2662813628176326
359 360 0.7029375337540769
359 399 -0.44615388706201453
360 400 0.7473387387138768
361 362 -0.7192261228095325
361 401 -0.6037970218302424
362 363 -0.9942593459376821
362 402 0.23428982724144776
363 364 -0.8673303311431169
363 403 -0.2598316041717874
364 365 -0.42884743660861213
364 404 0.1736666813121659
365 366 0.6894192152041392
365 405 0.07688118518908738
366 367 0.6480197408246375
366 406 0.2529923172485875
367 368 0.840413028611321
367 407 -0.5441994200973661
368 369 0.3434595696348406
368 408 -0.29514073956718234
369 370 0.5742325793116683
369 409 -0.6207881043634069
370 371 0.6759559240954587
370 410 -0.9841342476109538
371 372 0.433541628292752
371 411 0.3986152473936284
372 373 0.7782621782149657
372 412 -0.29009429770085604
373 374 -0.5597426519460376
373 413 0.3428583421625466
374 375 -0.49312191500043845
374 414 0.20097791054908876
375 376 0.6123263259068166
375 415 0.503280808162581
376 377 0.8599112473066357
376 416 -0.7015279353805
377 378 0.574526895048523
377 417 -0.7995307137937353
378 379 0.37034599381539923
378 418 -0.024885665034163784
379 380 0.25921591343782624
379 419 -0.9311374693858088
380 381 -0.8241226324587934
380 420 0.739952360543215
381 382 0.21488378702910715
381 421 0.30166251335139416
382 383 -0.0828983781949979
382 422 0.8612887843308967
383 384 -0.1668665419705051
383 423 -0.03569215568506512
384 385 0.8452773893773424
384 424 -0.9116904079362751
385 386 0.2387843313935194
385 425 0.9613980727115603
386 387 0.7461669945488711
386 426 -0.7435381223090274
387 388 -0.4424831826131259
387 427 -0.37070478644977634
388 389 -0.6316444468782139
388 428 0.276686660006775
389 390 0.9260364791910691
389 429 0.007966018797565644
390 391 -0.4250037959176247
390 430 0.9144506847487868
391 392 -0.46818591790434505
391 431 0.3789897263553388
392 393 -0.31315981378265545
392 432 -0.29876562138609275
393 394 -0.9678955816658759
393 433 -0.694588137637647
394 395 0.2576831371943822
394 434 -0.7620692067559911
395 396 0.7464908396319374
395 435 0.06752218274556632
396 397 -0.670055464202095
396 436 0.4544708822865542
397 398 -0.37194909989820646
397 437 -0.9159504798277711
398 399 -0.4162095579450684
398 438 -0.10809437050214443
399 400 0.68952272568727
399 439 -0.1667617028557633
400 440 0.43166393814518744
401 402 0.6014891373510733
401 441 0.936523151438795
402 403 -0.3467101964558077
402 442 0.05411620451521859
403 404 0.25943501404312896
403 443 -0.5796519801703208
404 405 0.5000435274053199
404 444 0.7166276728580847
405 406 0.733216548333026
405 445 0.8996119827072531
406 407 -0.7131539026595102
406 446 -0.8432262002901041
407 408 -0.8250355808928183
407 447 -0.5453805274306225
408 409 0.7116567345078555
408 448 -0.6099250279825854
409 410 0.05580795681625328
409 449 0.4801550863181432
410 411 0.978680112333276
410 450 -0.844570859335227
411 412 0.37699463589783755
411 451 -0.4932079310274007
412 413 -0.5089626396269851
412 452 0.8220384793139366
413 414 -0.7144134343939992
413 453 -0.8117994510007212
414 415 0.6292383625233107
414 454 -0.8917726793520002
415 416 -0.8398780454575654
415 455 -0.036607433957645874
416 417 -0.21023547492639905
416 456 -0.0768405780752277
417 418 0.0740142336810814
417 457 -0.2680333066606915
418 419 -0.30661023728284365
418 458 -0.2927044258659899
419 420 0.03239692215413803
419 459 0.726452963427699
420 421 -0.8236227088569799
420 460 0.36742067164327574
421 422 0.6921091984729386
421 461 0.8551618851950868
422 423 -0.4842140311459202
422 462 0.8688909850591693
423 424 0.8705675400136013
423 463 0.7271859098362052
424 425 -0.255002467189281
424 464 0.2380792694509417
425 426 0.2869250444816098
425 465 -0.9090035679187924
426 427 0.916377483429792
426 466 0.366341687708293
427 428 -0.16010349119614187
427 467 0.2055735244845922
428 429 0.07314963868086588
428 468 0.5498907599954914
429 430 0.8462013651773277
429 469 0.49232028154684215
430 431 0.4046315095896149
430 470 0.25003118638664223
431 432 -0.9698213847340418
431 471 -0.9356111922628589
432 433 0.9182240350384046
432 472 0.1066878989190414
433 434 -0.07583161400451566
433 473 0.5118021950756102
434 435 -0.3839260258909374
434 474 0.17392441445935836
435 436 -0.7936905605018867
435 475 -0.9509550258907356
436 437 0.781448382987026
436 476 0.7174302314538905
437 438 0.06879967380910146
437 477 0.6471031119935207
438 439 0.2212650337352915
438 478 -0.5741708189696728
439 440 0.001968024787881051
439 479 0.45924675713636054
440 480 -0.3606997762758948
441 442 -0.3731516436815143
441 481 0.38464523133862816
442 443 0.771884198621549
442 482 -0.28546047999500046
443 444 0.5055111074776277
443 483 -0.8669270372917701
444 445 0.5101643769353603
444 484 0.396114496894606
445 446 0.6528139952586827
445 485 0.7082308876730774
446 447 -0.9633347141739854
446 486 -0.8665500047212871
447 448 -0.37124676777189913
447 487 -0.6504682472873768
448 449 0.4946416206638464
448 488 -0.42079450762624515
449 450 -0.7001370301654881
449 489 0.10217434837394346
450 451 -0.3557409727704608
450 490 0.8923047909135307
451 452 0.38472024324681775
451 491 -0.5454049181681009
452 453 -0.9129314724844693
452 492 0.9015068561220045
453 454 0.7403834924107553
453 493 -0.526262592886003
454 455 -0.7389786573214681
454 494 0.6848916199128272
455 456 -0.1086540871966879
455 495 0.34494530104985976
456 457 0.1218975102438904
456 496 0.560727046578537
457 458 0.20861368733774444
457 497 0.917605031274001
458 459 -0.4923222353056256
458 498 0.8220359473972529
459 460 0.9682530877698337
459 499 -0.980254049282163
460 461 -0.7591982462845532
460 500 -0.9786019937116517
461 462 0.32091545522219933
461 501 0.1563478368170763
462 463 0.23823926650332106
462 502 0.9708898298896611
463 464 -0.044152301566881214
463 503 0.10903699655633403
464 465 -0.6061039221719666
464 504 0.9621595144805946
465 466 -0.07288581809657635
465 505 -0.33049731257267245
466 467 0.4839284713567604
466 506 0.9657615718419812
467 468 0.43867753444215096
467 507 0.7146006669024614
468 469 -0.21408019473159356
468 508 0.9789042616725059
469 470 -0.08458942463916164
469 509 0.5092444506162634
470 471 0.8614694663002955
470 510 -0.46191522549616293
471 472 -0.4249481199519427
471 511 -0.3267536389754018
472 473 0.3054624018019094
472 512 -0.018519767111173424
473 474 0.4576298638903078
473 513 -0.29522111503392656
474 475 -0.20907256738497715
474 514 0.3278921628656013
475 476 0.41161960232209727
475 515 0.9582549819164341
476 477 -0.6314858656831064
476 516 -0.5263829326115215
477 478 -0.8322092950012441
477 517 -0.7828825887825648
478 479 -0.5004804914265923
478 518 -0.7756990335578064
479 480 -0.48255658498678544
479 519 0.8432738373122801
480 520 0.7307282115647595
481 482 0.7527783045920766
481 521 0.7892133270076946
482 483 0.8170703018395984
482 522 0.24672023158360545
483 484 -0.4793698028429181
483 523 0.6095091274866908
484 485 0.7289588601091996
484 524 -0.3546380063265071
485 486 -0.8025131963593033
485 525 0.3026086646819821
486 487 -0.08283237258313636
486 526 -0.773316154464819
487 488 0.21418832394492093
487 527 -0.17282716999767733
488 489 0.547598574488364
488 528 -0.14452534132784756
489 490 -0.5667655833424412
489 529 0.5183920986342894
490 491 -0.9821217952575099
490 530 0.6454600108438711
491 492 -0.1507017681373206
491 531 -0.25615575666462553
492 493 0.11281383134185052
492 532 -0.247273566625825
493 494 -0.22799197795480897
493 533 0.1430841854506646
494 495 0.23669173865577098
494 534 0.062575620962116
495 496 -0.10252548235135617
495 535 0.4086267967678192
496 497 -0.025612181853152505
496 536 -0.1600128959795184
497 498 -0.21435411000607507
497 537 -0.21405400411676712
498 499 0.4512850909897379
498 538 -0.9481484144314603
499 500 -0.49431703584636977
499 539 -0.5523006593449493
500 501 0.11453646014982755
500 540 0.8142181104407413
501 502 -0.2025689127419832
501 541 0.933224985284284
502 503 -0.9347122680748152
502 542 0.45033331766541673
503 504 0.7508077245586435
503 543 0.8985288675445802
504 505 -0.6880495339131552
504 544 0.07935839032254877
505 506 0.0643630970433493
505 545 -0.43050758277373724
506 507 -0.1677984547637159
506 546 0.06316693179180355
507 508 0.3622229409168194
507 547 -0.5260358710566033
508 509 0.03042939232414743
508 548 -0.04235319762905654
509 510 0.2560461572138517
509 549 -0.3924831316962627
510 511 0.8472314926815214
510 550 0.3561658682479649
511 512 -0.2755677889399777
511 551 0.6143811510270392
512 513 0.2932999633435811
512 552 0.21050157101412403
513 514 -0.041721442474172754
513 553 0.6281475067513305
514 515 0.7039092896085966
514 554 -0.6195558213756329
515 516 0.5703305259046136
515 555 0.5294523936908351
516 517 -0.9632747269948552
516 556 0.8628109345297086
517 518 0.05851185373543388
517 557 0.3202836192471936
518 519 -0.38482282165039505
518 558 -0.005103442830713512
519 520 0.4041389284576966
519 559 0.23786084619497805
520 560 -0.16133540366622756
521 522 -0.8299115772604442
521 561 -0.9218904335342353
522 523 -0.9683575143068874
522 562 0.8588744674875226
523 524 -0.6131314347533445
523 563 0.27892176175988026
524 525 0.3415775815751745
524 564 -0.09825212717330167
525 526 0.4070339763053059
525 565 0.22048162529325932
526 527 -0.9444333023026601
526 566 0.5097229627809348
527 528 0.6327030236544282
527 567 -0.6297392034619387
528 529 0.6153968182244189
528 568 -0.2929302746640192
529 530 0.4458303871124274
529 569 -0.646901931445834
530 531 0.7224232767335887
530 570 -0.12033837158285499
531 532 -0.2893841767597556
531 571 -0.8846903855174872
532 533 0.9901046446782222
532 572 -0.8832747077047367
533 534 0.05160393990293999
533 573 -0.8479522411157863
534 535 -0.5034185420058028
534 574 -0.40984284950100824
535 536 0.3632906752052458
535 575 0.39429705750551247
536 537 -0.4760005905613287
536 576 0.8216122781735169
537 538 0.5812739871791976
537 577 0.2901567981708528
538 539 -0.07695749350577086
538 578 -0.43739745492637727
539 540 -0.904924811544479
539 579 -0.9796550874764487
540 541 0.7209133346737704
540 580 -0.3230972317634999
541 542 -0.6918416563352852
541 581 0.7901736172972968
542 543 0.13110847076076215
542 582 -0.01515190520336085
543 544 0.27836951173649194
543 583 0.49704064017950733
544 545 0.23602264869328926
544 584 -0.5380201026605922
545 546 -0.7554775395399944
545 585 0.33657797750160356
546 547 0.3584259003914372
546 586 0.02575028517998268
547 548 0.85144107067252
547 587 0.5623908013515322
548 549 0.49888494150433926
548 588 0.14537658658483088
549 550 0.04331862682654375
549 589 0.4246243912948584
550 551 0.5427250144029239
550 590 0.1432706728699027
551 552 -0.9280380646827162
551 591 -0.28320951074934975
552 553 -0.7096534141598088
552 592 -0.3306389342308136
553 554 0.6768058127579581
553 593 -0.36016659916402904
554 555 0.8065454017406699
554 594 -0.2336482991378135
555 556 0.3508950313560397
555 595 0.5910054205973303
556 557 0.7742423533146128
556 596 0.1909323379390857
557 558 0.38949198467332335
557 597 -0.37355660970622795
558 559 -0.02038443057982353
558 598 0.9911544236927923
559 560 -0.45398232537616456
559 599 0.39169691271889184
560 600 0.21019826831102528
561 562 -0.6603391608708622
561 601 0.7562850068588263
562 563 0.3817938350338479
562 602 0.994645700902961
563 564 0.04934061824746738
563 603 0.8496159407987014
564 565 -0.23579449593696555
564 604 -0.1783773001556288
565 566 0.5992305234720561
565 605 -0.9308575602567315
566 567 -0.21029903907872116
566 606 0.49387699121505024
567 568 0.40375305951262086
567 607 -0.5192887503017223
568 569 -0.5726135247408377
568 608 0.5345690168435331
569 570 0.7239331153341468
569 609 -0.9604498009673115
570 571 -0.4885096123881376
570 610 0.6053790392665972
571 572 0.2632932537318793
571 611 0.414633205363399
572 573 0.03341271953522429
572 612 -0.9378058490889043
573 574 0.7482518711960566
573 613 0.9022712368373842
574 575 0.7453723298389239
574 614 -0.15666813030058147
575 576 0.23720148512307282
575 615 -0.6980385334407084
576 577 -0.9554569769343917
576 616 0.6422437964379293
577 578 -0.21223198428924706
577 617 0.3779100964605029
578 579 -0.942067627644203
578 618 0.7693637886185889
579 580 -0.01960937551153652
579 619 -0.9090357086594119
580 581 -0.9456823413482756
580 620 0.6017187102600663
581 582 -0.377973864230317
581 621 0.09697817933220798
582 583 -0.48156374869852603
582 622 -0.34633863026724976
583 584 -0.29675018727911473
583 623 0.83605663817236
584 585 -0.06738202158131723
584 624 -0.0179829417341415
585 586 0.3627195097826126
585 625 0.7342785999981769
586 587 -0.40177531067832883
586 626 -0.7892306545399215
587 588 -0.3852370391443114
587 627 -0.3900687167158736
588 589 -0.2750693653999492
588 628 -0.021510429079715676
589 590 -0.3893729371033865
589 629 -0.9749543262270535
590 591 0.6678093549984665
590 630 0.39656359858372525
591 592 0.2765562665336485
591 631 -0.7139917809633547
592 593 -0.07913201308213313
592 632 -0.7443566767872303
593 594 -0.9914699631857857
593 633 -0.9061383135475347
594 595 0.8862486614565093
594 634 0.23476462604993031
595 596 -0.9199644286547126
595 635 -0.470636736566292
596 597 -0.7812646889862926
596 636 -0.6529147063149969
597 598 -0.924444448387707
597 637 -0.17087424061521017
598 599 0.9622171261272539
598 638 -0.12687445663771357
599 600 -0.48557050309308925
599 639 0.632905340654955
600 640 -0.22769897625881286
601 602 -0.8033063323338998
601 641 -0.15778474998989567
602 603 -0.6553189833093429
602 642 -0.7257285007422445
603 604 -0.47340645902577805
603 643 -0.8680778186319524
604 605 -0.1970408330609188
604 644 -0.3652321080834462
605 606 0.5404774691099599
605 645 0.4634572014790539
606 607 -0.0951903465070969
606 646 -0.09982650599847775
607 608 0.1484381776817194
607 647 -0.30202480555842226
608 609 -0.38271610473869777
608 648 0.466490135452855
609 610 0.7204739948462304
609 649 0.11780762232187669
610 611 -0.04427599113555769
610 650 -0.7313227826886077
611 612 0.2271773890056712
611 651 0.2966255123262491
612 613 0.14235147837246687
612 652 -0.6390629820097689
613 614 0.6250146083493435
613 653 -0.43239633010625145
614 615 -0.8711394888407864
614 654 0.793970139015165
615 616 0.5216049126115121
615 655 0.562091644387914
616 617 -0.623063200667163
616 656 0.37151379834509446
617 618 -0.19199678189124203
617 657 -0.7277736915037558
618 619 0.5420107159093646
618 658 -0.34052984151147814
619 620 -0.443343738306196
619 659 0.2799491382178245
620 621 0.6119698645793319
620 660 0.7369762326055442
621 622 0.36413251686562975
621 661 -0.5270606973476892
622 623 -0.5010755865972245
622 662 -0.5614641793498785
623 624 0.6735040997076625
623 663 0.10411176244952558
624 625 0.533724752653084
624 664 0.2685615055477468
625 626 -0.7352370128745251
625 665 0.597240616556062
626 627 -0.4301357085557105
626 666 0.5377056965755158
627 628 0.7623366368578093
627 667 -0.747843039205603
628 629 -0.6217232501223005
628 668 -0.2128331714062761
629 630 -0.4634743417281273
629 669 0.5934909511801683
630 631 -0.706782596446182
630 670 0.22492225725614978
631 632 0.7154772290228812
631 671 0.2911288165468655
632 633 -0.27385335279100365
632 672 -0.5437167314141556
633 634 0.47561475520796814
633 673 -0.45473543785498394
634 635 0.5801910422918
634 674 0.02955085674645197
635 636 0.3907950719431048
635 675 0.7339766592154877
636 637 0.15392074186521687
636 676 -0.49668605299971014
637 638 -0.5479116582494117
637 677 -0.9977703394951867
638 639 0.9440412435806347
638 678 -0.5712041916483719
639 640 -0.9770550899541879
639 679 -0.6669247127769198
640 680 0.06772376860683327
641 642 0.9157790603010039
641 681 0.06633056994603415
642 643 0.8651909260743271
642 682 0.39363632297980033
643 644 0.47013192657733893
643 683 0.5443560590864935
644 645 0.2438387358406029
644 684 -0.1395054583574713
645 646 -0.4806032134032938
645 685 -0.48586140235570663
646 647 -0.04385498656433806
646 686 -0.05199214687561193
647 648 -0.8860712010343346
647 687 -0.5423726580792483
648 649 0.4889463061554642
648 688 -0.5572065981835979
649 650 -0.19355905578830157
649 689 0.5174938620446732
650 651 0.8556979856500215
650 690 0.7919399340132969
651 652 -0.6601185715654845
651 691 -0.701106402122275
652 653 0.2619184006790609
652 692 0.961847351501163
653 654 0.055693592235918965
653 693 -0.32116655196478106
654 655 -0.5932383343518979
654 694 0.6524550709847827
655 656 0.8082059718276098
655 695 -0.5324626147917881
656 657 -0.2895812213207125
656 696 0.9484252557901827
657 658 -0.09871346265573111
657 697 -0.3311612146054548
658 659 0.5931171750734221
658 698 -0.3507233555940068
659 660 -0.41061591687819154
659 699 -0.46069059768189713
660 661 0.3392931997510662
660 700 0.6155577246301529
661 662 -0.6645266298994568
661 701 0.01696402685923193
662 663 0.5993216750496777
662 702 0.004790011796516724
663 664 0.7352544192303474
663 703 0.6997437628806646
664 665 -0.06489989386932082
664 704 0.33388508638795034
665 666 0.653537476810258
665 705 0.2930998715023039
666 667 0.2815654089036923
666 706 0.6026614064063851
667 668 0.26692166847145127
667 707 -0.4445745350531516
668 669 -0.9400764949519029
668 708 -0.07494187931559426
669 670 0.8599861779270026
669 709 0.25066230980651016
670 671 -0.4413593287673363
670 710 0.8317574461346002
671 672 -0.7694131490399458
671 711 -0.5838051800021056
672 673 0.695005204540804
672 712 -0.3170518399574027
673 674 -0.03702837562669559
673 713 -0.6159374679377114
674 675 0.062289388786617605
674 714 -0.3448122024680562
675 676 0.34921374363364843
675 715 -0.6474477440331368
676 677 -0.3996563335279031
676 716 -0.6580253021139633
677 678 0.37143314445147313
677 717 0.9041250781090664
678 679 0.08224177221790674
678 718 -0.09312937106053676
679 680 0.115657977524118
679 719 0.42456199920500426
680 720 0.5096157022009227
681 682 0.3837542279009467
681 721 -0.3689687379878741
682 683 -0.867999654555875
682 722 0.5109261052049328
683 684 0.8156317050070481
683 723 0.8639441383936746
684 685 0.9476041558545045
684 724 0.3556017828686222
685 686 0.2646066348602556
685 725 -0.3094050768178369
686 687 0.6063266842283392
686 726 -0.19521496028452834
687 688 0.3282051107095869
687 727 -0.005499813278937449
688 689 -0.5717757263587031
688 728 -0.6021041531458666
689 690 0.43385800338493974
689 729 0.9746523496168531
690 691 -0.016909699966129343
690 730 0.7134049930355844
691 692 0.02835008705176567
691 731 0.7506654527090781
692 693 0.7498051024247618
692 732 -0.09632750115825872
693 694 0.10933462157533347
693 733 0.9488069378260051
694 695 0.7635412461656146
694 734 -0.026498510363323735
695 696 -0.6466422138553172
695 735 -0.21780175378647515
696 697 -0.7544557411011601
696 736 -0.6248602147655209
697 698 -0.5640621398776642
697 737 0.8515496032728798
698 699 -0.38423511236470653
698 738 0.8562181570014524
699 700 0.18109304448713415
699 739 -0.2389318455807199
700 701 0.7949965646056405
700 740 -0.09234009901997542
701 702 0.5837277511693433
701 741 0.38482892433415117
702 703 -0.8336202226060045
702 742 0.5539683840547607
703 704 0.6168227132122837
703 743 -0.7386143512052239
704 705 -0.09324514695560326
704 744 0.05142318268281931
705 706 -0.5901557084387323
705 745 -0.47715857118832417
706 707 0.034241063940853245
706 746 -0.5357999563073299
707 708 0.6544006502786124
707 747 -0.27095310488822344
708 709 -0.4510517743928584
708 748 0.05343172071723146
709 710 -0.7343850308391779
709 749 0.5151407184948424
710 711 -0.6035354195796925
710 750 -0.4285670092573943
711 712 0.49099666149632926
711 751 -0.1931867433316543
712 713 -0.5464213586674702
712 752 -0.18363719429543557
713 714 0.6942258321643888
713 753 0.006755219273106183
714 715 -0.741270585545289
714 754 -0.23235617627915262
715 716 0.8726169198913862
715 755 0.8067574002217057
716 717 -0.6208165618544703
716 756 -0.07315769121909721
717 718 -0.2176964789299436
717 757 -0.39940314125707377
718 719 0.9352177950250924
718 758 0.6723524462707169
719 720 -0.015038692173779289
719 759 0.7556190029599001
720 760 -0.8561460703815711
721 722 0.3730018553631673
721 761 0.6692513437947458
722 723 0.5077523769224928
722 762 0.8460490710929667
723 724 -0.972096854048806
723 763 -0.531275827757159
724 725 -0.6028602231457783
724 764 -0.14659798130393442
725 726 0.593177356014575
725 765 -0.10770753599308547
726 727 0.8093723206872461
726 766 -0.9258779040919283
727 728 0.03803196814735754
727 767 -0.650559699782155
728 729 -0.7149633244683107
728 768 -0.24583480158533177
729 730 -0.44382990277403445
729 769 -0.9924126551813148
730 731 -0.16284394847180272
730 770 0.36692980033260225
731 732 -0.6320931169055559
731 771 -0.07432176258348022
732 733 0.4169217401034344
732 772 0.5549375000063785
733 734 -0.3765941645620372
733 773 0.3375932118457394
734 735 0.1969293862092727
734 774 0.054534912970833904
735 736 -0.3588706920096796
735 775 0.6309538580112524
736 737 0.7788849509289577
736 776 0.1668126292164558
737 738 0.37927879815911547
737 777 0.19764178124684384
738 739 0.9538323238917004
738 778 0.047110609433785644
739 740 0.40504606792280184
739 779 -0.0077520975002778325
740 741 0.11565060742982092
740 780 0.012262257656469489
741 742 -0.7620533256539703
741 781 0.801484430143466
742 743 0.06729815216746182
742 782 0.478775574692764
743 744 0.07200514964362426
743 783 0.8015662294138319
744 745 0.3171360831167238
744 784 -0.6376092360922767
745 746 -0.16300636492164866
745 785 0.08359814556546263
746 747 0.25592385396380535
746 786 -0.3919890199553937
747 748 0.4667321889376681
747 787 -0.6151642191725224
748 749 -0.941455757193775
748 788 0.11017353304434896
749 750 0.05381069209468792
749 789 0.5077381432424259
750 751 -0.9046905900606421
750 790 -0.10484171189872371
751 752 -0.031059878102986493
751 791 0.774910156145455
752 753 0.36612809524449386
752 792 -0.8687560020771503
753 754 0.05432035144452274
753 793 -0.4238408238284903
754 755 -0.5700470384166447
754 794 -0.9342694882361668
755 756 -0.8266424677197872
755 795 -0.613999924851494
756 757 0.019747945256871846
756 796 0.023159779329465113
757 758 0.10750362522059054
757 797 0.7039525161297628
758 759 -0.5717061504385175
758 798 -0.12092179568921768
759 760 0.9517398751258273
759 799 -0.0714458649115135
760 800 0.5609138711486825
761 762 -0.9634234453116164
761 801 0.5002886298899349
762 763 0.4230495172569435
762 802 -0.7514580760556706
763 764 0.23355671400331524
763 803 0.8980326413752329
764 765 -0.31330752045115395
764 804 0.5952776079171331
765 766 0.5654988295683439
765 805 0.9809435672476814
766 767 0.5477486854408373
766 806 -0.7487172377245224
767 768 0.14143170309251274
767 807 0.99350685041642
768 769 -0.946744230616757
768 808 -0.7781592619315187
769 770 0.8678052166297756
769 809 0.7157942090757876
770 771 -0.2040187211841551
770 810 0.011484034901620754
771 772 -0.14213533194019412
771 811 -0.005421628160967362
772 773 -0.010313831634872761
772 812 0.05706698035513025
773 774 -0.34806558538202825
773 813 0.5489545320301592
774 775 0.24964258837099806
774 814 0.7100834426947029
775 776 0.22705179933686326
775 815 0.5200035046994977
776 777 -0.38150723068244075
776 816 -0.998471229043624
777 778 0.4933149442460101
777 817 0.083942123542883
778 779 0.9038703351358499
778 818 0.7759929878529293
779 780 0.26641853161295503
779 819 -0.29321130599674117
780 781 0.3839678090484375
780 820 0.3658137352597497
781 782 -0.04052486590168991
781 821 0.8933533584792952
782 783 0.03078738628624267
782 822 -0.20010815202973653
783 784 0.5416636611076606
783 823 -0.15857360194961645
784 785 0.5760991023446143
784 824 0.20573067507679466
785 786 -0.045124088815565955
785 825 -0.06508021590926116
786 787 -0.9409425101159581
786 826 0.8066623536337512
787 788 -0.03710820491852118
787 827 0.6071892528620544
788 789 -0.41400423274328557
788 828 0.15498136202709478
789 790 0.7172234061400251
789 829 0.8950831022036485
790 791 0.11517563034222356
790 830 0.14712216515419052
791 792 -0.7251129007515382
791 831 0.9287455947722352
792 793 -0.6385415727940205
792 832 0.38861387784745727
793 794 0.023998461327845888
793 833 -0.9960727092349599
794 795 -0.45022634034948106
794 834 -0.6388478946662861
795 796 -0.4496139387789466
795 835 0.47682374120921356
796 797 0.9942775987338417
796 836 -0.7408083654597204
797 798 0.5899348493858465
797 837 0.3695134099571531
798 799 -0.6630460567071057
798 838 0.058174420910500846
799 800 0.5359739589656116
799 839 -0.0104557323329455
800 840 -0.9385143633006059
801 802 0.9777221778129894
801 841 0.4963313087596788
802 803 -0.9602397323204088
802 842 -0.9475780262445614
803 804 0.9003522384941594
803 843 0.11330637639031282
804 805 0.7599965771268635
804 844 0.8076839116527439
805 806 -0.39950332093219987
805 845 -0.7139883434838012
806 807 0.23702713382417095
806 846 -0.9792714773295361
807 808 0.6336702175832438
807 847 0.18874524766195555
808 809 0.34912804752682103
808 848 0.5995530737947725
809 810 0.45770175503851185
809 849 0.03337756584307683
810 811 -0.6208965943321454
810 850 0.9299778482218277
811 812 -0.6769784590279762
811 851 -0.3151187177303789
812 813 -0.6984312032556148
812 852 -0.26120014877618747
813 814 -0.34838006677359035
813 853 0.7796546828947499
814 815 -0.4357211031902788
814 854 0.7675110163612018
815 816 -0.1446698006060716
815 855 -0.8011188741688215
816 817 -0.5448045233554939
816 856 -0.7091927316575286
817 818 0.4010661452390052
817 857 0.8611196384996902
818 819 0.03606512318881738
818 858 -0.25450239580502876
819 820 -0.4259121076889827
819 859 -0.7335857724977961
820 821 0.04062727172663294
820 860 0.6569362961709426
821 822 0.10686741249653142
821 861 -0.8303963566792942
822 823 0.9724935648725901
822 862 -0.9435147596741746
823 824 0.9557607867199316
823 863 -0.4984536866539955
824 825 0.9606657702746555
824 864 -0.5552336129376485
825 826 0.6796814203953347
825 865 0.7402047306151354
826 827 -0.15926086239442983
826 866 -0.1477384391505756
827 828 -0.20602357665525206
827 867 -0.6768519202878203
828 829 0.46553970652273335
828 868 -0.11932434640712453
829 830 0.30907506924566297
829 869 0.7085164196852931
830 831 0.8107547599193461
830 870 -0.3051721343987899
831 832 -0.9147406364068402
831 871 -0.8011194854902304
832 833 0.5045132096081864
832 872 0.2355085592201358
833 834 -0.44540991931357987
833 873 -0.30247403292312813
834 835 0.7510606300762457
834 874 -0.83752687513719
835 836 0.718746656601714
835 875 0.15664477490310236
836 837 0.5123397767754707
836 876 0.5875134944497851
837 838 -0.13578581740058704
837 877 0.3808680397086275
838 839 0.5869693483340668
838 878 -0.9282417020679665
839 840 0.3301975566716413
839 879 -0.5502500400652686
840 880 -0.29451512499785193
841 842 -0.43911201587118964
841 881 0.578558656902977
842 843 -0.9433870239584108
842 882 -0.5075778647939082
843 844 0.8312126995325491
843 883 0.28313241789267507
844 845 0.32543962475052446
844 884 -0.45958347594048443
845 846 0.8026168726985476
845 885 0.08311875777474653
846 847 0.07725456515269391
846 886 -0.9939640867608073
847 848 0.9519781366618099
847 887 0.8031251693386425
848 849 -0.8389409457432282
848 888 -0.5365953790284159
849 850 0.413912490497522
849 889 0.5610591137534855
850 851 -0.4115686235114906
850 890 -0.7930808877671973
851 852 -0.4762391917929596
851 891 0.6890538864589579
852 853 -0.7155574938544267
852 892 0.45378750668912526
853 854 0.5034154418385337
853 893 0.5252641908902214
854 855 0.13538066023829853
854 894 -0.7697939180661932
855 856 -0.7699299758995075
855 895 -0.2531857365256094
856 857 -0.5931323512598188
856 896 0.7926451136080093
857 858 0.7252333890104439
857 897 -0.6651162849869574
858 859 0.4207091566392187
858 898 -0.08871315071589203
859 860 0.8741607695979285
859 899 0.6096716920315892
860 861 0.011558773579732895
860 900 0.6497171247704638
861 862 -0.5950739286509288
861 901 0.7084759458327654
862 863 0.8655278159297166
862 902 0.861709935519936
863 864 -0.3327795423042046
863 903 0.9084010148591779
864 865 -0.06746705166685296
864 904 0.7912836051988932
865 866 0.6335079287535335
865 905 0.7556028372693993
866 867 0.4825034706637181
866 906 0.8969168086115873
867 868 0.2979644452972947
867 907 0.5066516117887847
868 869 0.32631364576393107
868 908 -0.5221800902595759
869 870 0.4851761153930936
869 909 0.45420237680735376
870 871 -0.10494324081748951
870 910 0.7024753250029949
871 872 -0.553523138119113
871 911 0.6131701645210281
872 873 0.758397121073191
872 912 -0.6623996198448128
873 874 -0.43209822742192805
873 913 -0.8280955448451643
874 875 -0.6322088018362335
874 914 0.4080613910726685
875 876 -0.6007088586966756
875 915 -0.1698202247572751
876 877 0.16976519754104125
876 916 -0.07452363946134954
877 878 -0.5679492974967859
877 917 -0.4321131243075065
878 879 -0.61728224492856
878 918 0.9549111287860323
879 880 -0.780916565567463
879 919 0.9580178751483803
880 920 0.31932791084984213
881 882 -0.793547986844716
881 921 -0.10421294764818967
882 883 0.720055897365776
882 922 0.07766212868330569
883 884 -0.21998457171750752
883 923 -0.02801866580618051
884 885 -0.49526659699082054
884 924 0.7097958853948048
885 886 0.9494807417101645
885 925 0.27320880000379444
886 887 0.902387570980409
886 926 0.8108040674055561
887 888 0.19121586720529105
887 927 -0.9351473493710858
888 889 -0.5847486763923713
888 928 0.8346671261632612
889 890 -0.25024811292628124
889 929 0.5406450506599152
890 891 -0.7113691995419038
890 930 -0.9718154116151141
891 892 0.6006644915528034
891 931 -0.14672168346371284
892 893 -0.04597401119547362
892 932 -0.10224232658646892
893 894 -0.061041942880148525
893 933 -0.5784709950625893
894 895 -0.5459976695706841
894 934 0.1919647712260275
895 896 -0.6123044649809857
895 935 0.6414929972458765
896 897 0.7461887565392811
896 936 0.4005788752668995
897 898 -0.47372195215225155
897 937 -0.8567794411163909
898 899 0.21042579024642571
898 938 0.9808123937798934
899 900 0.8760570863127048
899 939 -0.6292389507043954
900 901 -0.4363098237135141
900 940 -0.6430103340450235
901 902 0.41185473352943824
901 941 0.7898790403058484
902 903 -0.21816257699708386
902 942 -0.5710702577333604
903 904 0.6174306963705793
903 943 0.8006800090213237
904 905 0.20286681939757623
904 944 0.45191769169762996
905 906 0.14201752387414612
905 945 0.9280722666781636
906 907 -0.8549689439090733
906 946 -0.6545978237354502
907 908 -0.4396147292538126
907 947 -0.09727627753519674
908 909 0.9971981771729599
908 948 -0.5142429567604649
909 910 0.7175815125339295
909 949 0.8460060815073307
910 911 0.15365860646404972
910 950 0.3079858697554674
911 912 -0.08825438526099516
911 951 0.30650228452263883
912 913 0.40709546440285704
912 952 0.8345203181600171
913 914 0.043562418468116926
913 953 0.5769582667470303
914 915 0.8384517820405468
914 954 -0.49708309553613184
915 916 -0.7242815994717857
915 955 0.8347923737168488
916 917 0.7868532747005588
916 956 0.6563604381462493
917 918 0.5556412218007687
917 957 0.8599602726927131
918 919 0.9215946120412895
918 958 0.11318331820420369
919 920 0.6299893194119697
919 959 -0.4292329351009381
920 960 -0.9729113063217447
921 922 0.8171910061861911
921 961 -0.412771703252641
922 923 0.10564395737153176
922 962 0.6840617847192114
923 924 0.2086209658399465
923 963 0.09909584301712515
924 925 0.0554292926174933
924 964 0.6043221680091961
925 926 0.9878260492209578
925 965 0.09214160828590323
926 927 0.5919338838845387
926 966 0.8305486398295749
927 928 -0.8128458083650385
927 967 -0.8692565699155472
928 929 0.42262903627297344
928 968 0.10776922210282858
929 930 0.5012486383503507
929 969 0.22642242308851945
930 931 0.431891398924789
930 970 0.1289966404817482
931 932 0.2140309215780778
931 971 -0.7090687794675601
932 933 0.7719959423307026
932 972 0.0552375446231228
933 934 -0.9170498408470023
933 973 -0.356342400059511
934 935 -0.5211075261906393
934 974 -0.7371686789250789
935 936 0.19927201684743356
935 975 0.37769051803733
936 937 -0.05900464769558189
936 976 0.6542720046645767
937 938 0.957345610316694
937 977 -0.5272318026792489
938 939 0.5478324999129369
938 978 -0.33144719001234746
939 940 0.8663115256464511
939 979 0.8715064153842662
940 941 0.939741140689428
940 980 0.48387905091215355
941 942 -0.3417079964114005
941 981 0.05600279327525226
942 943 0.23842659586647796
942 982 -0.6440553290596611
943 944 -0.9768208211802096
943 983 -0.24047113393201047
944 945 -0.17265967159727946
944 984 0.36861924366263965
945 946 0.21308869650093532
945 985 0.20789548215936282
946 947 -0.35528502173457865
946 986 -0.503151507339602
947 948 0.8008978247721306
947 987 0.7439712623818369
948 949 0.8816568287630495
948 988 -0.5655604992179641
949 950 0.8041520030496891
949 989 -0.20849947686963866
950 951 -0.4432813392113679
950 990 -0.025057396748301874
951 952 -0.6513577249603255
951 991 -0.6665561341469435
952 953 -0.6985206817938836
952 992 -0.5124720452076377
953 954 0.8851968712163436
953 993 -0.00542041576667307
954 955 -0.9573977370772369
954 994 0.9210089455101995
955 956 0.5290618808209471
955 995 0.020427667612155087
956 957 -0.8994181279425926
956 996 0.925967506175708
957 958 -0.6199009927666204
957 997 -0.40787342116353487
958 959 0.2921814429918783
958 998 -0.45581397141345126
959 960 0.17165676885584213
959 999 -0.23985758944241753
960 1000 -0.4093720677962016
961 962 -0.4244493228273025
961 1001 -0.7399428557634447
962 963 -0.7516533697601777
962 1002 -0.441632641977721
963 964 0.8523628534129073
963 1003 0.8374668712672122
964 965 0.14497703438321263
964 1004 0.46628505057502223
965 966 0.05285186781104256
965 1005 -0.7291441938556602
966 967 -0.7088835376832059
966 1006 -0.6845398602589334
967 968 -0.09653370261704941
967 1007 -0.2491303336642845
968 969 -0.3909640241587595
968 1008 0.669708095263597
969 970 -0.19626815206432524
969 1009 0.3946160385286819
970 971 0.5891567023695043
970 1010 0.01415984656827285
971 972 0.019226588435117264
971 1011 -0.4061058284261909
972 973 -0.18181833616628018
972 1012 -0.4622159555747083
973 974 -0.9257746710120112
973 1013 0.38771082274779944
974 975 -0.6763045717523297
974 1014 0.6897450364714781
975 976 -0.017780077391407634
975 1015 -0.8236526375156379
976 977 -0.008347205829575266
976 1016 -0.2730226334301895
977 978 0.32119671185719745
977 1017 -0.820738602145076
978 979 -0.8220035583552441
978 1018 -0.6301888194431833
979 980 -0.432910972792691
979 1019 -0.45073150315227406
980 981 -0.4804166133911709
980 1020 0.16247068458234337
981 982 0.30079626496823963
981 1021 0.1885817071733289
982 983 0.6064163886560168
982 1022 -0.4921322882445296
983 984 -0.5289560867802614
983 1023 -0.40812989622517737
984 985 0.8921100596951264
984 1024 -0.5996278685213559
985 986 -0.3614045258507623
985 1025 0.362408368234038
986 987 -0.00901003727761407
986 1026 0.648919221595367
987 988 0.41437521956836454
987 1027 0.18180119898081348
988 989 -0.004871230789865066
988 1028 0.6423539297854717
989 990 -0.8319574404025496
989 1029 0.6591474369162982
990 991 0.24190477516094444
990 1030 -0.73321193970952
991 992 0.04169668110757829
991 1031 0.48058727056044326
992 993 0.09336914418160847
992 1032 -0.311761326048005
993 994 0.18750771671088695
993 1033 -0.4182801243790588
994 995 0.3644412809479012
994 1034 -0.37867460787228824
995 996 -0.09284991365832407
995 1035 -0.8043158433088602
996 997 -0.9853202164927124
996 1036 0.14626440936788376
997 998 -0.9875794656189678
997 1037 -0.13687550943919669
998 999 0.9041821714256797
998 1038 0.3395496126544799
999 1000 -0.6473239184602686
999 1039 -0.16232971389501438
1000 1040 0.6924834611755635
1001 1002 -0.9612660842594059
1001 1041 0.3576710658797819
1002 1003 0.17151854291657576
1002 1042 0.9391914966393491
1003 1004 -0.21024877415289023
1003 1043 0.9265250568814236
1004 1005 0.03802325492811165
1004 1044 0.541767821003776
1005 1006 -0.2885896580322378
1005 1045 -0.9475628654072534
1006 1007 -0.624736654195132
1006 1046 0.24499180459984227
1007 1008 0.9507000685405731
1007 1047 -0.6640334136007702
1008 1009 -0.12938808474096009
1008 1048 0.8469124302375504
1009 1010 -0.9937742843496158
1009 1049 0.5497932934491956
1010 1011 0.5836420790083077
1010 1050 0.39152842854367886
1011 1012 0.7193019071384021
1011 1051 0.3431967618127798
1012 1013 -0.8559759296604601
1012 1052 -0.16372773254936845
1013 1014 0.34070006387233676
1013 1053 -0.13905643451005
1014 1015 0.20436730778542156
1014 1054 0.9271341743766839
1015 1016 -0.5298447266276594
1015 1055 -0.07679583821675595
1016 1017 -0.4487937944782825
1016 1056 0.8494816270767434
1017 1018 -0.5784581158259625
1017 1057 0.005648767036809055
1018 1019 0.05370375178366871
1018 1058 -0.165795163786284
1019 1020 0.10286314734674495
1019 1059 -0.6294215212628953
1020 1021 0.9105245070763737
1020 1060 -0.8384921843758424
1021 1022 -0.5370741289315044
1021 1061 -0.14635730110352885
1022 1023 -0.41838768993464415
1022 1062 0.8318315800199141
1023 1024 0.47599099280768176
1023 1063 0.4481696897281482
1024 1025 0.6147305277546409
1024 1064 0.9390760241997929
1025 1026 -0.896068622989278
1025 1065 -0.7309071579761155
1026 1027 0.7079448298843518
1026 1066 0.1916598841174031
1027 1028 0.6347645407942513
1027 1067 0.8152892921996779
1028 1029 0.4331760935894684
1028 1068 0.41116082424133804
1029 1030 0.07786310661526863
1029 1069 0.08415230947824592
1030 1031 -0.9341825668149311
1030 1070 -0.7731779977383477
1031 1032 -0.07505106956994312
1031 1071 0.7392281702422256
1032 1033 0.3812781615647882
1032 1072 -0.884864763149785
1033 1034 -0.7016809821596224
1033 1073 -0.7362566185431179
1034 1035 -0.055253115569520395
1034 1074 0.1985117477575269
1035 1036 -0.36264928739934543
1035 1075 -0.7587344092852071
1036 1037 0.1448616338541453
1036 1076 0.6687593295810337
1037 1038 -0.579409856494798
1037 1077 0.2828495651072429
1038 1039 0.3336159902775233
1038 1078 -0.9777933332601543
1039 1040 -0.40562441160654483
1039 1079 -0.9667517869341882
1040 1080 0.19553137075367855
1041 1042 -0.5767437679998819
1041 1081 -0.4689066812555476
1042 1043 0.1220604385114199
1042 1082 -0.962705421254114
1043 1044 -0.6520886666390713
1043 1083 -0.7473409611207253
1044 1045 0.1377159814094311
1044 1084 -0.06858024281603825
1045 1046 -0.6792096409607018
1045 1085 0.49127438541499213
1046 1047 0.8116189920166037
1046 1086 0.9799103567181473
1047 1048 0.9455751838653104
1047 1087 0.5349497377260262
1048 1049 0.41210360867186635
1048 1088 -0.04393738406943326
1049 1050 0.7928332049136939
1049 1089 -0.5213685851249907
1050 1051 0.5556969537183507
1050 1090 -0.1870342620458274
1051 1052 0.26694802524484196
1051 1091 -0.7504973998616415
1052 1053 -0.9484930351868333
1052 1092 -0.4176921188951439
1053 1054 0.535577955316346
1053 1093 0.07201698947912738
1054 1055 -0.30864157340794907
1054 1094 0.19125019626989936
1055 1056 -0.6028169938921475
1055 1095 -0.9490475284423594
1056 1057 -0.22602153148741566
1056 1096 -0.014238253137359491
1057 1058 -0.7900926633401439
1057 1097 -0.22225319461055126
1058 1059 0.6013193162584793
1058 1098 0.8664046763733635
1059 1060 -0.11579777874646835
1059 1099 -0.6293647081246312
1060 1061 -0.8329315858765178
1060 1100 0.23826966283981443
1061 1062 -0.5037770718796504
1061 1101 0.6912299244622908
1062 1063 0.805833666948818
1062 1102 0.07076178346104345
1063 1064 -0.07640117960187709
1063 1103 -0.26945107758581255
1064 1065 -0.9708625364733365
1064 1104 -0.5695808268111449
1065 1066 -0.7395156648544698
1065 1105 0.3104025744494714
1066 1067 -0.5196525323378667
1066 1106 -0.6270146234546294
1067 1068 -0.9949848806641537
1067 1107 -0.20554446753247646
1068 1069 -0.11911888004856408
1068 1108 0.5083500509103187
1069 1070 0.6503506611328391
1069 1109 -0.9360316312484522
1070 1071 -0.045077847320693865
1070 1110 -0.951946530738383
1071 1072 0.3208238693412806
1071 1111 -0.5018198230961344
1072 1073 -0.6784717153530804
1072 1112 0.432476612959243
1073 1074 0.46472155173911545
1073 1113 0.4689388706998687
1074 1075 -0.2522628558693156
1074 1114 0.7489755932423541
1075 1076 0.5646761267245202
1075 1115 0.08976741335238914
1076 1077 -0.2305678641492488
1076 1116 -0.8179182619080356
1077 1078 0.4191784313562168
1077 1117 -0.7624445712030299
1078 1079 0.7059396996993856
1078 1118 0.5566524373604038
1079 1080 -0.22526338600238094
1079 1119 0.8418260076095043
1080 1120 -0.547496822825869
1081 1082 -0.01685368143932342
1081 1121 -0.8932749097658392
1082 1083 0.6012653453612327
1082 1122 -0.5340514523179591
1083 1084 -0.7298416839065374
1083 1123 0.011324331353793404
1084 1085 -0.31462218409343645
1084 1124 -0.8635813031665918
1085 1086 -0.9392006201424223
1085 1125 -0.2669138055125113
1086 1087 0.42224491753163185
1086 1126 0.46360081828459054
1087 1088 0.6484756792489956
1087 1127 0.26523163355599455
1088 1089 -0.7475797925012826
1088 1128 0.9520871009354952
1089 1090 -0.7584656313815406
1089 1129 -0.5594320244125448
1090 1091 0.29554126637496236
1090 1130 -0.6404114046140512
1091 1092 -0.058824241002228606
1091 1131 0.973145559173763
1092 1093 0.007019019696792972
1092 1132 0.9318661300394446
1093 1094 -0.9202801467290949
1093 1133 -0.7304137640786419
1094 1095 0.19797057794683948
1094 1134 0.23140857440789753
1095 1096 0.4587953965123053
1095 1135 0.4498334944382383
1096 1097 -0.4911237953711558
1096 1136 0.7699330376761266
1097 1098 0.07597544027936176
1097 1137 -0.3215916302298001
1098 1099 -0.6442705040973029
1098 1138 0.7201335417524324
1099 1100 0.8947518359079185
1099 1139 -0.012350685017828766
1100 1101 -0.5510130423280846
1100 1140 0.5303679134670163
1101 1102 0.9733548899361653
1101 1141 -0.8668583937352414
1102 1103 0.7256779611572313
1102 1142 -0.29493486238987643
1103 1104 0.16938322600905154
1103 1143 0.06741550926855266
1104 1105 -0.7652461593737405
1104 1144 0.5348470354829065
1105 1106 -0.6493348164573234
1105 1145 -0.31770635349690557
1106 1107 0.48678102480407803
1106 1146 -0.5255718847129047
1107 1108 0.12281936743696309
1107 1147 0.4678462725697532
1108 1109 0.8399071540297176
1108 1148 -0.11729650936832425
1109 1110 0.7559208374503135
1109 1149 -0.9307319973245594
1110 1111 0.2524178582744434
1110 1150 -0.804834764047831
1111 1112 -0.5301955583957902
1111 1151 -0.25190656626586083
1112 1113 0.9412373968678878
1112 1152 0.8591007530246813
1113 1114 -0.6412999667267296
1113 1153 -0.1728792404484163
1114 1115 0.45234517661525486
1114 1154 0.9086814092484223
1115 1116 -0.5454452371696823
1115 1155 -0.5515943214881274
1116 1117 0.16337453873784957
1116 1156 -0.9503082792725375
1117 1118 -0.8357119959361368
1117 1157 0.8126701391606717
1118 1119 0.36984799380961353
1118 1158 0.48156362603917
1119 1120 0.6564005174148975
1119 1159 0.14814951039310187
1120 1160 -0.24437290507111653
1121 1122 0.14823521098402614
1121 1161 -0.7065428501883797
1122 1123 0.6142103912375583
1122 1162 -0.2242787118716565
1123 1124 -0.956950389451604
1123 1163 0.895940422435362
1124 1125 -0.2441516413438003
1124 1164 -0.8407478446034953
1125 1126 0.7246925056760882
1125 1165 0.3853554350147086
1126 1127 0.8185864090885089
1126 1166 -0.1982525352577582
1127 1128 0.3374655404134641
1127 1167 -0.046235332957613284
1128 1129 -0.6803326993118133
1128 1168 -0.5947957495606748
1129 1130 -0.39580653741980343
1129 1169 0.7660570171276684
1130 1131 -0.35636007322419205
1130 1170 -0.654790759760415
1131 1132 0.8965983481453301
1131 1171 0.29017128052088714
1132 1133 -0.7812341716128308
1132 1172 0.34608210843324394
1133 1134 -0.6131672019701633
1133 1173 -0.32867239767070044
1134 1135 -0.8816455856285552
1134 1174 0.5006343691493718
1135 1136 -0.33921650727659447
1135 1175 0.686988252127311
1136 1137 -0.23347308638942654
1136 1176 -0.4048505693722495
1137 1138 0.11180042225315101
1137 1177 0.07353664388492809
1138 1139 0.9147898526533376
1138 1178 0.9189412136995643
1139 1140 0.9278355348479956
1139 1179 0.2898833450244236
1140 1141 0.13630508589821022
1140 1180 0.33237618044699047
1141 1142 0.42785606453392266
1141 1181 -0.3397688956018514
1142 1143 0.9957685564498047
1142 1182 -0.13262052119004597
1143 1144 0.10115911801572408
1143 1183 0.23095414222931554
1144 1145 -0.8375668281145334
1144 1184 0.996827117181815
1145 1146 -0.9113766883337908
1145 1185 -0.5325312797669788
1146 1147 0.07898178185309934
1146 1186 0.49856157425438363
1147 1148 -0.825054475629913
1147 1187 -0.20049002463827104
1148 1149 0.055930968309401585
1148 1188 -0.8679288319667253
1149 1150 0.3863891167567761
1149 1189 0.1749689587008183
1150 1151 -0.4980769245675085
1150 1190 -0.14701410828756312
1151 1152 0.5132321125924344
1151 1191 0.8758753286195644
1152 1153 0.8021339868456274
1152 1192 -0.7445133721928134
1153 1154 0.18828865578307896
1153 1193 -0.7494361076277025
1154 1155 -0.2978689543035766
1154 1194 0.8743481774435622
1155 1156 -0.47920360496842895
1155 1195 -0.382254495367488
1156 1157 -0.27640847818567726
1156 1196 0.9706336041706458
1157 1158 -0.22152249051807216
1157 1197 0.06680699453202865
1158 1159 -0.6868551508032457
1158 1198 0.4375501056972999
1159 1160 -0.362706270439235
1159 1199 -0.5374714102291249
1160 1200 0.022545787268523743
1161 1162 0.1786110738065685
1161 1201 0.39951672004186234
1162 1163 0.7270837091188573
1162 1202 0.49424328547436924
1163 1164 0.654230942341465
1163 1203 -0.9699620385157552
1164 1165 0.96563422746089
1164 1204 -0.6367742973384725
1165 1166 0.3818842841323371
1165 1205 -0.6227263980893782
1166 1167 -0.5002986395499265
1166 1206 -0.6531396584257543
1167 1168 -0.9737272861538555
1167 1207 -0.29398782891635045
1168 1169 -0.13763648967925812
1168 1208 -0.1915961884497055
1169 1170 0.08633286047618904
1169 1209 -0.42657670078713883
1170 1171 -0.18272554997347523
1170 1210 -0.5171625040688024
1171 1172 -0.6965502579360527
1171 1211 0.27825369743981
1172 1173 -0.00013525780160006384
1172 1212 0.554196458551566
1173 1174 -0.8953741071250465
1173 1213 0.21023356100073243
1174 1175 0.8964189963752505
1174 1214 0.06935811435917749
1175 1176 -0.14311504809785314
1175 1215 0.7293722895270687
1176 1177 0.43518992438950876
1176 1216 -0.6182601136553851
1177 1178 -0.21877900252618843
1177 1217 0.3925401662022059
1178 1179 -0.924274824559139
1178 1218 -0.8848329887836526
1179 1180 -0.0313684539352288
1179 1219 0.935390491922395
1180 1181 -0.7843721984108152
1180 1220 -0.8314338971268864
1181 1182 0.25087075662286584
1181 1221 -0.483740701436258
1182 1183 -0.41037597640300927
1182 1222 -0.9168515321016655
1183 1184 -0.20870345546490232
1183 1223 0.5434369648309167
1184 1185 -0.22077596824138968
1184 1224 0.8104055318660808
1185 1186 0.9284486496985882
1185 1225 0.01827880503273538
1186 1187 -0.5435017907692281
1186 1226 -0.650997624854512
1187 1188 -0.44075764110030224
1187 1227 -0.15297989378963406
1188 1189 -0.2184538526586146
1188 1228 -0.0655228673335082
1189 1190 0.28349836166719333
1189 1229 -0.25183962452348774
1190 1191 -0.7683465065875019
1190 1230 -0.45889601240506717
1191 1192 0.7238119986376659
1191 1231 -0.4767784146341565
1192 1193 -0.7081421638567931
1192 1232 -0.8554704863702547
1193 1194 0.5707378997377317
1193 1233 0.23998440664047793
1194 1195 -0.04179885154851193
1194 1234 0.2846452772969428
1195 1196 -0.22458973643718028
1195 1235 -0.40490213524552554
1196 1197 0.7375577391100401
1196 1236 -0.6950065164775892
1197 1198 0.926483129827341
1197 1237 0.5181080244326706
1198 1199 -0.8063631786135799
1198 1238 0.41389889607726826
1199 1200 0.9120391672618677
1199 1239 0.12922019813742347
1200 1240 -0.7555752435260334
1201 1202 -0.7953311423443483
1201 1241 -0.17188802436086337
1202 1203 0.11248046798083777
1202 1242 -0.72708954867863
1203 1204 -0.6476074888498895
1203 1243 -0.33587285126632604
1204 1205 0.6237173954410795
1204 1244 0.7499232899117962
1205 1206 -0.11619143850315328
1205 1245 0.1631548146885824
1206 1207 -0.761085899332542
1206 1246 0.6252211760656574
1207 1208 -0.015856397012883106
1207 1247 0.46018242218020866
1208 1209 -0.7064970384714118
1208 1248 0.4586378387222467
1209 1210 -0.723290620414107
1209 1249 -0.41971107379091666
1210 1211 -0.18615601174128416
1210 1250 0.9504446848746242
1211 1212 0.13132422508785502
1211 1251 -0.06266832467749595
1212 1213 -0.7127860042515815
1212 1252 -0.8335947271282489
1213 1214 0.0241220550478376
1213 1253 0.23492202403431217
1214 1215 -0.6148879580898632
1214 1254 0.5058518299598844
1215 1216 0.31413084924577905
1215 1255 0.1620713148361803
1216 1217 -0.7636147413059231
1216 1256 0.6739955644270244
1217 1218 0.3569649079958481
1217 1257 0.3746062987487797
1218 1219 -0.988405214164622
1218 1258 -0.37463768768904715
1219 1220 -0.7136204365824743
1219 1259 0.2646597493329932
1220 1221 0.25024213661097927
1220 1260 -0.18053747773195905
1221 1222 0.3020152186169902
1221 1261 -0.2577056310745409
1222 1223 0.9794139075734836
1222 1262 -0.07022473817635522
1223 1224 -0.49759363330122675
1223 1263 0.31152153580673203
1224 1225 -0.6228447930010643
1224 1264 -0.11825560035541827
1225 1226 -0.6978509630571361
1225 1265 0.04601706346892853
1226 1227 -0.9205286268482975
1226 1266 -0.7048623246001049
1227 1228 -0.004042734653423308
1227 1267 0.32003044705210204
1228 1229 0.7902754216071466
1228 1268 -0.7788851194891175
1229 1230 -0.4490759466997918
1229 1269 0.018817162877524662
1230 1231 -0.9578406543289775
1230 1270 0.9700911072209388
1231 1232 -0.1754421440428604
1231 1271 0.22308819890064302
1232 1233 0.08508046628958188
1232 1272 0.764972345804743
1233 1234 0.23044338301690903
1233 1273 0.40241618383726463
1234 1235 0.47329440950977486
1234 1274 0.6186759380113602
1235 1236 0.3591117890663007
1235 1275 -0.9298527613898422
1236 1237 0.5976521781121644
1236 1276 0.6219938388430535
1237 1238 -0.348919404802021
1237 1277 -0.8283013977594129
1238 1239 -0.9947364077489935
1238 1278 0.5524115749207619
1239 1240 -0.5647893928817538
1239 1279 -0.5010358978027543
1240 1280 -0.8593042406295843
1241 1242 0.3888003154554902
1241 1281 -0.1716414609461947
1242 1243 -0.8801646209755767
1242 1282 -0.7573130885185253
1243 1244 -0.7380063103781662
1243 1283 0.6189813842531642
1244 1245 0.3768265047718866
1244 1284 0.13898882549075142
1245 1246 0.9795034153274105
1245 1285 -0.5921875495337563
1246 1247 -0.7064152531655137
1246 1286 -0.47140503454619864
1247 1248 -0.06274331450778159
1247 1287 -0.08519016782113664
1248 1249 -0.6225098662456281
1248 1288 0.2877912886233256
1249 1250 0.2277421794825052
1249 1289 -0.35172294020510675
1250 1251 -0.35936134835593747
1250 1290 0.9649818899497906
1251 1252 -0.1439250610634597
1251 1291 0.19853951131606018
1252 1253 -0.20156278929509241
1252 1292 0.5939245039598002
1253 1254 -0.13528881047131192
1253 1293 0.6954009364748754
1254 1255 -0.9853620613442724
1254 1294 -0.3434877926984383
1255 1256 -0.598545023929818
1255 1295 0.059093220956789816
1256 1257 0.4882718427390704
1256 1296 0.1810410952942343
1257 1258 0.12298251759874845
1257 1297 -0.28384017197412836
1258 1259 -0.8886031745757907
1258 1298 -0.41227502905891167
1259 1260 0.3237767356735952
1259 1299 -0.1323203456945481
1260 1261 -0.8254949522560364
1260 1300 -0.2578721099676218
1261 1262 -0.41035824092607265
1261 1301 0.8235263473955976
1262 1263 0.4691700281007414
1262 1302 0.2816152480917493
1263 1264 0.9207942964400362
1263 1303 -0.9928904790711479
1264 1265 0.689623638012407
1264 1304 0.1905395613465124
1265 1266 0.8870187678221615
1265 1305 0.7313720280126681
1266 1267 0.7028778138939815
1266 1306 -0.7907281765100829
1267 1268 -0.007527722059441633
1267 1307 0.24093640121038096
1268 1269 0.4622752063979332
1268 1308 0.09094233709743893
1269 1270 0.771646234299443
1269 1309 0.13057934073113664
1270 1271 0.2231472162428212
1270 1310 -0.24329232232950182
1271 1272 0.09366891163161672
1271 1311 -0.22145010918206864
1272 1273 0.06358380013377696
1272 1312 0.5634305707918799
1273 1274 0.9743661641327488
1273 1313 0.12478891191435637
1274 1275 -0.20748126543461232
1274 1314 -0.10410804297045773
1275 1276 -0.3437793701372638
1275 1315 0.4905837457160309
1276 1277 0.8564144382543519
1276 1316 -0.5512314679120309
1277 1278 0.07204803337682208
1277 1317 -0.3277491141253377
1278 1279 -0.01688563043692115
1278 1318 -0.5912262674042703
1279 1280 0.9191924050618383
1279 1319 -0.522371733407216
1280 1320 0.3005795384060108
1281 1282 -0.9000930821078257
1281 1321 0.07179281183102315
1282 1283 -0.9108962429104766
1282 1322 -0.7850117417878142
1283 1284 -0.3105266946334131
1283 1323 0.8802149646667343
1284 1285 -0.6780571263687825
1284 1324 -0.06623995447338737
1285 1286 -0.5045341964752903
1285 1325 -0.47565383245417614
1286 1287 0.6381783572670616
1286 1326 -0.37882549641158003
1287 1288 -0.7246745181087937
1287 1327 -0.978222532393042
1288 1289 0.5086119011525974
1288 1328 -0.5785352158333585
1289 1290 -0.08527963661800309
1289 1329 -0.11176578596677111
1290 1291 0.2726122517119671
1290 1330 -0.24981796321217797
1291 1292 0.6999397770319309
1291 1331 0.5022420807438748
1292 1293 -0.6166485221802198
1292 1332 0.535554384294548
1293 1294 -0.09188188788169738
1293 1333 -0.9691929604161582
1294 1295 0.8352126952887864
1294 1334 0.17673466578775354
1295 1296 0.7888648368551447
1295 1335 -0.39001204832956793
1296 1297 -0.5142168500702586
1296 1336 0.24649429037516812
1297 1298 0.22622467073402452
1297 1337 0.8714725332163995
1298 1299 -0.28796702793762696
1298 1338 0.9073540369478437
1299 1300 -0.881285549322085
1299 1339 -0.014554797667933439
1300 1301 0.34428881931369726
1300 1340 -0.6208251996168286
1301 1302 0.884997748452415
1301 1341 0.22710005312027093
1302 1303 0.44618679933201943
1302 1342 -0.8977781923477675
1303 1304 0.4467220887886123
1303 1343 -0.7820099321407126
1304 1305 -0.0756838066172858
1304 1344 0.025299493514235216
1305 1306 -0.21586826213922627
1305 1345 -0.4322649680531947
1306 1307 -0.5527099089453644
1306 1346 -0.9344856005080457
1307 1308 0.16487972377844518
1307 1347 -0.14333520392228727
1308 1309 0.21307086103308692
1308 1348 -0.9404341117408794
1309 1310 0.32629778292863354
1309 1349 -0.11724153809299831
1310 1311 -0.9469432977791017
1310 1350 -0.22032250325003155
1311 1312 -0.7971584462374466
1311 1351 0.42448960879451114
1312 1313 -0.6230924261774768
1312 1352 0.72622252033267
1313 1314 0.7288325233966959
1313 1353 -0.16258264988566817
1314 1315 0.6345540522255013
1314 1354 0.4351144061819099
1315 1316 0.8856159701505695
1315 1355 0.6054651003151024
1316 1317 -0.0020650510000799205
1316 1356 0.6548881828221518
1317 1318 -0.9566291909477962
1317 1357 0.5423046665075575
1318 1319 0.45849322889079036
1318 1358 -0.36869173643367836
1319 1320 -0.7865718232889243
1319 1359 -0.6320761204946617
1320 1360 0.6277391256189702
1321 1322 0.32758929043957763
1321 1361 0.029778224116617125
1322 1323 -0.5485813227842906
1322 1362 0.4259779607653533
1323 1324 0.1640283598941601
1323 1363 0.7576639688236881
1324 1325 -0.30965589768957
1324 1364 -0.5499200843718308
1325 1326 0.5003448265959856
1325 1365 -0.0860493451286144
1326 1327 0.9648348985858857
1326 1366 -0.4667225956967296
1327 1328 0.5165565209539924
1327 1367 -0.36009432384464324
1328 1329 0.20190849621527995
1328 1368 0.4978567504916729
1329 1330 0.6562707214630241
1329 1369 -0.14730369152753875
1330 1331 0.7149689981671932
1330 1370 0.23917347873714756
1331 1332 0.1587210805944661
1331 1371 0.8494083630720561
1332 1333 -0.4194040058762636
1332 1372 -0.5662170247764093
1333 1334 0.7461362968941989
1333 1373 0.3124030954881978
1334 1335 0.7103805678082706
1334 1374 0.2093441046983755
1335 1336 0.7418912183221067
1335 1375 0.8174905457167763
1336 1337 0.2767106414823459
1336 1376 -0.3448611117753497
1337 1338 0.19377704989194622
1337 1377 0.9591803487188504
1338 1339 -0.0460981550264441
1338 1378 -0.44352311515733933
1339 1340 -0.06973211296384507
1339 1379 0.6134936215497271
1340 1341 0.7914582170574083
1340 1380 0.8996927777601746
1341 1342 -0.5710644383386148
1341 1381 0.8788377418123188
1342 1343 0.8400908108194274
1342 1382 0.853682435804483
1343 1344 0.08757498332765046
1343 1383 0.2538320333606692
1344 1345 0.1477710537846948
1344 1384 -0.11936158482881365
1345 1346 0.5234597253854836
1345 1385 -0.5190313503938244
1346 1347 0.3527132709025571
1346 1386 -0.5365937170705608
1347 1348 -0.9900472705774692
1347 1387 -0.6109671722807963
1348 1349 -0.7065052404784409
1348 1388 -0.4320335490676297
1349 1350 0.9442781742429043
1349 1389 0.48504490470341954
1350 1351 -0.09488274722713141
1350 1390 0.8620063875290056
1351 1352 -0.8237296721491323
1351 1391 0.7321548587474391
1352 1353 -0.6251504585492971
1352 1392 -0.8904717478669535
1353 1354 0.30893870245486865
1353 1393 0.8505223757175324
1354 1355 0.8816984187492878
1354 1394 0.9591957428356823
1355 1356 -0.518347580856892
1355 1395 -0.5341690632323366
1356 1357 0.334667569996395
1356 1396 0.1878722867675391
1357 1358 -0.2301817402920343
1357 1397 0.14264230011747103
1358 1359 0.7676351799950236
1358 1398 -0.639532949535556
1359 1360 0.5324496138358381
1359 1399 0.4175285118625227
1360 1400 0.2363636836808911
1361 1362 0.8891895119816267
1361 1401 0.17311008100398584
1362 1363 0.11943396410828488
1362 1402 -0.9748880396817683
1363 1364 0.6894688907844437
1363 1403 0.8107846374172984
1364 1365 0.1850237375315935
1364 1404 -0.3754603245961661
1365 1366 -0.88614112317781
1365 1405 0.01703248122047918
1366 1367 0.06730668994242284
1366 1406 -0.37106597762830074
1367 1368 0.9687669003870214
1367 1407 -0.559531547681688
1368 1369 0.27643742124066684
1368 1408 0.19425460589329813
1369 1370 -0.30860235764899535
1369 1409 0.34994320961821046
1370 1371 -0.4959338397383213
1370 1410 0.5857113559537752
1371 1372 -0.8705200331169023
1371 1411 0.9826930174636181
1372 1373 -0.9665688218459871
1372 1412 -0.20268188015524258
1373 1374 0.6460060812969419
1373 1413 0.9035513860677034
1374 1375 0.645156305047742
1374 1414 0.7589670468586338
1375 1376 -0.3403108746362353
1375 1415 0.3661487326731283
1376 1377 -0.8650213138649154
1376 1416 0.7610771951286535
1377 1378 -0.11798675918225765
1377 1417 0.47922392501509337
1378 1379 0.006010390101909513
1378 1418 0.2867158492982711
1379 1380 -0.4866780200940475
1379 1419 -0.21713927403146283
1380 1381 0.9231450848690677
1380 1420 0.4601651154805204
1381 1382 0.5009070934466482
1381 1421 0.5021796146456121
1382 1383 0.10399005430839425
1382 1422 0.927831777369102
1383 1384 -0.5141057484583977
1383 1423 0.8276877504932163
1384 1385 -0.612882084552379
1384 1424 -0.7720684770816273
1385 1386 -0.4915352906852952
1385 1425 -0.831827291640141
1386 1387 -0.17281656439647142
1386 1426 -0.7213976573525465
1387 1388 -0.3595866914274224
1387 1427 -0.7060437482901374
1388 1389 -0.9902559040927879
1388 1428 0.3383155955942736
1389 1390 -0.2901949782984532
1389 1429 0.30706206532731883
1390 1391 -0.4429916563238867
1390 1430 0.22956378216659812
1391 1392 0.7268968806652691
1391 1431 0.4169015830307454
1392 1393 -0.15701797914380378
1392 1432 0.11020886001687691
1393 1394 0.3283016312881506
1393 1433 -0.3938386481138676
1394 1395 -0.6421733272683068
1394 1434 -0.5441611763744896
1395 1396 -0.6193264105656218
1395 1435 0.7649950697172185
1396 1397 0.3039516415414838
1396 1436 -0.522967974401974
1397 1398 0.5114857115924607
1397 1437 0.8816948398020914
1398 1399 0.8771013085720505
1398 1438 0.9415002961063232
1399 1400 -0.12411615044575242
1399 1439 0.5876090142328503
1400 1440 -0.8224645878417154
1401 1402 0.806803830575767
1401 1441 -0.725050591707525
1402 1403 -0.8560514406210264
1402 1442 0.934552660000544
1403 1404 -0.08023946836638607
1403 1443 0.09269363204074654
1404 1405 0.8326111069367015
1404 1444 0.8192710499031142
1405 1406 -0.5760796707126481
1405 1445 0.5972084895204204
1406 1407 0.8215456623476749
1406 1446 -0.26688671229753114
1407 1408 -0.32258394903664067
1407 1447 0.04779227133226338
1408 1409 -0.4090354286890059
1408 1448 0.4632129424830176
1409 1410 -0.5570358885329425
1409 1449 -0.06550835214689243
1410 1411 -0.13412298253167387
1410 1450 -0.28497766533911717
1411 1412 -0.8940109146640209
1411 1451 -0.6010089077228773
1412 1413 -0.23783701741309526
1412 1452 0.31868987239072943
1413 1414 -0.8981752329662256
1413 1453 -0.5298562718179709
1414 1415 -0.35802725095109356
1414 1454 -0.754090456895643
1415 1416 0.7984418991319375
1415 1455 -0.8486062364833933
1416 1417 -0.08008653785148323
1416 1456 0.5277454361328597
1417 1418 -0.9247922427007997
1417 1457 0.5294532780009722
1418 1419 -0.77750865486513
1418 1458 0.5161233162662171
1419 1420 -0.5196555855572456
1419 1459 0.37288683034472814
1420 1421 -0.18742314462336984
1420 1460 0.4874983927024392
1421 1422 -0.5765573303030276
1421 1461 0.6603130523245986
1422 1423 -0.4380889260192651
1422 1462 0.20429325427309042
1423 1424 0.2446250573832356
1423 1463 -0.5366106172102802
1424 1425 -0.697544145259704
1424 1464 -0.8950180722937322
1425 1426 0.7282881895280537
1425 1465 -0.10420216875944033
1426 1427 -0.24556542477698695
1426 1466 -0.15112506752076937
1427 1428 0.19732776321287138
1427 1467 0.22299895331920472
1428 1429 0.7405158978451964
1428 1468 0.0939366185424817
1429 1430 0.08523282374344077
1429 1469 0.7681124247573721
1430 1431 0.33033670916438673
1430 1470 -0.6280780604073222
1431 1432 -0.027150852384627777
1431 1471 0.39829313082583306
1432 1433 0.9414840190427891
1432 1472 -0.816492333117617
1433 1434 0.2398913877232598
1433 1473 -0.2973633592836149
1434 1435 0.4319728945580936
1434 1474 0.49476546930848686
1435 1436 -0.5242886255175603
1435 1475 0.5163612468262548
1436 1437 -0.9489198302484185
1436 1476 0.47251451489306806
1437 1438 0.2246446773692452
1437 1477 -0.3692076424397137
1438 1439 -0.3910295118953384
1438 1478 0.7249727994086017
1439 1440 0.035025384285238825
1439 1479 -0.17280367774178607
1440 1480 -0.8572870501107677
1441 1442 -0.7214473054984829
1441 1481 0.6147825774190476
1442 1443 0.13620092383988425
1442 1482 -0.593413530678019
1443 1444 0.5972071823040788
1443 1483 -0.42856229653170486
1444 1445 -0.4857634124356076
1444 1484 -0.7782173985119416
1445 1446 -0.40533723698545554
1445 1485 -0.9447879760909927
1446 1447 -0.1328153454536709
1446 1486 0.024585384556722767
1447 1448 0.5097829141210655
1447 1487 -0.07228443219940872
1448 1449 0.8906168799998995
1448 1488 -0.14887721947690613
1449 1450 -0.3704686253519671
1449 1489 0.2537112043256693
1450 1451 -0.3394461269498381
1450 1490 0.39473775122627885
1451 1452 -0.15449467671087813
1451 1491 -0.7849822476296646
1452 1453 -0.8581631990592256
1452 1492 -0.6947920259154563
1453 1454 -0.8733131130873204
1453 1493 -0.15668422793509817
1454 1455 0.44260668837314165
1454 1494 -0.11930582633752351
1455 1456 0.7571757264095409
1455 1495 -0.6183212734630388
1456 1457 -0.49222275811452065
1456 1496 0.1827743645350337
1457 1458 0.03656316065362475
1457 1497 -0.9893669340777935
1458 1459 0.7038915425745911
1458 1498 0.6884997191388567
1459 1460 0.9797669066742309
1459 1499 -0.6451409262634762
1460 1461 -0.42402624145049694
1460 1500 -0.3711655552185076
1461 1462 -0.5198096916775798
1461 1501 0.2632414905003204
1462 1463 -0.20707461989475218
1462 1502 0.25604646351045646
1463 1464 0.540264375199615
1463 1503 -0.7889858400053305
1464 1465 0.11735282212726306
1464 1504 0.6954420280720213
1465 1466 0.12357252121994722
1465 1505 0.4734219153870398
1466 1467 -0.054070096279973834
1466 1506 -0.15431637392277375
1467 1468 0.00018651919385903604
1467 1507 -0.3583021967982709
1468 1469 0.08632809503840755
1468 1508 0.23145185722607464
1469 1470 -0.4498918978691766
1469 1509 -0.7838650296553253
1470 1471 0.011526697972863653
1470 1510 0.5730015257198697
1471 1472 -0.2100258797964698
1471 1511 0.5949919685866973
1472 1473 -0.4521638135408901
1472 1512 -0.789785861835901
1473 1474 -0.35526664973116096
1473 1513 0.22041011749274042
1474 1475 0.2063591084650509
1474 1514 0.7545995284430227
1475 1476 -0.47790053719062686
1475 1515 -0.9338363131849687
1476 1477 -0.34641634933824483
1476 1516 -0.24648622615970717
1477 1478 -0.7798469843059641
1477 1517 -0.8521622241774556
1478 1479 0.6843582377340198
1478 1518 -0.15077457981079445
1479 1480 -0.7651161275448208
1479 1519 0.7678221318726985
1480 1520 0.4543308698538586
1481 1482 -0.20464632602893285
1481 1521 -0.6692916057661344
1482 1483 -0.49534851085935316
1482 1522 0.4876517081501859
1483 1484 -0.019492954760144565
1483 1523 0.19822061529175672
1484 1485 -0.6140745359617743
1484 1524 -0.0008316586422278949
1485 1486 0.18686489892924207
1485 1525 0.6876808578623776
1486 1487 0.8777729547394266
1486 1526 -0.9381019874576986
1487 1488 -0.7503549137766474
1487 1527 -0.374997243015901
1488 1489 0.5643636336628106
1488 1528 -0.8877179206761694
1489 1490 0.7547209493896252
1489 1529 -0.10462199970874297
1490 1491 -0.4626997521875469
1490 1530 0.6165560274107602
1491 1492 0.24734082199540364
1491 1531 -0.9040148719022654
1492 1493 -0.9668482341981317
1492 1532 -0.7724072871051864
1493 1494 0.7276582910029039
1493 1533 -0.8367520345698638
1494 1495 -0.7465285817159828
1494 1534 0.17964729621977837
1495 1496 0.6995378200358613
1495 1535 0.33423757739840787
1496 1497 -0.14240967930240456
1496 1536 -0.23579871490172088
1497 1498 -0.445599790434803
1497 1537 0.06966446503962298
1498 1499 0.781013664824179
1498 1538 -0.2363152064884777
1499 1500 0.6428934804525945
1499 1539 -0.5380228814367334
1500 1501 0.2117927224357159
1500 1540 0.18969426681583523
1501 1502 0.4214791397991726
1501 1541 0.4847668594142034
1502 1503 -0.39873542295250375
1502 1542 0.6387167693120404
1503 1504 0.11045063706268898
1503 1543 -0.810087860395017
1504 1505 -0.2817613221517785
1504 1544 -0.8493782547283644
1505 1506 0.5929777342623912
1505 1545 -0.10498372201937234
1506 1507 -0.7944868722516714
1506 1546 0.545160533263088
1507 1508 0.30651610404890883
1507 1547 -0.6194330346419126
1508 1509 -0.3956369991683917
1508 1548 -0.26653603667811665
1509 1510 -0.6174558965176598
1509 1549 -0.22590753478982828
1510 1511 -0.8068419311431729
1510 1550 0.21207059633792436
1511 1512 0.5728341645596955
1511 1551 -0.6889428322527567
1512 1513 -0.21912072652476722
1512 1552 -0.4219778336244606
1513 1514 -0.6793535360232259
1513 1553 -0.026522128484493424
1514 1515 -0.496019075778523
1514 1554 -0.32102521140641516
1515 1516 0.46689540013753184
1515 1555 0.45240361959040176
1516 1517 0.22523210829910822
1516 1556 0.31433008472703405
1517 1518 -0.36061845225454103
1517 1557 0.32167827791201
1518 1519 -0.27263118429443045
1518 1558 -0.43512505352991004
1519 1520 -0.4488135711793664
1519 1559 0.23252144665972074
1520 1560 0.5725386446971872
1521 1522 0.8550171607920678
1521 1561 -0.3044682805089869
1522 1523 -0.6091410377813624
1522 1562 0.16271785454651555
1523 1524 -0.9689334488983286
1523 1563 0.1869628163932744
1524 1525 0.45717133594919246
1524 1564 -0.583611123182417
1525 1526 -0.23796775187557162
1525 1565 0.4997166214522868
1526 1527 0.43375732726337834
1526 1566 0.7820379085846778
1527 1528 0.009038339401989282
1527 1567 0.3476980160337353
1528 1529 0.6705432049799318
1528 1568 -0.6154999663557046
1529 1530 0.5689148375838462
1529 1569 -0.08606859887689922
1530 1531 -0.4094224112003044
1530 1570 0.08824276717071444
1531 1532 -0.4307522379861157
1531 1571 -0.8779266377606578
1532 1533 0.3035785520201808
1532 1572 -0.1946862956501616
1533 1534 -0.05377609422824303
1533 1573 -0.7489137803825527
1534 1535 -0.9278633708602801
1534 1574 -0.5996357671780261
1535 1536 -0.31132160909989226
1535 1575 -0.697248860014402
1536 1537 -0.7465732323061545
1536 1576 -0.5114666735820483
1537 1538 0.5359257565626232
1537 1577 -0.8938148090949498
1538 1539 -0.1123896032669629
1538 1578 -0.7968370481076676
1539 1540 -0.884048373254466
1539 1579 -0.7223669639086527
1540 1541 0.7573219526316222
1540 1580 -0.4907984886788461
1541 1542 -0.21947059080083808
1541 1581 0.5196507934321948
1542 1543 -0.8604280429915829
1542 1582 -0.9162448594000074
1543 1544 0.161968145350039
1543 1583 -0.4940397745596232
1544 1545 -0.14855117602976753
1544 1584 0.2040156769440027
1545 1546 -0.6317448876484033
1545 1585 0.6574657030566036
1546 1547 -0.7255879930201772
1546 1586 -0.15141525134837597
1547 1548 -0.9882380371107435
1547 1587 0.46988403736792295
1548 1549 0.1498794545555331
1548 1588 0.618433167434689
1549 1550 0.708119589868629
1549 1589 -0.45831017232816684
1550 1551 -0.9478801346232135
1550 1590 -0.9859065523798487
1551 1552 -0.36436489929880445
1551 1591 -0.31203364642801934
1552 1553 0.026600698935813183
1552 1592 -0.30348663649850605
1553 1554 0.8912685699727827
1553 1593 -0.23217151604292408
1554 1555 -0.010706303786182092
1554 1594 -0.36994582206286486
1555 1556 -0.8220817780778931
1555 1595 -0.34659748414079683
1556 1557 -0.5942021987543151
1556 1596 0.6520630756908377
1557 1558 0.3903041294553806
1557 1597 -0.5845639198740247
1558 1559 0.9864735689310913
1558 1598 -0.4884979460962007
1559 1560 0.9691595579214121
1559 1599 -0.6211639559124924
1560 1600 0.8228702806475847
1561 1562 0.5016242062723111
1562 1563 0.9400399781766247
1563 1564 -0.13264730202108344
1564 1565 -0.5039328832455385
1565 1566 0.022282956594256387
1566 1567 -0.9454255529650624
1567 1568 0.5402999126241843
1568 1569 -0.2098062622200536
1569 1570 0.31245866343426276
1570 1571 -0.02415701638959522
1571 1572 0.40703866221016227
1572 1573 -0.3579473716653683
1573 1574 0.5457712043342355
1574 1575 0.5766023793359378
1575 1576 0.2707419229769068
1576 1577 -0.8413168340833621
1577 1578 0.09810688770103937
1578 1579 -0.5483861551375298
1579 1580 0.8703062310847773
1580 1581 0.5323767304056435
1581 1582 0.8058718042434199
1582 1583 -0.9012072307333714
1583 1584 0.29893361590949263
1584 1585 -0.14919306884872485
1585 1586 -0.9380040803434884
1586 1587 -0.456087775094441
1587 1588 -0.1129923161921298
1588 1589 -0.5968067311836578
1589 1590 0.2527176064173673
1590 1591 -0.8809427857198573
1591 1592 -0.2716594026929484
1592 1593 0.8564560365002021
1593 1594 -0.6220748135083771
1594 1595 0.09087817868360881
1595 1596 0.8967305803780452
1596 1597 -0.2395867895090411
1597 1598 -0.8344081228233051
1598 1599 0.8413511955182444
1599 1600 0.9303759835860856
