1 2 -0.9025502383817454
1 41 -0.4217806804203663
2 3 0.7146847208076494
2 42 -0.6465408745385497
3 4 0.3455396909453494
3 43 -0.4337711128960282
4 5 0.6873274138038412
4 44 0.27662121879840984
5 6 -0.3334029041510145
5 45 0.24344259702445292
6 7 0.47493231457793095
6 46 0.982821816012236
7 8 0.6526535145516204
7 47 -0.6249918905339702
8 9 -0.7056034054846041
8 48 -0.47383982336408326
9 10 0.4869769561191033
9 49 -0.3789685474594444
10 11 0.8111671420365927
10 50 0.709393896831193
11 12 -0.2972464439791671
11 51 0.13429710872341039
12 13 -0.3338028584277639
12 52 0.9729081504241586
13 14 0.9662576564634513
13 53 0.1926539499365887
14 15 -0.06291870912398867
14 54 -0.9191796823309741
15 16 -0.19059094851130975
15 55 -0.9797004737079236
16 17 0.9252778934364623
16 56 0.08469472092562591
17 18 0.27682975777368
17 57 -0.6137186834160457
18 19 0.3539603660005277
18 58 -0.10858815465538818
19 20 -0.08636125991454824
19 59 -0.5482086880666284
20 21 0.4096448754159372
20 60 0.808606973010167
21 22 0.024808313696869533
21 61 0.7898250836160337
22 23 -0.4424879688708925
22 62 -0.39247359558862005
23 24 -0.9484759229239286
23 63 -0.41957747351634045
24 25 -0.9186777656691831
24 64 -0.3025445193441485
25 26 -0.3729106638224118
25 65 -0.03268217114229399
26 27 0.7855418188331822
26 66 0.48396713395849655
27 28 -0.9151648011017737
27 67 -0.744183228032586
28 29 0.24222134546948038
28 68 0.6006853506447078
29 30 -0.22348110991719095
29 69 0.038327466826286294
30 31 -0.7224478454395782
30 70 0.05184540098205481
31 32 -0.5931739365469186
31 71 -0.19725288209846026
32 33 -0.7525101214288179
32 72 0.27095861567331014
33 34 -0.6130691823049872
33 73 0.20931735930569606
34 35 0.6200285524913445
34 74 -0.6779203558431695
35 36 0.3571807511898688
35 75 0.7203332496789046
36 37 -0.6028354909285851
36 76 0.4076027519047736
37 38 -0.8509652880412646
37 77 0.7342205354545392
38 39 0.03526965162517426
38 78 -0.138188127152153
39 40 0.12535731888070356
39 79 0.9812594653404998
40 80 -0.29339671228648245
41 42 0.4419326936624597
41 81 -0.9567675001681004
42 43 -0.2529578026993069
42 82 -0.23544247788589567
43 44 -0.4686886794309584
43 83 0.7622823469909821
44 45 -0.20809190619163598
44 84 -0.3860924786330071
45 46 0.5005525245180149
45 85 0.26286234075956494
46 47 0.6889924481671694
46 86 0.49922517454962634
47 48 0.46570669251543695
47 87 -0.4949853309635608
48 49 0.8096348688128325
48 88 0.7206998235982276
49 50 0.4237931164954236
49 89 0.9981868170850168
50 51 -0.051723866062024504
50 90 0.12461699338314935
51 52 0.6115817351901347
51 91 -0.5948666390568786
52 53 0.7896322566861576
52 92 -0.6588624769395817
53 54 -0.48422993390209945
53 93 -0.7068691247244483
54 55 0.8313267164369647
54 94 -0.9059979897732509
55 56 0.11296753197974829
55 95 -0.620736756755252
56 57 0.3574771925854443
56 96 -0.24389346246300425
57 58 -0.49776681710775184
57 97 -0.7360077881263982
58 59 0.016754966233306856
58 98 0.8017397204657668
59 60 0.7467042518482281
59 99 0.205850296888207
60 61 0.9096770976725865
60 100 -0.9873606875501642
61 62 -0.9879332569614039
61 101 0.6610035783466037
62 63 0.21138652691034387
62 102 0.8327447818090477
63 64 -0.9268185407347951
63 103 0.8183978573225144
64 65 -0.2053937344982677
64 104 0.7671269810782197
65 66 0.17763058603613646
65 105 0.6398488580326223
66 67 0.8821271028653945
66 106 0.6581971715022656
67 68 0.7624032886994558
67 107 -0.02581003155630368
68 69 -0.14119236562263415
68 108 0.6102257541930356
69 70 -0.06626518063167164
69 109 0.2543095180429973
70 71 0.11711900484818472
70 110 0.6825383004086107
71 72 -0.05132023007213582
71 111 -0.9413332543969013
72 73 -0.6121156292060774
72 112 0.8641639522052997
73 74 0.6616325202898725
73 113 -0.10531382351449259
74 75 0.9427612347583503
74 114 0.062630629817648
75 76 0.06126896314693053
75 115 0.2835828029202505
76 77 -0.8137769825837293
76 116 0.4369992737623487
77 78 0.8411824413862388
77 117 -0.20141347930349252
78 79 -0.545322642840258
78 118 0.09929100409123048
79 80 0.9345231168664907
79 119 -0.49531770973079103
80 120 0.4446472594470614
81 82 -0.588154469465122
81 121 -0.8984534866092464
82 83 0.14129004403104606
82 122 0.022273433082365512
83 84 0.07825985850996697
83 123 0.48753026998659843
84 85 -0.8773113539873789
84 124 0.7930910988053455
85 86 -0.9569245714273356
85 125 -0.3416501961880716
86 87 -0.1869529191318342
86 126 -0.861484882811062
87 88 -0.29574431589014916
87 127 0.9472419842796547
88 89 0.3024486244601965
88 128 0.9007606695848158
89 90 -0.3177981234646823
89 129 -0.8605945192235429
90 91 -0.8791088119604897
90 130 -0.35001534135933254
91 92 -0.01277298730698595
91 131 0.2219290918720176
92 93 -0.568815152811394
92 132 0.13355968176135158
93 94 0.6151666142777905
93 133 0.1475925813327159
94 95 0.39672490904009994
94 134 0.03976535525579994
95 96 -0.004470924176853686
95 135 -0.01971931092028667
96 97 -0.9929211668661664
96 136 -0.6350000157571041
97 98 -0.4853779515053225
97 137 -0.8757344983845317
98 99 -0.45487290554844173
98 138 0.2013828739491288
99 100 0.7126639155373122
99 139 0.8942665684505859
100 101 0.7939860605875497
100 140 0.8693699686629799
101 102 0.29956022129525883
101 141 0.7718869065969853
102 103 0.16945096990186492
102 142 -0.07981668815551757
103 104 -0.04291303069279606
103 143 -0.5761527812687208
104 105 -0.4987547156289698
104 144 0.5684787359278718
105 106 -0.8740924366667595
105 145 -0.08277371228771879
106 107 -0.4118260329508676
106 146 0.15522605840706727
107 108 -0.26565413943695093
107 147 -0.6961805450993432
108 109 -0.9779729278529286
108 148 -0.25033564575947476
109 110 -0.37857459571249197
109 149 -0.7962362138443184
110 111 -0.9992284412665693
110 150 -0.7220999266909045
111 112 0.03180163036234829
111 151 0.8850872279605815
112 113 -0.2856917242099595
112 152 -0.6909850607096599
113 114 -0.9057464853082167
113 153 0.3480874110004202
114 115 0.7874865768151191
114 154 -0.7931425871361313
115 116 0.2423688033454905
115 155 0.594407667151921
116 117 -0.6387558505540873
116 156 -0.2693039708162053
117 118 -0.9306004400335217
117 157 -0.43389030506387627
118 119 -0.01433502154066768
118 158 -0.9577236710063273
119 120 0.3698829518411173
119 159 -0.5230733892538384
120 160 -0.8822098068289157
121 122 -0.3954562120707663
121 161 0.32782058924939994
122 123 0.05815461748558959
122 162 0.04640539802194321
123 124 0.7956170149706718
123 163 -0.45207781582181794
124 125 0.8213678511652391
124 164 0.9018896208062919
125 126 -0.08992865042230513
125 165 -0.3204144424402873
126 127 -0.6248745717731228
126 166 0.5508516434256179
127 128 0.47830143268579106
127 167 0.8123166267398603
128 129 -0.49417417465207136
128 168 0.3172576099936897
129 130 -0.6701503229889048
129 169 -0.8358436761997756
130 131 -0.2552650718469729
130 170 0.478512541778902
131 132 -0.8529115923200863
131 171 0.019680842683081012
132 133 -0.9947615923912512
132 172 -0.3246678280762054
133 134 -0.9906157011172394
133 173 -0.7012276506980657
134 135 0.7326461872495076
134 174 -0.7126248306352037
135 136 -0.5078170906120896
135 175 -0.5058177419885241
136 137 0.10913530506640323
136 176 0.40247005297822747
137 138 -0.48767161619519284
137 177 0.7063110087489428
138 139 0.4649085969187863
138 178 -0.23013769264040218
139 140 0.044634348210927266
139 179 0.8531326117665332
140 141 -0.9297035841496044
140 180 -0.18781162531864393
141 142 0.1648781688471459
141 181 -0.3861199907442143
142 143 0.5927961252206315
142 182 -0.6838370003629088
143 144 0.6278879380848288
143 183 -0.7054787775140638
144 145 0.18469751130305356
144 184 0.17832567986741066
145 146 -0.5452923329593509
145 185 -0.7902584186735304
146 147 -0.5524927172822724
146 186 0.810543591987811
147 148 0.7069749496888857
147 187 -0.05905302460501538
148 149 0.5304518861701146
148 188 0.29628731853068846
149 150 0.6589205466780093
149 189 -0.011919723241840652
150 151 0.7560010182599148
150 190 0.7769717610201352
151 152 -0.42421679051669714
151 191 -0.41479429049312055
152 153 -0.8572257772155631
152 192 0.32562047084369605
153 154 0.2015056751166675
153 193 0.3956227251747888
154 155 -0.46820692237604145
154 194 0.3336541638793902
155 156 -0.4165989150545464
155 195 -0.9341573630940656
156 157 -0.5992889005229809
156 196 -0.05451486208902456
157 158 -0.9148847017002655
157 197 -0.40042245332631077
158 159 -0.17428090781712324
158 198 0.7883249838742548
159 160 -0.7687884661973732
159 199 -0.5438853933975267
160 200 0.6537414272352573
161 162 -0.3837712135262423
161 201 0.16718255243719748
162 163 0.8637551151860132
162 202 -0.5068481319861142
163 164 0.06687104036662772
163 203 -0.7336131161226256
164 165 0.8394185511313563
164 204 -0.9363932100352721
165 166 -0.6928027043050013
165 205 0.3512575536809883
166 167 0.1304653733751837
166 206 0.7741725626426781
167 168 -0.5324095567284663
167 207 0.05405090724271866
168 169 0.8997153175735653
168 208 -0.5093482218763952
169 170 0.23654153356971608
169 209 0.8925941253219567
170 171 -0.10881705789479623
170 210 -0.06151411810751628
171 172 -0.0668427838811334
171 211 0.2594813867294832
172 173 -0.08728689997611783
172 212 0.6333179877964228
173 174 0.7425110644904469
173 213 0.13448495095145252
174 175 -0.22093943884693634
174 214 0.16169096329458132
175 176 -0.39580409370415914
175 215 0.3382567325892687
176 177 0.6768288844607571
176 216 -0.9738449796595374
177 178 0.9934869462221834
177 217 0.3622024540259008
178 179 -0.12806507752198737
178 218 -0.8256825551068121
179 180 0.6152226041720825
179 219 0.33769533157131804
180 181 0.9860109080037465
180 220 0.47906736601007394
181 182 0.000561324994753809
181 221 -0.1424706539544518
182 183 -0.1663023021210699
182 222 0.496860432981163
183 184 -0.708550818883279
183 223 0.948043593887113
184 185 -0.06498745600866274
184 224 -0.8749230806534372
185 186 0.8699072898112126
185 225 -0.12868684118382756
186 187 -0.2779312661511837
186 226 -0.23537719635527754
187 188 -0.03986777654175455
187 227 -0.30137970760365085
188 189 -0.6771077108041659
188 228 -0.44119095826808175
189 190 0.7096435158235501
189 229 -0.2330843953657582
190 191 0.3156802331301709
190 230 -0.05426239874863992
191 192 0.7839118853769225
191 231 -0.8456576292888986
192 193 0.7478909548170378
192 232 -0.8132954756205699
193 194 -0.5108957805470646
193 233 -0.5753628551153731
194 195 0.19403953088124193
194 234 -0.37080778479526
195 196 -0.7435460732163071
195 235 0.962434188723591
196 197 0.8828994220289359
196 236 0.26470373943828496
197 198 -0.6734782047259524
197 237 -0.059167722003159895
198 199 -0.2202622126986955
198 238 -0.4915518541881043
199 200 -0.007297446923212325
199 239 0.9553010135794364
200 240 -0.7725548016263717
201 202 -0.8608580907747989
201 241 0.7348089679861767
202 203 -0.5833938979939839
202 242 0.6320607801808937
203 204 0.9237103815489447
203 243 0.6249118551475683
204 205 0.7522869991537795
204 244 -0.9155999120171034
205 206 -0.9683892322886833
205 245 -0.03492003400637422
206 207 0.9450813727147191
206 246 0.8366898198501722
207 208 -0.6165520481395483
207 247 0.7578804319241672
208 209 -0.7054754329910498
208 248 0.9471586742610596
209 210 -0.5595349190576728
209 249 -0.9294169619262926
210 211 0.0039267665209954394
210 250 -0.5466381237274898
211 212 0.7724180185244902
211 251 0.3824360382498322
212 213 -0.9703554047703611
212 252 0.5838773020150716
213 214 -0.2165092474509167
213 253 0.9429743680019285
214 215 0.2681934133635311
214 254 -0.5140869520588127
215 216 0.9715860458465777
215 255 -0.13776683483761598
216 217 -0.43436318421692
216 256 0.9733102192304974
217 218 0.5851940547902488
217 257 -0.32852245726924356
218 219 0.22365282606256542
218 258 0.4641033172947975
219 220 -0.9586994357843157
219 259 -0.12778577945902758
220 221 -0.6641144689944167
220 260 -0.6514305857725331
221 222 -0.7886275201063688
221 261 -0.9359704089573853
222 223 0.061460820981178665
222 262 -0.10994842853140918
223 224 -0.54761981038312
223 263 -0.7543874472136831
224 225 -0.9644311229553548
224 264 -0.4649340794542609
225 226 -0.903376974102065
225 265 -0.4341969754680801
226 227 -0.9920855194548477
226 266 -0.486569612062417
227 228 0.9409774872657857
227 267 -0.5218123466780524
228 229 -0.076630691515579
228 268 0.38648090029442517
229 230 0.002954291767483852
229 269 -0.40085436957503107
230 231 0.8910289996485434
230 270 -0.127530537095216
231 232 0.04401759548347983
231 271 0.40059829293013016
232 233 0.9019528400081351
232 272 -0.8413576565725713
233 234 -0.6024597598688284
233 273 0.8781544193305069
234 235 0.31357652330014485
234 274 -0.34411376396295545
235 236 0.218996041562608
235 275 0.8805136400747731
236 237 -0.004669537704530491
236 276 0.01215401726341514
237 238 -0.42435161378053876
237 277 0.16311689665162477
238 239 0.712737137176666
238 278 0.6051865654092787
239 240 -0.24273767176305117
239 279 -0.6785711946396435
240 280 -0.9532104444335361
241 242 -0.7335189614965045
241 281 -0.6437506768810033
242 243 -0.39226601056929056
242 282 0.35078478182574147
243 244 0.3028179965720039
243 283 -0.5954850988457816
244 245 0.9612584500436248
244 284 0.5176971219996818
245 246 -0.9381709033476964
245 285 -0.3878551451681571
246 247 0.38067888059028787
246 286 -0.5937804357788716
247 248 -0.9045635738221383
247 287 0.6715597945333494
248 249 0.9569819950817273
248 288 -0.5349312359277711
249 250 -0.29332542421456465
249 289 -0.22692160371058323
250 251 0.484880147125601
250 290 -0.341079962197689
251 252 0.9515975368379459
251 291 0.5449526415673493
252 253 -0.12873042022260073
252 292 0.2871414219547046
253 254 0.41460280085451684
253 293 0.6403478132048197
254 255 0.9194673740234205
254 294 -0.2443205001878206
255 256 0.4358204104431338
255 295 0.7108122542585
256 257 -0.6911790350706046
256 296 -0.5838917854507224
257 258 -0.5743046483877263
257 297 0.8264326498610446
258 259 -0.7079819648168428
258 298 -0.46594157356648047
259 260 -0.7249103416771185
259 299 -0.04395167570473646
260 261 -0.9034548466121783
260 300 0.772083468736537
261 262 -0.24240267579331798
261 301 -0.14823244634223243
262 263 0.03050826271617013
262 302 0.10517657820179527
263 264 0.22878660154078645
263 303 0.14901887329911978
264 265 0.14889300220626778
264 304 0.5372157840349416
265 266 -0.497864944893911
265 305 0.958558204445926
266 267 -0.08789050410296695
266 306 -0.16681072138260156
267 268 0.5142001956806348
267 307 -0.8013635458997272
268 269 -0.04081646847956932
268 308 0.1519067817329509
269 270 0.5267121201260319
269 309 0.07268719699116977
270 271 0.3935377781444729
270 310 -0.13248317766052176
271 272 -0.892725963736184
271 311 -0.72213425684498
272 273 -0.8750690650828037
272 312 -0.6042315831937228
273 274 -0.24238170711972917
273 313 0.9131002180590408
274 275 -0.30021574328713574
274 314 0.20419061465239996
275 276 -0.7857353723629519
275 315 -0.5085090825778127
276 277 -0.056350706675692086
276 316 0.2472194353785151
277 278 -0.05865810294768381
277 317 0.5779823447192174
278 279 -0.04472721186190154
278 318 -0.4540730900924703
279 280 -0.42309844246532813
279 319 -0.7461518197924586
280 320 -0.7839029022558204
281 282 -0.00814090034768844
281 321 0.7273992891164471
282 283 0.847316096488395
282 322 -0.8600611606074782
283 284 0.9416456058165168
283 323 -0.9289279234273373
284 285 0.7892855769880984
284 324 0.5032856544322839
285 286 0.9235826854861817
285 325 0.86848311730091
286 287 0.5160580286306815
286 326 -0.09271319892597174
287 288 0.4352860756564827
287 327 0.8443937931687149
288 289 -0.12049192062743064
288 328 0.2208461401934496
289 290 -0.7628724396660538
289 329 0.1825697845289853
290 291 0.8680098009202117
290 330 -0.5723951596051005
291 292 -0.21567523438127378
291 331 -0.20330482060770638
292 293 0.07050458117522607
292 332 -0.26559253976930397
293 294 0.2944589449001045
293 333 0.2307204572265995
294 295 0.5885881543973159
294 334 0.33865816231904744
295 296 0.7649025174187065
295 335 0.5405301513438792
296 297 0.2917240373482606
296 336 0.9215509372318884
297 298 -0.4375888741322942
297 337 -0.15756921867285234
298 299 0.768388734518243
298 338 -0.3163091406517431
299 300 0.3399837429710644
299 339 0.12193287165398425
300 301 0.2930384228257492
300 340 -0.5525584402643293
301 302 -0.4352790425630957
301 341 -0.24687854109333673
302 303 0.24499529197528225
302 342 -0.3183822212726659
303 304 0.3494199567919325
303 343 0.7110087999914285
304 305 0.1595239563566615
304 344 0.7576226565139292
305 306 0.01687797506418187
305 345 0.9048646692474895
306 307 -0.4195459027626409
306 346 -0.6084904028267928
307 308 0.47642406278731886
307 347 -0.6934682065153204
308 309 0.2663920583614441
308 348 -0.5600840505465818
309 310 -0.008133637055689702
309 349 0.1459537286365793
310 311 -0.30330185549890865
310 350 -0.4027455708242831
311 312 0.470305083301503
311 351 -0.412814342743538
312 313 0.4508204844357022
312 352 0.39968326687503497
313 314 -0.9900126793817285
313 353 -0.3137346225115807
314 315 0.09417796045393012
314 354 0.15235045314448925
315 316 0.38069615565374293
315 355 0.4779157918529173
316 317 -0.06225146920679725
316 356 0.8377822245537614
317 318 0.0037438392997330983
317 357 -0.8903599628060643
318 319 -0.3692682392959361
318 358 0.1337469611006794
319 320 0.9392733387273275
319 359 0.20444050137890368
320 360 -0.031318407492589184
321 322 0.5178876710242286
321 361 0.9409702506983153
322 323 0.563538885204995
322 362 -0.9297940219609739
323 324 -0.15353154742823727
323 363 0.8888284853628323
324 325 0.8123104635064493
324 364 0.4817314030572135
325 326 -0.1586537110628652
325 365 -0.7568038701489479
326 327 0.549872718431057
326 366 -0.0537552534063126
327 328 0.6392403156246305
327 367 -0.6469280216813074
328 329 0.384031027975426
328 368 0.4444475235189962
329 330 -0.9598128991869079
329 369 0.9195928211320779
330 331 -0.05886121114291032
330 370 -0.5218023891356753
331 332 -0.08034754639710773
331 371 -0.553554169703455
332 333 -0.9874570344421283
332 372 0.29335790819730256
333 334 -0.9875261013170302
333 373 0.4746160920116942
334 335 -0.08968994801424635
334 374 -0.18865824414014654
335 336 -0.18783478346923155
335 375 0.23184990346656886
336 337 -0.8607877416462837
336 376 0.24242624949296854
337 338 0.7563213978155621
337 377 -0.8186792317843716
338 339 0.20584308100306803
338 378 -0.7093000750532183
339 340 0.3667079371386208
339 379 -0.7877543799649058
340 341 0.33937667291236484
340 380 0.900334940995394
341 342 -0.8158891097935117
341 381 0.49701077096642843
342 343 0.8829563184031035
342 382 0.2964442610801725
343 344 -0.2728730798069883
343 383 -0.4893531196156584
344 345 0.033684363164223186
344 384 -0.7648478628897968
345 346 -0.3817400490158571
345 385 -0.1984012644830675
346 347 -0.40722378067786846
346 386 0.48320840902681317
347 348 -0.7031528514011101
347 387 -0.30479078200620546
348 349 -0.8796121687482161
348 388 -0.052854015529107956
349 350 0.2953195469681571
349 389 -0.49795180760643065
350 351 -0.7901828281692607
350 390 0.7563947360925016
351 352 -0.9616104953612732
351 391 -0.14474115422202893
352 353 -0.4160952842021244
352 392 -0.0709166287485965
353 354 0.8652599344120628
353 393 0.6223927693083258
354 355 0.5602047581024521
354 394 -0.5211841045786989
355 356 0.860042859661402
355 395 0.12327160401577242
356 357 0.800166515922575
356 396 0.05463301782437324
357 358 0.36825417199709554
357 397 0.7053715393847564
358 359 -0.24630760517855044
358 398 0.8864276274793408
359 360 -0.9630437670127974
359 399 -0.7067015263053462
360 400 0.495856208703348
361 362 0.5186051055711056
361 401 -0.23149993581974115
362 363 0.018159325278922278
362 402 -0.12241665315078665
363 364 -0.3615805082901462
363 403 0.5538285941575354
364 365 0.8101538982925791
364 404 -0.9443000253355933
365 366 0.8980424158071301
365 405 0.8927401015520535
366 367 0.06240856319804844
366 406 0.2361202927346826
367 368 0.17545600149328
367 407 0.49103782263534934
368 369 -0.0573596860169161
368 408 -0.8708332745174201
369 370 0.7904428038336282
369 409 -0.41029223034664364
370 371 -0.09650494144609789
370 410 -0.5512287917258307
371 372 -0.6341718405837098
371 411 0.3422203103165369
372 373 0.8415675595738799
372 412 0.8453319036107421
373 374 0.6101582466014082
373 413 0.6022065347257368
374 375 0.08420721243072693
374 414 -0.14070865180014613
375 376 -0.005769130452637494
375 415 -0.5290408627575496
376 377 -0.8388750585480569
376 416 0.7964646612499906
377 378 0.05093093192436893
377 417 -0.8918221026243103
378 379 -0.9473911468163763
378 418 -0.5342585744964365
379 380 -0.6296095435155109
379 419 0.07905718380356341
380 381 -0.04042482423373128
380 420 -0.3135930393938893
381 382 -0.1660750606722714
381 421 -0.15988362427083458
382 383 -0.4195275857497236
382 422 -0.20525014792503615
383 384 0.4616025800745738
383 423 0.530997385969604
384 385 0.15406274345784787
384 424 0.07871735963883753
385 386 0.20748411881056228
385 425 -0.1796974098857771
386 387 -0.8164998429164358
386 426 0.04481773147410051
387 388 0.6487175943712964
387 427 0.37883850247952333
388 389 -0.38132064300969093
388 428 0.07838487706835995
389 390 -0.5813332549212005
389 429 -0.17048260308421992
390 391 0.5975433050969301
390 430 0.2900303187416544
391 392 -0.10026094516046813
391 431 -0.028531326079398456
392 393 -0.6893349128579278
392 432 -0.5222325514798682
393 394 0.6680718458275876
393 433 -0.0030656214650215396
394 395 -0.4740102244670914
394 434 0.3853122895832344
395 396 -0.08087366241757743
395 435 -0.2275902001034058
396 397 0.7587668498405244
396 436 -0.7605198945304097
397 398 -0.07982379417238383
397 437 -0.16280457245611224
398 399 0.5379827455606074
398 438 -0.52313366825147
399 400 -0.8395859909208141
399 439 0.6894113428796518
400 440 0.8131446742790247
401 402 -0.18256334111253492
401 441 0.42672085576895746
402 403 0.38104356582770094
402 442 0.558493258501708
403 404 0.9501832000197388
403 443 0.40386918107169034
404 405 0.3602236586093519
404 444 0.6926703981255629
405 406 -0.2644408119040358
405 445 -0.8937208962150414
406 407 -0.4719362709746404
406 446 0.7694347174325871
407 408 0.9508250518899573
407 447 0.2895302238141828
408 409 0.9671929200895968
408 448 0.26494260370015743
409 410 -0.8491842169141572
409 449 -0.33707825549649906
410 411 -0.4361738425387076
410 450 -0.6237729520212643
411 412 -0.2010109958548305
411 451 0.3519080133031909
412 413 -0.07657136424372935
412 452 0.45955444604714835
413 414 -0.2358914376177521
413 453 0.6804763763847572
414 415 -0.9473349676077685
414 454 0.02458701450967471
415 416 0.8446510373194323
415 455 0.06290999503166939
416 417 -0.9093654281770884
416 456 0.014277616468674426
417 418 0.0339280907982471
417 457 0.5488180087012768
418 419 0.4338191654565644
418 458 0.6771168703241708
419 420 -0.9637901134233844
419 459 -0.8281908278429904
420 421 0.29107242604004147
420 460 0.6095596950504081
421 422 0.8752146851325826
421 461 -0.5340395660693409
422 423 -0.43834547245556976
422 462 -0.6865843016199256
423 424 0.9892178308865331
423 463 -0.19434579397821095
424 425 0.15081695873666168
424 464 0.49779168729266643
425 426 0.717628106761173
425 465 0.29724429554034115
426 427 -0.6123656112321567
426 466 -0.4326901511107486
427 428 -0.883240657226722
427 467 0.46407827750300856
428 429 -0.17736466554285202
428 468 0.4243507691223303
429 430 -0.948591670026081
429 469 -0.3917149769779489
430 431 0.6772752776690105
430 470 0.5771418234254346
431 432 -0.7372397925409109
431 471 -0.24570307573185368
432 433 -0.8977919069840778
432 472 0.747309239249415
433 434 0.9133998242482027
433 473 -0.9138329198281467
434 435 0.4283462052061564
434 474 0.5088010274389569
435 436 -0.054668786319166385
435 475 -0.9839041542318152
436 437 0.8724492779340185
436 476 -0.9443611192988703
437 438 0.20986907995953907
437 477 -0.7203523322077987
438 439 0.06655327093088315
438 478 0.9582581754271722
439 440 0.4815354005805752
439 479 0.764416092809324
440 480 0.7647494750162958
441 442 -0.4586604546537325
441 481 0.7082057439826881
442 443 -0.9055417399887484
442 482 -0.8508775976591172
443 444 -0.3949418538681966
443 483 0.9373278094009516
444 445 0.7749669537884014
444 484 -0.9163892271722585
445 446 -0.7519200172564486
445 485 0.794751859323531
446 447 0.8191537225255068
446 486 0.1476600955614824
447 448 -0.3602266260286817
447 487 0.5806852358873036
448 449 0.6820473743245417
448 488 -0.4881082721496739
449 450 0.07211685999529749
449 489 -0.7239693407757235
450 451 0.11254097093138826
450 490 -0.2860089057107269
451 452 -0.938170491494162
451 491 0.16009859260311599
452 453 0.315732033803112
452 492 0.024894417455258777
453 454 0.777881719622691
453 493 -0.1350806790629493
454 455 0.8663209814563779
454 494 -0.040597149141200495
455 456 -0.9484371173748365
455 495 0.6416227173887139
456 457 0.49311077559813676
456 496 0.9097155591741017
457 458 -0.5282184475883072
457 497 0.3001143399527928
458 459 -0.5245421474248635
458 498 0.026417183563311353
459 460 -0.10087551928583882
459 499 0.7363282029541758
460 461 -0.23306511531451912
460 500 -0.7762302552318545
461 462 0.4155007804574211
461 501 -0.28823486609922466
462 463 0.8132195349622788
462 502 0.7502295614303807
463 464 0.7378881266877324
463 503 -0.03769921343763061
464 465 0.48541620037777844
464 504 0.4878251973518768
465 466 -0.018012700406510485
465 505 -0.8083356585635202
466 467 0.6903570057645074
466 506 0.31689602123357563
467 468 -0.3248326677683986
467 507 -0.409136558749124
468 469 0.9493311332925136
468 508 -0.35359936504713274
469 470 -0.2273711237636189
469 509 -0.3070549892599621
470 471 0.7275993336825575
470 510 -0.5295760650834791
471 472 0.5450527896065744
471 511 -0.5336514925513245
472 473 0.14647141859079538
472 512 0.553287565082303
473 474 0.3939958867758431
473 513 -0.32383853677645535
474 475 -0.9144500500280779
474 514 -0.007816826569432944
475 476 0.6350405626386564
475 515 -0.0386043651122403
476 477 -0.003415236355686968
476 516 -0.11582149504912853
477 478 0.22404748731707813
477 517 0.9550686051484909
478 479 -0.8405176948316124
478 518 0.09885151675616033
479 480 -0.7246258111673849
479 519 0.357453306188543
480 520 0.08277403805527683
481 482 0.8263279392236111
481 521 0.5215121393292124
482 483 0.20968907780505752
482 522 0.4247000053464487
483 484 -0.20857361404270902
483 523 0.9026181266710551
484 485 -0.04345761179687058
484 524 0.16566092124469955
485 486 -0.8347987972847608
485 525 -0.14956374577357323
486 487 0.12407410226555071
486 526 0.1990950753059193
487 488 -0.9648246900499828
487 527 0.10373718667893539
488 489 0.03019001554587608
488 528 0.7856517401698304
489 490 -0.9645804285333568
489 529 -0.6090113415243226
490 491 -0.9094305094335278
490 530 0.9923443936015679
491 492 -0.25288168186385307
491 531 -0.5213556705763842
492 493 -0.8577635877079424
492 532 0.8065980794323153
493 494 -0.32363012834208016
493 533 -0.2157116290216925
494 495 -0.7903998461886605
494 534 -0.6189545123940903
495 496 0.7794100976195195
495 535 -0.03689200788364233
496 497 0.9744157174381176
496 536 0.8593393067870647
497 498 -0.3073305518662026
497 537 0.11129110665734254
498 499 0.48081070732885345
498 538 0.2351195666589081
499 500 -0.456832033327113
499 539 0.7963377379256029
500 501 -0.8626376722589606
500 540 -0.8066213015541479
501 502 0.7655858416897854
501 541 -0.402474710670194
502 503 -0.5161724866681552
502 542 0.09195711973381715
503 504 -0.439135936570886
503 543 -0.39904226348297
504 505 0.1887339105135799
504 544 0.5463008100342475
505 506 0.9504604472853893
505 545 0.04276021956358522
506 507 0.5009730601887863
506 546 -0.9618067237813355
507 508 -0.7396265480646076
507 547 -0.7635421103410474
508 509 -0.20421956004719077
508 548 -0.1621467829480443
509 510 0.9033954714430934
509 549 0.2931062235558777
510 511 -0.5252416807624292
510 550 -0.337914143000696
511 512 -0.7912047219891793
511 551 0.37866834247579706
512 513 0.677659218680686
512 552 -0.9082302055435418
513 514 -0.7478129413762546
513 553 -0.3467774837958406
514 515 -0.19079719720678745
514 554 -0.7012818288152565
515 516 -0.5844382106255412
515 555 -0.23443280925902643
516 517 0.9025471317500637
516 556 -0.4647063619688163
517 518 0.038846135951251526
517 557 0.3116260164588278
518 519 0.7973275162816336
518 558 0.15757542533896762
519 520 -0.5224121853448285
519 559 0.5207751115366996
520 560 0.39848446622709144
521 522 0.03333707551613241
521 561 -0.6643284695569853
522 523 -0.6984509036567457
522 562 0.22952714900157223
523 524 -0.7411879246224562
523 563 0.8741283411054406
524 525 -0.5553352522715767
524 564 -0.13665546954010077
525 526 -0.4405933448725021
525 565 -0.5492278407848774
526 527 0.48152291500182365
526 566 -0.2798583349320003
527 528 0.24274206704482326
527 567 -0.44987626000090564
528 529 -0.7995909671787171
528 568 -0.6754843256717389
529 530 -0.07919435021702492
529 569 0.19512200212224173
530 531 -0.46663716929113597
530 570 -0.601944050910173
531 532 -0.46972615066049395
531 571 -0.10559601297105292
532 533 0.40319772134411025
532 572 0.5417215510013165
533 534 0.4597841204128037
533 573 -0.5875830672081617
534 535 -0.5353751790947396
534 574 0.045919906754226636
535 536 0.7029070504068891
535 575 -0.932041880929515
536 537 -0.40608311819698595
536 576 -0.3827472901741622
537 538 0.40390885506259955
537 577 0.6150311476387835
538 539 -0.024289015014646198
538 578 0.7614345010118719
539 540 -0.841758220353509
539 579 -0.4138597607851675
540 541 -0.4773480514685928
540 580 0.7419138276504305
541 542 0.14619985904783106
541 581 0.7315456912833171
542 543 -0.08770127565139196
542 582 -0.5667163701591744
543 544 0.29537463893768523
543 583 -0.5798163419308535
544 545 0.013208926028636991
544 584 0.4596767358052547
545 546 0.005874476425008268
545 585 -0.7518917784985222
546 547 0.7009878648629233
546 586 0.31646580695273263
547 548 0.929394308956154
547 587 -0.8154432659237525
548 549 0.5458314236067283
548 588 -0.042171623788501034
549 550 0.2796016241261827
549 589 0.8989691786991865
550 551 0.34007915622723095
550 590 -0.515890833877481
551 552 -0.511635959119513
551 591 -0.38864949603371235
552 553 -0.16170760034679388
552 592 0.7490087745843435
553 554 -0.4456622405534001
553 593 0.6889884014445431
554 555 0.16648775927837534
554 594 0.6221716223806242
555 556 -0.14353865916540776
555 595 0.6591619590847444
556 557 0.9654648982528795
556 596 0.9474122015373785
557 558 -0.4221737590843553
557 597 0.7184872580354149
558 559 -0.11731744213611939
558 598 -0.23463536835840215
559 560 0.08124397164582642
559 599 0.8628760788976961
560 600 -0.7991130171259027
561 562 -0.40261541678226864
561 601 -0.43211390993873233
562 563 -0.6982980239679304
562 602 -0.07653556150001539
563 564 0.5142160615362172
563 603 -0.9077614367918929
564 565 0.6740362715882058
564 604 0.957635261288877
565 566 -0.8176760526299189
565 605 -0.9979174631879495
566 567 -0.718172186862194
566 606 -0.7899727409524915
567 568 -0.22413430316350458
567 607 0.7535682796005074
568 569 -0.5270313965271756
568 608 -0.9775435575210496
569 570 -0.15169278355555593
569 609 -0.5491061832170341
570 571 -0.5337176941391502
570 610 -0.5779887405203916
571 572 -0.6173799848599397
571 611 -0.1758920842442857
572 573 -0.675255674632212
572 612 -0.4977804422294452
573 574 -0.1368895043117757
573 613 0.9674012323645911
574 575 0.6975400645663961
574 614 -0.7701609546415651
575 576 -0.10105097737704671
575 615 -0.3047309006037542
576 577 0.23398100496928698
576 616 -0.443365533840262
577 578 0.029231819896399447
577 617 0.3132328849477173
578 579 -0.5936585326620423
578 618 -0.5181024489666335
579 580 0.9880112042409335
579 619 0.3162778770799226
580 581 -0.4663307198779263
580 620 0.17701300685693355
581 582 0.7823491600270689
581 621 -0.49289578996985517
582 583 -0.8421675373452682
582 622 -0.8228445038460699
583 584 0.3472127752366201
583 623 -0.9329888826802979
584 585 0.6139771240978047
584 624 0.5445677790548258
585 586 -0.09101899452777684
585 625 -0.35983083012962536
586 587 0.46069520285652477
586 626 -0.6414650275652463
587 588 0.6287227853980037
587 627 0.9950031656905245
588 589 0.12132158734118947
588 628 -0.9211962370273965
589 590 -0.5308791862339246
589 629 0.9397705339107318
590 591 -0.07921275541779416
590 630 0.5657250220964958
591 592 0.3707951908667524
591 631 0.12199582939138343
592 593 0.08508132371166632
592 632 0.7743353401154782
593 594 0.15755099576366471
593 633 -0.13132008674384155
594 595 0.9388806788454498
594 634 0.6168793733024036
595 596 -0.019801301245716108
595 635 -0.4464846755611209
596 597 0.16167820313191306
596 636 -0.6186674185928682
597 598 0.09638305851048923
597 637 0.7066490429825529
598 599 -0.27303581680352385
598 638 0.5867026745521033
599 600 -0.7352454347271806
599 639 0.9629725045180144
600 640 0.5834617093747483
601 602 -0.3455748467645381
601 641 -0.07971933241404794
602 603 0.9605265576945181
602 642 0.6870383156136137
603 604 0.3257442896867666
603 643 -0.5468575417066477
604 605 0.3375383994649621
604 644 0.836402842265396
605 606 -0.6646761646129009
605 645 0.21023778862089926
606 607 0.35480989415694886
606 646 -0.12595597155785154
607 608 0.9719880938923044
607 647 -0.7209222701898494
608 609 -0.8207668319628021
608 648 0.33578955239215724
609 610 0.9627035369925232
609 649 0.35853294186146
610 611 0.3840265811421848
610 650 0.45123109523542015
611 612 0.8270206434042107
611 651 -0.9703920930787331
612 613 -0.3096029782778722
612 652 -0.3781336996940772
613 614 -0.7977392534995853
613 653 0.01126335289396585
614 615 0.6409612005327767
614 654 0.2708750268624953
615 616 -0.6038590945318427
615 655 0.6808605430213288
616 617 -0.13853817219624065
616 656 -0.5465954257487018
617 618 -0.3003832522938201
617 657 0.8463113590079034
618 619 -0.7184638209307301
618 658 -0.20110026501010259
619 620 0.04425593836173913
619 659 0.5786443155126801
620 621 0.8583994222101823
620 660 0.20289423067735823
621 622 0.45302548925398556
621 661 0.4905611097786928
622 623 0.5703479235099851
622 662 0.701438600557901
623 624 0.6227630674306226
623 663 0.592967538187295
624 625 0.6431314859305564
624 664 -0.7328370965093116
625 626 -0.5520503299984287
625 665 0.717196729504735
626 627 -0.4273504014004601
626 666 0.11057898120004905
627 628 -0.3870433198864438
627 667 0.9392671385779718
628 629 -0.7874728038799672
628 668 -0.6263691672134237
629 630 -0.8677383151496452
629 669 0.2476435746392347
630 631 -0.6892224494835439
630 670 -0.7526448386804558
631 632 -0.030609186134379796
631 671 -0.6246532739442792
632 633 0.8501778397413315
632 672 -0.2734139271527227
633 634 -0.3382038062679944
633 673 0.9077706903884024
634 635 -0.6625181285023742
634 674 0.036593795544586305
635 636 0.04332849219682555
635 675 0.27660445686620916
636 637 0.5199870407619294
636 676 0.17800791902951807
637 638 -0.39010075276443
637 677 0.5019080857192588
638 639 0.9913123686510696
638 678 0.3638185560218148
639 640 0.24331689244161137
639 679 -0.31593422110815905
640 680 -0.5055237982969549
641 642 0.08873671891527524
641 681 -0.5651982604805561
642 643 0.3838295671058336
642 682 -0.07440214434463832
643 644 0.03890127113976871
643 683 0.021350593003927942
644 645 -0.708909274621945
644 684 -0.09717524493295704
645 646 -0.341253798747585
645 685 0.406384635030445
646 647 0.2513029305318517
646 686 0.5757472018434355
647 648 0.8821734111858095
647 687 -0.1693743433965862
648 649 0.9472314037259713
648 688 0.45111283214369124
649 650 0.857066804229982
649 689 0.9878650928606636
650 651 -0.6954457239005976
650 690 0.028104619194126768
651 652 -0.7793716277396476
651 691 0.7549342350298958
652 653 -0.990607162623715
652 692 0.20192949902115842
653 654 -0.9101299731604413
653 693 0.015009608585232037
654 655 0.380741223127685
654 694 -0.8587964147071321
655 656 -0.5223749617954281
655 695 0.6875755523147875
656 657 0.9364142585012956
656 696 0.12443601601725707
657 658 0.5519563161566914
657 697 0.9342198798942707
658 659 -0.10886625778190284
658 698 -0.08901550509873912
659 660 0.3436934123164699
659 699 -0.8513401790630601
660 661 0.13627311942557396
660 700 -0.3914041194901323
661 662 -0.8437740328194536
661 701 -0.5644753816753916
662 663 -0.1200788715629093
662 702 -0.8870315083124531
663 664 0.04607533721215318
663 703 -0.49556721399993386
664 665 0.7612435284937007
664 704 0.3675197880438823
665 666 -0.8471367946963406
665 705 -0.37305137806902056
666 667 0.6818007846518195
666 706 -0.021042201788959103
667 668 -0.4934830027952197
667 707 -0.18358113300782497
668 669 -0.8135273703109449
668 708 0.6556168761166159
669 670 0.10393046320183119
669 709 0.27472139795517836
670 671 -0.5235277467007902
670 710 -0.9522727984033539
671 672 0.6973356055151367
671 711 0.7822188623244761
672 673 0.5208415184932396
672 712 -0.3334868908552153
673 674 0.4970876396848236
673 713 0.08472345911761203
674 675 0.1820561454648113
674 714 -0.8035029650701346
675 676 0.9869956010854566
675 715 -0.991652967488402
676 677 0.7475948330071194
676 716 0.49674756328693714
677 678 0.434385242023823
677 717 -0.8202887057869153
678 679 -0.5989956537715013
678 718 -0.3148064561594519
679 680 -0.7040507783220806
679 719 -0.05572874898620994
680 720 -0.19721041987971666
681 682 0.5997366538779529
681 721 0.45336889859307083
682 683 0.8335472411320268
682 722 0.4651349746165523
683 684 -0.7849161447296658
683 723 0.6301268503581472
684 685 -0.8247021523908826
684 724 -0.6342116116504801
685 686 -0.09043270172029838
685 725 0.43451967324022145
686 687 0.3103556382870718
686 726 -0.5493687842596979
687 688 -0.008879002815833426
687 727 0.4442113901004767
688 689 0.7058433016833203
688 728 -0.9760298395091032
689 690 -0.16062273631477963
689 729 0.6663438842902836
690 691 -0.9115811805219509
690 730 -0.00039984548507487894
691 692 -0.48438083815766
691 731 0.24195138125588045
692 693 0.6387393127914096
692 732 -0.8145089531486065
693 694 -0.8744158903701318
693 733 -0.9168690935210135
694 695 0.3381160518891868
694 734 -0.22005975183436344
695 696 0.6746029025482974
695 735 -0.4609218952192615
696 697 0.7221331253805348
696 736 -0.42465277213132513
697 698 0.199219701587654
697 737 -0.8406151309627445
698 699 0.0020064693234616016
698 738 -0.8008092396784925
699 700 0.7716204681872307
699 739 0.4672165371971795
700 701 -0.48615530152204767
700 740 -0.6210175927732129
701 702 -0.23190181398402387
701 741 -0.3972633066637079
702 703 -0.7291362986702439
702 742 0.6223621432744633
703 704 0.08451170557951082
703 743 0.6913905405426128
704 705 0.5508251356114453
704 744 -0.7651413915731615
705 706 -0.656195930060774
705 745 0.7840360219994462
706 707 -0.06043580383241798
706 746 0.35072734866263056
707 708 0.9599597871777183
707 747 -0.6639184854790141
708 709 -0.3535181843565194
708 748 0.5391658593686464
709 710 0.40456195111021476
709 749 0.19915472326088812
710 711 -0.03177867952905822
710 750 -0.20507281020763446
711 712 -0.3576824798810285
711 751 0.19706733303513468
712 713 0.14701899316593425
712 752 -0.7396974274512602
713 714 -0.43997037146207085
713 753 0.5023569720742103
714 715 -0.07831146673212319
714 754 -0.41946378263938433
715 716 0.10685589033124243
715 755 0.5385649019858838
716 717 0.4826912319239749
716 756 -0.4926449544295506
717 718 -0.566162585665497
717 757 -0.38343367563200825
718 719 0.5081698150499965
718 758 -0.9425038127681704
719 720 -0.785309503536912
719 759 0.6503958626908479
720 760 0.17210463507477725
721 722 0.6985854267824338
721 761 -0.4649563908358554
722 723 -0.9957989982143194
722 762 0.3458584999533878
723 724 0.9249060341646289
723 763 0.17776478599915913
724 725 0.07605139087856294
724 764 0.3567864609245681
725 726 -0.6160171602911511
725 765 -0.5464346373174491
726 727 0.7369722275428736
726 766 0.8032799862779589
727 728 0.13119071199442245
727 767 0.1830144083369598
728 729 0.5169312700100346
728 768 0.5592385614923143
729 730 -0.5181864995531014
729 769 -0.8490212712925957
730 731 -0.057868242066388964
730 770 -0.17220651395840725
731 732 0.9755477563375932
731 771 0.80818929369737
732 733 0.9122452854534948
732 772 -0.20739280255747805
733 734 0.011629922496735334
733 773 0.7907461448870805
734 735 0.3256041223548336
734 774 -0.9579976842512854
735 736 -0.30792206131785615
735 775 0.8271469580744575
736 737 -0.6273640835328314
736 776 -0.6839182284524421
737 738 0.7327500133216549
737 777 -0.9279125373810593
738 739 0.29623989277592844
738 778 0.13117157582361383
739 740 -0.7969064969609816
739 779 -0.5964453040594959
740 741 -0.33546273621232414
740 780 -0.8283862426556046
741 742 -0.7186342040645444
741 781 -0.8113187954996244
742 743 0.016115590271333913
742 782 -0.3890109152206218
743 744 0.258803581996381
743 783 0.012369164976706593
744 745 -0.7575610710898553
744 784 -0.29543909809548596
745 746 -0.7863733856267761
745 785 -0.6813645044923193
746 747 0.24072242985165038
746 786 -0.44532689582099216
747 748 0.9662587313614446
747 787 -0.9069447120980514
748 749 -0.45368377209887667
748 788 0.28274707727170023
749 750 -0.7496219409812717
749 789 0.26515094145995355
750 751 -0.7009174365087814
750 790 -0.8687538861288562
751 752 0.7040775155130872
751 791 -0.24876970857290281
752 753 -0.10834546839255221
752 792 -0.5430929648443958
753 754 0.09913899658817082
753 793 -0.16987748590155438
754 755 -0.20214565824228115
754 794 0.8143744928303416
755 756 -0.815247177781474
755 795 0.25742203161223687
756 757 -0.8264472979323676
756 796 -0.16256870174684845
757 758 0.10359565755268618
757 797 0.29780208017376597
758 759 0.6620897319579166
758 798 -0.4897887017097555
759 760 -0.7465773346951101
759 799 -0.1126467134710274
760 800 0.14533447555409307
761 762 0.22964942229686924
761 801 0.3055121463879782
762 763 0.1574920812359999
762 802 -0.0419889488070162
763 764 -0.19149589867054972
763 803 0.3117539847625217
764 765 -0.45707497627131866
764 804 0.28081617660951363
765 766 0.8882308002562069
765 805 0.8230540501643608
766 767 -0.5934331294603976
766 806 -0.528311761620492
767 768 -0.015152397493147785
767 807 -0.44416058214023213
768 769 -0.789487581852113
768 808 -0.14337608762871246
769 770 -0.785661536582436
769 809 0.1338244047884387
770 771 0.8670910132977827
770 810 -0.7652142521790901
771 772 -0.27002777149683554
771 811 -0.31416077798225617
772 773 0.14219113526484084
772 812 0.1722179714795573
773 774 0.48063171290997597
773 813 0.6763940625706781
774 775 -0.2558280624640066
774 814 -0.6143458736127594
775 776 -0.18166768130590016
775 815 0.5604614603708358
776 777 -0.5779093786691267
776 816 -0.3053867878212797
777 778 -0.8555884543934271
777 817 -0.7096662334403028
778 779 -0.7815695095475765
778 818 -0.8028393634650899
779 780 0.9556617998485193
779 819 -0.5901499710223421
780 781 -0.9599507785177259
780 820 0.5529706111775152
781 782 0.4949896311460946
781 821 -0.1685987528466646
782 783 -0.9725053284757095
782 822 0.18670460545781653
783 784 -0.07151059951395178
783 823 -0.8253288355889175
784 785 -0.13843887461834736
784 824 0.38740853086867455
785 786 0.16839531248494954
785 825 0.7035693917442942
786 787 0.9904949426159397
786 826 0.058676368951677604
787 788 -0.7101126510097078
787 827 -0.17805437715196293
788 789 -0.6316655059108345
788 828 -0.49678708751261325
789 790 0.8150386678958932
789 829 0.568598573274057
790 791 0.11426442982725082
790 830 0.22234940230305633
791 792 0.7292984033634442
791 831 -0.9425754015384231
792 793 -0.8780128573934907
792 832 -0.6471617575792594
793 794 -0.2069380011091384
793 833 0.021370594711554336
794 795 0.19430687015085368
794 834 -0.41012623109449
795 796 0.2049449365736582
795 835 0.4237736713259108
796 797 0.9709588266801779
796 836 -0.7853969738224265
797 798 0.9695985184290834
797 837 -0.7982397723673607
798 799 0.7788927524962728
798 838 -0.5242518296533256
799 800 0.1785609905855876
799 839 0.44241151064888307
800 840 -0.9650787900921456
801 802 -0.22636713173142886
801 841 -0.1792916428543625
802 803 -0.127761724982552
802 842 -0.2733810891856494
803 804 -0.20851696701352207
803 843 0.19043813830832734
804 805 0.7596500068879848
804 844 0.5070832748917142
805 806 0.14504977048070633
805 845 0.9578420140367894
806 807 -0.5253675697851987
806 846 -0.03100614911056887
807 808 -0.31329051089614124
807 847 0.8629694308887392
808 809 -0.3874715676663212
808 848 0.48481265844444654
809 810 -0.01913175644533527
809 849 -0.6730163631888924
810 811 -0.8144215955800311
810 850 -0.014759626379733604
811 812 0.7500884223749609
811 851 0.07447700186556605
812 813 0.5835391113025576
812 852 0.7728796209626472
813 814 -0.9417633258141223
813 853 -0.19661149487957919
814 815 0.551428741437769
814 854 0.9356665133237256
815 816 -0.6832067814594784
815 855 -0.7420241795869968
816 817 -0.3640540847932259
816 856 -0.8300624297678301
817 818 -0.40111963044722887
817 857 0.3294327763162139
818 819 0.5532206162029665
818 858 0.5949872185871812
819 820 -0.2629243023890744
819 859 -0.43629149268670786
820 821 -0.6337578870072114
820 860 0.6382139216381311
821 822 -0.6395284609292735
821 861 0.3306944140783832
822 823 -0.6081575743707099
822 862 -0.7962312462059873
823 824 -0.9965247765004683
823 863 0.8308366294358582
824 825 0.3536580011641999
824 864 -0.9788847190200531
825 826 0.6671336356418434
825 865 -0.7777363282976817
826 827 0.5344904262483539
826 866 -0.13574983319384626
827 828 0.8048641523381312
827 867 0.7994515923402792
828 829 0.11742743858954219
828 868 -0.09617171486611165
829 830 -0.7529776969558846
829 869 -0.040222113178691954
830 831 0.4547358913248045
830 870 0.9940751653492359
831 832 0.21857777805833667
831 871 0.4406986315785777
832 833 -0.717794950970922
832 872 -0.2291917691706733
833 834 0.05631028933747828
833 873 -0.5173579068643077
834 835 -0.36134129034355333
834 874 0.22085542828575178
835 836 0.8276437729201549
835 875 -0.32380254149533894
836 837 -0.10195203731283065
836 876 -0.879031469511673
837 838 -0.39417719297483766
837 877 -0.5846558291262656
838 839 -0.5618847427385629
838 878 -0.4043798716481999
839 840 0.7989595331222181
839 879 -0.7836421194220125
840 880 -0.5689647191970872
841 842 0.6203150989852744
841 881 0.20073853076426973
842 843 -0.43171345563696395
842 882 0.5440510010606263
843 844 -0.13465368778827358
843 883 -0.6942605793617087
844 845 0.140730547048999
844 884 0.41247911130850134
845 846 0.7319606829058833
845 885 0.7525229356791459
846 847 0.9369115868222035
846 886 0.2203783421100478
847 848 0.24770942947861174
847 887 0.6641791190730204
848 849 -0.6979871763621934
848 888 -0.4608082708478993
849 850 -0.14155142061171722
849 889 0.15733860799926713
850 851 0.6601042277646234
850 890 -0.45189776876680243
851 852 0.13763957876244315
851 891 -0.5367329207064344
852 853 -0.8550110334467242
852 892 0.6598815781282998
853 854 0.6237669869682283
853 893 -0.5634346480711896
854 855 0.9623592859791625
854 894 0.2509564224523513
855 856 -0.19676092849151194
855 895 0.022049706159876337
856 857 0.5158852124289732
856 896 0.01506995140640055
857 858 0.4416750178771547
857 897 0.14401756727985027
858 859 -0.06626289738557634
858 898 0.32548417935798657
859 860 -0.9351907787074512
859 899 0.695826032600622
860 861 0.06561772692485546
860 900 -0.8377951501099163
861 862 0.8770481490624353
861 901 0.11442559250674433
862 863 0.5032307821399822
862 902 0.8155916980262472
863 864 0.6351763889439643
863 903 -0.6956259775878513
864 865 -0.34688321453427373
864 904 0.6584271217849245
865 866 0.02673358720479735
865 905 -0.7305530214428484
866 867 -0.5660463027214393
866 906 0.9228765895968987
867 868 -0.6682391391821259
867 907 -0.3077361282541331
868 869 -0.3130787254926968
868 908 0.9768997287939012
869 870 0.6340355129778399
869 909 0.8688426004432828
870 871 0.056380188501407025
870 910 -0.966251262760133
871 872 0.8591864114919676
871 911 -0.1609064206805284
872 873 -0.7666309456879528
872 912 -0.6448892543744273
873 874 0.9703175732365683
873 913 0.3929471232549242
874 875 -0.2798762598773388
874 914 -0.7879472335048572
875 876 0.07409617562351367
875 915 0.3730918686001752
876 877 0.7790691546090103
876 916 0.4387580010491472
877 878 -0.5989005688670019
877 917 0.7065552593892181
878 879 0.198467834797444
878 918 0.9081124937258029
879 880 -0.8714264924401682
879 919 0.3652397466548334
880 920 0.4528629835409952
881 882 0.7966806771693886
881 921 -0.019935549901964
882 883 0.43163747124413177
882 922 -0.6743381705066507
883 884 0.7089913284948188
883 923 -0.281331859240717
884 885 -0.3380645464183678
884 924 0.23271516580189555
885 886 0.05433373048358758
885 925 -0.76690900478273
886 887 -0.41847504412359404
886 926 0.6234469117706223
887 888 -0.26506768628233157
887 927 0.8728073188932548
888 889 0.019436414154924808
888 928 0.9720806700578231
889 890 -0.6961499442098353
889 929 -0.6675113813685767
890 891 -0.26678890297795665
890 930 0.11458029239706913
891 892 -0.6691469167889197
891 931 0.530246847294042
892 893 -0.19360871939704394
892 932 0.9227199145644713
893 894 -0.5930932401985987
893 933 0.4226079263752387
894 895 -0.6120705520338257
894 934 0.18902799419261762
895 896 0.4825570560240431
895 935 0.25415325331626915
896 897 -0.15210480956910732
896 936 -0.4295099064021506
897 898 -0.22091817396994196
897 937 -0.16736745320031954
898 899 0.1798947077360864
898 938 0.24040136631246734
899 900 -0.9027569833984681
899 939 0.6939350895477996
900 901 0.21338286100659398
900 940 0.9767332785955203
901 902 0.7688368934106167
901 941 0.4733622375592359
902 903 0.6643597008606565
902 942 0.030436703033328794
903 904 -0.9219605991823436
903 943 0.8114307745290974
904 905 -0.882409091308062
904 944 -0.010343094957972587
905 906 0.206190405420007
905 945 0.7497715000787064
906 907 0.467691986060468
906 946 0.05123111679456449
907 908 0.624581833996374
907 947 0.6387915230424506
908 909 -0.43741110251482285
908 948 -0.8459712591010204
909 910 -0.03084322479680046
909 949 -0.2152748554862245
910 911 0.7503628922560788
910 950 -0.11369801989238404
911 912 0.8195039603348666
911 951 0.223424320689684
912 913 -0.03308497902089558
912 952 0.1918004175900263
913 914 0.3620216909349805
913 953 -0.7594838567466011
914 915 0.10667193357085347
914 954 0.4379678939137517
915 916 0.6352501906436703
915 955 -0.9907193888650905
916 917 0.623932140390401
916 956 0.3274826364230663
917 918 0.658103155314872
917 957 0.44727034956092493
918 919 0.7868983426579104
918 958 -0.21578304881066646
919 920 0.71258760372619
919 959 0.5093059575103605
920 960 0.25985464337288366
921 922 0.6566362644325636
921 961 0.7177789423364778
922 923 0.5214155459883472
922 962 0.5716563372757519
923 924 -0.7953789405560125
923 963 -0.9255003643934911
924 925 0.3846824130089559
924 964 -0.909337713553436
925 926 0.2559893340905637
925 965 0.9272888792449472
926 927 0.5629630670981676
926 966 -0.201522304065048
927 928 0.10476117573263988
927 967 -0.4497171650992431
928 929 -0.2167977518447901
928 968 -0.6114214790159367
929 930 0.2697779924767072
929 969 -0.9088186190377212
930 931 -0.4510774578893775
930 970 0.9396676222288578
931 932 0.5620431707691012
931 971 0.7362005321408098
932 933 -0.17641881479620292
932 972 0.44375129875649266
933 934 0.6538978754434348
933 973 -0.6937546997807267
934 935 -0.7370709285248764
934 974 0.41398808943715926
935 936 0.3566116107534474
935 975 -0.9817627931804624
936 937 -0.6523273988472738
936 976 -0.779903981632603
937 938 -0.7275829131452658
937 977 0.7791786854815088
938 939 -0.5951363207067648
938 978 -0.8843133518152835
939 940 -0.013558536295987134
939 979 -0.47956080859454175
940 941 0.05957724434957745
940 980 -0.16846648584942603
941 942 0.8032609556626538
941 981 0.5195328459900126
942 943 0.2666553019075555
942 982 -0.7783114682894972
943 944 -0.9644230923062427
943 983 0.9676359625196065
944 945 -0.6963552410963405
944 984 -0.8226303004421796
945 946 -0.713898585651904
945 985 -0.2782466125402612
946 947 -0.3074062832058766
946 986 -0.5307349346951362
947 948 -0.7062283472279309
947 987 0.5437909546594644
948 949 0.12428665692943275
948 988 -0.9079393384772494
949 950 -0.7275290376681223
949 989 -0.21821534292542322
950 951 0.2177414492623937
950 990 0.00713631304457496
951 952 -0.295783681733889
951 991 -0.2801252562055294
952 953 -0.3814655895613883
952 992 0.2646365981459826
953 954 0.6680714817522271
953 993 0.8050579608451893
954 955 -0.9387723684659537
954 994 -0.19955896444241672
955 956 0.8020777034328408
955 995 -0.7103434569088984
956 957 -0.7652732389929828
956 996 -0.701432741192463
957 958 -0.825074774688078
957 997 -0.5968456407598886
958 959 0.7745107629659009
958 998 -0.6940953194828396
959 960 -0.7003730032713607
959 999 -0.2784120029434616
960 1000 -0.7034038835387622
961 962 0.5768902872821859
961 1001 0.7753108744144059
962 963 0.4772131937376125
962 1002 -0.5423969270742302
963 964 -0.08813530782406653
963 1003 -0.7437032164725383
964 965 -0.9267221008063957
964 1004 -0.31122198821096236
965 966 -0.11945585361953315
965 1005 0.05635488500928809
966 967 -0.26903895507776765
966 1006 0.20023277798880557
967 968 0.4077860568225249
967 1007 -0.4972484787471545
968 969 0.6408912972577783
968 1008 -0.36591743964002443
969 970 0.5851699285608993
969 1009 -0.48421121818032153
970 971 -0.046931026983567437
970 1010 0.9858849699197583
971 972 -0.22089847982763944
971 1011 -0.07274948747544219
972 973 -0.5798080975007731
972 1012 -0.11484977347706704
973 974 0.7867691225595432
973 1013 0.06410573451954305
974 975 0.9275391760922291
974 1014 -0.3146372242101234
975 976 -0.656933766729195
975 1015 0.4719628616018723
976 977 0.4007837188031833
976 1016 -0.6119267924407714
977 978 -0.23264949401188417
977 1017 -0.12418240483183318
978 979 0.9155492738460902
978 1018 -0.1714058507468721
979 980 0.4280881013068316
979 1019 0.19149814848010083
980 981 0.9221091650692153
980 1020 -0.7139085883901142
981 982 -0.3944558132828777
981 1021 0.9850667100537853
982 983 -0.5583521828224074
982 1022 -0.30752092819717824
983 984 -0.0492646485417525
983 1023 -0.8971801159448982
984 985 -0.43910371918502555
984 1024 -0.7034797216398989
985 986 -0.6156026107577894
985 1025 0.7331802517132664
986 987 -0.6137009408767244
986 1026 -0.8092695315969649
987 988 -0.12595835395962873
987 1027 0.9576636046359064
988 989 0.5445558298301445
988 1028 0.49672643440044206
989 990 -0.45602551738493147
989 1029 0.1440420369699107
990 991 -0.8311168467347376
990 1030 -0.2922045814408627
991 992 0.08018093579404506
991 1031 0.49519676026528536
992 993 -0.9866644624023209
992 1032 0.5608596112029887
993 994 0.6603418757182928
993 1033 -0.6151187789600638
994 995 -0.9243011324100829
994 1034 -0.38572062260032536
995 996 -0.9124028982379984
995 1035 0.20591074238339346
996 997 -0.8045394016936198
996 1036 0.22684539540874682
997 998 0.7377797564841224
997 1037 -0.9969912173330264
998 999 -0.5539693809538546
998 1038 -0.22890716433668756
999 1000 -0.2644319732431455
999 1039 0.9941920253585046
1000 1040 -0.509434552814954
1001 1002 0.3977215779049763
1001 1041 -0.09121938477850078
1002 1003 -0.3395770373066338
1002 1042 -0.44773555828951306
1003 1004 0.40747006417936515
1003 1043 -0.8732073769857187
1004 1005 0.6207313924158151
1004 1044 -0.14925233502350244
1005 1006 -0.7929784113210927
1005 1045 -0.3380672494366461
1006 1007 0.6272932140488643
1006 1046 0.34959657984374215
1007 1008 0.1190634789478755
1007 1047 0.010668916122652083
1008 1009 0.06474491075498934
1008 1048 0.08940947477074657
1009 1010 -0.5883672291471191
1009 1049 -0.9782407705581493
1010 1011 -0.8260617447950869
1010 1050 0.2949233047856563
1011 1012 0.8975900235634546
1011 1051 -0.6287146206316772
1012 1013 0.1853922635499985
1012 1052 -0.5701692416200226
1013 1014 0.6233619232605396
1013 1053 0.08762412687419774
1014 1015 -0.10828143792263867
1014 1054 -0.0318021558575865
1015 1016 -0.5966459681073055
1015 1055 0.8534980452423393
1016 1017 -0.3561483985707403
1016 1056 0.7148917166787765
1017 1018 -0.2436239201398529
1017 1057 0.7336129344487063
1018 1019 -0.135961061689702
1018 1058 0.9808858576236128
1019 1020 -0.3053041445046163
1019 1059 -0.5924984060807359
1020 1021 -0.6418670608699957
1020 1060 0.6433830176736268
1021 1022 0.36844597481037056
1021 1061 -0.49705200890905754
1022 1023 0.1966210723857753
1022 1062 0.7212152114454065
1023 1024 0.7023367928397162
1023 1063 -0.27745328728119123
1024 1025 -0.521811318954136
1024 1064 0.0796970424506902
1025 1026 -0.7677298577895411
1025 1065 0.5515318995841474
1026 1027 0.5230198224500555
1026 1066 0.7356468433244825
1027 1028 0.5992623685833189
1027 1067 -0.4181641902400981
1028 1029 0.6288447737195606
1028 1068 0.8633319987393697
1029 1030 0.4705334684785232
1029 1069 -0.1425874603334134
1030 1031 0.407615879919486
1030 1070 0.7802984409037659
1031 1032 -0.07120189047661674
1031 1071 0.4826779905844001
1032 1033 -0.7617321978912386
1032 1072 0.2023859096468481
1033 1034 0.6909513560011595
1033 1073 0.7189531219793239
1034 1035 0.19259867942587383
1034 1074 -0.0864532998076033
1035 1036 -0.5618963397068317
1035 1075 -0.529805799654558
1036 1037 0.7824198953595229
1036 1076 0.3554253851538973
1037 1038 -0.1685961083254579
1037 1077 -0.14893727219876696
1038 1039 -0.7883067351682538
1038 1078 0.11601231662033484
1039 1040 -0.446493768283845
1039 1079 0.034718632706114194
1040 1080 0.21876338066711964
1041 1042 -0.388169670422289
1041 1081 0.6401688098518536
1042 1043 0.7951968159500185
1042 1082 0.8502451852442778
1043 1044 -0.9939381500669806
1043 1083 -0.8217011357489539
1044 1045 0.7241860132836939
1044 1084 -0.4135927483025925
1045 1046 -0.716406979557555
1045 1085 0.8111556943023401
1046 1047 -0.819506589939629
1046 1086 -0.8885238588708873
1047 1048 -0.8919535041481048
1047 1087 0.5805692480240565
1048 1049 0.1562921542261484
1048 1088 0.1701205261815979
1049 1050 -0.5328667246516117
1049 1089 -0.9937323496026409
1050 1051 0.768903657723141
1050 1090 0.7642144182637942
1051 1052 -0.644233859008162
1051 1091 -0.7931181511355634
1052 1053 0.41585610957618235
1052 1092 0.46115942185379044
1053 1054 0.5522743389606721
1053 1093 -0.6314241966256733
1054 1055 -0.10570837441332226
1054 1094 0.6095094070509315
1055 1056 0.1332241564630341
1055 1095 0.7818789619944986
1056 1057 0.5051223828251441
1056 1096 -0.5001917356100432
1057 1058 -0.30882882319981264
1057 1097 -0.1692031592055907
1058 1059 0.4738744552977605
1058 1098 -0.9442269519559228
1059 1060 -0.11806192621573097
1059 1099 0.521584993036766
1060 1061 0.4794276961330166
1060 1100 0.04691962509386838
1061 1062 0.8426999312985588
1061 1101 0.3976422949576093
1062 1063 0.9433540029689984
1062 1102 -0.4905312825592212
1063 1064 0.48948030931914
1063 1103 0.22174883618781704
1064 1065 -0.6175670882644229
1064 1104 0.6763182922510251
1065 1066 -0.6104830877451486
1065 1105 -0.3438777859957114
1066 1067 -0.8448214917901744
1066 1106 -0.17576102011736916
1067 1068 -0.5498677686285818
1067 1107 -0.9637517355013945
1068 1069 0.9027998988094121
1068 1108 -0.5459684692315516
1069 1070 -0.5487458354835595
1069 1109 0.10874306078645457
1070 1071 0.7827662071161476
1070 1110 0.3511678291524485
1071 1072 0.4571306606617118
1071 1111 0.5720537455722858
1072 1073 0.42245508576317947
1072 1112 0.47903899934699345
1073 1074 0.4392643421056679
1073 1113 -0.016394898930104373
1074 1075 0.9466041974538324
1074 1114 -0.8766456836523158
1075 1076 -0.05834592919727344
1075 1115 -0.2266940116184526
1076 1077 -0.01489560722705674
1076 1116 0.3466540902916402
1077 1078 0.3905460573945978
1077 1117 0.9047572898730631
1078 1079 -0.7040865536833116
1078 1118 -0.02049240818031617
1079 1080 -0.6880238189452845
1079 1119 0.9850733631271953
1080 1120 0.7733665280199413
1081 1082 -0.7206706891519601
1081 1121 -0.1974070030386228
1082 1083 0.23715113045810932
1082 1122 -0.72139283267207
1083 1084 0.6117245599077346
1083 1123 0.40238088886255485
1084 1085 -0.39077058206243986
1084 1124 0.7651038514179671
1085 1086 0.990632383815657
1085 1125 0.787812626189702
1086 1087 0.5675183851917378
1086 1126 -0.39921985838532903
1087 1088 -0.5731396376575328
1087 1127 -0.8911769157469285
1088 1089 -0.5500632167376425
1088 1128 -0.7691429426385108
1089 1090 -0.4461164323790199
1089 1129 -0.25323603392636884
1090 1091 -0.2700742684725186
1090 1130 0.008855641371520395
1091 1092 -0.8763980276275314
1091 1131 -0.18582166875807027
1092 1093 -0.44102516950750936
1092 1132 0.4543010392255431
1093 1094 -0.6872403025348468
1093 1133 0.7882287089806974
1094 1095 0.44836331185684886
1094 1134 -0.2904400856549061
1095 1096 -0.5071452901920648
1095 1135 -0.44041967474958676
1096 1097 -0.4792087139335519
1096 1136 -0.0010404857140779988
1097 1098 -0.47484431672702687
1097 1137 0.6591146953336346
1098 1099 0.14938680896145407
1098 1138 0.7927270301101776
1099 1100 0.303862215079703
1099 1139 0.9258939162268296
1100 1101 -0.21376020688793318
1100 1140 -0.839451076572121
1101 1102 -0.7915474500154873
1101 1141 -0.7066829048355978
1102 1103 0.6589627100719333
1102 1142 0.2791260128621449
1103 1104 -0.6681392514394551
1103 1143 0.49329427659709224
1104 1105 -0.3224214869305966
1104 1144 -0.30054718884758747
1105 1106 0.32768097481238123
1105 1145 0.0037765431090821533
1106 1107 0.15881491506776868
1106 1146 0.4438975343551361
1107 1108 0.3793384596653977
1107 1147 0.8705432402365703
1108 1109 0.5367219816455517
1108 1148 0.6844583134245357
1109 1110 0.5542239786607228
1109 1149 -0.8281587834054576
1110 1111 -0.8255239351402734
1110 1150 0.21804020094476018
1111 1112 0.3766478636486903
1111 1151 -0.12575813969811445
1112 1113 0.61905686665891
1112 1152 0.3956198545445688
1113 1114 -0.6250090739536827
1113 1153 0.21436319346456378
1114 1115 -0.7072082664141317
1114 1154 -0.6854465813400026
1115 1116 -0.5922738886185712
1115 1155 0.0915974953427725
1116 1117 -0.2349442436180491
1116 1156 0.932248072448117
1117 1118 0.9813777794771423
1117 1157 0.3763366182025225
1118 1119 0.22763113440284255
1118 1158 0.489560603113788
1119 1120 -0.1289163244505993
1119 1159 -0.5640804392998957
1120 1160 -0.06820170003143122
1121 1122 -0.5375753701193287
1121 1161 0.1809155270867131
1122 1123 -0.7249418491668398
1122 1162 -0.26826401724927984
1123 1124 0.7201004028601794
1123 1163 0.6032936830701889
1124 1125 -0.24175297340790358
1124 1164 0.014367371448417376
1125 1126 0.394157569794797
1125 1165 0.08257239417378948
1126 1127 -0.7950455828764285
1126 1166 -0.5189080875299483
1127 1128 -0.4327106828186482
1127 1167 0.10056070862876387
1128 1129 -0.3273196892223107
1128 1168 0.9490152776320557
1129 1130 0.8596915252074011
1129 1169 -0.29545645278404664
1130 1131 0.6358782080572158
1130 1170 -0.5844143881591295
1131 1132 0.9365573741695521
1131 1171 -0.26705265228663033
1132 1133 0.11023779053538396
1132 1172 0.36789764056838803
1133 1134 -0.7743189657320444
1133 1173 -0.23745744097525012
1134 1135 0.05517957169334742
1134 1174 0.6353821154760948
1135 1136 -0.7180689231679376
1135 1175 0.3530515496542137
1136 1137 -0.5580385000888706
1136 1176 0.9707088146920468
1137 1138 0.9864204576164741
1137 1177 -0.09248424207885275
1138 1139 0.3590250787324134
1138 1178 0.8192072726253428
1139 1140 -0.17808552752590767
1139 1179 -0.6422065828788694
1140 1141 -0.5715457149229528
1140 1180 0.5341038519809236
1141 1142 0.6217472092363407
1141 1181 0.4198045235562968
1142 1143 -0.8660639504179262
1142 1182 0.5609650904305232
1143 1144 -0.5703488373196712
1143 1183 -0.856046402371315
1144 1145 0.06591740414325709
1144 1184 -0.7792785405421174
1145 1146 -0.9025090600084895
1145 1185 -0.07179050771659634
1146 1147 0.6095609677972382
1146 1186 0.9914096270920747
1147 1148 -0.7796711863097208
1147 1187 -0.27565832849955596
1148 1149 -0.32895814463977535
1148 1188 0.21593499896749102
1149 1150 -0.6501919474378473
1149 1189 -0.4249222756741855
1150 1151 -0.2791035921937126
1150 1190 -0.2014679959055825
1151 1152 -0.7267276598178145
1151 1191 -0.8918289249686051
1152 1153 0.12934639966056638
1152 1192 -0.6782838709189278
1153 1154 -0.059035558803392174
1153 1193 0.7624061616135525
1154 1155 0.7430805270167054
1154 1194 -0.8832250478956072
1155 1156 0.6767644370611916
1155 1195 -0.3995038824102404
1156 1157 -0.8237080592985095
1156 1196 -0.07902005878398821
1157 1158 0.874374233634029
1157 1197 -0.7108246980531732
1158 1159 0.4294330070819601
1158 1198 0.7750308085830155
1159 1160 0.514556765827243
1159 1199 0.0946366022688967
1160 1200 0.6539058962929123
1161 1162 0.7725361158702917
1161 1201 -0.34451681917495325
1162 1163 -0.7690609245227946
1162 1202 0.023665358070617648
1163 1164 -0.5427189432933703
1163 1203 0.01738870047825647
1164 1165 0.5912137443109995
1164 1204 -0.3279578428818066
1165 1166 -0.2561623356945759
1165 1205 -0.41342666868868116
1166 1167 0.5886728248414024
1166 1206 0.9896249975242886
1167 1168 0.05873157235466597
1167 1207 0.24397556318699865
1168 1169 0.3920989377282751
1168 1208 -0.3817453777784787
1169 1170 -0.9265574369136285
1169 1209 0.9890696675187143
1170 1171 -0.22459310547458844
1170 1210 -0.47324737509132797
1171 1172 -0.11665876010216736
1171 1211 0.38996002610975333
1172 1173 0.08996899401646208
1172 1212 -0.9696386056127548
1173 1174 -0.012608319349057817
1173 1213 -0.11791191265946899
1174 1175 0.14060897958002516
1174 1214 0.5447348449386249
1175 1176 0.542659445158705
1175 1215 -0.39620146163532644
1176 1177 -0.8284433094717694
1176 1216 0.7733059995240783
1177 1178 -0.15112567869891325
1177 1217 0.4226588626210961
1178 1179 -0.8351093554317537
1178 1218 -0.0011362496993456705
1179 1180 0.19932734866918933
1179 1219 0.4436364494741356
1180 1181 -0.6049215864706097
1180 1220 0.31147046534893796
1181 1182 -0.15213675826165152
1181 1221 0.06988191993187787
1182 1183 -0.33784036383970295
1182 1222 0.5931402624733029
1183 1184 -0.8149034117759115
1183 1223 0.8900239908432397
1184 1185 -0.5198180649133473
1184 1224 0.7610937185503734
1185 1186 0.6641381994028328
1185 1225 0.3293997550997436
1186 1187 -0.38018120813759326
1186 1226 0.736236033295105
1187 1188 -0.2503959448361084
1187 1227 -0.7544101719063001
1188 1189 -0.9235479260024768
1188 1228 -0.7020458188542735
1189 1190 -0.1642990519676233
1189 1229 0.6505947153551215
1190 1191 -0.5658213520166855
1190 1230 -0.6725060830404315
1191 1192 -0.4752452763210069
1191 1231 -0.7575347551317266
1192 1193 0.7215936008471731
1192 1232 0.6224221947385802
1193 1194 -0.44932675719995974
1193 1233 -0.5436708519826352
1194 1195 0.3028873754339505
1194 1234 0.35470112866497305
1195 1196 -0.6378772032987072
1195 1235 0.0090237284803385
1196 1197 0.6323892097107373
1196 1236 -0.31879532759767204
1197 1198 0.6702640708003775
1197 1237 -0.8129573476586578
1198 1199 0.6621903762168295
1198 1238 -0.7713099053146919
1199 1200 -0.06913910727581074
1199 1239 -0.2161933983590809
1200 1240 -0.040747912808928755
1201 1202 0.6092193040392957
1201 1241 0.594905678935963
1202 1203 -0.4812876770112864
1202 1242 -0.7790442155612778
1203 1204 0.08113961569629558
1203 1243 -0.4125867707284252
1204 1205 -0.9900646303917406
1204 1244 0.1704025411957153
1205 1206 0.5090120798404483
1205 1245 -0.9306685028134829
1206 1207 0.8362479210149814
1206 1246 -0.8238818291262364
1207 1208 -0.7147819754520857
1207 1247 0.9753328398988761
1208 1209 -0.5953460706047458
1208 1248 -0.9749263868836382
1209 1210 -0.00851672972275086
1209 1249 0.1277743481770417
1210 1211 0.0116092690880778
1210 1250 -0.8084038558769393
1211 1212 0.05515093658921599
1211 1251 0.8474669498984793
1212 1213 0.7847069304114489
1212 1252 0.6704976741867095
1213 1214 0.9583636641701139
1213 1253 0.06224390865995311
1214 1215 -0.6112318797656247
1214 1254 -0.6517373973530496
1215 1216 0.5373529943796118
1215 1255 0.3524872324105772
1216 1217 0.06700497674005956
1216 1256 -0.868388730339887
1217 1218 0.35967391648691827
1217 1257 0.3553176993649385
1218 1219 0.29143119688545327
1218 1258 0.5880385746118575
1219 1220 0.9630197693693667
1219 1259 0.8419407510270067
1220 1221 -0.692758978546375
1220 1260 0.26536819618513396
1221 1222 -0.09357598301678394
1221 1261 0.08433867670323503
1222 1223 -0.013204699073840365
1222 1262 -0.2667320483720368
1223 1224 0.9994218864154409
1223 1263 -0.2975149181894432
1224 1225 0.966314087050383
1224 1264 0.763693084119718
1225 1226 0.9338647212628801
1225 1265 0.4207300162224512
1226 1227 -0.34829059894347925
1226 1266 -0.15791971056018972
1227 1228 0.8082989918898242
1227 1267 -0.175964376311196
1228 1229 0.9020149877504806
1228 1268 -0.13670926234402714
1229 1230 0.0697001656252525
1229 1269 0.44279853992462415
1230 1231 -0.5242346447959927
1230 1270 -0.6027948893239368
1231 1232 0.09951125226649427
1231 1271 0.0812505296627477
1232 1233 0.8144605209698099
1232 1272 0.7467275296893885
1233 1234 0.25643111073522173
1233 1273 0.4742725325492769
1234 1235 0.8796013095226041
1234 1274 0.18245030915728688
1235 1236 0.05430762992307536
1235 1275 0.2838564527738121
1236 1237 -0.5753812870714727
1236 1276 -0.0935083771412204
1237 1238 -0.6234637562376528
1237 1277 -0.49506960354378005
1238 1239 -0.8097609741295857
1238 1278 -0.03708801477573087
1239 1240 0.25673503076393356
1239 1279 -0.45543606136092274
1240 1280 0.3908214091990636
1241 1242 0.33138729554838964
1241 1281 -0.5117750065544531
1242 1243 -0.623771893856947
1242 1282 -0.3520816675797964
1243 1244 -0.26156970725137296
1243 1283 -0.4594720254010012
1244 1245 -0.3007054603337469
1244 1284 -0.0922023445250344
1245 1246 0.7614101052788342
1245 1285 -0.2408183083227462
1246 1247 0.3235156826529244
1246 1286 -0.29411110695470155
1247 1248 0.30979504681779524
1247 1287 0.2592349779411196
1248 1249 -0.760921230816529
1248 1288 0.3178823115677347
1249 1250 -0.18625270926708137
1249 1289 0.20262371733766105
1250 1251 -0.3983503817016736
1250 1290 0.5994922316003644
1251 1252 -0.5434268125657999
1251 1291 -0.33665115303784865
1252 1253 -0.4820160429473668
1252 1292 -0.5603269434268892
1253 1254 0.8744432695161679
1253 1293 -0.6520433843847877
1254 1255 -0.035234973195116925
1254 1294 0.7893109999473691
1255 1256 0.5567906350170562
1255 1295 -0.6919914114700776
1256 1257 0.1469437833354692
1256 1296 -0.05520382161959825
1257 1258 0.5172172797176462
1257 1297 0.07691606321001632
1258 1259 -0.5733142409784557
1258 1298 0.442061102855432
1259 1260 0.07361960138622359
1259 1299 0.42595401990868154
1260 1261 -0.1234768942592206
1260 1300 -0.3159863113458923
1261 1262 0.4113095872821795
1261 1301 -0.27360982073327267
1262 1263 -0.5031970347851866
1262 1302 -0.5846337420620937
1263 1264 0.25073069247092694
1263 1303 0.967719927318414
1264 1265 0.9478357446715453
1264 1304 0.4441108540092018
1265 1266 0.508856037026586
1265 1305 -0.18325999228947976
1266 1267 0.8076289685560962
1266 1306 -0.824398856591497
1267 1268 0.7617558585589796
1267 1307 -0.0316532286917508
1268 1269 -0.2747278281085277
1268 1308 -0.42490536036589144
1269 1270 -0.710454854864633
1269 1309 0.756352149112625
1270 1271 0.5064953944772816
1270 1310 0.14091458359552167
1271 1272 -0.26000179783166666
1271 1311 -0.8208168710381789
1272 1273 0.10511168402158577
1272 1312 0.03989459891566982
1273 1274 0.7556546602825145
1273 1313 -0.42444972392905433
1274 1275 0.5479964820221164
1274 1314 -0.2718206266693459
1275 1276 -0.19524990756525007
1275 1315 0.5816803188981792
1276 1277 -0.8285365709469918
1276 1316 -0.7920861645396662
1277 1278 0.6854508257767085
1277 1317 -0.777843055849146
1278 1279 0.7108272553282362
1278 1318 0.37101435523217186
1279 1280 0.1378415668168651
1279 1319 -0.8909347018672023
1280 1320 -0.008134128012652564
1281 1282 0.6387124915091273
1281 1321 -0.06479761910376869
1282 1283 0.33107828655212623
1282 1322 -0.3760816559984317
1283 1284 -0.8133732200919985
1283 1323 0.5062640865534414
1284 1285 -0.4149370015841207
1284 1324 0.31111110709055945
1285 1286 -0.4006649326011553
1285 1325 0.5411149483323783
1286 1287 -0.0491960878448372
1286 1326 -0.014983388485127147
1287 1288 -0.7646900228547271
1287 1327 -0.9288113895345653
1288 1289 0.0981511749866002
1288 1328 0.9038953432366732
1289 1290 0.4064901227244695
1289 1329 0.2601632362771804
1290 1291 -0.14180678372698385
1290 1330 0.3551930941607968
1291 1292 -0.12840040220840754
1291 1331 -0.09124705534286481
1292 1293 -0.7519797652443312
1292 1332 0.5777232643598975
1293 1294 0.19273083749500475
1293 1333 0.680860176305109
1294 1295 0.1755069919101664
1294 1334 -0.8051149340250554
1295 1296 -0.04584524779940202
1295 1335 0.36066263701904644
1296 1297 -0.1775054668410454
1296 1336 -0.7471838633749073
1297 1298 0.17567734646362965
1297 1337 -0.663258486518697
1298 1299 0.47019428677088615
1298 1338 0.5198322969350708
1299 1300 0.44388545325433726
1299 1339 0.9437697640619254
1300 1301 -0.576267682040754
1300 1340 -0.32352562649120387
1301 1302 0.8679685486074611
1301 1341 -0.7068196573391581
1302 1303 -0.11529305740892748
1302 1342 0.4545638574828841
1303 1304 0.574165407854633
1303 1343 -0.2501606826132645
1304 1305 0.6705290925084657
1304 1344 -0.7738293154695437
1305 1306 -0.12728928843567222
1305 1345 0.4359686650132275
1306 1307 -0.08313467206830416
1306 1346 0.9096820538560488
1307 1308 0.5741486706331711
1307 1347 0.7114704414215993
1308 1309 0.03283528794037438
1308 1348 -0.13392901681242564
1309 1310 -0.388521038520355
1309 1349 -0.3341243871209245
1310 1311 0.8014243287639617
1310 1350 -0.19598363416880438
1311 1312 -0.08260570889256558
1311 1351 -0.14152017962002672
1312 1313 0.6386168745189349
1312 1352 -0.5551413162225753
1313 1314 -0.525972897222555
1313 1353 -0.26368788679592425
1314 1315 0.9746747010664236
1314 1354 0.960635940196106
1315 1316 0.8871520530735904
1315 1355 0.2857597914966987
1316 1317 0.32413877095559784
1316 1356 0.7262964799161018
1317 1318 -0.4075556569542935
1317 1357 -0.06663438314511039
1318 1319 -0.10723875864005561
1318 1358 0.4239506436464737
1319 1320 -0.6734154353028392
1319 1359 0.34928948816784744
1320 1360 -0.1037681616540127
1321 1322 0.4782174539681787
1321 1361 -0.07870706335492739
1322 1323 0.04789750922964986
1322 1362 -0.332463165399389
1323 1324 0.4610613958230989
1323 1363 -0.9927491490139311
1324 1325 -0.016648697718712135
1324 1364 0.6335957963173389
1325 1326 -0.07682330547401084
1325 1365 0.8361430530616281
1326 1327 -0.23384470924198397
1326 1366 -0.4267435082066837
1327 1328 0.9698946536064217
1327 1367 -0.6030728911628038
1328 1329 -0.08366558245351374
1328 1368 0.7512436693662414
1329 1330 0.8024547720948267
1329 1369 -0.046303719323733006
1330 1331 0.4184686835875442
1330 1370 0.7460475733107066
1331 1332 0.7770515865658054
1331 1371 0.54595971028997
1332 1333 0.7119739931151712
1332 1372 0.671602968993392
1333 1334 -0.7478671491530664
1333 1373 -0.24434977623342857
1334 1335 -0.3391270725599973
1334 1374 0.9487317008760803
1335 1336 0.6144857221140156
1335 1375 -0.5323781060836996
1336 1337 0.8040779773201789
1336 1376 0.584202037500692
1337 1338 0.23963486627904818
1337 1377 0.2065360918175998
1338 1339 0.054200423860840674
1338 1378 0.2944827025347212
1339 1340 -0.8238202239946826
1339 1379 -0.8061876246492157
1340 1341 -0.9152518483890271
1340 1380 -0.8065868915741123
1341 1342 0.6479511871953734
1341 1381 0.28351143752927555
1342 1343 0.7495476575743252
1342 1382 -0.38062743810619093
1343 1344 -0.21724977724533545
1343 1383 -0.827036766411942
1344 1345 -0.259394988758761
1344 1384 -0.5026145109431719
1345 1346 -0.05683605716292184
1345 1385 0.6076815230556147
1346 1347 0.8322953885954634
1346 1386 -0.6876787859328091
1347 1348 -0.35384753966552895
1347 1387 -0.671511949860568
1348 1349 -0.38154903653789596
1348 1388 -0.7491710305546098
1349 1350 -0.32118857585337235
1349 1389 -0.5383209259723365
1350 1351 0.8811549338562705
1350 1390 0.7016869659593776
1351 1352 -0.9983452854848227
1351 1391 -0.5580187624340489
1352 1353 0.5090290020539086
1352 1392 0.7148371788231669
1353 1354 0.541689754159081
1353 1393 0.6094456412484992
1354 1355 -0.9493091305968038
1354 1394 -0.04680715434139815
1355 1356 -0.06267680552364219
1355 1395 0.9349033507431068
1356 1357 -0.8768776322765865
1356 1396 -0.21349809811474452
1357 1358 0.1696327587924742
1357 1397 0.6330720288667182
1358 1359 -0.11549304333132171
1358 1398 0.17157625326171555
1359 1360 0.3162725174961265
1359 1399 0.20621177318632866
1360 1400 0.10816695551035505
1361 1362 0.7281714991459485
1361 1401 0.40432858400822647
1362 1363 -0.8233302706281755
1362 1402 -0.8234284903757747
1363 1364 -0.5207411519327634
1363 1403 -0.4605653212735008
1364 1365 -0.2729151417158171
1364 1404 -0.5141150439984514
1365 1366 0.05742265593351248
1365 1405 0.7707032415770187
1366 1367 0.26299496377298737
1366 1406 -0.2739373628381101
1367 1368 -0.48521337308607726
1367 1407 -0.44581533511504867
1368 1369 0.18718927881306557
1368 1408 -0.9183661955741786
1369 1370 -0.8010740473262346
1369 1409 -0.4696472699800911
1370 1371 -0.2989510516556646
1370 1410 -0.36459199604973525
1371 1372 0.40607543434892857
1371 1411 -0.5934666840345482
1372 1373 0.22269482744399638
1372 1412 -0.2676293907262397
1373 1374 0.4505859393681424
1373 1413 -0.8040341229676624
1374 1375 -0.4703987455031622
1374 1414 0.7981819092911224
1375 1376 -0.5343166412104263
1375 1415 0.23328594382361034
1376 1377 -0.9015405101595795
1376 1416 -0.6930241798945198
1377 1378 -0.9591179609432599
1377 1417 -0.989210539241915
1378 1379 0.3706617586348977
1378 1418 -0.5475146753701752
1379 1380 0.8664341314182074
1379 1419 -0.9308366811283637
1380 1381 0.9825661031229787
1380 1420 0.5130907797414452
1381 1382 -0.17899715588545573
1381 1421 0.560929597978336
1382 1383 -0.853707291155622
1382 1422 -0.05877385700472426
1383 1384 -0.3096279901540899
1383 1423 -0.02061803318397115
1384 1385 -0.39910095908342136
1384 1424 0.5805386340344982
1385 1386 0.5563914822133429
1385 1425 -0.28083648059477095
1386 1387 0.7349702752290981
1386 1426 0.1492731873578197
1387 1388 -0.4690507214111994
1387 1427 0.9886128333794932
1388 1389 -0.5581251262767453
1388 1428 0.18205135391144234
1389 1390 0.592570193017181
1389 1429 -0.18548957096865437
1390 1391 0.23608989723564777
1390 1430 0.7947505098847105
1391 1392 -0.5835142175300756
1391 1431 -0.8699397608145465
1392 1393 0.3703882345668881
1392 1432 -0.46614610583292393
1393 1394 -0.2329814136174959
1393 1433 -0.2630617874032726
1394 1395 0.008620359430177027
1394 1434 0.4823015067338401
1395 1396 0.8402300121395427
1395 1435 0.8196158151494413
1396 1397 0.053153244152041035
1396 1436 0.8043153414190263
1397 1398 -0.700353343519772
1397 1437 0.42893982921538054
1398 1399 0.42452740832243285
1398 1438 -0.3732312909290423
1399 1400 0.7800522194428512
1399 1439 -0.0574812508160194
1400 1440 0.12098043579067341
1401 1402 -0.6640498531340862
1401 1441 -0.6415070537496628
1402 1403 -0.49541424982951354
1402 1442 -0.5634821097357468
1403 1404 0.5833114889396525
1403 1443 0.014868576080775409
1404 1405 0.06290985728565746
1404 1444 0.5356839989651041
1405 1406 0.03499237518178111
1405 1445 0.9265506859372838
1406 1407 -0.3317849676468376
1406 1446 -0.5931800842309258
1407 1408 -0.49188656748521
1407 1447 0.41612829009222607
1408 1409 -0.8621691159510001
1408 1448 -0.5702891812820223
1409 1410 0.8549961374634181
1409 1449 -0.18380970710488165
1410 1411 -0.6635021531310639
1410 1450 -0.05814235079486019
1411 1412 -0.9654424564346833
1411 1451 -0.2085515514787637
1412 1413 0.9607720798778918
1412 1452 0.35753280891148886
1413 1414 -0.19738833776868225
1413 1453 -0.2539750157785958
1414 1415 0.44776662478744833
1414 1454 -0.9814066049963202
1415 1416 -0.170779306190447
1415 1455 0.9981891881981162
1416 1417 -0.350097176466563
1416 1456 -0.6262135321055724
1417 1418 0.43787789248419373
1417 1457 0.39475521780851475
1418 1419 0.2164994799320541
1418 1458 -0.508634228934318
1419 1420 0.341753031750172
1419 1459 -0.7206014844049657
1420 1421 -0.881139833439915
1420 1460 0.24085962668152816
1421 1422 -0.8586774303174811
1421 1461 -0.9984605798232709
1422 1423 -0.1348909957941542
1422 1462 0.23510840265860633
1423 1424 0.4461471377857955
1423 1463 0.0009379141804188862
1424 1425 -0.4733562126865125
1424 1464 -0.41446444990091935
1425 1426 0.9229574971513179
1425 1465 -0.45678868735286127
1426 1427 -0.965436499578479
1426 1466 0.9693546609316706
1427 1428 -0.1918017083240584
1427 1467 -0.6781154925709412
1428 1429 -0.16162587505920767
1428 1468 0.9640417495144826
1429 1430 0.40023803002753233
1429 1469 0.9785797862910823
1430 1431 0.014484177680861077
1430 1470 -0.5140215073637042
1431 1432 0.2715680595191239
1431 1471 0.5578506208833673
1432 1433 0.16679736861963645
1432 1472 0.690924213443652
1433 1434 0.7383167693127295
1433 1473 0.8123084726294534
1434 1435 -0.5464866133327808
1434 1474 0.18098294296573547
1435 1436 -0.6878591813462882
1435 1475 0.119443169719746
1436 1437 0.25033803298776247
1436 1476 0.2598950014361894
1437 1438 0.14907882233428227
1437 1477 -0.9969383620740615
1438 1439 0.9673554748350048
1438 1478 0.8741230131006423
1439 1440 0.3965108374785844
1439 1479 0.5458234508811199
1440 1480 -0.5966356395246515
1441 1442 0.6998100571001817
1441 1481 -0.2697755063160292
1442 1443 -0.8746216211973616
1442 1482 0.5555541408728206
1443 1444 -0.06862688448656384
1443 1483 -0.474229703328485
1444 1445 0.8708638072597921
1444 1484 -0.4750497401384941
1445 1446 -0.4851703098715128
1445 1485 -0.45531720008241594
1446 1447 0.925626816879721
1446 1486 -0.13926432429448266
1447 1448 0.45280580398992765
1447 1487 0.9496489549539944
1448 1449 0.790687163855095
1448 1488 0.00605507746940015
1449 1450 -0.7435176001631187
1449 1489 0.7919366734655136
1450 1451 -0.13464460374162135
1450 1490 -0.47417830681660944
1451 1452 -0.42440749606668393
1451 1491 -0.4806771595552275
1452 1453 -0.09361581636986127
1452 1492 0.28940265809360777
1453 1454 0.6218005048185187
1453 1493 -0.05574597722733743
1454 1455 -0.8545284507551454
1454 1494 0.5725228408215257
1455 1456 -0.9815727036989799
1455 1495 -0.6702519958668067
1456 1457 0.8502408352543007
1456 1496 0.32405382292565843
1457 1458 0.061298861446952735
1457 1497 -0.4899536415631571
1458 1459 0.09674077252336977
1458 1498 0.4158960564283649
1459 1460 0.6500289381872668
1459 1499 -0.7270366429084467
1460 1461 0.6433443623870903
1460 1500 0.9327940202901179
1461 1462 -0.12856630874908337
1461 1501 0.5079137185654499
1462 1463 0.5400663538897128
1462 1502 0.7229836525368263
1463 1464 -0.29224190747538126
1463 1503 0.8003638155768549
1464 1465 0.06010742156221616
1464 1504 0.2964126365074833
1465 1466 0.07393045840096679
1465 1505 0.26431478829973853
1466 1467 -0.7449141336065765
1466 1506 -0.9199265821099192
1467 1468 0.2964796934844687
1467 1507 -0.2237214163127894
1468 1469 0.8241140224113686
1468 1508 -0.01265124956025776
1469 1470 0.3155507661927752
1469 1509 -0.5137132649247291
1470 1471 -0.33251589862139275
1470 1510 -0.25285934659465537
1471 1472 0.24379510910594426
1471 1511 -0.8673848063549261
1472 1473 0.4471002353002729
1472 1512 -0.918449374919879
1473 1474 0.7654053335493736
1473 1513 -0.9790321653746723
1474 1475 0.2419481677406936
1474 1514 0.4426414504098497
1475 1476 0.42937278585891137
1475 1515 -0.20506633161428756
1476 1477 -0.138271693037481
1476 1516 0.4775645430201525
1477 1478 -0.1918077303468042
1477 1517 0.5664003180065611
1478 1479 0.6666363712714471
1478 1518 -0.6505102074948954
1479 1480 0.8580554078720068
1479 1519 -0.2011105171326959
1480 1520 0.12552368887594967
1481 1482 -0.2379297211782465
1481 1521 -0.9175850194677184
1482 1483 -0.007735737108974794
1482 1522 -0.4514987582336607
1483 1484 0.20630328313746005
1483 1523 0.7521491955336843
1484 1485 -0.8629743126365428
1484 1524 -0.23280915122170542
1485 1486 0.9860730763619254
1485 1525 0.6831805995710443
1486 1487 -0.16709803919525656
1486 1526 -0.13287759123630605
1487 1488 -0.8279083689902618
1487 1527 0.5772992033556026
1488 1489 -0.8162243809806466
1488 1528 -0.5049848562423023
1489 1490 0.16113139365495055
1489 1529 -0.20460138604767186
1490 1491 -0.08874196364936271
1490 1530 -0.4649396606907601
1491 1492 -0.9780299077984238
1491 1531 -0.6950023646874024
1492 1493 0.6548029506975683
1492 1532 0.31757927737621316
1493 1494 0.86653163258985
1493 1533 0.09275242743817658
1494 1495 0.6073189871092404
1494 1534 0.18035764256146702
1495 1496 0.6781111845671484
1495 1535 0.3850635951475174
1496 1497 0.021711599636703882
1496 1536 0.9158630091093061
1497 1498 -0.7726850789435766
1497 1537 0.5497996320391954
1498 1499 0.33151373757276215
1498 1538 -0.5744692895479369
1499 1500 0.16766181948315673
1499 1539 0.0896436526493043
1500 1501 -0.1366027330202535
1500 1540 0.4955230367267982
1501 1502 -0.4408314822908008
1501 1541 -0.7949162188150296
1502 1503 -0.2570055750384701
1502 1542 0.374358211620913
1503 1504 -0.13723459999824938
1503 1543 -0.5127073154527788
1504 1505 0.5392936918942863
1504 1544 -0.5360781567193638
1505 1506 -0.9271425304345593
1505 1545 0.43536227898127033
1506 1507 0.7439438288214535
1506 1546 -0.9955547389733144
1507 1508 0.7721428759440765
1507 1547 0.1504362446254195
1508 1509 0.9272761979283506
1508 1548 -0.774780214676795
1509 1510 -0.21526624813735684
1509 1549 -0.43789134827414666
1510 1511 -0.4908587813606049
1510 1550 0.9357011100508743
1511 1512 -0.8898545121177037
1511 1551 0.14196694105688779
1512 1513 -0.7528469012865167
1512 1552 0.7908178101181855
1513 1514 0.5626646831797422
1513 1553 -0.0063462253561721305
1514 1515 -0.4518180911432548
1514 1554 -0.06592493484056439
1515 1516 -0.9427673757461175
1515 1555 0.4029918104492427
1516 1517 -0.35319062620208364
1516 1556 0.6664285331555437
1517 1518 -0.7039855593749833
1517 1557 0.59272157381087
1518 1519 0.7107000219660953
1518 1558 0.8248621267788434
1519 1520 -0.6670109477471295
1519 1559 0.5899332201220511
1520 1560 0.8045028304010216
1521 1522 0.26832615382948566
1521 1561 0.6083566848902608
1522 1523 0.6196666097349788
1522 1562 -0.32464776029117504
1523 1524 0.9865856527018166
1523 1563 -0.9461880232996207
1524 1525 0.4878254390442107
1524 1564 0.20668137924181185
1525 1526 -0.6810319341621747
1525 1565 0.4745395669920376
1526 1527 0.24139052212325063
1526 1566 -0.6560314970629073
1527 1528 -0.139191981063024
1527 1567 -0.38510018441980964
1528 1529 -0.7011335765791553
1528 1568 0.13445281758346783
1529 1530 -0.8607954837946132
1529 1569 -0.3181842700460542
1530 1531 0.4073190997772438
1530 1570 -0.7686125022148627
1531 1532 0.4369774990582085
1531 1571 0.7842056309201109
1532 1533 0.721979149939721
1532 1572 -0.7191934645262841
1533 1534 -0.6778683809967581
1533 1573 -0.180466414491383
1534 1535 0.6888113064121744
1534 1574 0.014550302704631424
1535 1536 -0.2361696106693425
1535 1575 -0.1833396308240267
1536 1537 0.2747513074608259
1536 1576 -0.935188292468899
1537 1538 -0.23377669771216447
1537 1577 -0.5870612923837859
1538 1539 -0.4536125480584887
1538 1578 -0.6817888411291815
1539 1540 -0.4717010580069292
1539 1579 -0.971950780650275
1540 1541 0.7358047252240034
1540 1580 0.6377448476701137
1541 1542 -0.40689987187448406
1541 1581 -0.637927037773734
1542 1543 0.6894448898967072
1542 1582 0.749264906851038
1543 1544 -0.12629482502947753
1543 1583 0.4939081333535169
1544 1545 0.08804076159841845
1544 1584 -0.5921974608349774
1545 1546 0.5030176559687627
1545 1585 -0.36113039640222766
1546 1547 -0.5853000182630792
1546 1586 -0.7768896834855579
1547 1548 -0.43381151570283993
1547 1587 0.284692424261336
1548 1549 0.5033336962360713
1548 1588 -0.02584986240378706
1549 1550 -0.12986998665177008
1549 1589 0.5207636361464052
1550 1551 0.7450767136102874
1550 1590 -0.7522711366104922
1551 1552 0.06886157696725714
1551 1591 0.5459555841833139
1552 1553 0.06610932950589232
1552 1592 0.8572052678323729
1553 1554 -0.031904087082606614
1553 1593 -0.8899786083766967
1554 1555 -0.5561183074496439
1554 1594 -0.98893480525606
1555 1556 0.29673087551730215
1555 1595 -0.7681261897024789
1556 1557 0.3680962770440368
1556 1596 0.37546097357822106
1557 1558 0.2583821909955606
1557 1597 0.09611557536664361
1558 1559 -0.9943785176499484
1558 1598 -0.9960707105937545
1559 1560 -0.1891630780703526
1559 1599 0.6293154285589777
1560 1600 0.38390043787050687
1561 1562 0.7946257952820088
1562 1563 -0.6087792167421073
1563 1564 0.049298891090931996
1564 1565 0.5320109081966498
1565 1566 -0.16336978621354126
1566 1567 -0.8049724276503061
1567 1568 0.8571006766289273
1568 1569 0.712448104440262
1569 1570 0.14302294133193194
1570 1571 0.920265751109753
1571 1572 0.7565340175733999
1572 1573 -0.5217570993793905
1573 1574 0.5578692454824061
1574 1575 0.8419767048997895
1575 1576 0.08679251971606039
1576 1577 -0.5741148471592361
1577 1578 -0.06479444833976511
1578 1579 -0.42544394498277005
1579 1580 -0.7918955171862205
1580 1581 0.35662526784499726
1581 1582 -0.15837312372915346
1582 1583 -0.9047580821781283
1583 1584 -0.4740596757486413
1584 1585 -0.11931596072476647
1585 1586 -0.8729740281056471
1586 1587 0.7772562418290767
1587 1588 -0.4696186331853671
1588 1589 0.7788008034599221
1589 1590 -0.8926906587347616
1590 1591 -0.9214142743764728
1591 1592 0.37752824504938465
1592 1593 -0.9852858504450757
1593 1594 0.3155725119050745
1594 1595 0.6548399950860826
1595 1596 -0.1483644206229029
1596 1597 0.15429144447291132
1597 1598 -0.22099555403294802
1598 1599 -0.15737082568537408
1599 1600 0.006466133318970613
