1 2 0.6976353945371574
1 41 -0.642208150158003
2 3 -0.7448156900959211
2 42 -0.3926925204256009
3 4 0.59477099157076
3 43 0.9382621141679188
4 5 -0.46103492566546156
4 44 -0.4716275892060897
5 6 0.10257940441340296
5 45 0.699945612902998
6 7 -0.2979385468811562
6 46 -0.3513452912501538
7 8 0.19581811727673637
7 47 -0.6315114315648962
8 9 0.5878909404359873
8 48 -0.9793512517254315
9 10 0.4000180564980793
9 49 -0.24125516078552978
10 11 0.7911998381726895
10 50 -0.5639037926918429
11 12 0.3058900671238729
11 51 -0.159894992593399
12 13 -0.876456355714808
12 52 0.2014211322147459
13 14 0.8995966640947322
13 53 0.9238896969226789
14 15 0.8918447136715011
14 54 -0.4803100835523655
15 16 0.14590124405390958
15 55 -0.5757707130552039
16 17 -0.6891725723556446
16 56 -0.8280382057937505
17 18 -0.3392217281292562
17 57 -0.36920321126940103
18 19 -0.23261394151454584
18 58 0.3563709560057049
19 20 0.4297244731490326
19 59 -0.1676481662986078
20 21 0.023238855480908427
20 60 -0.5026391896265618
21 22 -0.27448756772305694
21 61 -0.31096237630035484
22 23 0.312282348290996
22 62 -0.8984105286709214
23 24 0.9166274725329167
23 63 0.510838045696201
24 25 0.6327589414551629
24 64 0.19511057372620466
25 26 0.9171036133849282
25 65 0.7968144134933326
26 27 0.49623277772215024
26 66 -0.26480751215102805
27 28 0.84094797244668
27 67 0.596516050744192
28 29 0.7679331402424805
28 68 -0.5881423670507675
29 30 -0.41065822996500545
29 69 -0.43087767883895345
30 31 -0.6726290261958257
30 70 0.49375641199230835
31 32 0.5014205912943812
31 71 0.8244186196072858
32 33 0.8836254736892923
32 72 0.16268276423536787
33 34 -0.9967586951556724
33 73 0.818649955684736
34 35 0.30787274729913294
34 74 0.8373351553015487
35 36 -0.7816863980095392
35 75 0.08933962906590098
36 37 -0.06479300597086546
36 76 0.8681205103525198
37 38 0.5494930249879864
37 77 0.5450675294547898
38 39 0.5721886859246845
38 78 0.13603676302481005
39 40 0.08411275265992568
39 79 0.9826447834694247
40 80 0.879650539938841
41 42 -0.8912735713871371
41 81 -0.2769231078235541
42 43 -0.40940685660236276
42 82 0.13821007528515117
43 44 0.9370105014356145
43 83 -0.8419409898157926
44 45 -0.5044744798511329
44 84 0.7202586337609547
45 46 0.061435482871539326
45 85 0.9921334572406082
46 47 0.6953495231592082
46 86 -0.23273209785026983
47 48 -0.8287926497639786
47 87 0.8054399674936705
48 49 -0.2515458413084799
48 88 -0.023562791654880177
49 50 0.6370356955441321
49 89 -0.6936783889312022
50 51 0.7372677033287023
50 90 -0.791423500655484
51 52 -0.021167428363750407
51 91 0.1809490251023138
52 53 -0.025085639320151287
52 92 0.10270901501130725
53 54 0.5975870871399245
53 93 -0.48983303712970505
54 55 -0.8914458800770724
54 94 -0.3666542779678694
55 56 0.9267883229647662
55 95 0.019867901999467863
56 57 -0.7719998713355767
56 96 -0.07967670247862912
57 58 0.3603180381310458
57 97 0.4669339178940859
58 59 -0.43393361952238596
58 98 0.9092024262944827
59 60 0.7830063793782867
59 99 -0.8924453818207205
60 61 -0.22297769269940915
60 100 0.8706718741559003
61 62 -0.9664427985673314
61 101 -0.47637782098478265
62 63 0.0796750725204165
62 102 -0.7893513655136561
63 64 0.16684612896981377
63 103 -0.2062589819723868
64 65 -0.00490680052156911
64 104 -0.4460123801251543
65 66 0.957079228813364
65 105 -0.8271340502395772
66 67 -0.6133362832718707
66 106 -0.9776015568448999
67 68 -0.38943034920600317
67 107 0.28383277999632606
68 69 -0.11410494816271499
68 108 0.3649609504756852
69 70 0.6423593081585157
69 109 0.32269044464734087
70 71 -0.02769864853939996
70 110 -0.08034549066159435
71 72 -0.30642420670335135
71 111 0.12118297148867452
72 73 -0.7084251359644615
72 112 -0.9558851431236468
73 74 0.9780318181102052
73 113 0.5495420412113599
74 75 0.19331747056244453
74 114 -0.33001657070788415
75 76 0.050073850739815295
75 115 0.2691880509742328
76 77 -0.6506793445734902
76 116 0.6061495669102226
77 78 0.4537050520011088
77 117 0.7505008691952451
78 79 -0.8896367462678232
78 118 0.11421742706239368
79 80 0.21371646527104216
79 119 -0.7685166800943581
80 120 0.13600357647645
81 82 -0.44919814278717607
81 121 0.06000044979085062
82 83 0.48683925893199786
82 122 -0.3399696294593315
83 84 -0.6305140439400179
83 123 0.767071469774322
84 85 0.8950992817878625
84 124 -0.6919773306377812
85 86 0.8439836906023945
85 125 0.08969042640149838
86 87 -0.030795998785413614
86 126 -0.9441587312110613
87 88 0.07994000323124029
87 127 0.7399130862705063
88 89 0.03028935260849397
88 128 0.7645216785692128
89 90 0.36335443070655526
89 129 -0.80657270525108
90 91 -0.8992682245230608
90 130 -0.9481119677156515
91 92 0.7349175020663354
91 131 -0.3649211496542444
92 93 0.944666884856902
92 132 0.5501975483335975
93 94 -0.32768099696907926
93 133 -0.4352788566602783
94 95 0.6308711028148184
94 134 0.2847376195148452
95 96 0.1497734656132661
95 135 0.47727880469855166
96 97 -0.7631119952443883
96 136 0.559563639180261
97 98 -0.3750127857904195
97 137 0.42177428618647417
98 99 0.9064077172329013
98 138 -0.3193743976194796
99 100 0.76339926371505
99 139 0.6361925583866506
100 101 -0.3606577818095409
100 140 0.6989318158009223
101 102 -0.6718824600988904
101 141 0.9841233709854309
102 103 0.6436443895548549
102 142 0.666421776110707
103 104 -0.8483394371277773
103 143 0.39006849535102517
104 105 0.21331721776705748
104 144 0.5264405313900122
105 106 -0.8764086601589685
105 145 -0.6944699124924834
106 107 -0.0822837182071876
106 146 0.9459985910091235
107 108 0.8254423083331637
107 147 0.683075605600673
108 109 0.879523979334732
108 148 -0.849276327317624
109 110 -0.9389886187363328
109 149 -0.07546351351877845
110 111 0.783400183097273
110 150 -0.5723086384943172
111 112 0.3346022026825737
111 151 -0.6949456179690787
112 113 0.23787296960571935
112 152 0.8878620535994466
113 114 0.33063754272555435
113 153 0.23447793234811343
114 115 0.46437902773114303
114 154 -0.2600666694722489
115 116 -0.14199602492480934
115 155 -0.07151608272385901
116 117 0.1393210669588203
116 156 0.5286474678461588
117 118 -0.5243177417778431
117 157 -0.07331562448418527
118 119 0.5552316500688685
118 158 -0.6677037521186211
119 120 -0.5524805985446744
119 159 -0.8350055881420928
120 160 -0.47103371416451445
121 122 -0.388162168528168
121 161 -0.39105128169171377
122 123 0.21570461474505676
122 162 0.03135070629660475
123 124 0.48902745669679937
123 163 -0.6659675090929682
124 125 0.8907786573485033
124 164 0.006639167773225818
125 126 0.39204297249149156
125 165 0.6608378238186838
126 127 -0.7500393496528437
126 166 -0.9007200266156827
127 128 -0.10514283034639349
127 167 -0.515953188866207
128 129 -0.00295343611351484
128 168 -0.1548796891930766
129 130 -0.3219402663160291
129 169 -0.15102278314083684
130 131 0.2964560445330615
130 170 0.7643859200536767
131 132 -0.42275207931606507
131 171 0.3411662711030783
132 133 -0.7079160516970333
132 172 0.46234258732488254
133 134 0.3688780431219134
133 173 -0.9446773182831243
134 135 0.20794507905425852
134 174 -0.9317926381020096
135 136 -0.5660908167290315
135 175 0.6285946109011116
136 137 0.9474258811890142
136 176 0.6064492789202149
137 138 0.7737183672306907
137 177 -0.4722496875471862
138 139 -0.21605358319347312
138 178 0.8338030207289986
139 140 -0.44831333548757035
139 179 -0.8657039117523773
140 141 -0.1414572612942615
140 180 -0.04887206082902362
141 142 0.001996945952288165
141 181 0.8301378789172917
142 143 0.9863088822004367
142 182 -0.5481965841660472
143 144 -0.17157209567831422
143 183 -0.8229621710284707
144 145 -0.8564470242686446
144 184 -0.10239884010387135
145 146 0.5203380718186172
145 185 0.6398799990479254
146 147 0.9681974030759666
146 186 0.7624380290935779
147 148 0.3118656771472277
147 187 0.9289933185807122
148 149 0.09985364116312523
148 188 -0.3378268655298169
149 150 0.5088991031094843
149 189 0.7732526708520826
150 151 0.9680138063505355
150 190 0.30383927645346076
151 152 0.829433731480252
151 191 0.7777051990130708
152 153 0.24313638704669405
152 192 0.028873484721700704
153 154 0.27385786855992533
153 193 -0.02321134821037596
154 155 0.9621686287218463
154 194 -0.23360853785907465
155 156 0.24281238496641855
155 195 -0.07771790903463716
156 157 0.008972529902575577
156 196 -0.49790087589876375
157 158 0.8938492432439364
157 197 0.6081389131413926
158 159 0.22694673017532918
158 198 -0.2990757260337238
159 160 0.23151939903126273
159 199 -0.6618028292667419
160 200 0.08678349085952464
161 162 -0.7765174476488106
161 201 -0.500201972239771
162 163 0.8396014492465464
162 202 -0.5972667776293765
163 164 -0.12298138141222248
163 203 0.025314859603023043
164 165 -0.35532081529011994
164 204 0.5199137392152777
165 166 -0.5606973955322094
165 205 -0.12379016482632066
166 167 -0.28138214032935926
166 206 0.5613924868983176
167 168 -0.26716108934505356
167 207 -0.2986234541963664
168 169 -0.10849524519562714
168 208 0.21817947756216305
169 170 -0.8085408281707793
169 209 0.7520371583078109
170 171 -0.4445054416226477
170 210 -0.790430740538997
171 172 -0.2193559490184378
171 211 0.22630400079539892
172 173 -0.9089860415230113
172 212 -0.5899706915906986
173 174 -0.4113978566081151
173 213 0.282978212575969
174 175 -0.5152736959238886
174 214 0.746778737484765
175 176 -0.4428246104142417
175 215 -0.7024988215732038
176 177 0.45287749125481636
176 216 0.876535566450612
177 178 -0.7203523811757622
177 217 0.969144949892556
178 179 0.5874521327400277
178 218 -0.34317710265034873
179 180 -0.7871520969297319
179 219 0.9797347926947506
180 181 0.023588516240459434
180 220 0.8476972142292853
181 182 0.24598853292578315
181 221 0.9851744803484366
182 183 -0.4046511952384486
182 222 0.0481810715448896
183 184 0.5350846001092961
183 223 -0.8677406908275926
184 185 -0.0042377280486516344
184 224 0.5068215004402892
185 186 -0.05415408883997119
185 225 0.7615534891047726
186 187 0.1384056311711619
186 226 0.8878013184842004
187 188 0.91592664453613
187 227 -0.06250206594633623
188 189 -0.5620465701901933
188 228 -0.1250872733565982
189 190 0.57485073029241
189 229 -0.26755047691541933
190 191 0.67020126472406
190 230 0.6845883973887052
191 192 -0.5193892562968365
191 231 -0.6345890070096059
192 193 0.08742976764231103
192 232 0.693868439460519
193 194 0.4375258520123573
193 233 -0.6810076366425701
194 195 0.46392143328557367
194 234 0.1369354670664249
195 196 -0.12704685227281565
195 235 0.1810496289326291
196 197 -0.1199462130562361
196 236 0.3361955815578288
197 198 0.6418375089902959
197 237 -0.30505391275207927
198 199 0.08562898555993281
198 238 -0.5336514673952741
199 200 -0.14308571557913852
199 239 -0.558396149815215
200 240 -0.9125585653613228
201 202 0.8352597956731249
201 241 -0.47170629349325277
202 203 -0.9967104844798591
202 242 -0.8565336065304661
203 204 -0.5652366859654743
203 243 -0.7967131358968331
204 205 0.8509572723208307
204 244 -0.4789651065285383
205 206 0.7685727516596348
205 245 -0.9002414909674608
206 207 -0.7816920474233255
206 246 0.6471909528871005
207 208 0.3601450580632801
207 247 -0.5087592080174803
208 209 0.5037261272562237
208 248 0.004872615166350958
209 210 0.4819951347376321
209 249 -0.7001320286870976
210 211 -0.4349589327014054
210 250 0.9912945574087426
211 212 -0.3430904823922596
211 251 -0.06433398022266079
212 213 -0.037069537548195974
212 252 -0.297966955156552
213 214 0.7387879663052543
213 253 0.8634310224545503
214 215 -0.12123859081480215
214 254 -0.8153286836178995
215 216 0.632684602673633
215 255 -0.3700915632663526
216 217 -0.8591232099270907
216 256 0.5468195618784177
217 218 -0.8496116291788489
217 257 -0.07318151406181994
218 219 0.02075847202426706
218 258 -0.02925350956707118
219 220 0.2713291283418042
219 259 -0.044631354762877606
220 221 -0.9338554248804558
220 260 -0.05247146224142574
221 222 -0.6365350691573539
221 261 -0.45524914866188126
222 223 -0.7956594118263747
222 262 -0.7424934588104235
223 224 -0.29191861069074077
223 263 0.4317373428952862
224 225 -0.31373510506496927
224 264 -0.10416428362135255
225 226 0.6376728645897394
225 265 0.14426044618172296
226 227 -0.2653244971639983
226 266 -0.6364707254465243
227 228 0.7796985606931333
227 267 0.3292413846990869
228 229 -0.7139502030810645
228 268 -0.20249576551566384
229 230 -0.20754528759571977
229 269 0.41052648766310673
230 231 0.018639006014693038
230 270 -0.4700792634637214
231 232 -0.8512836422278518
231 271 -0.5943368921014953
232 233 0.03207980205208605
232 272 -0.2556749358611723
233 234 0.7177898989563676
233 273 -0.5243237208470917
234 235 -0.21751985255551665
234 274 0.3169942798649674
235 236 0.09039108201228574
235 275 -0.8151148710012068
236 237 -0.5206675894606105
236 276 -0.6228198835205798
237 238 -0.0986664336198364
237 277 0.9357035373463936
238 239 0.45076787782266403
238 278 0.49032933590448646
239 240 0.4552033792800203
239 279 -0.4676248847062938
240 280 0.20900324571140239
241 242 0.43554737494711215
241 281 0.7314300683803081
242 243 -0.15901100696815607
242 282 -0.002165256296317697
243 244 -0.5020701577298723
243 283 0.9332246345856321
244 245 -0.8348319285610786
244 284 -0.892943780899774
245 246 0.07373069399112175
245 285 -0.4907375640078584
246 247 -0.6293171509929989
246 286 -0.48182483319002345
247 248 -0.07181722527393841
247 287 0.5476232212900247
248 249 0.06789155654773382
248 288 -0.13578015722850667
249 250 0.1529604554332744
249 289 -0.4680748310410101
250 251 -0.2055587164168422
250 290 -0.3455352063021748
251 252 0.3312310171137487
251 291 0.5088400458096838
252 253 -0.9871357857277159
252 292 -0.6588969831976288
253 254 -0.041967558950795514
253 293 0.8306687193283191
254 255 -0.2027288549755435
254 294 0.2153617046436891
255 256 -0.90511108410284
255 295 0.14954599377309208
256 257 0.13632375692607823
256 296 -0.5755419427319572
257 258 0.8958687570279131
257 297 0.32518427827665386
258 259 0.47199899868699324
258 298 0.4795806965382001
259 260 -0.06144929527261822
259 299 -0.15951167613480388
260 261 0.3373900500848561
260 300 0.7412255260619953
261 262 -0.2943898051823379
261 301 0.5771095714613188
262 263 -0.9595116247867002
262 302 0.2537589813561101
263 264 -0.11302149927582739
263 303 0.9273017048531687
264 265 0.19346913764940554
264 304 0.29989144163151304
265 266 0.5095278654597801
265 305 0.4258269446046321
266 267 -0.7628715089524927
266 306 0.3842291893614953
267 268 0.08518738797381964
267 307 -0.6845212935093183
268 269 -0.029604442279465237
268 308 0.5874572818945532
269 270 0.09251773579581202
269 309 -0.8044014255738627
270 271 -0.4972258478913818
270 310 0.8501696823230536
271 272 -0.8468243819672707
271 311 -0.2673864199979883
272 273 0.44068828205352384
272 312 0.48482534281666667
273 274 -0.6100369104392598
273 313 0.68196708229882
274 275 -0.2307526430697464
274 314 0.888459361206138
275 276 0.13187464977929464
275 315 -0.4120459809085226
276 277 0.5642215011510232
276 316 0.98891548502578
277 278 -0.9684648038422974
277 317 0.7370384625449653
278 279 -0.7823147935582107
278 318 -0.37085834468068635
279 280 -0.1735011252442793
279 319 -0.4975446400956012
280 320 -0.4420231138583297
281 282 0.6141589644907515
281 321 -0.578898834682344
282 283 0.1475033731257449
282 322 0.7607467639601286
283 284 0.6436930110097463
283 323 -0.12976773855295987
284 285 0.6102527263985722
284 324 -0.3765425788490657
285 286 -0.20330849655758243
285 325 -0.5351928213071642
286 287 0.6307915402063482
286 326 -0.9678998183174294
287 288 -0.331607556410106
287 327 0.5984490473522195
288 289 0.14819988051510014
288 328 0.1849440355197216
289 290 -0.08887472449216749
289 329 0.4754783418558668
290 291 -0.002881708290085161
290 330 0.6530168664953173
291 292 0.4015106946854776
291 331 0.9679276901020444
292 293 0.6903488449938597
292 332 -0.4928167798684213
293 294 -0.4518919200804905
293 333 0.859348724269845
294 295 -0.6880629995626657
294 334 -0.38747581438006207
295 296 0.9391955815143234
295 335 0.7001026442552727
296 297 0.30575049585602265
296 336 -0.362697109995495
297 298 0.6874096272609744
297 337 -0.09595611324567588
298 299 -0.4143480077756698
298 338 -0.3175842920270633
299 300 0.5192212244827668
299 339 -0.3916477419311861
300 301 -0.053037155672979175
300 340 0.7610195436217158
301 302 -0.672369457098446
301 341 -0.023403554061114606
302 303 0.8242392211979459
302 342 0.9631440160269475
303 304 0.24587649399976375
303 343 -0.8458115200608987
304 305 0.8113619704727244
304 344 0.07312898958764746
305 306 -0.906076979963915
305 345 -0.2670694449854778
306 307 0.6699326211284535
306 346 -0.34727445577873595
307 308 0.21367875634174305
307 347 0.4054608181342578
308 309 -0.5326786105344263
308 348 -0.4771093335615748
309 310 0.37810414987631
309 349 0.6785526887365143
310 311 0.42911832692407215
310 350 -0.31371385773603366
311 312 0.8885019736349804
311 351 -0.41600971988705493
312 313 0.662151251618192
312 352 -0.9107013369170958
313 314 -0.034447167451369776
313 353 -0.458117394142181
314 315 0.285224653690729
314 354 0.001694575679543897
315 316 -0.44846519921875716
315 355 -0.02055854179385519
316 317 -0.4438690499217015
316 356 0.3178783558293703
317 318 0.3598711317276675
317 357 0.8605588416910974
318 319 0.7440720340957676
318 358 -0.17792935077194572
319 320 0.9903820609799947
319 359 -0.18514780348764215
320 360 0.23086673861136586
321 322 -0.665513937087109
321 361 -0.9065872166358566
322 323 -0.5985600673918445
322 362 -0.1576438814599761
323 324 0.6556246721928827
323 363 -0.9049260206154159
324 325 0.30013184740495147
324 364 -0.6571603553098464
325 326 0.22458843987588062
325 365 0.6588484602157896
326 327 -0.9911369988094845
326 366 0.7345914397122006
327 328 0.6198142181114763
327 367 -0.22149067008404089
328 329 0.2787945623857111
328 368 -0.4938323421713482
329 330 -0.31581026019947966
329 369 0.7779731211139402
330 331 -0.11171700079178404
330 370 -0.5179624915867254
331 332 -0.4993439460199045
331 371 0.46416810333941205
332 333 -0.9090581416466574
332 372 -0.17214736049946255
333 334 -0.9941111412027901
333 373 -0.5127470739290287
334 335 -0.6384682691473311
334 374 -0.012089322344166487
335 336 0.13842202450219343
335 375 -0.431319113299389
336 337 0.6990095460840706
336 376 -0.5302050571556034
337 338 0.3200266349886609
337 377 0.39422751758433083
338 339 -0.7086858527406139
338 378 0.7336843806957323
339 340 0.24549246125999602
339 379 -0.11890033514416354
340 341 -0.056131992419494514
340 380 0.511356739056199
341 342 0.432273256271571
341 381 -0.1769650796203679
342 343 0.376660236242518
342 382 -0.9403952655735128
343 344 -0.6077674672222251
343 383 -0.7990927222433621
344 345 -0.9501162635483771
344 384 0.24033773002380765
345 346 -0.4732734414602662
345 385 0.24090725734479546
346 347 0.5829541009122059
346 386 -0.24912345239864675
347 348 0.7602935012866734
347 387 -0.6565115503850858
348 349 0.6810710181166746
348 388 0.2963023362850177
349 350 0.6461127835104288
349 389 -0.2668741538102375
350 351 -0.09159927921946753
350 390 -0.08251352819992652
351 352 -0.7235119235508376
351 391 -0.12882223139976268
352 353 -0.11871278707050781
352 392 0.10447822108438598
353 354 -0.4659475767979422
353 393 -0.07280895902406392
354 355 -0.4134607015077454
354 394 -0.061518401545982204
355 356 0.058772062066479114
355 395 -0.3213194794456429
356 357 -0.4925975274821177
356 396 -0.9631241038839871
357 358 0.9464009668661595
357 397 0.734344091490267
358 359 0.46829488808140796
358 398 -0.30590377789391066
359 360 -0.41625707254469657
359 399 0.1777555325504856
360 400 0.31633711977365575
361 362 -0.9211553764850038
361 401 -0.5995383804490542
362 363 0.8645546870818193
362 402 -0.273418403938984
363 364 0.5397064876587037
363 403 0.9312031261060298
364 365 0.6002217597249475
364 404 -0.19498331370928002
365 366 0.8493816872994742
365 405 -0.7022776766708183
366 367 -0.31546516156113436
366 406 0.5968926833160229
367 368 0.10504159360749843
367 407 0.1838900221384463
368 369 0.5485767157658921
368 408 -0.08300765264497034
369 370 -0.18769576864827697
369 409 0.7615613429228276
370 371 -0.8196380877013354
370 410 0.7146919041692359
371 372 -0.5654982932687611
371 411 0.20005395039745344
372 373 -0.255444715286248
372 412 0.5468584765349815
373 374 0.7393251155159557
373 413 0.36022410227375956
374 375 -0.3736164050420516
374 414 0.0577524884840348
375 376 0.1681925821360466
375 415 -0.5356510383564799
376 377 0.39834964680954354
376 416 0.39030531494195686
377 378 -0.9804136347306711
377 417 0.6039275311656198
378 379 -0.9848811838459537
378 418 -0.39226226719554336
379 380 0.8735383566196941
379 419 -0.7413295968165754
380 381 0.20138251769146565
380 420 0.15361906034367423
381 382 -0.29130452968269194
381 421 0.9148161450080905
382 383 0.23253490871889082
382 422 0.7166504518974575
383 384 0.3719271341624677
383 423 0.2763689364890596
384 385 -0.05029459372463174
384 424 0.10136549363295888
385 386 -0.18874450401566967
385 425 -0.5138073633029139
386 387 0.16353031593116474
386 426 -0.5592350779878927
387 388 -0.7050183631317848
387 427 0.2648439367007258
388 389 -0.3337335861801267
388 428 -0.012146334421535343
389 390 -0.4018380622175999
389 429 -0.5940763431029654
390 391 -0.07818778700482598
390 430 0.8134353638902456
391 392 -0.0514328962510866
391 431 0.06038577069626716
392 393 -0.08585836333684593
392 432 0.8905126946172095
393 394 -0.016661843023808354
393 433 0.9242275443476231
394 395 0.023852207554190485
394 434 -0.20433107642818804
395 396 -0.26427007247135004
395 435 0.3364361604468298
396 397 0.8804998894660283
396 436 0.4467625600114826
397 398 -0.24872498185857617
397 437 -0.6357389614154467
398 399 -0.773476881412632
398 438 0.8566999378007134
399 400 0.7334417352706537
399 439 -0.7603160482865712
400 440 -0.9290287020800636
401 402 0.997086805454344
401 441 -0.2544260433442236
402 403 -0.9699916873001995
402 442 0.799454817621909
403 404 -0.9382537308075165
403 443 0.18179202469504885
404 405 -0.8791856637328801
404 444 0.2048796309077472
405 406 0.8276963281852248
405 445 0.5447371688437925
406 407 -0.9717648944047714
406 446 0.2572175670470229
407 408 -0.5603800522222313
407 447 -0.8309150809559731
408 409 -0.25429520123719507
408 448 0.6418235156698917
409 410 -0.7500099678196901
409 449 -0.8267692655937462
410 411 0.8962319514140924
410 450 -0.5264521665680644
411 412 0.4921941640448846
411 451 0.07135205293157831
412 413 -0.28668055695754835
412 452 -0.36274907654074484
413 414 -0.2500542848740641
413 453 -0.24741331558037571
414 415 -0.19645011191865547
414 454 0.5905791684203687
415 416 -0.6034573005318511
415 455 0.2551368599283361
416 417 0.8726008359481243
416 456 -0.5522570455284308
417 418 -0.6542744343789504
417 457 0.5207067876209652
418 419 -0.9669656930670354
418 458 -0.0696728083884417
419 420 0.49045882832552423
419 459 0.09005521544389583
420 421 -0.49274762969239205
420 460 -0.6997375815823521
421 422 -0.5325918192016679
421 461 -0.7299078429437162
422 423 0.5768434985886512
422 462 0.6378061902225474
423 424 -0.0020549709398929306
423 463 0.1988255920448032
424 425 -0.10370777777211382
424 464 -0.8982054685016219
425 426 -0.7296510538138021
425 465 0.4211798302716845
426 427 0.09013719877851178
426 466 -0.09656591790487945
427 428 -0.7156993311214663
427 467 0.12856936665728247
428 429 0.3771557786078401
428 468 -0.7184333568418992
429 430 -0.16281191645544846
429 469 0.17341329742625966
430 431 0.2297348843157232
430 470 -0.9937844848768489
431 432 -0.7518399808329568
431 471 0.10795153306397887
432 433 0.8618134259511709
432 472 0.5265313703656958
433 434 -0.8440744618532849
433 473 -0.9484756598066069
434 435 -0.0616314977422745
434 474 -0.960337728644372
435 436 -0.49557058149685496
435 475 -0.5590844623863054
436 437 -0.7768219886859533
436 476 0.5177541517430511
437 438 -0.3124846483698136
437 477 0.43527646275987375
438 439 -0.37295423478942236
438 478 -0.6560218332451593
439 440 0.5742836378970511
439 479 0.26333167339056796
440 480 -0.8446696297793723
441 442 0.5210205478578993
441 481 -0.05305111463367762
442 443 0.23080033383490073
442 482 0.9418841366250685
443 444 0.49667165452897666
443 483 -0.6031389189145497
444 445 -0.6514425865163986
444 484 -0.14087197325974588
445 446 0.5598602107227968
445 485 0.5609935618933848
446 447 0.5293194699774049
446 486 -0.9845670543585725
447 448 -0.03344490601215333
447 487 -0.18770089658888467
448 449 -0.7882530342894709
448 488 -0.06731577827372504
449 450 -0.06188898739507609
449 489 -0.2635719834530881
450 451 0.8000489831832702
450 490 0.5313861773760327
451 452 -0.5791179709111183
451 491 0.5040679682258169
452 453 -0.26633964414684486
452 492 -0.2636419706312221
453 454 -0.2625596175005147
453 493 0.7779258615104545
454 455 -0.33269470668960044
454 494 0.46986759666825373
455 456 -0.1388915102664514
455 495 -0.6609393678575375
456 457 -0.44823594378988774
456 496 -0.3596508907522977
457 458 0.05007996087013744
457 497 -0.05052750442836218
458 459 -0.263398130583957
458 498 -0.6646222282946261
459 460 -0.10051436395451896
459 499 0.6540190349561521
460 461 0.9346122909043868
460 500 -0.13110997574314975
461 462 0.9270440027243692
461 501 0.349776327243819
462 463 0.3200548363132525
462 502 0.7898699060397982
463 464 0.20855046503205465
463 503 0.47410953710144166
464 465 -0.4302248083376434
464 504 -0.5809083933903736
465 466 -0.9923287384744099
465 505 0.5330693451417363
466 467 0.3406763973886431
466 506 -0.4215544996100711
467 468 0.3120475473198192
467 507 -0.20831732346015563
468 469 0.13999027662852392
468 508 0.5507894797138992
469 470 0.4745134076433417
469 509 0.9250160803793614
470 471 0.6454880450201181
470 510 -0.011167085941601762
471 472 -0.2779117428959117
471 511 0.09038503406136589
472 473 0.3638587657085046
472 512 -0.6228816469140763
473 474 0.17200917675646799
473 513 0.30901709102880726
474 475 -0.8805629519541875
474 514 0.7309499649333722
475 476 -0.4613957171633556
475 515 -0.0711816013596478
476 477 0.8249013551031483
476 516 0.2700132956891219
477 478 -0.08850102172694219
477 517 0.6082969948466876
478 479 -0.847861970955637
478 518 -0.1842831963023388
479 480 0.0986867062754
479 519 -0.9053233674428862
480 520 0.5041784554493238
481 482 0.019430611635309347
481 521 0.8900768343808854
482 483 0.24324066815677092
482 522 0.8725249125324808
483 484 -0.0954679563066263
483 523 -0.4944619458036601
484 485 -0.16307200099755392
484 524 0.8565255246542072
485 486 -0.4550936674301025
485 525 -0.3645646772382414
486 487 -0.22883855128956543
486 526 -0.45454269020165183
487 488 0.6605104246386246
487 527 -0.7938346531268188
488 489 -0.5771251921745755
488 528 -0.7270743397117099
489 490 -0.08850256536248602
489 529 0.6692561985517682
490 491 -0.9226546539316944
490 530 -0.9811715718050353
491 492 0.9032668821180398
491 531 -0.6031631011573657
492 493 -0.6984968525000941
492 532 0.5408013968360275
493 494 0.7259135641216361
493 533 0.7684756409692592
494 495 0.8494339491867557
494 534 0.8674246507220444
495 496 -0.9607754026113826
495 535 0.9469164761567888
496 497 -0.9178103724779627
496 536 0.28059249135791675
497 498 0.7303305959314788
497 537 0.08342667779775592
498 499 -0.5826059468447877
498 538 0.3209586511997313
499 500 -0.22102385121164136
499 539 -0.9694895998144748
500 501 -0.0455290997086224
500 540 0.8039010875137818
501 502 0.7064768273920436
501 541 -0.4267994362470806
502 503 -0.2777512064594625
502 542 -0.127273661449
503 504 0.22161269545260653
503 543 0.49472549258643794
504 505 0.5349894654465539
504 544 0.999698430923849
505 506 -0.7556207319382156
505 545 -0.01787110144712356
506 507 -0.9336025647863306
506 546 -0.1980169109237555
507 508 0.3863909687860785
507 547 0.03746641263271133
508 509 -0.677427368403269
508 548 -0.1543771643836569
509 510 -0.9493473899737748
509 549 0.9469802857202052
510 511 0.7537957893571086
510 550 -0.5630560833773812
511 512 0.7967610451211271
511 551 0.7914369138178092
512 513 -0.696739197313758
512 552 0.32333374675623205
513 514 -0.7894259477745251
513 553 -0.8578682163829632
514 515 -0.06586632921915792
514 554 -0.6976691172967762
515 516 -0.1597870917206312
515 555 -0.21587764074950422
516 517 -0.8734347313888036
516 556 -0.1713729100792627
517 518 0.38577575289662325
517 557 0.19066563488798272
518 519 -0.7812388091522957
518 558 0.34418487608191173
519 520 -0.18179624644472536
519 559 -0.7009838906082086
520 560 0.3988717003693134
521 522 -0.7811067033163401
521 561 -0.06981367847032893
522 523 0.1980793427944374
522 562 -0.7214425693616893
523 524 0.6345129217607182
523 563 0.9017216077277204
524 525 0.8567319849482142
524 564 -0.37688295705793995
525 526 -0.08351054066101948
525 565 -0.8339911007653309
526 527 0.4806741632184557
526 566 0.8663487730237096
527 528 0.6883649191559364
527 567 0.7043589524793521
528 529 -0.9756424398552472
528 568 -0.0675371721458844
529 530 0.2728046247377638
529 569 -0.7970208096879643
530 531 0.9406207588495554
530 570 -0.7099224119473797
531 532 -0.16059845080257729
531 571 0.5024083017161318
532 533 0.4223123002360232
532 572 0.8637670217467919
533 534 0.36519758278785486
533 573 -0.3532212604173419
534 535 0.14239085494557346
534 574 -0.9004086809804634
535 536 -0.49852311437328445
535 575 0.4150581035424168
536 537 0.757749573479799
536 576 0.5982059582025447
537 538 0.32239403067187467
537 577 0.19402071402625043
538 539 -0.9080573729341765
538 578 -0.4610022641718172
539 540 0.727761261847875
539 579 0.012792330198440949
540 541 0.8116025786216652
540 580 -0.4371440894518228
541 542 0.8177213616603889
541 581 -0.09644840194244209
542 543 0.8169449317117496
542 582 -0.17420572588120375
543 544 0.7798275145031184
543 583 0.6160428543697456
544 545 0.5938983611248254
544 584 0.8858768379151212
545 546 0.8261431043212906
545 585 -0.1083769411503217
546 547 -0.09948122042791319
546 586 -0.8013825114180573
547 548 0.053715200406077246
547 587 0.10720051693051258
548 549 -0.5924050434806045
548 588 -0.7748768650443771
549 550 -0.554130538831914
549 589 -0.35905663006794875
550 551 0.3034856499400205
550 590 0.1131524205113641
551 552 -0.7448071324644712
551 591 -0.013052556341539123
552 553 0.09728726789361142
552 592 -0.38967655485125374
553 554 0.7250189767421316
553 593 -0.17616639754340113
554 555 0.2732164371322636
554 594 -0.8511594560331324
555 556 0.19214875249893715
555 595 0.4283202788744622
556 557 0.6765903418359964
556 596 0.8945228374812044
557 558 0.020362503374521168
557 597 0.6378118950647129
558 559 0.1576126405417957
558 598 0.3292429359116513
559 560 0.2203002150855189
559 599 -0.5609254246865534
560 600 -0.4368271347146191
561 562 -0.7168894801983972
561 601 0.07669752431385124
562 563 0.3567494464779377
562 602 0.0926780946662058
563 564 -0.47550480050913224
563 603 -0.7335125005100029
564 565 -0.4987144897219109
564 604 0.7412803131357137
565 566 0.025816524589517886
565 605 0.2978119884043895
566 567 0.8735122909968995
566 606 -0.9922258626827889
567 568 -0.6708724182861039
567 607 -0.8857054766982233
568 569 0.028323218540834194
568 608 -0.8355485652777241
569 570 0.21307917843790958
569 609 -0.18572350631342305
570 571 -0.2285219280728632
570 610 -0.5865848776221754
571 572 0.727651088349657
571 611 -0.07797418340362561
572 573 -0.11754992949397214
572 612 -0.42761480013403586
573 574 0.29596080851389384
573 613 -0.7581885114354838
574 575 0.7034318357630667
574 614 0.7418675222794882
575 576 0.885234325296304
575 615 0.6040670959580994
576 577 0.4398037236115071
576 616 -0.03297442810482942
577 578 0.9084725569402516
577 617 0.9543069312053256
578 579 -0.537500314445398
578 618 -0.9499954857058652
579 580 -0.407927421209199
579 619 0.7651600322817012
580 581 -0.2643925225192294
580 620 -0.47353560997643607
581 582 0.5366126991829179
581 621 -0.48543168813312954
582 583 -0.4032857607547329
582 622 0.8682423284025447
583 584 -0.6278009898309966
583 623 0.29034680505228927
584 585 -0.789640776486737
584 624 -0.6080250365404936
585 586 -0.3968211872528291
585 625 -0.40892521857554787
586 587 0.9320392958635617
586 626 0.9740349784202049
587 588 -0.1647132569720291
587 627 -0.24977584277399734
588 589 -0.4156260730755488
588 628 0.9396429682949452
589 590 0.31636061414754946
589 629 -0.6445237552107275
590 591 0.166245424078155
590 630 -0.5724065704286674
591 592 -0.5253538255917718
591 631 0.8613372808783144
592 593 -0.20354726332447126
592 632 -0.1563343968937747
593 594 -0.005992070443588737
593 633 -0.23613309759346923
594 595 0.9990719408909079
594 634 0.3052406549904476
595 596 0.3371535626845499
595 635 0.0714816179995541
596 597 0.9761171752069198
596 636 0.1129156173754331
597 598 0.011554425444852523
597 637 0.7582064011274419
598 599 0.50266054656137
598 638 -0.6874952895578377
599 600 0.6749588742578809
599 639 0.31799340469694215
600 640 -0.22143610533035019
601 602 -0.40200268699950903
601 641 0.07549043883767204
602 603 -0.9819112329326749
602 642 0.5495404798401282
603 604 -0.6642557303188015
603 643 -0.1792026386584633
604 605 0.3719377087286173
604 644 -0.3582046591109971
605 606 -0.6750742140865711
605 645 -0.8846446156464645
606 607 -0.8672428827542211
606 646 -0.9576360975956757
607 608 0.12235057435829644
607 647 -0.04587967782650515
608 609 -0.17216898793127866
608 648 -0.9176808359230009
609 610 0.3270209215763096
609 649 -0.6473328719935625
610 611 0.06319747866444092
610 650 0.028968099006954295
611 612 0.25796912301531916
611 651 -0.6375315821365273
612 613 -0.9631253167700908
612 652 -0.43895808072159337
613 614 0.3888934424675059
613 653 -0.8068019257617614
614 615 -0.8843115272159277
614 654 0.28570574872292775
615 616 0.9480999059382342
615 655 0.9934325729966458
616 617 -0.061360683734539956
616 656 -0.1721669106924033
617 618 0.10556265008008991
617 657 0.8722005538563304
618 619 -0.05767387284563252
618 658 -0.8557771726184464
619 620 0.06749076178758306
619 659 -0.4831042364807421
620 621 0.5510602054668132
620 660 -0.8022733209180519
621 622 -0.17744006778147625
621 661 -0.22252767038473564
622 623 0.5779712809970201
622 662 -0.8205026638222492
623 624 -0.6283439648695281
623 663 0.3183065721640752
624 625 0.7937842425245552
624 664 0.5009809334408046
625 626 -0.5516672412984074
625 665 0.10850314569484265
626 627 0.2595870537968723
626 666 -0.38313923757349655
627 628 -0.046099560906111225
627 667 0.9580865159422598
628 629 -0.18937500213393377
628 668 0.5169674822552115
629 630 -0.0743974824699567
629 669 0.0775592179874367
630 631 -0.8152105636080744
630 670 -0.5254922857387692
631 632 0.1569213997862804
631 671 0.1912831340548813
632 633 0.3502307292765281
632 672 -0.40200528804292235
633 634 -0.06799991516907822
633 673 0.90228629244762
634 635 0.10408854373330034
634 674 -0.25493986666303425
635 636 0.6857111026370752
635 675 0.9879873850040339
636 637 -0.9734808489168614
636 676 0.7099220446273893
637 638 0.10285821283831265
637 677 0.735173112185115
638 639 0.5946952972169663
638 678 -0.7626465594983276
639 640 0.6680792022739677
639 679 0.444148719936158
640 680 -0.9298144647824402
641 642 0.3312550756497088
641 681 -0.27134239886370803
642 643 -0.7571509902464215
642 682 0.03478828514569754
643 644 -0.031575753270117524
643 683 -0.7078175026941005
644 645 0.33880589242420256
644 684 0.8800112552352184
645 646 0.7575829877902465
645 685 0.05824859209491362
646 647 0.6189566997807232
646 686 0.2714587765849612
647 648 -0.017207590815624618
647 687 -0.3714459067127043
648 649 0.44272510671507836
648 688 -0.2837641698273894
649 650 -0.7514249124127002
649 689 0.5757634622214631
650 651 -0.6751398780842675
650 690 0.003649556714374169
651 652 -0.7333502718578506
651 691 0.1212262107640627
652 653 -0.40866069048025233
652 692 -0.5287607247919466
653 654 -0.1993859281426098
653 693 -0.21978210954034894
654 655 -0.253614854371103
654 694 0.6622493098471001
655 656 -0.47500197503410746
655 695 -0.5916917214171644
656 657 -0.4784243198378899
656 696 0.47241574902561867
657 658 -0.5881535565444977
657 697 -0.09638834470252844
658 659 0.7516678047433285
658 698 -0.9908153711223755
659 660 -0.04778035101254319
659 699 0.25840254102098603
660 661 0.03801386995384726
660 700 0.7696779670460185
661 662 -0.6336022579184599
661 701 0.24837109233689225
662 663 0.661786916163337
662 702 -0.37018752586685055
663 664 -0.935162255165469
663 703 -0.21973964871257978
664 665 -0.5121020932356528
664 704 -0.5798119800988104
665 666 -0.09629947191008914
665 705 0.058803202229539275
666 667 -0.2524609966021891
666 706 -0.029375919863626088
667 668 -0.06674888758626518
667 707 -0.7876749061637383
668 669 -0.9501790364329308
668 708 0.7745289890555933
669 670 0.7188230622435492
669 709 0.045726463191154254
670 671 -0.5815462579627375
670 710 0.4652135467339795
671 672 0.2686867600516527
671 711 -0.35131853239790356
672 673 -0.7933003995452839
672 712 -0.6241618740292452
673 674 -0.06713273112559603
673 713 0.7720037570972922
674 675 0.46497187693268693
674 714 0.01359894066488021
675 676 -0.43470699074841623
675 715 -0.3740793235126185
676 677 0.11822825118203384
676 716 -0.6554120482761578
677 678 0.23085542186780406
677 717 -0.00451023020328889
678 679 0.3024062699867689
678 718 0.6949813992543996
679 680 0.4664679874175104
679 719 -0.12413590525004481
680 720 0.15919837329926279
681 682 0.24603723866912075
681 721 0.28544977049042264
682 683 0.3315046876831742
682 722 0.5258256830076014
683 684 0.43510700190865315
683 723 -0.26029171533876294
684 685 0.6267282909311762
684 724 -0.8856035938997149
685 686 -0.4371148122590227
685 725 0.5600895686995258
686 687 -0.8548781441385671
686 726 0.3242636142967288
687 688 -0.28502060349572456
687 727 -0.6858107847724282
688 689 0.34403715279543357
688 728 0.35929862297130843
689 690 0.029667947019801577
689 729 -0.6504006100491293
690 691 -0.5268243854490424
690 730 -0.5189749309969625
691 692 0.9467555129510516
691 731 0.24857491979175994
692 693 0.24602590851373618
692 732 0.20314726886604473
693 694 -0.4062361089608131
693 733 0.31005429684111174
694 695 -0.625632985323024
694 734 -0.6496666611376924
695 696 0.5927455621265252
695 735 0.26589938071998076
696 697 -0.45544465912669674
696 736 0.35584414945640486
697 698 -0.9376914035095241
697 737 0.5558689747598895
698 699 -0.19786639575163467
698 738 -0.8815555671269262
699 700 -0.6531373466420798
699 739 0.08454993946659739
700 701 0.916427923293625
700 740 -0.12451916938200713
701 702 -0.16148801167067495
701 741 -0.4260785529567397
702 703 -0.6278864268252935
702 742 0.136603149568979
703 704 0.9709233418505512
703 743 0.8906471774162792
704 705 -0.2258502373729918
704 744 -0.11547116140788005
705 706 0.5507893300329418
705 745 -0.34149531645960773
706 707 0.5858291380374594
706 746 0.7235710763196703
707 708 -0.6067351729293624
707 747 -0.4725647936599122
708 709 0.7738969198268717
708 748 -0.7580932778826872
709 710 0.6214819264913951
709 749 -0.36765379360902606
710 711 -0.7971909069343766
710 750 0.6593674642542939
711 712 0.186181996362476
711 751 0.7697849012895399
712 713 -0.17019377710379668
712 752 0.9373784689340954
713 714 -0.31831629778243653
713 753 -0.31974344128681387
714 715 -0.4874914202756404
714 754 0.08486706657353893
715 716 -0.3409251638855939
715 755 0.18421621276836064
716 717 -0.5385278957607056
716 756 -0.11066510012068975
717 718 0.0688665672589901
717 757 -0.8488949649076736
718 719 -0.660814453782562
718 758 -0.5462793521635672
719 720 0.24077159268127568
719 759 -0.6336310004831782
720 760 -0.03845763385738499
721 722 -0.16003635980525321
721 761 -0.19351513197967551
722 723 0.8817577613526411
722 762 -0.752024871161777
723 724 -0.6829063256695618
723 763 0.20609635320321273
724 725 0.9571659478154282
724 764 0.8014382400937972
725 726 0.04577562587096695
725 765 -0.03774753203529668
726 727 0.030832870530057788
726 766 -0.36999003640577444
727 728 0.7616684395117579
727 767 -0.8369594317811626
728 729 0.12185064333002305
728 768 -0.7131792538213753
729 730 -0.7718081991632033
729 769 -0.6317733516006532
730 731 0.749289866754876
730 770 -0.20793707376192572
731 732 0.47405406362211155
731 771 0.7943134574604511
732 733 -0.21987694388545687
732 772 0.08070587343861657
733 734 0.21808952636882806
733 773 0.1643634185773264
734 735 0.3704063467067056
734 774 -0.1761122052281976
735 736 0.26594625825744567
735 775 0.22638404823271907
736 737 0.3348364005940476
736 776 0.13043956519327216
737 738 -0.08406132817476952
737 777 -0.8992322932574124
738 739 -0.331222236103347
738 778 0.7126126699473554
739 740 0.08043061153823294
739 779 -0.3271105680139952
740 741 0.5591522333783954
740 780 -0.3292887742752222
741 742 -0.8456349745782541
741 781 0.42908172938463585
742 743 -0.660844648665462
742 782 -0.91749374659101
743 744 0.8879421689290721
743 783 -0.6337457899689505
744 745 -0.3486172402857779
744 784 -0.2576306630398473
745 746 -0.4917256009846167
745 785 0.1422956692286208
746 747 0.3500416355082532
746 786 -0.827875074028426
747 748 -0.2909156288151973
747 787 0.24811631716109694
748 749 0.7817478324555558
748 788 -0.5961339819065801
749 750 0.6602287657092294
749 789 -0.8376831471116661
750 751 0.8566438037336135
750 790 -0.7212061545884594
751 752 0.016395139845171824
751 791 0.9558876358869066
752 753 0.41571276406079605
752 792 -0.7568389774629143
753 754 0.1690219693214663
753 793 0.2173861542919826
754 755 0.15599266706200376
754 794 0.23499788943172706
755 756 -0.0734433093500182
755 795 0.8616245430171607
756 757 -0.6964432890895513
756 796 0.5360701480157528
757 758 -0.21740989549047396
757 797 0.8769580444947775
758 759 0.5794032897069346
758 798 0.6557758199748835
759 760 -0.5745316750508331
759 799 -0.6713525950701831
760 800 0.8415300828376586
761 762 -0.2191593478069187
761 801 -0.18762095505501697
762 763 -0.5800085239150901
762 802 -0.2692645958567288
763 764 -0.37571692638742915
763 803 0.84435751712102
764 765 -0.21455120667572136
764 804 0.7828670830094098
765 766 -0.7198451095372176
765 805 -0.5222993236652864
766 767 0.4356200808161024
766 806 0.723103843837051
767 768 -0.8535952295763338
767 807 -0.08541749327349302
768 769 0.017001578578620613
768 808 -0.965014399615918
769 770 -0.0008626200044117294
769 809 -0.39821973602681227
770 771 -0.7476702039358181
770 810 0.8470012283406794
771 772 -0.9124530707776932
771 811 -0.5480098473501165
772 773 0.4536152336695298
772 812 0.5171638954781177
773 774 0.905179046222145
773 813 0.8843310628178629
774 775 0.9447304016824607
774 814 0.05884612473359341
775 776 -0.28984958717470466
775 815 -0.3905425832194942
776 777 0.38284341517734477
776 816 0.9503775143137272
777 778 0.29269240212629044
777 817 -0.46456073395880026
778 779 0.4408142462906892
778 818 0.15972549022317062
779 780 -0.759446699888433
779 819 0.677825807151498
780 781 -0.963977773290918
780 820 -0.38021928114665005
781 782 0.47708373681266525
781 821 -0.447815098417661
782 783 0.753650807460444
782 822 0.7600500956380645
783 784 -0.27120422913275366
783 823 -0.05887393992193557
784 785 -0.0579697906934451
784 824 0.9588205069951325
785 786 -0.6420680070830056
785 825 0.6752404818889446
786 787 0.732606276333553
786 826 0.9013379584390717
787 788 0.43849359008567657
787 827 -0.8765810482377225
788 789 -0.7677262945098655
788 828 0.9411386795413752
789 790 -0.9774841428076184
789 829 0.68941335966039
790 791 -0.9145250632494983
790 830 -0.49812714815279824
791 792 -0.1416732762072208
791 831 0.035037722504474456
792 793 0.5785113761209497
792 832 0.43650758002061174
793 794 0.3073447739879773
793 833 -0.23639784411207643
794 795 0.9740369685355694
794 834 -0.3247484308943278
795 796 0.21938153744761024
795 835 0.009547770176944637
796 797 0.12244697529489801
796 836 0.9689361386153652
797 798 0.9051781436948538
797 837 -0.40298862544872627
798 799 0.37665664192453074
798 838 0.11256492315252431
799 800 -0.4866203385976744
799 839 0.022421590797485846
800 840 0.7727369761759093
801 802 -0.8406677892202044
801 841 -0.8863375971758325
802 803 -0.19742300052810968
802 842 0.1800109228113973
803 804 0.5383959754998215
803 843 0.08164938607331207
804 805 -0.052245303885401606
804 844 0.5193992886085466
805 806 -0.350834513384237
805 845 0.39877817146949646
806 807 -0.9969388485860624
806 846 -0.85531149181131
807 808 -0.9603877028187082
807 847 -0.9322935928676688
808 809 0.6912673559020521
808 848 0.40659184988975805
809 810 -0.3499328217127686
809 849 -0.9282343904014967
810 811 -0.11864863292418804
810 850 0.10569861124165869
811 812 0.2931842081187592
811 851 0.5697563474295586
812 813 0.9402423185228181
812 852 -0.4305194953291669
813 814 -0.8617459449778302
813 853 0.7745647859623834
814 815 -0.39588039009422227
814 854 -0.41499489233977194
815 816 0.5799670132183901
815 855 0.32162294748267883
816 817 0.6599075548659423
816 856 -0.15997858436746548
817 818 0.7000528745505104
817 857 0.6517997031331315
818 819 -0.5749284516658226
818 858 0.8171192903494051
819 820 0.29953202793122746
819 859 -0.3408422236495734
820 821 -0.853818235801793
820 860 0.5625389357494681
821 822 -0.2346997343624313
821 861 0.4814614178881016
822 823 0.9337815522866457
822 862 0.036030141266332416
823 824 -0.22364301645906393
823 863 0.18107212114492932
824 825 0.7414440962079152
824 864 0.3355985223879081
825 826 0.9968052290413698
825 865 -0.8291586817067642
826 827 -0.32406700288497814
826 866 -0.041947922587132425
827 828 0.9520254831959045
827 867 -0.2338019634015447
828 829 0.6968113823859234
828 868 0.8224383037092582
829 830 0.9519852994984921
829 869 0.5300848467136001
830 831 0.6252776760838925
830 870 0.035078877128480235
831 832 0.49998552816291264
831 871 -0.6440798431051888
832 833 0.6842883985913413
832 872 0.8311042993633131
833 834 -0.5890794110806916
833 873 -0.6558209132962303
834 835 -0.3975789769435578
834 874 -0.25168860625011846
835 836 0.3531060663051411
835 875 -0.8545316559383889
836 837 -0.7979989036980917
836 876 -0.6064457922274824
837 838 -0.2800065907574172
837 877 -0.4261420361027066
838 839 0.22196861165707604
838 878 0.9808338691651546
839 840 -0.6235314004469954
839 879 -0.23078582043505524
840 880 0.15966798516765568
841 842 -0.8433381827338222
841 881 0.3913556212782552
842 843 0.9878294024557581
842 882 0.22301774709598376
843 844 -0.46347148921411074
843 883 0.46606144266974603
844 845 0.6558698286736264
844 884 -0.7298234940981252
845 846 -0.5301094231483428
845 885 -0.12987533580840593
846 847 -0.674339511942045
846 886 0.4716154843277245
847 848 -0.45802964923611533
847 887 0.018276382882457254
848 849 0.45722171957060587
848 888 -0.33072887073513413
849 850 -0.8777714263460457
849 889 -0.08033466029996683
850 851 0.8822805566465566
850 890 -0.39659054093196433
851 852 0.0036492962135472595
851 891 -0.98694248860061
852 853 -0.22851070627709413
852 892 0.5339304995360978
853 854 0.9115944580627051
853 893 0.6066780277191743
854 855 0.9903351465514201
854 894 0.7286492810286616
855 856 -0.6471980601527572
855 895 0.9718520813365625
856 857 0.08549484920814776
856 896 -0.62545111467403
857 858 -0.14710501878429771
857 897 -0.8275374577433294
858 859 0.9370839701095424
858 898 -0.877689201783199
859 860 -0.7547719197309815
859 899 0.2203444195763966
860 861 0.5871752933335062
860 900 -0.9729708347361166
861 862 -0.7294733209013509
861 901 0.9891818990991954
862 863 0.3123017640227068
862 902 0.12860295727094706
863 864 -0.7691938696805565
863 903 -0.38663141140992163
864 865 0.8761176645375233
864 904 0.6488054444699267
865 866 -0.2427323246287858
865 905 -0.9232434676882617
866 867 0.4305695013886526
866 906 0.5974539743098048
867 868 -0.27150355674684334
867 907 0.487107713230726
868 869 0.8046039243749015
868 908 -0.8019647441930466
869 870 0.7025779789745821
869 909 -0.13084134003775127
870 871 0.8088916794890322
870 910 0.4066686425204895
871 872 -0.711015786871873
871 911 0.9282286355224392
872 873 0.8537079821662801
872 912 -0.42976455074911324
873 874 -0.4312879382326391
873 913 0.20910376180981638
874 875 -0.15535445104873302
874 914 0.2473271529838248
875 876 -0.033101816025282726
875 915 -0.5916797841748997
876 877 0.293273926229644
876 916 0.8297423928836618
877 878 0.567964529187795
877 917 -0.8205440880804438
878 879 0.3524639776820906
878 918 -0.8052535546910027
879 880 -0.6588072405876626
879 919 -0.7534410397236229
880 920 0.6354774102261322
881 882 -0.9416820781897142
881 921 -0.0010151605418320386
882 883 0.36604270179842113
882 922 -0.8075774129617372
883 884 -0.9853369829027883
883 923 0.7921810894970192
884 885 -0.3358770671028857
884 924 -0.9144863177716913
885 886 0.9083491557908971
885 925 0.9249709220583782
886 887 -0.3869849776688752
886 926 0.1127343605794735
887 888 0.1644289135244077
887 927 -0.7089795320574623
888 889 0.3179522865492215
888 928 0.34677540744925217
889 890 0.12210895936483146
889 929 -0.5967358567499914
890 891 -0.6842333453295104
890 930 -0.6792603971229436
891 892 -0.7498809113304807
891 931 -0.9648089361521492
892 893 -0.1901099642987305
892 932 -0.2420455910071777
893 894 0.1819394058709014
893 933 -0.891790020109055
894 895 -0.6202071680259715
894 934 -0.3128490419520087
895 896 -0.5467435782568084
895 935 -0.8908551600671091
896 897 0.98507798453804
896 936 -0.8881978718477643
897 898 0.05807212589874777
897 937 0.942067560023486
898 899 0.04707701358565952
898 938 0.007756759699479865
899 900 -0.5389321641380194
899 939 0.8772504647936137
900 901 0.16301938918742098
900 940 -0.898385101304545
901 902 -0.8041619922868515
901 941 -0.5216587675543596
902 903 -0.8223597291903206
902 942 -0.672741981936962
903 904 0.5178823469980294
903 943 0.5844013619148918
904 905 0.2393605521594575
904 944 -0.48234881039240807
905 906 -0.26763432097264905
905 945 0.4480794673266497
906 907 -0.8069639457727316
906 946 0.123521365468372
907 908 0.7012536947992754
907 947 -0.31696090075053873
908 909 0.5236029881249606
908 948 -0.6613424086326494
909 910 0.5980020986173304
909 949 -0.7699783129458657
910 911 -0.7263025266694245
910 950 -0.8599073721319124
911 912 0.6056501615006753
911 951 -0.021932731963242302
912 913 0.32293582936361775
912 952 0.3721227246051473
913 914 0.3726577468469552
913 953 0.9313555513228591
914 915 0.24846093496386423
914 954 0.4469491353581574
915 916 0.8103418622836132
915 955 -0.06448468591176115
916 917 0.18760682128705852
916 956 -0.7217718317654647
917 918 0.2432867250142965
917 957 -0.20703436964730493
918 919 0.7927226233978475
918 958 -0.986115357251873
919 920 -0.7145292916311938
919 959 0.5638259226704001
920 960 -0.38297228217522195
921 922 -0.7347313645110776
921 961 -0.9384887329084297
922 923 -0.13195665688048774
922 962 -0.7416826094011819
923 924 -0.5815857444768628
923 963 0.6826469930816021
924 925 -0.8611027657621793
924 964 0.23397967454666424
925 926 -0.45040861835020074
925 965 0.5309721673477192
926 927 0.8487001052882401
926 966 -0.5420645137611062
927 928 0.12556204980935548
927 967 -0.5771774012277688
928 929 0.25118670937789744
928 968 -0.8445000104665841
929 930 -0.3544109078750519
929 969 -0.4322245712656727
930 931 -0.5254411797216247
930 970 0.9539437619675719
931 932 -0.5387883199182553
931 971 0.4140343737305705
932 933 0.8164796833187931
932 972 -0.6866403137873027
933 934 -0.9277489257307352
933 973 0.5215169937788806
934 935 0.7042648115761883
934 974 0.5953449048477351
935 936 0.8111066091180412
935 975 0.8846801176821983
936 937 0.5047299726444381
936 976 -0.2335043234381462
937 938 -0.29022885777763596
937 977 0.5126980283638252
938 939 -0.3890847299909539
938 978 -0.959338205457787
939 940 0.6792755954131022
939 979 0.6059057936444741
940 941 -0.18958515582334745
940 980 0.5217571829458607
941 942 -0.409975968718741
941 981 0.3367095200508734
942 943 0.335108295848092
942 982 0.02621854738987439
943 944 -0.4867108698408711
943 983 -0.588037264113235
944 945 0.4297637365263851
944 984 -0.16181629370743922
945 946 -0.8337623477494462
945 985 -0.9480794351486681
946 947 -0.7840365392608317
946 986 -0.5676067728810554
947 948 0.7102789685923099
947 987 -0.8112002706087245
948 949 -0.10007995492857202
948 988 -0.6360515655313046
949 950 0.06562253468444257
949 989 0.19346028967135998
950 951 -0.8185863708396595
950 990 -0.8410189705691256
951 952 0.17697573609548933
951 991 -0.45066325523209283
952 953 0.04981737241304218
952 992 0.5203978990687028
953 954 0.9972668627044587
953 993 -0.44524026114143234
954 955 0.28269434959337914
954 994 0.42716490336600854
955 956 0.7369671871220258
955 995 0.2980262428385463
956 957 -0.4773840878290023
956 996 0.485937322904201
957 958 -0.0800625208949719
957 997 -0.4415392093654045
958 959 -0.7729692272904913
958 998 0.833489397888137
959 960 -0.847329004659856
959 999 -0.8621177802296525
960 1000 -0.9612869635673107
961 962 0.27897885662775845
961 1001 -0.10800370496077494
962 963 -0.5691932618073634
962 1002 0.7001318930792078
963 964 -0.024226751750075604
963 1003 0.7692081118412877
964 965 0.1845841981507519
964 1004 0.9238563042454639
965 966 0.8648249296874742
965 1005 0.05211913068912688
966 967 -0.18020034282383612
966 1006 -0.14732284778527416
967 968 0.9033963504670153
967 1007 -0.6528009322458153
968 969 -0.8655073966746443
968 1008 0.0007547756500716485
969 970 0.7018721019699321
969 1009 -0.9880690659048612
970 971 0.5519056746769802
970 1010 -0.10431457732937255
971 972 -0.4525378973513505
971 1011 0.7433230384461522
972 973 0.3884003570009007
972 1012 0.2930752229265352
973 974 -0.4882128004844102
973 1013 0.698792046991759
974 975 -0.43080681846900015
974 1014 0.25232437083197023
975 976 -0.676415886780231
975 1015 0.16744810630161489
976 977 -0.8015454248050486
976 1016 0.6221226099295547
977 978 0.5610022717355765
977 1017 -0.5003202178724449
978 979 0.11547915363588657
978 1018 -0.28796107214664324
979 980 -0.48162759306754266
979 1019 0.31002737556634274
980 981 0.04488927615638616
980 1020 0.5697950640034326
981 982 -0.5981522912931716
981 1021 -0.9049204526684103
982 983 -0.22264059561055194
982 1022 0.015216191982779792
983 984 -0.2602801023368968
983 1023 -0.4202156704993574
984 985 0.021779548000941285
984 1024 -0.9217555947247089
985 986 -0.04868845581672265
985 1025 0.09200623369533245
986 987 -0.009650245440738559
986 1026 0.9581308469992946
987 988 0.0530366371218256
987 1027 -0.6034204489211443
988 989 0.11860625506875677
988 1028 -0.33717051839540924
989 990 -0.07220805111492812
989 1029 -0.5185170981051235
990 991 -0.8716218317057562
990 1030 0.6483762243379867
991 992 0.37863725793567604
991 1031 -0.5539667117744573
992 993 0.9436810602481844
992 1032 0.9314948650752448
993 994 -0.9499926887455361
993 1033 -0.7443042630383523
994 995 -0.9929337464765882
994 1034 -0.021758811696881875
995 996 0.2598272388584302
995 1035 -0.835388135031121
996 997 0.9858671393642502
996 1036 -0.5492339525255165
997 998 0.05369921222700347
997 1037 0.9167917796006182
998 999 0.388383175118
998 1038 0.9988800229693926
999 1000 0.706612476209487
999 1039 0.5343060973395573
1000 1040 -0.8941661360315944
1001 1002 0.9492132714390935
1001 1041 -0.3404681352568173
1002 1003 -0.26002150726785755
1002 1042 -0.5435750412909091
1003 1004 -0.023869825458461946
1003 1043 -0.010978896504743263
1004 1005 -0.4986060842716973
1004 1044 0.870205748234429
1005 1006 0.26900645957049996
1005 1045 -0.028623015009223707
1006 1007 0.4925269554640923
1006 1046 0.5960674455240542
1007 1008 -0.5107262851875725
1007 1047 -0.27212450057718995
1008 1009 -0.9181263105663926
1008 1048 -0.6822412446308073
1009 1010 0.4986166047098848
1009 1049 -0.008752685467299237
1010 1011 -0.7040002417228244
1010 1050 0.4902710411152178
1011 1012 -0.37116896002224964
1011 1051 -0.9488536461916559
1012 1013 -0.3906393861020483
1012 1052 0.5471873073080225
1013 1014 -0.506619950339509
1013 1053 0.49206383688370803
1014 1015 0.6458212615748236
1014 1054 -0.8514643369397958
1015 1016 -0.2569425543580146
1015 1055 -0.1599922629073549
1016 1017 0.985175156629678
1016 1056 0.7542299289464858
1017 1018 0.42245750537694593
1017 1057 0.45937268429281364
1018 1019 -0.17037217374901692
1018 1058 -0.5567385532568248
1019 1020 -0.6452675716337206
1019 1059 0.6449409905100261
1020 1021 0.04137807281285055
1020 1060 -0.9350421885937277
1021 1022 -0.8021210454429213
1021 1061 0.23766353113011718
1022 1023 -0.39686139279243093
1022 1062 -0.5654097436443883
1023 1024 -0.7220247080215403
1023 1063 0.3408114723778706
1024 1025 -0.8245817241359077
1024 1064 0.9195143827571373
1025 1026 0.5382551983155361
1025 1065 -0.040679599703262515
1026 1027 -0.546363394321483
1026 1066 -0.44790505433649597
1027 1028 0.9239410688713492
1027 1067 -0.3485405930161414
1028 1029 0.4551967060173163
1028 1068 -0.7550331910307975
1029 1030 -0.6763844980124931
1029 1069 -0.33183822359487447
1030 1031 -0.8497852548542257
1030 1070 0.4672434242307586
1031 1032 -0.5430268735239334
1031 1071 0.5699116936540602
1032 1033 -0.3563379934357003
1032 1072 0.2974959041219476
1033 1034 -0.9252095223158676
1033 1073 0.6355138219117054
1034 1035 -0.2420389921155146
1034 1074 -0.6128536086373362
1035 1036 0.9391142063881226
1035 1075 0.6480345425899625
1036 1037 0.6417438485156994
1036 1076 0.7571390879706208
1037 1038 0.606436747883859
1037 1077 -0.3828323118833714
1038 1039 -0.6690419839687038
1038 1078 -0.00301526458429624
1039 1040 0.22659961477522184
1039 1079 0.7123119123663846
1040 1080 0.9345498884318442
1041 1042 -0.6091503535736258
1041 1081 0.3680924246268189
1042 1043 0.7198653026085349
1042 1082 -0.06849844213215395
1043 1044 -0.5811596964112018
1043 1083 -0.4756237278372826
1044 1045 -0.049679433793181405
1044 1084 0.3647049880662585
1045 1046 -0.48543536654363595
1045 1085 -0.053420073419713665
1046 1047 0.4108386522277332
1046 1086 0.1544609644722732
1047 1048 0.938004500834767
1047 1087 -0.8604773722720331
1048 1049 -0.06979282599286418
1048 1088 -0.826886128375161
1049 1050 0.634871102581541
1049 1089 0.32402687875526626
1050 1051 0.14918241801930532
1050 1090 0.3006124813894615
1051 1052 -0.5114008109993846
1051 1091 0.008297828151376585
1052 1053 0.7112498991785716
1052 1092 0.37316485018066614
1053 1054 0.4070917008260726
1053 1093 -0.19940604900524872
1054 1055 0.08335411320082375
1054 1094 0.32332970264284544
1055 1056 -0.03842097054571614
1055 1095 0.8562760630682196
1056 1057 0.7637712674863433
1056 1096 0.7988313258519548
1057 1058 0.7417863100821784
1057 1097 0.9312176566419255
1058 1059 0.49748985796000444
1058 1098 0.9324959462950808
1059 1060 -0.9703705269192968
1059 1099 -0.8644147818104766
1060 1061 0.7672175656558491
1060 1100 -0.4797324544419681
1061 1062 -0.8782483523766715
1061 1101 0.4395944955147848
1062 1063 0.07545355681833232
1062 1102 -0.14561278269288214
1063 1064 -0.5937932018491723
1063 1103 0.6811006627731913
1064 1065 -0.5561780192936217
1064 1104 0.006085789544824749
1065 1066 0.8188512202418052
1065 1105 -0.06937724691306402
1066 1067 -0.22396297985594416
1066 1106 -0.7342939118150329
1067 1068 0.6533468368531901
1067 1107 -0.8921825358472861
1068 1069 0.78506888920048
1068 1108 -0.44717233559187375
1069 1070 -0.0320865127605503
1069 1109 -0.35458546767801513
1070 1071 -0.8265195906776646
1070 1110 -0.4534258339344035
1071 1072 0.4186062146315668
1071 1111 -0.0852579972235985
1072 1073 0.8852114386301055
1072 1112 -0.9402797838278816
1073 1074 -0.6649354254084188
1073 1113 -0.4100617931985209
1074 1075 0.13066843462065103
1074 1114 -0.7873434715698744
1075 1076 -0.8334573791828621
1075 1115 0.8316143744468307
1076 1077 -0.970538088733716
1076 1116 0.6432609457292102
1077 1078 -0.9038746248798069
1077 1117 -0.5068984055857684
1078 1079 -0.8480340955148031
1078 1118 -0.8491872300338046
1079 1080 -0.0988940123660067
1079 1119 -0.5859149190250064
1080 1120 -0.5575288629599768
1081 1082 -0.29780228546563814
1081 1121 0.5420722266785365
1082 1083 0.35623394217240123
1082 1122 -0.24424804584328785
1083 1084 0.2469025279892536
1083 1123 -0.08963855183491587
1084 1085 -0.9152312932101414
1084 1124 0.923435921942851
1085 1086 0.5457737861072711
1085 1125 0.5054069780015169
1086 1087 0.9747174290358493
1086 1126 0.3066317843481008
1087 1088 -0.8391717955836302
1087 1127 -0.06696080652927838
1088 1089 -0.362938987495693
1088 1128 -0.2707354411228031
1089 1090 -0.6195959536802516
1089 1129 -0.7254350370775478
1090 1091 -0.3088372167709603
1090 1130 -0.34651096567253403
1091 1092 -0.39700456487861224
1091 1131 0.29108230384295175
1092 1093 0.5760732417120376
1092 1132 -0.4596570216313647
1093 1094 -0.3198964029124387
1093 1133 0.6236164914209299
1094 1095 0.7317556354092207
1094 1134 0.44818481870419924
1095 1096 0.8363900990230608
1095 1135 0.8469431092187036
1096 1097 0.4690152063183808
1096 1136 0.8642603631563328
1097 1098 0.9155191892400689
1097 1137 0.18619032368073807
1098 1099 0.32087538975286867
1098 1138 0.9940051483709809
1099 1100 0.5332237812321512
1099 1139 0.17687288576318672
1100 1101 0.9522418234271859
1100 1140 -0.24900133913081923
1101 1102 -0.33535662491777485
1101 1141 -0.28572431111120067
1102 1103 0.6959328926832333
1102 1142 0.5477321921944813
1103 1104 -0.03506507997661301
1103 1143 -0.31745189984086286
1104 1105 -0.6844392746436669
1104 1144 0.9495322004860107
1105 1106 -0.7111981979687148
1105 1145 -0.9432723970934151
1106 1107 -0.8362353851339155
1106 1146 -0.09895085949145965
1107 1108 -0.04498164208712607
1107 1147 0.3803259015327738
1108 1109 -0.5654348759352357
1108 1148 0.6916241169360218
1109 1110 0.7139377498755768
1109 1149 -0.09960884144661875
1110 1111 -0.5653918765724613
1110 1150 0.11166800306796798
1111 1112 0.11155238357578989
1111 1151 -0.22824912563007516
1112 1113 -0.4719288694914128
1112 1152 0.2070806487921215
1113 1114 0.3254453711886902
1113 1153 0.13723518330339668
1114 1115 0.22250925732626015
1114 1154 0.39445715299862494
1115 1116 0.17167762808146314
1115 1155 -0.285214549294845
1116 1117 -0.9961760938255821
1116 1156 -0.01080354217933599
1117 1118 0.9232892496685927
1117 1157 0.48216430666359944
1118 1119 0.9925398893719308
1118 1158 0.32136941169028455
1119 1120 -0.27618637616831077
1119 1159 0.6336775654916811
1120 1160 0.08559822269657258
1121 1122 0.5835990027389495
1121 1161 -0.1122508217491418
1122 1123 0.4328671105733446
1122 1162 -0.2699604252010881
1123 1124 0.8176968177288686
1123 1163 0.10998469181432302
1124 1125 -0.5617594459906985
1124 1164 -0.4746453286251815
1125 1126 -0.4866986903595074
1125 1165 0.5116680617194549
1126 1127 -0.6906974217109718
1126 1166 -0.775321518783681
1127 1128 0.011837606632387532
1127 1167 0.4900574991495299
1128 1129 -0.29407112796063384
1128 1168 -0.9323192299502028
1129 1130 0.4820752810777047
1129 1169 0.7966728039482691
1130 1131 0.926671702359106
1130 1170 0.19347704200314175
1131 1132 -0.9519967946685026
1131 1171 0.2653950095201505
1132 1133 -0.27482856242050246
1132 1172 -0.9319050995734293
1133 1134 0.3122832388058887
1133 1173 -0.8190691330057025
1134 1135 0.14270419950851831
1134 1174 0.9685400973076916
1135 1136 0.8195910058206115
1135 1175 -0.7856996062715209
1136 1137 0.12153177056179554
1136 1176 -0.3027865241152292
1137 1138 0.9920948201410285
1137 1177 -0.4448927094907118
1138 1139 0.7329567616248962
1138 1178 -0.8976979981984532
1139 1140 0.04138578763906908
1139 1179 -0.48512917994681315
1140 1141 0.03325361968759344
1140 1180 0.9713491274080601
1141 1142 0.4141789367483184
1141 1181 -0.829421950002095
1142 1143 0.4714525490082959
1142 1182 -0.08120228772638538
1143 1144 0.08175223067111181
1143 1183 0.7373575424265824
1144 1145 0.5286951183551909
1144 1184 0.23982006954871027
1145 1146 -0.4248676612222724
1145 1185 -0.3297467598203958
1146 1147 -0.6032207623230055
1146 1186 0.9566523384038417
1147 1148 -0.11382791008086879
1147 1187 0.013925144178411397
1148 1149 0.6501182150565912
1148 1188 -0.13785493105498037
1149 1150 0.030318822770989406
1149 1189 0.3927800930670129
1150 1151 -0.7868768212296462
1150 1190 -0.06403109664853734
1151 1152 0.28948580597208284
1151 1191 0.5152534847539241
1152 1153 -0.6496641424965428
1152 1192 0.5632278916174154
1153 1154 0.4133844677155232
1153 1193 -0.45349339326214566
1154 1155 -0.7326135866404362
1154 1194 -0.8870998372865195
1155 1156 0.050585339263211404
1155 1195 0.5341815053467509
1156 1157 -0.3853011905572532
1156 1196 -0.5872810108184707
1157 1158 0.4755431270302435
1157 1197 -0.2849640230961923
1158 1159 -0.6481439599041547
1158 1198 0.485093035275739
1159 1160 0.15955148597455904
1159 1199 0.11534080306974404
1160 1200 0.5665767445348799
1161 1162 -0.4623433974835194
1161 1201 -0.9521911558909668
1162 1163 0.10304374458800192
1162 1202 0.1725374005887652
1163 1164 0.4061977521931921
1163 1203 -0.5896100910174036
1164 1165 0.5439400760483859
1164 1204 0.7481120469974754
1165 1166 -0.2727305870488175
1165 1205 -0.8550407339461579
1166 1167 0.13480820379820857
1166 1206 -0.6529622647299862
1167 1168 -0.21384753409952184
1167 1207 0.35298869278955913
1168 1169 -0.6545720905611301
1168 1208 -0.8612942946735997
1169 1170 0.8224577604088006
1169 1209 0.4652735943109594
1170 1171 0.3325863846474928
1170 1210 -0.3156557977745369
1171 1172 -0.3156048311138411
1171 1211 -0.9563454638100934
1172 1173 0.47475327128428235
1172 1212 -0.44594778591710615
1173 1174 0.47579167869648753
1173 1213 0.627037673555146
1174 1175 0.756392192814604
1174 1214 -0.1172482370296708
1175 1176 0.3011282709361107
1175 1215 0.9276671570603809
1176 1177 0.4296979232179423
1176 1216 0.42280480318171065
1177 1178 0.3302006270884177
1177 1217 0.43634516917471866
1178 1179 0.6269324738923092
1178 1218 -0.39087026394477653
1179 1180 -0.2946033798323009
1179 1219 -0.5486772494649561
1180 1181 -0.9159384638389649
1180 1220 -0.5239917399211176
1181 1182 0.22800115158671552
1181 1221 0.693873038875273
1182 1183 -0.1544138618686599
1182 1222 0.6339766747494582
1183 1184 0.5119323935168256
1183 1223 -0.49350240686598745
1184 1185 0.146318447379723
1184 1224 0.4710075658762074
1185 1186 0.9369428850724673
1185 1225 -0.4193929462475985
1186 1187 0.13581298936792474
1186 1226 -0.7740195771965246
1187 1188 0.546952084233558
1187 1227 -0.9237705118767168
1188 1189 -0.4755062264666763
1188 1228 -0.6813744678050841
1189 1190 0.06509243806925835
1189 1229 0.9446203635747057
1190 1191 0.5635053354130739
1190 1230 -0.3252376978086231
1191 1192 0.21234187234944724
1191 1231 -0.695053569991753
1192 1193 -0.2218894925404653
1192 1232 0.16657436611947363
1193 1194 -0.5843214539121198
1193 1233 0.16103093199218765
1194 1195 0.4413310411024771
1194 1234 -0.6715731676874972
1195 1196 0.04393162541612372
1195 1235 0.9808491359276894
1196 1197 0.7796306540005202
1196 1236 -0.8176186444287743
1197 1198 0.1070751727931547
1197 1237 -0.8945762117692098
1198 1199 0.1728736462915177
1198 1238 -0.26525443681142513
1199 1200 -0.47403082882125047
1199 1239 0.8990794394547403
1200 1240 0.543996545740119
1201 1202 -0.2573348684643504
1201 1241 -0.8045382406882735
1202 1203 -0.7692233025940047
1202 1242 -0.6809284989956474
1203 1204 -0.47104739152537545
1203 1243 -0.16605331870422813
1204 1205 0.9840662362662764
1204 1244 0.4166058843460303
1205 1206 0.6160406431117811
1205 1245 0.8729896751449806
1206 1207 -0.7315411274826136
1206 1246 -0.417963004407345
1207 1208 0.7576597403460146
1207 1247 0.7618813740789483
1208 1209 0.38525172352291537
1208 1248 0.20621221837314807
1209 1210 -0.10689754092528236
1209 1249 -0.9659239080726942
1210 1211 0.6808179849113443
1210 1250 0.3398846411433849
1211 1212 0.8260041561070479
1211 1251 0.8933226989455523
1212 1213 0.3134653588916285
1212 1252 -0.6934815331033088
1213 1214 -0.38487408390547295
1213 1253 0.7049611326430323
1214 1215 -0.05878077187508968
1214 1254 -0.026312839239840624
1215 1216 0.2548900334291808
1215 1255 -0.9326332475131613
1216 1217 0.6260105119514814
1216 1256 0.5738508371446462
1217 1218 0.023815382057666534
1217 1257 -0.6441498243624575
1218 1219 0.6791793064612845
1218 1258 0.2879506483300136
1219 1220 -0.41182337209343034
1219 1259 0.9460540156453185
1220 1221 0.15863809194190392
1220 1260 -0.43925763175270993
1221 1222 0.473405637834883
1221 1261 -0.02267236161812347
1222 1223 -0.34483554266388894
1222 1262 0.05245369734912275
1223 1224 0.10982359571534106
1223 1263 0.3144234512880526
1224 1225 -0.933267293082513
1224 1264 -0.9523971854720978
1225 1226 -0.7674849862115798
1225 1265 -0.37761760307812087
1226 1227 -0.15085472293676028
1226 1266 -0.8652037932342806
1227 1228 -0.9717967940354622
1227 1267 -0.5895586042826655
1228 1229 -0.8077447027450493
1228 1268 0.6381630589403156
1229 1230 -0.916464253765342
1229 1269 -0.6081373146578002
1230 1231 -0.2685090574601139
1230 1270 0.26280220072984184
1231 1232 0.6539931399716965
1231 1271 -0.7415283532157195
1232 1233 -0.1253593895947902
1232 1272 -0.536084034301481
1233 1234 0.7581931834109961
1233 1273 -0.723277161099378
1234 1235 0.8300314685232237
1234 1274 0.28248750748335105
1235 1236 0.12892520066158686
1235 1275 -0.5118161820330782
1236 1237 -0.9569052177706276
1236 1276 -0.9401371403616094
1237 1238 -0.7210027187612431
1237 1277 0.4483642110878767
1238 1239 -0.8534514496709336
1238 1278 -0.3334867760714302
1239 1240 -0.695707765522291
1239 1279 0.6704650766127411
1240 1280 0.2108503913435169
1241 1242 0.45504509715582464
1241 1281 -0.08111114932856855
1242 1243 0.49087645524502643
1242 1282 -0.05531661174482139
1243 1244 -0.9477522542978205
1243 1283 0.4180558441275124
1244 1245 -0.17245253211632017
1244 1284 -0.9971107736574809
1245 1246 -0.8140831035471909
1245 1285 0.9823141066515366
1246 1247 -0.38265930218699107
1246 1286 0.7342600654583558
1247 1248 -0.038091960137371705
1247 1287 0.7512349830541327
1248 1249 0.11899174149212843
1248 1288 -0.6353262029911579
1249 1250 -0.18010024019553805
1249 1289 0.983808485775417
1250 1251 -0.2376723717249305
1250 1290 -0.1964018799502003
1251 1252 0.050591254696825017
1251 1291 0.7141034486663524
1252 1253 -0.459588076417631
1252 1292 -0.3534025577260116
1253 1254 -0.5028428527413464
1253 1293 0.8641506089855076
1254 1255 -0.2504919299047481
1254 1294 -0.3456940009332543
1255 1256 0.18215977932172
1255 1295 0.17894610398826316
1256 1257 0.39681012493081447
1256 1296 0.03211984562130432
1257 1258 -0.3803837321013661
1257 1297 0.6829552992625525
1258 1259 0.4875253804444104
1258 1298 0.058352800648633574
1259 1260 -0.11005413402511999
1259 1299 0.578618343131468
1260 1261 0.018362932107567564
1260 1300 -0.060599065608915925
1261 1262 0.500262828154824
1261 1301 0.13913810029783802
1262 1263 0.5611461788592422
1262 1302 0.17501260662234364
1263 1264 0.7161337549823823
1263 1303 -0.16776050848259927
1264 1265 0.8574234653177455
1264 1304 0.4266303221071597
1265 1266 -0.4776263588618912
1265 1305 0.19229717149424608
1266 1267 0.7852386343378377
1266 1306 -0.4899470622670421
1267 1268 -0.853787258979275
1267 1307 0.8715187038222096
1268 1269 -0.9852875235002945
1268 1308 0.38084131523984865
1269 1270 0.7596149340883238
1269 1309 -0.6578110097493939
1270 1271 0.9014716002638528
1270 1310 -0.9833606692825967
1271 1272 -0.6054885225825144
1271 1311 0.4271797408188709
1272 1273 -0.3645210840148527
1272 1312 -0.9553587376748631
1273 1274 -0.4008039783377182
1273 1313 0.4996830920866828
1274 1275 -0.7977774378648577
1274 1314 0.4516196202834757
1275 1276 -0.6686923947337062
1275 1315 0.916167528692023
1276 1277 0.42100033024275607
1276 1316 0.8618195273785798
1277 1278 -0.49500841765871884
1277 1317 -0.7562745353688416
1278 1279 0.4402709279048287
1278 1318 -0.7950070368601505
1279 1280 -0.02938974073880196
1279 1319 0.27522869005286155
1280 1320 0.6163751476055461
1281 1282 0.04099294961948208
1281 1321 0.36913808580702834
1282 1283 0.2604058563942193
1282 1322 0.6240273805715368
1283 1284 -0.16044346092217143
1283 1323 -0.959914702471137
1284 1285 0.8660635509055656
1284 1324 0.7192540546162975
1285 1286 -0.2568951172086591
1285 1325 0.7962701357193036
1286 1287 -0.8432585308467948
1286 1326 0.9691266099636855
1287 1288 -0.5307839352329642
1287 1327 0.6245818192130912
1288 1289 -0.6018445962619656
1288 1328 0.3488449998291392
1289 1290 0.5125412081328624
1289 1329 -0.002917176669222643
1290 1291 -0.21040292829579177
1290 1330 0.9420196023885206
1291 1292 -0.10228475279349625
1291 1331 0.7602846455100263
1292 1293 0.6921494518724594
1292 1332 -0.39495956186490466
1293 1294 0.7236684901848067
1293 1333 0.916023326244785
1294 1295 0.6696277041597587
1294 1334 -0.4191434156015672
1295 1296 0.4130081751954302
1295 1335 0.9326259384423483
1296 1297 0.9133582752331111
1296 1336 0.013686636716172984
1297 1298 0.418139799954917
1297 1337 -0.8867275296125456
1298 1299 -0.3390936491309702
1298 1338 0.2802939789245633
1299 1300 0.7076359687415108
1299 1339 -0.500412363409326
1300 1301 0.42542201309220573
1300 1340 0.5994732492508541
1301 1302 0.8989730972551593
1301 1341 0.5041166349282618
1302 1303 0.7058200267003856
1302 1342 0.6812048436307767
1303 1304 -0.7456702463659779
1303 1343 -0.23993274802421394
1304 1305 -0.5936260954442678
1304 1344 -0.041322418745342704
1305 1306 0.7914606464955711
1305 1345 0.7464136902376795
1306 1307 -0.552265891640521
1306 1346 0.29529552094523503
1307 1308 -0.3374712427847739
1307 1347 -0.5998989658554466
1308 1309 0.033973030659983694
1308 1348 0.2430294987571655
1309 1310 0.9526284159639986
1309 1349 -0.07390540308833371
1310 1311 -0.617183109496998
1310 1350 -0.7313598806647386
1311 1312 -0.4975891358768816
1311 1351 0.685412737675672
1312 1313 -0.8812566464499916
1312 1352 -0.236545643864565
1313 1314 0.45046199277567855
1313 1353 -0.3926676729590899
1314 1315 -0.4923584229694944
1314 1354 -0.9500931639702699
1315 1316 -0.9117770714779709
1315 1355 0.6700336948175549
1316 1317 0.5539266974030967
1316 1356 0.8589237937241867
1317 1318 0.7969306162344603
1317 1357 0.6069310162059676
1318 1319 0.5629101818273095
1318 1358 0.582369061481743
1319 1320 0.05268676512099901
1319 1359 0.4633476208129299
1320 1360 0.4904518678749592
1321 1322 -0.1494194094152983
1321 1361 0.20694611462250978
1322 1323 -0.8679977549058775
1322 1362 -0.4001621606015353
1323 1324 0.35580243544788415
1323 1363 -0.2701224814489185
1324 1325 -0.8576194113585542
1324 1364 -0.525966349080297
1325 1326 0.3083634182178596
1325 1365 0.5378765638749823
1326 1327 0.3587251929827522
1326 1366 -0.5403277766603338
1327 1328 0.21691115015975249
1327 1367 0.11873222634634306
1328 1329 0.10291119733616005
1328 1368 -0.9490037400151952
1329 1330 0.4851272389744896
1329 1369 0.9256556063862076
1330 1331 -0.45979264227322836
1330 1370 0.5159458372943637
1331 1332 -0.983670928570824
1331 1371 0.607418636552145
1332 1333 0.1110095379869187
1332 1372 -0.9896999804785218
1333 1334 0.18991825158058995
1333 1373 0.3025766441556854
1334 1335 -0.6773268229639986
1334 1374 -0.3266720221476591
1335 1336 0.897592550729579
1335 1375 0.3316888714870063
1336 1337 0.37388344518252214
1336 1376 -0.07060114489620939
1337 1338 -0.2600505120684209
1337 1377 0.7028005638549348
1338 1339 -0.279468036245063
1338 1378 -0.5747355713819657
1339 1340 -0.6621509486436852
1339 1379 -0.5537169423610337
1340 1341 0.160183145859075
1340 1380 0.8932559114028307
1341 1342 0.8496573140204247
1341 1381 0.45863008319672893
1342 1343 0.5228698364576472
1342 1382 -0.8213842856831135
1343 1344 -0.46370782213026107
1343 1383 -0.04437178148065346
1344 1345 -0.8255380115712438
1344 1384 -0.6617013353873133
1345 1346 -0.13120320727388157
1345 1385 0.6768823530465324
1346 1347 0.7874231693122595
1346 1386 0.13293313105197258
1347 1348 -0.9911083590249159
1347 1387 0.9608468408498945
1348 1349 -0.8102962589048799
1348 1388 -0.4104079164573933
1349 1350 0.19729478801426237
1349 1389 0.8645436220276206
1350 1351 0.27916990167525113
1350 1390 -0.47432911362585806
1351 1352 -0.4886607626375412
1351 1391 0.37407096037703624
1352 1353 0.2503957011832141
1352 1392 -0.5958578334704794
1353 1354 0.05256047750018045
1353 1393 0.14509335582105964
1354 1355 -0.7946955483531806
1354 1394 0.4439828389336913
1355 1356 -0.649589233842299
1355 1395 -0.8924947181075118
1356 1357 0.25238409861763955
1356 1396 -0.8709516311763055
1357 1358 -0.9613540177025557
1357 1397 0.08797058736326302
1358 1359 -0.9558596567651065
1358 1398 -0.0598206097487235
1359 1360 0.7890113028525656
1359 1399 -0.9060208394195213
1360 1400 -0.4344627496011966
1361 1362 0.6476982169128216
1361 1401 -0.0962574731144541
1362 1363 0.24716410723680915
1362 1402 -0.013624925515278496
1363 1364 -0.5493009210972701
1363 1403 0.018002005543540145
1364 1365 0.47229681719666994
1364 1404 -0.4794342915880998
1365 1366 -0.6619447420444775
1365 1405 0.3549916442071632
1366 1367 -0.2550476643399324
1366 1406 -0.8996475055623037
1367 1368 -0.5159724148245823
1367 1407 -0.4514304599227934
1368 1369 0.7950949157177909
1368 1408 -0.3353196688820128
1369 1370 0.6267891593639472
1369 1409 -0.7737852592144991
1370 1371 -0.6117760331366229
1370 1410 0.7978708487104513
1371 1372 0.6516770019246869
1371 1411 -0.3509060596045186
1372 1373 0.7406185153204017
1372 1412 0.43339919521278136
1373 1374 0.124385790331482
1373 1413 -0.8843651515262336
1374 1375 0.15402756328980827
1374 1414 0.3161592331577643
1375 1376 0.9361929352990113
1375 1415 -0.16065701803461563
1376 1377 0.24273264430256014
1376 1416 0.7809986927664903
1377 1378 -0.015078843569374056
1377 1417 0.819640245334152
1378 1379 -0.4367494646298462
1378 1418 0.9672373469287197
1379 1380 -0.43956446936946314
1379 1419 -0.2986348047043683
1380 1381 -0.278753520720459
1380 1420 0.6036814502532473
1381 1382 -0.19502749502034256
1381 1421 -0.6133699662901513
1382 1383 -0.11609387470012345
1382 1422 -0.44902970448303403
1383 1384 -0.10016453816856119
1383 1423 -0.15321208207455994
1384 1385 0.6247470873759511
1384 1424 -0.7899794425070801
1385 1386 -0.08668624007022596
1385 1425 -0.05078661504245163
1386 1387 -0.8589505486404447
1386 1426 -0.28162779360479795
1387 1388 0.9697709828904002
1387 1427 -0.31082052758573986
1388 1389 -0.6176410704180282
1388 1428 -0.25544077144500044
1389 1390 0.838652795044077
1389 1429 -0.05976889258625939
1390 1391 -0.6830676895804506
1390 1430 0.9913720991481625
1391 1392 -0.5944180030518875
1391 1431 -0.06205423530208898
1392 1393 0.4746423501414687
1392 1432 0.10232996837732689
1393 1394 0.5342051428284234
1393 1433 0.5550847193909128
1394 1395 0.9981255006430831
1394 1434 -0.9674647194081856
1395 1396 -0.2958976972757861
1395 1435 0.45206968237881373
1396 1397 -0.7136319498789534
1396 1436 0.3511895667868319
1397 1398 0.8492390787912256
1397 1437 0.2675621745551471
1398 1399 0.5545275455810437
1398 1438 0.633706662177572
1399 1400 -0.7534726020656406
1399 1439 0.7543436248064315
1400 1440 0.2891659906972095
1401 1402 0.7758904020666113
1401 1441 -0.5592009266527223
1402 1403 0.5784394579545258
1402 1442 0.6775798552381922
1403 1404 -0.711139512029697
1403 1443 0.8820707950758322
1404 1405 -0.6645607655370875
1404 1444 0.9493694758350002
1405 1406 -0.0007281713429545533
1405 1445 -0.34874727497248426
1406 1407 -0.3028045595790392
1406 1446 0.7630033216378129
1407 1408 -0.9812411553428355
1407 1447 -0.794406881109516
1408 1409 -0.7454360352948022
1408 1448 -0.7947718251096536
1409 1410 0.5122201044020154
1409 1449 0.5184449174891124
1410 1411 -0.15908458977288964
1410 1450 0.02318004694906506
1411 1412 0.9483126367214161
1411 1451 0.9886200528978049
1412 1413 0.4794333703057967
1412 1452 0.8621278701392847
1413 1414 0.2513079609786084
1413 1453 0.8462345105892521
1414 1415 -0.49698742571266896
1414 1454 0.6424530811367033
1415 1416 0.5911448001081461
1415 1455 -0.3164090603591265
1416 1417 -0.24194452742636896
1416 1456 -0.16542120893117418
1417 1418 -0.1876239359497054
1417 1457 -0.28051222091051664
1418 1419 0.5241114957725246
1418 1458 0.25551371427589786
1419 1420 -0.832839141776125
1419 1459 -0.11398071592634307
1420 1421 0.034632734898985884
1420 1460 -0.6468030355482242
1421 1422 0.32951348813934866
1421 1461 0.9184486634163982
1422 1423 -0.517649654281845
1422 1462 -0.7910127586428999
1423 1424 -0.4569756069542754
1423 1463 -0.1241179291197887
1424 1425 -0.6535691734573394
1424 1464 -0.3685683023579829
1425 1426 -0.39459878222953026
1425 1465 0.47230593700980283
1426 1427 -0.23723166170179644
1426 1466 -0.20411118808257211
1427 1428 -0.9924683496179036
1427 1467 -0.2631695598918251
1428 1429 0.5608260642177645
1428 1468 -0.4847069260101897
1429 1430 0.9712553312159948
1429 1469 -0.8334143018452951
1430 1431 0.11126945772711516
1430 1470 -0.9406998371859878
1431 1432 -0.3435841752167319
1431 1471 -0.20323272766454537
1432 1433 -0.8478515867988208
1432 1472 0.08614257197067787
1433 1434 -0.17806259636995247
1433 1473 -0.3898760945399009
1434 1435 -0.8906240711206181
1434 1474 -0.6065396764399211
1435 1436 -0.6425004495877848
1435 1475 -0.8203473613977679
1436 1437 0.8584152765302302
1436 1476 0.005141958431382765
1437 1438 -0.20093756726319612
1437 1477 -0.15250979498827144
1438 1439 0.18850632035831572
1438 1478 0.9979084007762915
1439 1440 0.20446658382551708
1439 1479 -0.01254056425717276
1440 1480 0.3871676387870189
1441 1442 -0.7863546965589521
1441 1481 -0.9759797487411825
1442 1443 0.5225533423139104
1442 1482 -0.7570168270753945
1443 1444 -0.9681271326957073
1443 1483 0.45578699685480695
1444 1445 -0.21665237797263281
1444 1484 -0.3822136428071625
1445 1446 -0.6832447009389193
1445 1485 0.8230592563790287
1446 1447 0.6536117560664201
1446 1486 -0.6639864495166339
1447 1448 -0.9039147426615315
1447 1487 -0.7650909944855251
1448 1449 0.1499389430634075
1448 1488 0.12753014443211197
1449 1450 -0.36838863356087437
1449 1489 0.16425846776721031
1450 1451 0.2958350342539511
1450 1490 -0.6707770793697001
1451 1452 -0.3194490068915008
1451 1491 -0.14148018221707548
1452 1453 0.5163376681446459
1452 1492 -0.16741814080292516
1453 1454 0.8877798384767386
1453 1493 -0.1357225614609554
1454 1455 0.5848046900684838
1454 1494 0.31387308089571886
1455 1456 0.7887865259412474
1455 1495 0.28735148438693847
1456 1457 -0.1752738958807174
1456 1496 0.9335241972598007
1457 1458 0.14359170343578942
1457 1497 -0.34163405494979404
1458 1459 0.43870393064892776
1458 1498 -0.6403856424617782
1459 1460 0.021721896029939236
1459 1499 -0.7228234464409589
1460 1461 0.9043160790615561
1460 1500 -0.2493073596301123
1461 1462 0.17488339229830951
1461 1501 0.2016620833350229
1462 1463 -0.8510346556170485
1462 1502 0.30155044707847023
1463 1464 0.4354878793171695
1463 1503 -0.6528304502351021
1464 1465 0.28799314202361503
1464 1504 -0.8348811691758369
1465 1466 0.49993016961129966
1465 1505 0.46406151774085513
1466 1467 -0.01068213704184906
1466 1506 0.07775840672879708
1467 1468 0.4949635679887414
1467 1507 -0.02979070198943279
1468 1469 -0.8795143468681155
1468 1508 -0.6377754817913379
1469 1470 -0.7485638487208595
1469 1509 0.5640444477066473
1470 1471 -0.8375453481612674
1470 1510 -0.6784829972802624
1471 1472 0.7536058141427566
1471 1511 0.6818734328693881
1472 1473 0.5974915109578183
1472 1512 0.041015016392804915
1473 1474 0.03677885039895523
1473 1513 -0.44462700818154643
1474 1475 -0.17364561157888958
1474 1514 -0.6162351763402776
1475 1476 0.20987156863542245
1475 1515 0.6646664638042401
1476 1477 0.9251015429530778
1476 1516 0.4812963092601068
1477 1478 -0.44861771867523315
1477 1517 0.989940104681706
1478 1479 -0.2482414014591685
1478 1518 -0.9820665627801619
1479 1480 0.11742654632654292
1479 1519 0.8152465755887428
1480 1520 -0.11468318384691845
1481 1482 0.8358827973033531
1481 1521 0.2731324284557475
1482 1483 0.9394854240479962
1482 1522 0.7276184558449548
1483 1484 0.7170722391741315
1483 1523 0.7455304109839109
1484 1485 -0.5411892200360957
1484 1524 -0.8776486698407235
1485 1486 0.30422658635096633
1485 1525 0.5005149637218045
1486 1487 -0.19038740811532762
1486 1526 0.18731485018260163
1487 1488 -0.1204432337618413
1487 1527 0.20814728234965596
1488 1489 -0.8649082034069169
1488 1528 -0.3911224550261465
1489 1490 -0.8677705273467529
1489 1529 -0.45210071933048224
1490 1491 -0.20807728539972525
1490 1530 -0.31514620240430524
1491 1492 0.07133992386729338
1491 1531 -0.17452521969182766
1492 1493 -0.1597017481046239
1492 1532 -0.18036195330333782
1493 1494 -0.9486714663531106
1493 1533 -0.2928062966053431
1494 1495 -0.24701690645901264
1494 1534 -0.39386109540161707
1495 1496 -0.24912533707072626
1495 1535 -0.42710422771920364
1496 1497 -0.2228291674265095
1496 1536 0.36453044609918694
1497 1498 0.16524370849298142
1497 1537 -0.11025942212351159
1498 1499 -0.8396318824765414
1498 1538 0.8235884344499631
1499 1500 -0.9131904807891202
1499 1539 -0.633915277094558
1500 1501 0.5667162150912333
1500 1540 -0.33407843478741284
1501 1502 -0.9333705616501045
1501 1541 -0.20835302827548752
1502 1503 -0.704890133784686
1502 1542 0.9015479116143257
1503 1504 0.8074919657143316
1503 1543 -0.3077710854729845
1504 1505 0.6347105249333493
1504 1544 -0.7585676396957497
1505 1506 0.3943508123000794
1505 1545 -0.9656888020215628
1506 1507 0.6451065553737354
1506 1546 -0.5604500433333428
1507 1508 -0.5202482661544838
1507 1547 -0.809147711011101
1508 1509 -0.5524763474515397
1508 1548 0.12961605265890075
1509 1510 0.7472678989875319
1509 1549 0.4951705274415883
1510 1511 0.7741993720812088
1510 1550 -0.5672786822369005
1511 1512 0.535301907206903
1511 1551 0.37285169361836523
1512 1513 0.7871136928537021
1512 1552 -0.45563236153575626
1513 1514 -0.5677888852810993
1513 1553 -0.614336786722407
1514 1515 -0.20110403422953138
1514 1554 0.7392033905463222
1515 1516 -0.08552500294694632
1515 1555 0.7203291383707586
1516 1517 0.5692284832615231
1516 1556 -0.40973419507183095
1517 1518 -0.002013753013338615
1517 1557 0.5866446815496122
1518 1519 -0.29345972624355166
1518 1558 -0.9063465057344124
1519 1520 0.5003031296828551
1519 1559 -0.2100904600616349
1520 1560 0.11080780172678084
1521 1522 -0.5604759253257305
1521 1561 0.095104867291945
1522 1523 -0.8014188852151274
1522 1562 -0.3146899945334878
1523 1524 0.056813088086128394
1523 1563 -0.18317844530739213
1524 1525 -0.06295245504414626
1524 1564 -0.9524791280445797
1525 1526 0.3537836913023109
1525 1565 -0.6001500723262501
1526 1527 0.2040743104118894
1526 1566 0.3413069915286293
1527 1528 -0.8234150374320768
1527 1567 -0.2656790456387301
1528 1529 -0.18948527282208372
1528 1568 0.7530619119113089
1529 1530 -0.7085508359239587
1529 1569 0.8021612727587193
1530 1531 0.7697739102246626
1530 1570 -0.4591116581493144
1531 1532 -0.6429774064241718
1531 1571 0.6073759463575021
1532 1533 0.9219109105264693
1532 1572 -0.8042101045641057
1533 1534 -0.21458281323781025
1533 1573 0.40987651941546055
1534 1535 0.2230155601373569
1534 1574 -0.49905577909801924
1535 1536 0.3426056348271487
1535 1575 0.03914107849720283
1536 1537 0.4625823546355059
1536 1576 -0.6517190947074618
1537 1538 -0.5142670699543677
1537 1577 0.6478641251247668
1538 1539 0.6736271852525137
1538 1578 -0.9257070378656642
1539 1540 0.20699261816492798
1539 1579 -0.06964992442245221
1540 1541 -0.17515453149546056
1540 1580 0.35632090529180105
1541 1542 0.18967806100426698
1541 1581 -0.33290466874513136
1542 1543 0.9040912898280355
1542 1582 0.5537108907453787
1543 1544 -0.14051219501360923
1543 1583 -0.5071487925194984
1544 1545 0.7829202977766052
1544 1584 0.6127462691842589
1545 1546 0.4021946232213547
1545 1585 -0.6925170474054676
1546 1547 -0.3751846382368702
1546 1586 -0.45643672339698327
1547 1548 -0.5938205406336818
1547 1587 -0.18170303090641715
1548 1549 0.08390277524267375
1548 1588 -0.521845519631019
1549 1550 0.44420985266503665
1549 1589 0.2061268266347145
1550 1551 0.8921645797540381
1550 1590 0.2723008347524034
1551 1552 -0.6497567617871947
1551 1591 0.856534167844428
1552 1553 -0.5600903868124096
1552 1592 0.08257246837803733
1553 1554 -0.7301451489941171
1553 1593 -0.3296587390220551
1554 1555 -0.7885978375076665
1554 1594 -0.2396097418596388
1555 1556 -0.18192823729965601
1555 1595 -0.9558265819767053
1556 1557 0.11573151536221338
1556 1596 -0.5115981326414984
1557 1558 0.5514515760079048
1557 1597 -0.1814079427435933
1558 1559 0.8421521630744335
1558 1598 0.033713207109286714
1559 1560 -0.8121459135925411
1559 1599 -0.537736088232271
1560 1600 -0.4494817034357086
1561 1562 0.8415993406944
1562 1563 -0.9277458952260234
1563 1564 0.48509715044440904
1564 1565 0.43632358717598496
1565 1566 0.9385613638071171
1566 1567 0.6963248205502433
1567 1568 -0.14217955218113176
1568 1569 0.8628798255147596
1569 1570 0.3612242697024919
1570 1571 -0.32888055966256236
1571 1572 0.3948326479708739
1572 1573 0.6083552857911714
1573 1574 0.07802347292100853
1574 1575 -0.5567757915761573
1575 1576 -0.14719838355601378
1576 1577 -0.43968711287431184
1577 1578 0.8153727267192605
1578 1579 0.3475789972426524
1579 1580 0.8760468529458187
1580 1581 0.37612976008424703
1581 1582 0.8535672121717146
1582 1583 0.49141070846749746
1583 1584 -0.2674290211531123
1584 1585 0.6605295355537011
1585 1586 0.4311104040196805
1586 1587 0.5156578483789782
1587 1588 0.1283081473889358
1588 1589 0.9369692263533536
1589 1590 -0.5780036018530426
1590 1591 -0.13084993881792384
1591 1592 0.8069448928124447
1592 1593 -0.764273614770042
1593 1594 0.7213607981173051
1594 1595 -0.7610441897036897
1595 1596 -0.6598312268441222
1596 1597 0.44235026685931556
1597 1598 -0.3899123737283159
1598 1599 0.12899835966363282
1599 1600 0.5372310100040918
