1 2 -0.6916743152406553
1 41 0.4800993930308095
2 3 0.27477099028193885
2 42 0.7249303245952301
3 4 0.22730690875020643
3 43 0.23678542547867987
4 5 -0.27252436243769784
4 44 -0.33287767556753556
5 6 -0.6971484415415847
5 45 0.21534950367301198
6 7 0.344901200211982
6 46 0.6509711933711086
7 8 -0.9450016905645184
7 47 0.6033762344828468
8 9 0.293327515717577
8 48 -0.20451679582530446
9 10 0.15324596077058517
9 49 0.5687841406416676
10 11 -0.849040602365607
10 50 0.4957900706543068
11 12 -0.4089437743004727
11 51 0.6856938095754284
12 13 -0.04986698922854749
12 52 0.9323433146991891
13 14 0.19150812214906732
13 53 -0.6446039929397651
14 15 0.18754753164479077
14 54 0.7884438064356385
15 16 0.12160754463763279
15 55 0.754289797582673
16 17 -0.3430969790192122
16 56 -0.2259677416414212
17 18 0.36515878581378547
17 57 -0.4292633003736388
18 19 -0.5951565319776593
18 58 -0.051724269988326244
19 20 -0.0015414945038194627
19 59 -0.7086355806698117
20 21 -0.6952164733379538
20 60 -0.04737045571461196
21 22 -0.5866829220103968
21 61 -0.1471026847617749
22 23 0.6011345940857089
22 62 0.19137512899882703
23 24 0.06350944869842534
23 63 0.4306843320362108
24 25 -0.8465436086609919
24 64 -0.3696834769464352
25 26 0.24457038962799338
25 65 -0.5564302737982258
26 27 -0.400335629085224
26 66 0.7076360900854382
27 28 0.7563783602670446
27 67 -0.2737944982097664
28 29 -0.3553514353906424
28 68 -0.28835269670377484
29 30 -0.850319330213122
29 69 0.2650655720991344
30 31 -0.08946449224729469
30 70 -0.22170248106095958
31 32 0.8640123419254471
31 71 0.41947135608720076
32 33 0.8068808091471846
32 72 -0.5144532253596454
33 34 -0.1005325348377124
33 73 -0.9761969197052667
34 35 -0.29852250518502976
34 74 0.40604439960919314
35 36 0.4832034314335194
35 75 0.056620875733014886
36 37 0.1707812146032217
36 76 0.42703826789725685
37 38 -0.5259436633834453
37 77 -0.549748968612702
38 39 -0.619052181732386
38 78 -0.11586309605936096
39 40 -0.6742422815432949
39 79 -0.7513030528943208
40 80 -0.731226204250276
41 42 -0.47336996962973066
41 81 0.06747878676059549
42 43 0.8832754246793137
42 82 -0.10874589317874861
43 44 -0.973293155617508
43 83 0.14886558965413776
44 45 -0.7871506729072948
44 84 -0.6277087598480127
45 46 -0.043591373234236785
45 85 0.6572488929183291
46 47 0.6320167310933551
46 86 0.12072510771353806
47 48 -0.29314763269823185
47 87 -0.5874240192574367
48 49 0.28892332579488955
48 88 0.8549786080160622
49 50 0.3859826707310656
49 89 -0.5135377590979926
50 51 -0.7612013118397181
50 90 0.10901722216713017
51 52 -0.7211134158231634
51 91 0.8706424888103304
52 53 0.15325348033657482
52 92 -0.3586895819989082
53 54 -0.36598815065973955
53 93 0.6589426759540928
54 55 0.25604906035190145
54 94 -0.14077080669985853
55 56 0.7467926274053267
55 95 -0.11529026365861128
56 57 -0.05304726733460585
56 96 0.7208058249773244
57 58 0.3330490064266274
57 97 0.6754292744655612
58 59 -0.254280565293596
58 98 -0.3990869369686274
59 60 0.5200491393418429
59 99 0.3608688626592642
60 61 -0.9977622556218038
60 100 0.0313876184220403
61 62 -0.848069053009564
61 101 0.40149817330235926
62 63 0.0811497760533475
62 102 -0.5654220002369597
63 64 0.37600867917049574
63 103 0.6113420234828439
64 65 -0.04233391156202515
64 104 0.27313198456892485
65 66 0.7321439290913876
65 105 -0.00669459485036894
66 67 0.5052742945213318
66 106 -0.5526862396805587
67 68 -0.42112864645192416
67 107 -0.7857862518779395
68 69 0.7668065776651387
68 108 -0.30907786319536257
69 70 0.1482124526004378
69 109 0.07219809559666301
70 71 -0.6074573585018337
70 110 0.9405136124826863
71 72 -0.9172647266246701
71 111 -0.7295610058864026
72 73 -0.9307023611875123
72 112 -0.21008793413397386
73 74 -0.5945342732050698
73 113 0.8416675317736051
74 75 -0.15574759363246593
74 114 0.8699293061716917
75 76 0.44415708885312966
75 115 0.21933855708373295
76 77 0.7360380199482217
76 116 -0.030300043508566965
77 78 0.5502613273721415
77 117 0.1536775761479956
78 79 0.16369632978537418
78 118 0.9821785685775395
79 80 0.9118402609004168
79 119 -0.10258916154823283
80 120 0.02158592881980792
81 82 -0.9708500750291607
81 121 0.8374940161997699
82 83 0.33991526487151
82 122 0.8486613992639833
83 84 0.5553589041592433
83 123 0.8997641542755004
84 85 0.03849760952938741
84 124 -0.7747554419128275
85 86 0.8588509019039301
85 125 0.6575302163125598
86 87 0.1193792747378124
86 126 0.7160252774235023
87 88 -0.9948916070418681
87 127 -0.46427343241130203
88 89 -0.5464189057204976
88 128 0.7940702239039603
89 90 0.7348725784474666
89 129 0.09851335578175213
90 91 0.08120061523526068
90 130 -0.4534907046771428
91 92 0.3734382477343432
91 131 0.124345960168178
92 93 0.35882446037547444
92 132 0.6872335184983591
93 94 -0.42714578325554386
93 133 -0.695715267486583
94 95 0.26272027839307643
94 134 -0.022159447543514954
95 96 0.327901653126927
95 135 0.3130100761763164
96 97 -0.8855927220746662
96 136 0.017155580796858638
97 98 -0.2820024151839018
97 137 -0.9858264981623825
98 99 0.41478578760447693
98 138 0.27945897722748425
99 100 -0.7796240806906101
99 139 0.5868310856714452
100 101 -0.36537868781290905
100 140 -0.32199021191615684
101 102 -0.4442963547083687
101 141 0.5306633060966686
102 103 -0.7279950814056559
102 142 -0.5103738877548951
103 104 -0.016968381228353646
103 143 -0.811405766264671
104 105 0.12631552790737133
104 144 0.27293262925595796
105 106 -0.3490765269663727
105 145 0.14736936937952239
106 107 -0.007295171773117781
106 146 0.4670589239899028
107 108 -0.898588411171656
107 147 0.4528749645042869
108 109 0.20286062504286484
108 148 -0.11086448463024268
109 110 0.9608976078525864
109 149 -0.14522942489072932
110 111 -0.15456286024361132
110 150 0.23878859415498566
111 112 0.10399281373173896
111 151 0.5758776858490489
112 113 0.9414117410785212
112 152 0.3582180914876665
113 114 -0.5618008271800534
113 153 0.7440859287078987
114 115 -0.6166751917892503
114 154 0.6465548292506089
115 116 -0.15282436324883975
115 155 -0.36833920698189826
116 117 0.6131997901059074
116 156 -0.8097696661311553
117 118 -0.2287793695808351
117 157 0.7336517159228986
118 119 -0.860983882891454
118 158 0.3911876726763184
119 120 0.345416096006105
119 159 -0.5562729647716071
120 160 -0.9750577360477781
121 122 0.8014297082340245
121 161 -0.9331571447473108
122 123 0.23884693353549324
122 162 -0.3548285345823723
123 124 0.40596434620002264
123 163 -0.7675885331043506
124 125 -0.03214882107168093
124 164 0.862976754008725
125 126 -0.9464659261619486
125 165 0.7805416364850555
126 127 -0.5889307646211401
126 166 0.4314818332097181
127 128 -0.7152564284532354
127 167 0.7491749280961728
128 129 -0.4899902831719991
128 168 0.2436720651366422
129 130 -0.679875039068454
129 169 0.27274091181160154
130 131 0.7346794936747965
130 170 -0.11726024271257973
131 132 -0.4060112362950743
131 171 0.3737595821929942
132 133 0.5106605804083315
132 172 -0.7976306229475059
133 134 -0.5846238957316952
133 173 0.5087193056334414
134 135 0.9121674215836635
134 174 -0.47398180843619264
135 136 0.887963400697154
135 175 0.16458991049849958
136 137 0.39029314253867664
136 176 0.7478091942567135
137 138 -0.5970679210570076
137 177 -0.3414307199159221
138 139 -0.9157727435866403
138 178 -0.30957449147410454
139 140 0.6500588838922976
139 179 -0.6515781687836983
140 141 -0.20246460151945844
140 180 -0.8062714382332954
141 142 -0.3064551090405403
141 181 -0.3544460460412291
142 143 0.996439471846625
142 182 -0.4899520722310846
143 144 -0.9048960181378431
143 183 0.8436370235858415
144 145 -0.4767114129792329
144 184 -0.08410433426081076
145 146 -0.3329555730556635
145 185 0.30934551976662705
146 147 -0.33945286165732313
146 186 0.772694008503644
147 148 0.8030349154132843
147 187 -0.31178597315693235
148 149 0.32460979811381385
148 188 -0.18234463160917658
149 150 -0.2938844316905045
149 189 0.3676820608756064
150 151 -0.4871032479097639
150 190 -0.06523130482125339
151 152 0.806886593578851
151 191 -0.69433416369499
152 153 0.6354153536406466
152 192 0.6848350916136401
153 154 -0.7638031453503884
153 193 -0.27444829431374007
154 155 -0.7917611602786232
154 194 -0.7919613564086889
155 156 -0.9990833008869304
155 195 -0.8985157412155282
156 157 -0.6298436841011645
156 196 0.14920473286690572
157 158 -0.17782848866952783
157 197 -0.40265227204322596
158 159 -0.29715797240600117
158 198 0.2842814494891095
159 160 0.8964933137726654
159 199 0.18847556931920018
160 200 -0.0017013243548080759
161 162 0.9138986725502336
161 201 -0.7255813572878471
162 163 -0.3610473781328376
162 202 -0.4170866299866942
163 164 -0.5067970437538181
163 203 -0.16212263856485465
164 165 -0.20228961114347999
164 204 -0.639216030932904
165 166 -0.6714030401951865
165 205 -0.33205545078888354
166 167 0.6317430852441308
166 206 -0.7614469532305688
167 168 -0.7764284950224529
167 207 0.5304574565464908
168 169 -0.7042330893290503
168 208 -0.012446727025283488
169 170 0.7599401991945471
169 209 0.17390877610047584
170 171 -0.08065169066668787
170 210 0.6297819036711068
171 172 0.6881824794523472
171 211 0.38497858566188126
172 173 -0.34252181000264836
172 212 0.768452706669803
173 174 -0.6487251141971924
173 213 0.5209088974016698
174 175 0.5704668715282011
174 214 0.2260794746347996
175 176 -0.5162310194193087
175 215 0.896984879354302
176 177 -0.26836202816613053
176 216 -0.6637866253199765
177 178 0.8706082961377246
177 217 -0.39723825585395156
178 179 0.21593684689047188
178 218 0.8229657990264059
179 180 0.9504002414945179
179 219 0.550605279273737
180 181 0.6776937569999393
180 220 0.13232253247145498
181 182 0.1167072752412186
181 221 -0.8470511463640076
182 183 -0.7882135263987731
182 222 0.23199034050804812
183 184 -0.4280967889926519
183 223 -0.2296553431027668
184 185 0.3786755054837099
184 224 0.792979013710319
185 186 -0.6916203936579124
185 225 -0.3086505251969833
186 187 0.8902908764480988
186 226 -0.8031717317011924
187 188 -0.7266334602179565
187 227 -0.5599489454155813
188 189 0.49785203023515767
188 228 -0.6678189306853786
189 190 -0.9486315982983979
189 229 0.07877030146190722
190 191 -0.08799672718315699
190 230 0.29111789864407145
191 192 0.37724560094083737
191 231 -0.8325643567390473
192 193 -0.778199125458447
192 232 0.6754709746951661
193 194 0.788060938781034
193 233 0.4837749305712926
194 195 0.6136239780839907
194 234 -0.39787223841238695
195 196 -0.030454084428135353
195 235 -0.784959346265776
196 197 0.24519541835541458
196 236 -0.01595687312592209
197 198 0.44375388341091115
197 237 -0.4766305134258686
198 199 -0.021521819659959807
198 238 -0.08687850716870704
199 200 0.5105823827786984
199 239 -0.3665285320948195
200 240 -0.38080619606086286
201 202 -0.4323432940841083
201 241 0.21216636871765782
202 203 0.9148348474781143
202 242 -0.18808331408071455
203 204 0.2640630934276791
203 243 -0.8090594930702575
204 205 0.6109840805721811
204 244 0.32147092398215094
205 206 -0.24539768107717475
205 245 0.6365618682555942
206 207 0.6973443237882886
206 246 -0.7495554638154891
207 208 0.03380346896559483
207 247 -0.9213400315421452
208 209 0.8955423264998397
208 248 -0.09855017167263247
209 210 0.6872289481874194
209 249 0.7071720291553267
210 211 0.6119142126786825
210 250 -0.1793646979044432
211 212 0.6551130124380025
211 251 0.16769291451814494
212 213 0.7640690570124211
212 252 -0.8749211991778796
213 214 0.06495323812049736
213 253 -0.09761476670573743
214 215 0.052362458589458205
214 254 -0.17882602401735603
215 216 0.773401678119503
215 255 -0.8539468885331991
216 217 0.5129963606119978
216 256 0.8757435194995136
217 218 -0.2685905471793617
217 257 -0.6266061239491711
218 219 -0.6114775023493342
218 258 -0.38196538379408684
219 220 -0.022085236431859778
219 259 -0.8043504722352526
220 221 0.6734748188946309
220 260 -0.9438173626978748
221 222 -0.5050758592480096
221 261 0.20014083781586534
222 223 0.1158371289774387
222 262 -0.03693481245664687
223 224 0.6840553266716911
223 263 0.7171443545543885
224 225 0.6222847781275909
224 264 0.8370214981301396
225 226 0.35732827581354965
225 265 0.9076025346904162
226 227 -0.34477175755725376
226 266 -0.5881412919822337
227 228 0.27086395387670126
227 267 -0.8088078845836177
228 229 0.953378442139923
228 268 0.8034437673971573
229 230 -0.7018037144970823
229 269 0.016373762642161394
230 231 0.9246898782474582
230 270 -0.11633303491079339
231 232 -0.46150750109309757
231 271 -0.7450117862951546
232 233 0.6580912964194334
232 272 -0.47329305461626237
233 234 0.5425578978519587
233 273 0.8752942563859554
234 235 -0.2418860581571889
234 274 0.6326307261045221
235 236 -0.4941021171373079
235 275 0.0005771881912390864
236 237 -0.3062989077721958
236 276 0.8814757675724687
237 238 -0.06596206677015104
237 277 0.03887422436573784
238 239 0.08265529423392404
238 278 0.08491785527214946
239 240 0.2944806106453388
239 279 0.10200558273500593
240 280 -0.5382775119696743
241 242 0.8884502721060843
241 281 0.7054710822185699
242 243 0.8931116447256062
242 282 0.7143811176638872
243 244 -0.21938158115373585
243 283 -0.35606482493854674
244 245 0.22687022907784526
244 284 -0.7522356901495366
245 246 -0.6038938261607614
245 285 -0.6479479060434483
246 247 -0.8925712946663127
246 286 -0.05873868403447524
247 248 -0.601685049533571
247 287 -0.3140805254317951
248 249 0.45687328038998265
248 288 -0.044671488456180075
249 250 0.7218057335639969
249 289 -0.8301917485504158
250 251 -0.46799916912484085
250 290 0.47340802910195623
251 252 -0.25334738034329396
251 291 -0.06665441413266038
252 253 -0.6525583573204716
252 292 -0.29121165504623225
253 254 -0.8834540080415496
253 293 0.7520964140716055
254 255 -0.9327656357331515
254 294 -0.47395030138451344
255 256 0.0019687435504300854
255 295 0.39449444379738896
256 257 0.20750378311563633
256 296 -0.5822882852805009
257 258 0.5642694988948962
257 297 0.7067956357957346
258 259 0.7042101567926982
258 298 0.13185915208360433
259 260 0.09925525958265857
259 299 -0.1542314401529188
260 261 -0.17943737194201437
260 300 0.29270971320270567
261 262 -0.5243382041127
261 301 0.04653710975645864
262 263 -0.499360249924093
262 302 -0.9546516120636985
263 264 -0.9122980889499839
263 303 -0.7559627360111147
264 265 0.1286479498081492
264 304 -0.09565556437526146
265 266 0.9963990089478674
265 305 -0.916934708684958
266 267 0.0868022352522313
266 306 -0.6363950269690963
267 268 -0.5438246108945828
267 307 0.646410479868144
268 269 -0.09909571117176386
268 308 -0.6840991574459796
269 270 -0.2472870596520449
269 309 -0.27705702906982865
270 271 0.1494976565865238
270 310 -0.01777274278867913
271 272 -0.3799249309612356
271 311 0.2642498653857335
272 273 -0.276856759270814
272 312 -0.3778601990384254
273 274 0.2104828354562136
273 313 -0.6938479576286898
274 275 -0.7330609349106232
274 314 -0.7535240494624196
275 276 0.7265154725027789
275 315 0.8394155889295223
276 277 -0.5641445784859633
276 316 0.6275969126715386
277 278 0.18129955471849302
277 317 -0.8251402406145771
278 279 -0.33107048223644475
278 318 -0.21530051705986808
279 280 -0.2780821718982338
279 319 0.5286954551782455
280 320 0.9257260892602466
281 282 -0.9954815329629729
281 321 0.04245205444058575
282 283 0.3778553320649152
282 322 -0.9934240624953208
283 284 0.9426505878551561
283 323 0.9383647592228825
284 285 -0.2969169064616892
284 324 -0.053800396780548265
285 286 0.984872105980785
285 325 -0.9106025113118179
286 287 0.8775012913323861
286 326 0.8950766237198391
287 288 -0.2705640749860436
287 327 -0.40585768944313183
288 289 -0.8864992182730149
288 328 -0.03918749677956823
289 290 -0.2855191320476498
289 329 -0.5817034042545493
290 291 0.05857415175826497
290 330 0.4072845706481105
291 292 -0.2057869378960604
291 331 0.33501397068161864
292 293 -0.605428439889276
292 332 0.24268379098712867
293 294 -0.23181268855373593
293 333 0.7964674020812985
294 295 -0.5596158726882043
294 334 -0.28300231906381246
295 296 0.5642084702967292
295 335 -0.6085571390453761
296 297 0.9874290998898223
296 336 0.5586470076730878
297 298 -0.25364267267236307
297 337 -0.11285352705327689
298 299 0.3429082774318095
298 338 0.47739559066397463
299 300 -0.2588128466650488
299 339 0.7774904719666222
300 301 0.706407701345457
300 340 -0.8552520219119015
301 302 0.0014507053487762267
301 341 0.11731875242041889
302 303 0.1669432888032707
302 342 0.30712090892914046
303 304 0.7352076607126221
303 343 0.5227647764653749
304 305 -0.334715156631465
304 344 0.9171296488296832
305 306 -0.7597633454745669
305 345 0.7424797393532443
306 307 0.45352572845699246
306 346 -0.14582368920966826
307 308 0.5213729081503076
307 347 0.9491471101676068
308 309 0.5259304889494629
308 348 -0.3348062839040389
309 310 0.383423723710286
309 349 0.9129018800524622
310 311 -0.16062562630029653
310 350 0.8857657491682782
311 312 0.14674854936596682
311 351 -0.42669663081464826
312 313 -0.7842492185494998
312 352 -0.9929166169462791
313 314 0.1588518960955816
313 353 0.5426107641678153
314 315 -0.34631808374675876
314 354 0.7511615652918142
315 316 0.23692960110062855
315 355 -0.8893347640481268
316 317 -0.9080099289149108
316 356 -0.22147073165521602
317 318 0.5852700308446475
317 357 0.9776215836118984
318 319 -0.23001127040819025
318 358 0.09265059858616076
319 320 0.5240610305128304
319 359 -0.07289782396077693
320 360 -0.46604499306729963
321 322 0.10407526652913313
321 361 -0.0292451726745806
322 323 0.8002069993139649
322 362 0.8397297419246468
323 324 0.48683593645102774
323 363 0.03537859007093669
324 325 -0.24322939875030092
324 364 -0.5561526675543738
325 326 -0.37830222842072025
325 365 -0.1768328576342162
326 327 0.17354600214502547
326 366 0.6262711841146826
327 328 0.28413778078776475
327 367 -0.8159004180560416
328 329 -0.47179501168551075
328 368 0.9433549411820916
329 330 0.9667407380645705
329 369 0.34376548541632257
330 331 0.9284440470130786
330 370 0.5186826021750874
331 332 0.9457058352289036
331 371 0.6914050436896364
332 333 0.6715665433788018
332 372 -0.9352666606802633
333 334 0.7730327126271603
333 373 0.6159318052045355
334 335 0.10869484424076914
334 374 -0.008362382887713515
335 336 0.49808703289746137
335 375 -0.37572762976221097
336 337 0.7967457708409877
336 376 -0.008670127697214536
337 338 -0.4037814070983903
337 377 -0.07301552238623765
338 339 0.5909861010799722
338 378 -0.21037486972804298
339 340 0.5402133264721791
339 379 -0.634991670336245
340 341 -0.9266940343314138
340 380 0.28099572201508294
341 342 -0.8436814071542134
341 381 -0.21463784069706127
342 343 -0.3559165907374191
342 382 -0.597833992253133
343 344 0.9777952774425367
343 383 -0.6549772111245005
344 345 0.3342851668056199
344 384 0.4299715938448099
345 346 -0.8645498169583803
345 385 0.6755583057197094
346 347 -0.07944574647733349
346 386 0.6074038480238733
347 348 0.23512224858569897
347 387 0.9155270279007071
348 349 0.33849930845586673
348 388 -0.5470964016627671
349 350 0.4510218928074212
349 389 0.6837691178333511
350 351 0.06591440565412254
350 390 -0.3695122412355951
351 352 0.027385990494025902
351 391 0.9914629073411323
352 353 0.4993651470232443
352 392 0.31386035930736966
353 354 0.7337047594738277
353 393 -0.799070268747955
354 355 0.4227544805988972
354 394 0.010708383549399292
355 356 -0.2683052746785586
355 395 0.11178855224336437
356 357 0.7495004401135679
356 396 -0.15948992507551973
357 358 0.06589072759091374
357 397 0.4184067927456816
358 359 -0.5190312284020611
358 398 0.5193856415000315
359 360 -0.7626228179896637
359 399 -0.028991112597453572
360 400 -0.9192802929005641
361 362 0.5362683081288446
361 401 -0.6785664937488598
362 363 -0.9881812882630314
362 402 0.2858522968716912
363 364 -0.6710400877621778
363 403 0.8987631407699475
364 365 -0.5462394209610404
364 404 -0.7143437100946342
365 366 -0.5494734925687235
365 405 -0.4587942383570933
366 367 -0.49749085681948046
366 406 0.28226313118018354
367 368 -0.8342984545494472
367 407 0.0782397209611736
368 369 0.5754740111757906
368 408 0.7684932553879229
369 370 0.8198217804077237
369 409 0.11211789012911999
370 371 -0.6352170497055654
370 410 -0.07716367448457451
371 372 -0.5954757043056793
371 411 -0.0017335332950669802
372 373 0.7251829402104493
372 412 -0.8715679572842021
373 374 0.7480038871153891
373 413 0.9411950453171583
374 375 -0.43662882283323046
374 414 -0.12867950706829734
375 376 -0.2244696236555903
375 415 -0.8430492722618963
376 377 0.6259207615963365
376 416 0.4397439564455945
377 378 -0.4522122267713642
377 417 -0.9140170295878274
378 379 0.04751878294809342
378 418 -0.3624900302991907
379 380 -0.81910976126611
379 419 -0.3121501428465425
380 381 -0.5336493090789896
380 420 -0.09784138728582548
381 382 0.47843310276683604
381 421 0.26619347540301574
382 383 -0.26316199965950093
382 422 -0.7157184888363592
383 384 -0.43908501972195335
383 423 -0.35570829056717357
384 385 -0.9932123007266629
384 424 0.40579137562863044
385 386 0.5822134804432855
385 425 -0.9139855049224312
386 387 -0.5491778206475542
386 426 0.7738585587530633
387 388 0.2888799224105616
387 427 0.11390579341780227
388 389 -0.043037250303975094
388 428 0.45583791783245275
389 390 0.32303536112326925
389 429 0.7468768561390207
390 391 0.5037105451126991
390 430 -0.48438806479518615
391 392 -0.6245696643101473
391 431 0.47955394182799105
392 393 -0.5193511371981427
392 432 -0.10259348061588458
393 394 0.2835085412802889
393 433 0.7371707105468437
394 395 0.2662824156553498
394 434 0.7172509017552378
395 396 -0.12640823176436977
395 435 0.4761724971805428
396 397 0.8026904596846896
396 436 0.5828010464586344
397 398 0.5519279245665973
397 437 0.09359071598644486
398 399 -0.6896278366468476
398 438 -0.45423082710569607
399 400 0.7739557237936201
399 439 0.5928007013683299
400 440 0.48349138328434504
401 402 0.5291209006777575
401 441 -0.9583804040958677
402 403 -0.22956603951385168
402 442 0.19148378857381276
403 404 0.8436519093677688
403 443 0.7651414006781014
404 405 0.45885024233702665
404 444 -0.7539767811800482
405 406 -0.7855645465814507
405 445 0.6220413316993341
406 407 -0.6684392844855576
406 446 -0.4933546081400735
407 408 -0.3807157625107547
407 447 0.3432770811318291
408 409 0.15758207347360909
408 448 0.9580485675379107
409 410 -0.4690466047991817
409 449 -0.7810790597723094
410 411 0.7490239661436624
410 450 -0.48532986741797335
411 412 0.8192117621404968
411 451 0.9986240160620703
412 413 0.5598768060835833
412 452 -0.18646347620288362
413 414 -0.09470913957595228
413 453 0.47499218862969883
414 415 -0.30468102081569626
414 454 0.47892670159456086
415 416 -0.28744478732454226
415 455 0.4780550900763616
416 417 -0.1449592476937227
416 456 -0.36224135911944666
417 418 0.17290568860602717
417 457 -0.4348924196401234
418 419 -0.9481672120851921
418 458 0.3737545590413709
419 420 0.601034208411203
419 459 -0.8807111302080526
420 421 0.43725630646094404
420 460 0.8511885594708262
421 422 -0.0013067202655632215
421 461 -0.9515584783427342
422 423 0.9120982830775619
422 462 0.16282232490211146
423 424 -0.6038960196155807
423 463 -0.7183637940028789
424 425 0.270283755447553
424 464 0.9000048252423982
425 426 0.2979735860937087
425 465 -0.012159180044951867
426 427 0.14016101947641246
426 466 0.07936919645164231
427 428 0.43138174015768316
427 467 0.8104839256325456
428 429 0.9747141450646124
428 468 -0.4071087503997408
429 430 0.8968167274725827
429 469 0.22602376341100738
430 431 -0.694634330365373
430 470 -0.20499944354158406
431 432 -0.9732271899077538
431 471 -0.4514608593026923
432 433 0.4873370152853089
432 472 -0.6947273322073093
433 434 -0.774570301608827
433 473 -0.6582188029409397
434 435 -0.3550006791614908
434 474 0.7908922142767119
435 436 -0.4938729371418913
435 475 0.32060355844560307
436 437 0.8956831194720387
436 476 0.800651632408026
437 438 -0.9384639334802052
437 477 0.35561211349560584
438 439 0.1507831035790046
438 478 -0.9531509939574117
439 440 0.6759521907341872
439 479 0.4333643457401699
440 480 -0.7035184032745028
441 442 -0.7295796432617663
441 481 -0.7674539651966203
442 443 0.22161411100881856
442 482 0.1992383767946755
443 444 -0.8979227999498587
443 483 0.549880430869458
444 445 -0.3604440518553582
444 484 -0.21668075869405956
445 446 -0.508039824588377
445 485 0.2677034314473128
446 447 0.8627110015612849
446 486 0.794663206056617
447 448 -0.43629042338605006
447 487 0.35864305178214173
448 449 0.7940300747583475
448 488 -0.0760339245847037
449 450 -0.0926619198766292
449 489 0.22414671418952903
450 451 0.5626766163509842
450 490 0.1468812821239267
451 452 0.9090450544181312
451 491 -0.8307263296697898
452 453 -0.10953095549795044
452 492 -0.28854213662777917
453 454 -0.6220595479659903
453 493 0.737296294524983
454 455 0.45241464488133465
454 494 0.0008544980792715151
455 456 0.8671762044962432
455 495 -0.29459357346733817
456 457 -0.3293889730380797
456 496 -0.2598455450833652
457 458 -0.6496420263518654
457 497 0.11815472154223139
458 459 -0.5152380201261744
458 498 0.4940397276732924
459 460 -0.5836404992336646
459 499 -0.6555831517719513
460 461 0.7973869755111103
460 500 -0.8539446997926521
461 462 0.9482440411744719
461 501 -0.1076253135040861
462 463 0.2619988465599503
462 502 -0.40550790500912415
463 464 0.037705015282501364
463 503 0.7384820623759683
464 465 0.07274391706100092
464 504 0.9989592625048078
465 466 0.921294933385475
465 505 0.9393538089633178
466 467 -0.7984966103835003
466 506 0.22600888493186666
467 468 -0.7860519596338391
467 507 -0.3068332969334422
468 469 0.607800433955926
468 508 -0.6491399245595413
469 470 0.6776795518146588
469 509 -0.68085830863193
470 471 -0.6617657193553343
470 510 -0.8100983685082404
471 472 -0.4568604996111236
471 511 0.5036188266859911
472 473 0.4572379229819652
472 512 0.6954375661113277
473 474 -0.8415497152805929
473 513 -0.3010844769030143
474 475 0.9172243770572615
474 514 0.04141213882649586
475 476 0.7320288454993935
475 515 0.09943611594506341
476 477 -0.36080564250686153
476 516 0.8891231096879435
477 478 -0.6851725608562989
477 517 -0.6275863672933457
478 479 0.8544513650415408
478 518 0.5395273050726488
479 480 -0.35568783505533497
479 519 -0.7386187357785914
480 520 0.5171982037600256
481 482 -0.3802048310199415
481 521 0.3429052904240053
482 483 -0.3754320063134968
482 522 -0.8602526504738239
483 484 -0.7882096951530815
483 523 0.8107917332593071
484 485 -0.9241175610961094
484 524 -0.6899774261894964
485 486 -0.2791242196942969
485 525 -0.9902746244507588
486 487 0.4858126524548372
486 526 -0.052993273196020096
487 488 0.7598938749066013
487 527 -0.3068230986600957
488 489 0.19012766669297676
488 528 -0.40699327818659525
489 490 0.3873969219888409
489 529 0.9572048634294166
490 491 -0.43553496052682616
490 530 0.4397555642705293
491 492 -0.4519489156778642
491 531 0.4508496560611066
492 493 -0.20469081171413062
492 532 0.7618286530317242
493 494 -0.7511444011535835
493 533 0.7171596016099193
494 495 0.33787329840749414
494 534 0.49586398422775235
495 496 -0.5665486306495071
495 535 0.22021546944118775
496 497 0.4934333150203274
496 536 -0.3972092636976925
497 498 -0.3327805863384148
497 537 -0.911982851824225
498 499 0.26291853923950637
498 538 -0.2133976611307371
499 500 0.32558860816683577
499 539 -0.4731402690180486
500 501 -0.01672992093255954
500 540 -0.8354926025436649
501 502 0.25579634491854475
501 541 -0.7651571414300999
502 503 0.796622004025263
502 542 0.09962458704722588
503 504 0.4899981323599256
503 543 0.8871109071106305
504 505 -0.3472892466719486
504 544 0.07498944199974367
505 506 -0.5243387504920227
505 545 -0.6456790639081849
506 507 -0.19197757736689813
506 546 -0.770749159519281
507 508 -0.09197594044086999
507 547 -0.6948699809746486
508 509 -0.00629182246570914
508 548 -0.16515734064775467
509 510 0.060847202826608715
509 549 0.001747879519037987
510 511 0.06184542416012517
510 550 0.8651644393195363
511 512 0.518283125070786
511 551 -0.3957503800216988
512 513 -0.7412557754777684
512 552 0.6784727036840561
513 514 -0.5514665984378779
513 553 -0.7226880153613788
514 515 0.8916471705845788
514 554 0.5445069215630247
515 516 -0.005655069972023918
515 555 0.6888823197298306
516 517 -0.6843652753503737
516 556 0.7472560190586253
517 518 0.14209265883232414
517 557 -0.7293611368329906
518 519 -0.8110389903192667
518 558 -0.5017508112123741
519 520 0.6855718693070929
519 559 0.0011793877523662566
520 560 -0.16150471112064269
521 522 -0.05754044349997178
521 561 0.6323365960920537
522 523 0.601468468431055
522 562 0.8228681002666383
523 524 0.1757729694232053
523 563 0.9761795153898376
524 525 -0.6587019875661959
524 564 0.5406244111236205
525 526 -0.5055582041174373
525 565 0.6598143903994573
526 527 0.7611006036554633
526 566 -0.6586023925569671
527 528 -0.4856899068291387
527 567 0.49114753435208214
528 529 -0.16103219550345504
528 568 -0.905674673726957
529 530 -0.7894785223822371
529 569 -0.15610125243391493
530 531 -0.8244853827138163
530 570 -0.487848587126553
531 532 -0.9856523449482211
531 571 0.4300203143323309
532 533 -0.34344102255482145
532 572 0.3530695967319071
533 534 -0.9518818376131972
533 573 0.7117851756419342
534 535 -0.9854850816548457
534 574 -0.8510541932875595
535 536 -0.9926946527396252
535 575 0.8137355267793684
536 537 0.4164806469479918
536 576 0.2279517895812746
537 538 0.6944825544111726
537 577 0.23646266973848284
538 539 -0.5952987599779691
538 578 -0.7815009585356865
539 540 -0.0068029197255707885
539 579 -0.378964678947018
540 541 -0.08532737855454631
540 580 -0.031742628954249286
541 542 0.4864574199051679
541 581 -0.08628684222662653
542 543 0.8630143289928316
542 582 -0.24436651728622683
543 544 0.33411475423259485
543 583 -0.7401189976113802
544 545 -0.47998193910627407
544 584 -0.7497504721067527
545 546 -0.9742253323173191
545 585 0.23895469937792901
546 547 -0.4664912100054428
546 586 0.8689318216704722
547 548 0.6535080258951036
547 587 -0.5151739077424411
548 549 -0.37293762150705856
548 588 0.8979141654902445
549 550 0.33940879510861177
549 589 -0.4283404148003289
550 551 -0.8085856297913077
550 590 -0.40824125249843335
551 552 -0.770462228486029
551 591 -0.6320078288553506
552 553 -0.48291431313062216
552 592 0.23648666451842448
553 554 -0.22089944954489105
553 593 -0.2704582015335979
554 555 -0.9034725190122794
554 594 -0.7801093657763545
555 556 0.23751273963120378
555 595 -0.3493143038930304
556 557 0.7090264938971991
556 596 0.34521125834402233
557 558 0.8786955881248744
557 597 -0.5041905480533388
558 559 -0.9798730112980976
558 598 -0.14842503661303041
559 560 -0.29358419465092944
559 599 0.8092952993111113
560 600 0.9655813137778473
561 562 -0.4208264329388929
561 601 0.46625195522534124
562 563 -0.6106507419149259
562 602 -0.5787847222942322
563 564 -0.14267728696764426
563 603 0.25969995790228073
564 565 -0.5216029179153208
564 604 0.4943401744678926
565 566 -0.17767935541047697
565 605 -0.8201708320308876
566 567 0.0157354520491797
566 606 0.19836129456055018
567 568 -0.7259580846594647
567 607 0.0463038265582536
568 569 0.45182980558296615
568 608 -0.3135677820970262
569 570 0.828466293146531
569 609 0.04331740186901256
570 571 -0.5401558482720328
570 610 -0.5401245982647522
571 572 -0.9375976254523615
571 611 -0.6654764968636087
572 573 0.45737554445380524
572 612 -0.35905479056322886
573 574 0.5500484405433572
573 613 -0.6657376779525366
574 575 0.017934031753632507
574 614 0.680856852128928
575 576 -0.02006718330249635
575 615 0.7402714387274245
576 577 0.5924356561809461
576 616 0.6178158074324125
577 578 -0.23410139582223222
577 617 0.03540033921632668
578 579 -0.6206974996885029
578 618 -0.9172516290261994
579 580 -0.40738054501301746
579 619 -0.06243695786464598
580 581 -0.3418115502014991
580 620 -0.6259192856084705
581 582 0.9649611637597597
581 621 0.36153207856342706
582 583 0.1578196281330997
582 622 -0.47302179233855757
583 584 -0.7890376768903493
583 623 0.1807258123719535
584 585 0.02564506369844355
584 624 0.13300151579776487
585 586 -0.8441551566361822
585 625 -0.8969844835783887
586 587 0.14609083654557464
586 626 -0.9636775159870379
587 588 0.6929398035645224
587 627 -0.1319509345193639
588 589 0.05964451782841507
588 628 -0.6510346821412838
589 590 0.364367769329764
589 629 0.7485004664141723
590 591 -0.7479234348595876
590 630 -0.34691144676924646
591 592 -0.822502938313596
591 631 -0.7679843157230777
592 593 -0.55392235720805
592 632 -0.5712395113510296
593 594 -0.3086345091590912
593 633 0.20640762135767843
594 595 -0.9579258369538353
594 634 -0.6990181481735598
595 596 0.2036606554318845
595 635 -0.964061446695591
596 597 -0.7027287051325779
596 636 -0.024794376066453516
597 598 -0.04808054320943467
597 637 -0.298568936758973
598 599 0.04191279851006202
598 638 0.07134232468135293
599 600 -0.36108997838706136
599 639 0.30474860005139637
600 640 -0.7046884775219397
601 602 0.4052447105104926
601 641 -0.34486104747315394
602 603 -0.24511843527871058
602 642 -0.19430557965465312
603 604 0.5525626685306384
603 643 -0.48036502446477214
604 605 -0.30501163071180937
604 644 0.3224267364001705
605 606 0.9494749996987657
605 645 0.30472452806395034
606 607 -0.9255120716770857
606 646 0.6310765307774469
607 608 0.8500831508006264
607 647 -0.41600635709783873
608 609 -0.12192432892658833
608 648 -0.20436946842159354
609 610 0.3619004024210988
609 649 0.6973339305865776
610 611 -0.45235251020874423
610 650 -0.4446285999888173
611 612 0.42407125098703613
611 651 0.8851390621957231
612 613 0.04087318326089173
612 652 -0.7802126631183197
613 614 -0.6165337843411831
613 653 0.6318869325881844
614 615 -0.030098617145293938
614 654 -0.7059542026435097
615 616 0.7720295319165051
615 655 0.2531026770751603
616 617 -0.6574285673759803
616 656 -0.6869460414386552
617 618 -0.7414449322008265
617 657 0.5831307238382029
618 619 0.19555435251274744
618 658 0.4590187228293072
619 620 -0.7260679329934034
619 659 0.8435737410955269
620 621 -0.06088304630256558
620 660 -0.6496673914545754
621 622 -0.07010094045457271
621 661 -0.6767967684893781
622 623 -0.4894607923823535
622 662 -0.5288293517274179
623 624 -0.24669002255386707
623 663 0.15209468477019228
624 625 -0.7259107055950007
624 664 0.8711686259060945
625 626 0.29174704593727663
625 665 -0.20118225493735253
626 627 -0.7864469458890742
626 666 0.5802427833465307
627 628 -0.834831975323796
627 667 0.33512666583428774
628 629 0.5939872792084135
628 668 0.5106153231223198
629 630 -0.9331029340327062
629 669 0.20598264328215143
630 631 -0.4685762930287036
630 670 0.1819856494511216
631 632 0.4840574885755684
631 671 -0.3829626954230263
632 633 0.545186909906612
632 672 -0.14580190177515662
633 634 0.7806757425250328
633 673 -0.7182330057682054
634 635 -0.22372717670888775
634 674 -0.8043375412493103
635 636 -0.25171202899975764
635 675 0.21271891987761804
636 637 0.9148211480562127
636 676 -0.9576751647095276
637 638 -0.3487438070542932
637 677 -0.7935073493262708
638 639 0.5021049518372167
638 678 0.8790448043677821
639 640 -0.822856256423071
639 679 -0.3943924820094935
640 680 0.6426699145294854
641 642 -0.33070494178788845
641 681 0.9561161580330377
642 643 0.7703553888655899
642 682 -0.5956913132598549
643 644 0.2778261385243148
643 683 0.6535999503213512
644 645 0.30910799966477165
644 684 -0.534048114215401
645 646 0.3123111726226553
645 685 0.8550325416800211
646 647 -0.4368194608091558
646 686 0.8506021861635347
647 648 0.5017089211850139
647 687 -0.18708910899439068
648 649 0.7248966942520909
648 688 -0.44477138462266086
649 650 0.016400994073174857
649 689 0.6518327571971214
650 651 0.927713488559003
650 690 -0.2826527074716767
651 652 -0.9331368127557409
651 691 -0.888472448069179
652 653 0.5971619356187443
652 692 -0.10955700523623113
653 654 -0.02323925295920981
653 693 0.020091307410292414
654 655 0.6519674186472262
654 694 -0.8434717135165102
655 656 0.28735765718273854
655 695 0.7042417038274897
656 657 -0.7478843380528626
656 696 -0.3185739424255105
657 658 -0.4460152356156126
657 697 -0.8789743653277045
658 659 0.8232711623993612
658 698 0.9200275895896692
659 660 -0.3046062312058042
659 699 0.0596365872957243
660 661 -0.022471876785796763
660 700 0.4680547385354301
661 662 0.7063207681180881
661 701 0.24738371277406124
662 663 -0.9395740603941696
662 702 -0.2241583858747973
663 664 0.8315459167596562
663 703 -0.2100585546394802
664 665 0.8814265489312243
664 704 -0.4251766960333283
665 666 -0.07847314584352971
665 705 -0.7590201547516569
666 667 -0.19862817104692265
666 706 -0.6373210791694177
667 668 -0.18324452356642662
667 707 -0.035201807305122346
668 669 -0.4462070061564021
668 708 -0.793001758143504
669 670 -0.10773557938554901
669 709 -0.6111505944858282
670 671 -0.7934687557626094
670 710 -0.11672086070583765
671 672 -0.42918139961748203
671 711 0.4767914671434501
672 673 -0.6311256149571616
672 712 0.4047361941652752
673 674 -0.24429062817969438
673 713 -0.22210771987982714
674 675 -0.06167842610322327
674 714 0.49636041149470067
675 676 -0.06377082477767093
675 715 0.12670809894929125
676 677 -0.4045665025693692
676 716 0.15003843834750463
677 678 0.8424067957814829
677 717 0.06712288725774118
678 679 0.3354444687271625
678 718 -0.7732410747074383
679 680 -0.36561766282027164
679 719 0.3056715930391738
680 720 0.8905677691096849
681 682 0.24916422347070477
681 721 0.9006270493990507
682 683 -0.16197034503249896
682 722 0.2959183466785227
683 684 0.0426105166408588
683 723 -0.15102972224489442
684 685 -0.15805045998360523
684 724 0.35308703109989836
685 686 0.8660452375353069
685 725 0.7565131777735821
686 687 0.8660824826480567
686 726 0.5756350090155962
687 688 0.6771339131563789
687 727 0.49190182216654144
688 689 0.22278436074142927
688 728 -0.5617357671861261
689 690 -0.5686545680476403
689 729 0.4111619436891809
690 691 -0.3325790093248411
690 730 0.4682911896943933
691 692 0.14750867932990253
691 731 0.11527271892956947
692 693 0.06858392333100882
692 732 -0.7344551434990232
693 694 -0.24472805031737987
693 733 0.3299175266661514
694 695 0.16712533530619922
694 734 -0.9467254149648754
695 696 0.25226299737519775
695 735 0.6933574961351319
696 697 0.05799618098806758
696 736 -0.6354869544660995
697 698 -0.7860032228014635
697 737 -0.48281421369920063
698 699 0.18767671856355306
698 738 -0.7186305625176157
699 700 -0.504690337957995
699 739 -0.41928802123130415
700 701 0.9413420802964907
700 740 -0.5308861094898263
701 702 -0.4302476871775547
701 741 0.7932274561120378
702 703 0.35839169380185676
702 742 -0.94355749339324
703 704 -0.9878502225259014
703 743 0.963155062110731
704 705 0.762070612004109
704 744 -0.6856839462360962
705 706 -0.4911001254737519
705 745 -0.7825820675769286
706 707 0.8019897593189833
706 746 0.7944626245508966
707 708 -0.16528550544469778
707 747 0.6065146146452938
708 709 -0.8996756016188436
708 748 -0.47253118279575745
709 710 0.9480612201475449
709 749 0.3802599355962011
710 711 0.012165770261088227
710 750 0.8692237742563931
711 712 0.5774811018104136
711 751 0.7780055357659326
712 713 -0.19268528372978855
712 752 -0.024561767906744247
713 714 -0.9156852398480966
713 753 -0.12260425190493529
714 715 0.6779447628046744
714 754 -0.011308807145675948
715 716 0.2661807259158522
715 755 0.15333042704562128
716 717 0.2976778862938534
716 756 0.7596869702439071
717 718 -0.6592236212373803
717 757 0.6054419482767703
718 719 -0.19807455098597426
718 758 0.2760190527797257
719 720 -0.08577180457579692
719 759 0.12057908082577096
720 760 -0.7297620343716482
721 722 0.5349513012409775
721 761 0.650018506429547
722 723 0.023285905586662103
722 762 -0.3323350289707938
723 724 0.062006075608564304
723 763 0.8919562453401206
724 725 0.21069057251181533
724 764 0.217361013083321
725 726 -0.19694937540915203
725 765 -0.44210067779414963
726 727 0.6538206232454564
726 766 -0.3938740964212206
727 728 -0.9464094218184047
727 767 0.7882390519842501
728 729 -0.38717074104508487
728 768 0.468816426112036
729 730 -0.33496700152133974
729 769 0.6056471310117368
730 731 -0.07575002418144683
730 770 -0.013292217859404376
731 732 0.7773993998648008
731 771 0.7465683318256107
732 733 0.43829916099135047
732 772 0.2986052163845354
733 734 -0.9791764284445363
733 773 0.7365364477496046
734 735 0.922202430896929
734 774 -0.03933475159494737
735 736 0.9843192250105919
735 775 -0.2924787988885913
736 737 -0.8897579727526119
736 776 0.6165330580343982
737 738 -0.9741712911394456
737 777 0.5961081031234712
738 739 0.7056390993724808
738 778 0.02583792545805519
739 740 -0.6791751858417645
739 779 -0.5508869873305917
740 741 -0.5502828566360496
740 780 -0.14365279665319797
741 742 0.9884986191259486
741 781 -0.6949700713151814
742 743 0.0425626653594644
742 782 -0.09076564297049972
743 744 -0.5461709022435497
743 783 -0.916877653732425
744 745 0.6762511411497245
744 784 -0.5200504519353517
745 746 -0.5938230743622537
745 785 0.05122462631377034
746 747 -0.09786241019242348
746 786 -0.5568571276653991
747 748 0.023991580721470784
747 787 -0.4684695380911268
748 749 -0.5385054208652473
748 788 -0.19480448374632187
749 750 -0.7545695150237042
749 789 -0.05958298845539267
750 751 -0.4345988031305654
750 790 0.32741384428485487
751 752 -0.5178375042773551
751 791 -0.0466094136490709
752 753 -0.5814346295216937
752 792 0.5543617852224214
753 754 -0.603157825928889
753 793 0.08544194438239194
754 755 -0.031354777518884935
754 794 0.49558650174466856
755 756 0.6145981291579083
755 795 -0.8860828243869345
756 757 -0.3773469923456234
756 796 -0.598219864342695
757 758 -0.5996788621229923
757 797 0.6068571167783237
758 759 -0.8396763181313851
758 798 0.3222298508676913
759 760 -0.17943277825809378
759 799 0.6460470913955314
760 800 -0.8507907653036344
761 762 -0.18671939638667667
761 801 -0.09738317715737144
762 763 0.5569468677186893
762 802 -0.7291297308647784
763 764 0.9985473242884857
763 803 0.34184717769652284
764 765 -0.9210331564486693
764 804 0.8108719095499173
765 766 -0.03815000666624502
765 805 0.5136416627266787
766 767 -0.6828995290819064
766 806 -0.26710058087734456
767 768 -0.6628823634382259
767 807 0.7604682315883979
768 769 0.04771225487927744
768 808 -0.16200899126547763
769 770 -0.30324539322463706
769 809 0.3964179746308787
770 771 0.6597102203894498
770 810 -0.7289859659892004
771 772 0.46152887731537007
771 811 0.3578860530730148
772 773 0.8056581290636557
772 812 0.17734375070184472
773 774 0.5253209239032741
773 813 -0.5720122577613858
774 775 -0.3201369222344308
774 814 0.6340370326566802
775 776 -0.3502918462523148
775 815 -0.34016984535482897
776 777 -0.2944840270773428
776 816 0.38096569685913373
777 778 -0.8234998210793867
777 817 -0.6979881560734844
778 779 -0.2187517545983957
778 818 0.21476173069646487
779 780 -0.1788469470312597
779 819 0.7948910709472443
780 781 -0.6711837675655523
780 820 -0.6951146522082225
781 782 0.8056976896257628
781 821 0.13746336465996123
782 783 -0.3103765966936658
782 822 -0.8138135157222446
783 784 0.2703745999923828
783 823 -0.933953392386009
784 785 0.9402508025251473
784 824 -0.6227970817290656
785 786 0.6319521342139478
785 825 -0.5629442456135303
786 787 -0.7569869315705842
786 826 0.8151753696099924
787 788 -0.3382634128714961
787 827 -0.3602787375104213
788 789 0.6814471010638539
788 828 -0.7436203246249946
789 790 0.7724648383649888
789 829 -0.8914324274781464
790 791 0.07369348734073045
790 830 -0.26591030280469496
791 792 -0.9412299896109273
791 831 0.5129130881197628
792 793 0.789500700187767
792 832 0.5782006283024068
793 794 -0.4525568209836577
793 833 0.5761926140027136
794 795 -0.41131389123507645
794 834 0.42447210316349326
795 796 0.36120363738911765
795 835 0.01806647624120461
796 797 0.9730011089122952
796 836 -0.3507555618481022
797 798 0.9484527640599538
797 837 -0.9750989970330841
798 799 0.6074889317743553
798 838 -0.3131228505223651
799 800 0.5721432457586386
799 839 -0.7227684253817506
800 840 0.7015440440878598
801 802 -0.19873674527665286
801 841 0.990276320677117
802 803 -0.6165784554888885
802 842 -0.19482170420807043
803 804 0.5791522740845654
803 843 0.9631751093872736
804 805 0.7781127617989687
804 844 -0.6426374345744701
805 806 0.01776516032963582
805 845 -0.24945362271448523
806 807 -0.21348901452984115
806 846 0.8716670486473763
807 808 -0.20869470934394108
807 847 -0.8951915058959292
808 809 -0.47299240662488584
808 848 -0.8704766370043091
809 810 0.6519883987399753
809 849 0.6837105463047042
810 811 0.03788744188729387
810 850 -0.9220320138411926
811 812 0.6293187885611606
811 851 0.6950602935085832
812 813 0.9672202110353021
812 852 0.9386458723733435
813 814 0.3838298400357947
813 853 0.2657566017834554
814 815 -0.38732127751943035
814 854 0.9965266061897602
815 816 -0.511024848934982
815 855 -0.44715180198763793
816 817 0.3329406089440914
816 856 -0.40076977767214594
817 818 0.44177908068116456
817 857 0.4160648256597437
818 819 0.41808897212453244
818 858 -0.15236130842477014
819 820 -0.4634114130775713
819 859 -0.8605949184788102
820 821 -0.4156831951724884
820 860 0.5744243886594311
821 822 -0.556026572028971
821 861 -0.8745383659244985
822 823 -0.7905645469854878
822 862 -0.34295219350297756
823 824 -0.02281120299974737
823 863 -0.325130218541964
824 825 0.6956639488933574
824 864 -0.6074478137776087
825 826 0.20249689218361855
825 865 -0.47811827164212395
826 827 0.6848786212942124
826 866 -0.5621372676449103
827 828 -0.6151193482850177
827 867 -0.25206752358221096
828 829 -0.48082051548572347
828 868 -0.3774342037543925
829 830 -0.512831214684561
829 869 0.17927556079981333
830 831 -0.515397558463732
830 870 -0.12151193274404903
831 832 0.3384007169894825
831 871 0.6233997213726281
832 833 0.08279520544638874
832 872 -0.4051681967615548
833 834 0.3358851625355408
833 873 -0.5178067960807613
834 835 -0.07915354185656853
834 874 -0.7262382249487642
835 836 0.4422497397615943
835 875 -0.4405090817883983
836 837 -0.723975004175716
836 876 -0.915652320886623
837 838 -0.2694879577373004
837 877 -0.7565806749486337
838 839 -0.4971795841612334
838 878 0.1805564723478008
839 840 0.7668394191091161
839 879 -0.23667868635437506
840 880 -0.24835926472209668
841 842 -0.6448716481242214
841 881 0.9251938060557006
842 843 0.5736889304954493
842 882 -0.49238361214462123
843 844 -0.7168831756947662
843 883 -0.9474259602264279
844 845 -0.22419294348517016
844 884 0.8152691882977801
845 846 0.19550332813932303
845 885 0.2843263706370762
846 847 0.6597605972007614
846 886 0.6809799751033203
847 848 0.7651796125231596
847 887 0.2653068372314795
848 849 -0.9357609489069274
848 888 0.6485033346945341
849 850 -0.5038147835893574
849 889 0.9909026924227688
850 851 -0.49281352785405685
850 890 -0.5207795430999957
851 852 0.5094485459109703
851 891 -0.590353429864493
852 853 0.31967657308236763
852 892 -0.09414805465957987
853 854 0.16212993418252197
853 893 -0.10221482626261302
854 855 0.8002031740686462
854 894 -0.5169482130867469
855 856 -0.27083123613198135
855 895 -0.034301173018107756
856 857 -0.4780251139153524
856 896 -0.04202940456596527
857 858 0.2671122029547288
857 897 0.41749579218915045
858 859 0.8925281753698526
858 898 -0.8842601820442597
859 860 -0.8373004071231134
859 899 0.15322599170402018
860 861 -0.44717928280816555
860 900 -0.5019040496660256
861 862 0.45510749600137723
861 901 -0.975333081626155
862 863 0.7650836046741343
862 902 0.7671727419412933
863 864 -0.721273294050307
863 903 0.1801913871488161
864 865 0.8160183688991443
864 904 0.992257189589012
865 866 -0.7687676817581603
865 905 -0.6506092720534067
866 867 0.9942951896313004
866 906 0.5749040590818049
867 868 -0.6496439534613814
867 907 0.5085142762377588
868 869 0.11900583804510645
868 908 -0.9792753374723322
869 870 0.2291607115974723
869 909 0.11350665277969596
870 871 0.7537802039591095
870 910 0.22240411809012506
871 872 -0.19538560301942098
871 911 -0.3285604005066567
872 873 -0.5288951296905926
872 912 -0.6961565866872377
873 874 0.5322711910797748
873 913 0.46503493945552044
874 875 -0.16350209041547603
874 914 0.46226588492235
875 876 0.36450196858939354
875 915 -0.9519539230870151
876 877 0.6345519212197124
876 916 -0.8521695116646066
877 878 0.30795987937996294
877 917 -0.4215456077461206
878 879 -0.46196240867475047
878 918 0.2051266771893343
879 880 0.2796258542561638
879 919 0.39123525342229204
880 920 -0.7533346411289215
881 882 -0.16149945948178757
881 921 -0.15189510689800256
882 883 -0.7810291573369623
882 922 0.8613520287637726
883 884 0.49288552244829464
883 923 0.23317614808094023
884 885 -0.0957368996531629
884 924 -0.13341372641685556
885 886 0.9570596913644305
885 925 0.24307639046444862
886 887 0.38679027638242713
886 926 0.59583534607295
887 888 -0.4204134999331959
887 927 0.7349632484593167
888 889 0.37399822270145133
888 928 0.53013683952317
889 890 -0.9914471129448363
889 929 -0.18613499102109143
890 891 -0.26349153852355456
890 930 -0.33958892225073734
891 892 0.1374089664993665
891 931 -0.27967134464864074
892 893 0.6387473373756205
892 932 0.40431603679294503
893 894 0.31747844994189234
893 933 -0.6967678408956779
894 895 -0.14810654120079492
894 934 0.6327301594032346
895 896 0.8457901000574239
895 935 0.1420943590174304
896 897 -0.9753169686435197
896 936 -0.38804881038371897
897 898 0.3695620464792897
897 937 0.7282507381868935
898 899 0.5879233317015593
898 938 0.7986535453203665
899 900 0.12462694259044071
899 939 0.9183371962921971
900 901 0.994220150052578
900 940 0.7365243060575233
901 902 0.8323475933615736
901 941 -0.7836566827948213
902 903 0.023934494063085898
902 942 -0.973743946899327
903 904 0.9990170086775798
903 943 0.9260393230310473
904 905 -0.6912485993144766
904 944 0.9462856933881609
905 906 -0.4371546295417512
905 945 0.9711864268667612
906 907 -0.7194604385470393
906 946 -0.029225269843603963
907 908 0.07627295958357516
907 947 -0.67138469325511
908 909 -0.7353210808781923
908 948 -0.9061720651982847
909 910 -0.041363924565307464
909 949 -0.9524450222508796
910 911 -0.07468541788984462
910 950 -0.8891421301720748
911 912 0.14951595922644279
911 951 0.39140951291498927
912 913 -0.10364230998466617
912 952 -0.6772886066821118
913 914 -0.0929171590843505
913 953 -0.3795650969636519
914 915 0.9846596990638041
914 954 0.22880978733286783
915 916 -0.6847437716868561
915 955 0.5691391609501755
916 917 -0.2819013504803818
916 956 -0.03868953598446456
917 918 0.10662701741503566
917 957 0.9574711270995884
918 919 0.6045572004589141
918 958 -0.921264278170449
919 920 0.30154640680066414
919 959 -0.7343428176954427
920 960 -0.018376895872499244
921 922 -0.07370226054530815
921 961 -0.25255370235216934
922 923 -0.7472254324508052
922 962 0.2100107807271272
923 924 -0.8015906014478542
923 963 0.04380535071431213
924 925 0.4192245387338627
924 964 -0.6781957242974948
925 926 -0.21319913680433977
925 965 0.8696767434143491
926 927 -0.07086121663498224
926 966 0.7998244162110741
927 928 -0.48183865763487543
927 967 -0.34139585545796436
928 929 0.2359550763177416
928 968 -0.8863842864050178
929 930 -0.34003451967948206
929 969 0.9085863712487783
930 931 -0.37005271692458264
930 970 0.9954245925603697
931 932 0.24454079069762136
931 971 0.9603561968165939
932 933 0.07689813328348571
932 972 0.37467672068668967
933 934 0.06789607101118045
933 973 0.5950314379196184
934 935 0.1357846736609798
934 974 -0.25703881234693315
935 936 0.05083352518095641
935 975 0.8514671427626375
936 937 -0.22524758705807457
936 976 -0.02007155319242182
937 938 0.328822577123582
937 977 -0.391163874530958
938 939 0.616593363997255
938 978 -0.5733524502897849
939 940 -0.37401097119136373
939 979 0.9017112933277094
940 941 0.28294921731509004
940 980 0.35189046634126786
941 942 0.2230848923837374
941 981 -0.38146956602961124
942 943 -0.5627070207019109
942 982 -0.18662538163210884
943 944 -0.9538805069149308
943 983 0.059746495578957726
944 945 -0.35942837306873043
944 984 0.8881682913461029
945 946 0.5405018465836469
945 985 -0.4813202379319734
946 947 0.40259351700048707
946 986 -0.29388330234979
947 948 -0.33843987922061936
947 987 -0.5659880004828435
948 949 0.06826864441326608
948 988 0.21048810434169596
949 950 -0.09406630558304219
949 989 0.08821372659783888
950 951 -0.32612316203851055
950 990 -0.4725614588991578
951 952 -0.17236468600471655
951 991 -0.49702182004631545
952 953 0.5955338276843836
952 992 0.4430709618356139
953 954 0.9828677705938362
953 993 -0.6747691347794815
954 955 0.7655152234083558
954 994 0.5004813892545203
955 956 -0.5722921693666951
955 995 0.38905452516940264
956 957 0.3674005822283464
956 996 0.2558895647758912
957 958 0.2706028127962943
957 997 0.18606220244648575
958 959 0.6773234860999129
958 998 0.1435201572408833
959 960 -0.10753655625300929
959 999 0.939284555082982
960 1000 -0.4450638925864625
961 962 -0.06898379965497803
961 1001 -0.9296634770583905
962 963 -0.4197561268243457
962 1002 0.2530587838451406
963 964 0.014863962957324395
963 1003 -0.4286139481547835
964 965 0.727503651678622
964 1004 -0.9722748371039296
965 966 0.46364149260034115
965 1005 -0.13886073643400398
966 967 0.9407006472639254
966 1006 -0.17762033003831057
967 968 0.108138318177885
967 1007 0.20374728322058444
968 969 0.3537144085974613
968 1008 -0.6984724594296357
969 970 0.13103143110294124
969 1009 0.48792140836026476
970 971 0.15307470898793563
970 1010 -0.2510979968917979
971 972 0.5983719710388085
971 1011 0.8551662590072311
972 973 0.8115878256941125
972 1012 0.14520338945001465
973 974 0.7885523575732538
973 1013 0.02926075299808195
974 975 -0.17343232950025667
974 1014 -0.6172615074724819
975 976 0.19287437358127013
975 1015 -0.09699516011717657
976 977 -0.816682365037114
976 1016 0.4637801409264781
977 978 -0.36959267753605873
977 1017 -0.8986482040648767
978 979 -0.6982812909600677
978 1018 0.9431788583082152
979 980 -0.7122263872642078
979 1019 0.8997169937001877
980 981 0.09719352821606275
980 1020 -0.01980516978497837
981 982 0.5828528842837439
981 1021 -0.38563321501743775
982 983 -0.6393894334831631
982 1022 0.8734859667619506
983 984 -0.9710490116272446
983 1023 0.9658550793401115
984 985 -0.8348982521514838
984 1024 0.7799704002581418
985 986 -0.799735729579738
985 1025 -0.21882672273147352
986 987 0.2710309010791683
986 1026 -0.6602917928167653
987 988 0.30165221523013197
987 1027 0.13193653143564954
988 989 -0.7144231083288477
988 1028 0.4919268047949803
989 990 -0.978671908166902
989 1029 0.9966258618319368
990 991 -0.9414698674941466
990 1030 0.3025839788181619
991 992 -0.8698209913263699
991 1031 -0.3263106113271097
992 993 0.250634442984657
992 1032 0.9433392959382947
993 994 -0.8702329942542331
993 1033 -0.19963956137365968
994 995 -0.1998487878225228
994 1034 -0.502856418209797
995 996 0.2562403781031093
995 1035 -0.20900568952845355
996 997 0.901959622425953
996 1036 -0.3679952369947217
997 998 -0.28266367848482243
997 1037 -0.7480726775047626
998 999 0.4594063650455096
998 1038 -0.10417857504374894
999 1000 0.1297494979682683
999 1039 0.7363005380653889
1000 1040 0.6457408017085422
1001 1002 -0.8314546605363087
1001 1041 0.4650413962839002
1002 1003 0.31895190768163273
1002 1042 -0.8645476767486104
1003 1004 -0.503123021450383
1003 1043 -0.6393016396061169
1004 1005 -0.8518135811339755
1004 1044 -0.24816851392983152
1005 1006 -0.08096574641595922
1005 1045 0.9975808177492782
1006 1007 0.8111796547920205
1006 1046 0.4251644116921367
1007 1008 -0.05900577824873565
1007 1047 0.5830087749934745
1008 1009 0.9300673079684321
1008 1048 0.9046768868806332
1009 1010 -0.27486182454934194
1009 1049 -0.6282091811368107
1010 1011 0.04755220486226697
1010 1050 0.8479266527289364
1011 1012 -0.25163691455576465
1011 1051 0.1701141782791662
1012 1013 -0.2498562558303674
1012 1052 0.2850954518780324
1013 1014 -0.7591131813962135
1013 1053 0.09571197173612234
1014 1015 0.7052830837242146
1014 1054 -0.4780855027072395
1015 1016 -0.4444263739821883
1015 1055 -0.6996003411926308
1016 1017 0.7887781525320519
1016 1056 0.9835670931035232
1017 1018 -0.17351088193293673
1017 1057 -0.4903523756448438
1018 1019 0.2829573466059869
1018 1058 -0.8848437555532707
1019 1020 -0.6079271549560743
1019 1059 -0.7865015247979428
1020 1021 -0.4000645313444744
1020 1060 -0.45386581597449593
1021 1022 -0.8392009183760583
1021 1061 -0.6976078515781643
1022 1023 0.5160925179329867
1022 1062 -0.36502952922817866
1023 1024 0.7793726609079643
1023 1063 -0.5867445864380625
1024 1025 -0.7411242028920177
1024 1064 -0.33631473577502513
1025 1026 0.2735769835797517
1025 1065 -0.17040709706078494
1026 1027 -0.9414482957834784
1026 1066 0.5822768059537082
1027 1028 -0.11946907470435408
1027 1067 -0.1451138666464069
1028 1029 0.18874880754366186
1028 1068 0.20847192333649378
1029 1030 -0.5030192360420209
1029 1069 -0.27988080184452047
1030 1031 -0.7762922577598499
1030 1070 -0.3465835676126041
1031 1032 -0.6606311650252403
1031 1071 -0.4939903398963996
1032 1033 -0.1126008390820663
1032 1072 0.6305860638041552
1033 1034 0.042705617859429834
1033 1073 -0.3027797337026106
1034 1035 0.3883711590327137
1034 1074 0.4952193351595948
1035 1036 -0.38056679553070105
1035 1075 0.4753932620878578
1036 1037 0.7969871499982324
1036 1076 -0.45390717497304167
1037 1038 -0.648484084631016
1037 1077 0.34848172138784284
1038 1039 -0.6599901712900207
1038 1078 -0.244550389703452
1039 1040 0.5003095362048218
1039 1079 0.3178880755782698
1040 1080 0.10518107705178759
1041 1042 0.27239998766573503
1041 1081 -0.9441844222769349
1042 1043 -0.28911415039795463
1042 1082 -0.33055184504645485
1043 1044 0.16764613395022443
1043 1083 -0.6921627852980701
1044 1045 -0.5012729541989596
1044 1084 0.02524668976014821
1045 1046 0.9271963683324136
1045 1085 -0.9869607941296996
1046 1047 0.2839940409995929
1046 1086 0.0516221880079033
1047 1048 0.08235567507716057
1047 1087 0.324673202703309
1048 1049 0.9267763210737958
1048 1088 -0.13113133540450184
1049 1050 -0.9467698659764756
1049 1089 -0.7404947588141308
1050 1051 0.5676291360058028
1050 1090 -0.05881942290401021
1051 1052 -0.7363986325052378
1051 1091 -0.9991107632885345
1052 1053 0.19250703699968819
1052 1092 -0.4168615334293013
1053 1054 0.3224088119566091
1053 1093 0.31942834707855994
1054 1055 0.1695282583572375
1054 1094 -0.21453439991273715
1055 1056 -0.5643044131394506
1055 1095 0.027137086571204616
1056 1057 0.0780081942052191
1056 1096 -0.6455952452559357
1057 1058 -0.010622149991835084
1057 1097 0.08850426694207414
1058 1059 -0.9063203866137766
1058 1098 0.17370318755412462
1059 1060 0.8082272546169416
1059 1099 0.6051187295755631
1060 1061 0.9720582712508752
1060 1100 0.7890806558261743
1061 1062 0.9698415495448902
1061 1101 0.9487693593602302
1062 1063 -0.9565766286497581
1062 1102 0.035266742504238335
1063 1064 0.8186466836634858
1063 1103 -0.46331390229132174
1064 1065 -0.12621693819634494
1064 1104 -0.5741854614777497
1065 1066 -0.5299466092199556
1065 1105 0.49359677838615146
1066 1067 -0.699147808891665
1066 1106 -0.7117667318554621
1067 1068 0.3781241097628032
1067 1107 -0.6303479263747964
1068 1069 -0.8775404465601697
1068 1108 -0.22611822018491434
1069 1070 0.5392413359130108
1069 1109 -0.3253983159120415
1070 1071 0.3536226762095913
1070 1110 0.7642428395409389
1071 1072 0.1250634058441884
1071 1111 0.9944482450463126
1072 1073 0.8930163674063885
1072 1112 0.9345342939000119
1073 1074 -0.8782907056357805
1073 1113 0.45274424181274187
1074 1075 -0.3358196411400627
1074 1114 0.008340969593219505
1075 1076 -0.1519454040690209
1075 1115 -0.5398169071904761
1076 1077 0.2822797942721704
1076 1116 0.378222060606348
1077 1078 -0.7638779752259766
1077 1117 0.33493630405009367
1078 1079 -0.6173950450382664
1078 1118 -0.7438659831958363
1079 1080 -0.2421657674961366
1079 1119 0.523406729274245
1080 1120 0.02912416861765954
1081 1082 -0.3996598803520268
1081 1121 -0.558294958342229
1082 1083 -0.6449872655665292
1082 1122 -0.9839933204354376
1083 1084 0.4234551754105371
1083 1123 0.7175048109040705
1084 1085 -0.7130394861601366
1084 1124 0.28331100267144316
1085 1086 0.6919103412192649
1085 1125 -0.27503773218663397
1086 1087 0.8884283870276057
1086 1126 -0.27493490135800247
1087 1088 -0.8426844662927149
1087 1127 0.8090352429159795
1088 1089 0.2890354200129166
1088 1128 -0.8428965777548665
1089 1090 -0.3136404507070776
1089 1129 0.4550520390802555
1090 1091 -0.7027240510627095
1090 1130 -0.8539077940592827
1091 1092 0.4149851506202027
1091 1131 -0.6140503367929977
1092 1093 0.8020599180155643
1092 1132 -0.5866926680667968
1093 1094 0.4755810005448875
1093 1133 0.6373078008354589
1094 1095 0.6210518934303928
1094 1134 -0.1685590023960819
1095 1096 0.02410077789040299
1095 1135 -0.6339509144568849
1096 1097 0.5373163479141707
1096 1136 -0.1939296648723381
1097 1098 -0.9502784092962724
1097 1137 -0.3786887889186914
1098 1099 -0.28550647201645174
1098 1138 -0.2512990991138755
1099 1100 0.11904513831243468
1099 1139 -0.8527341152895425
1100 1101 0.9566125428316257
1100 1140 -0.6437352341995146
1101 1102 -0.11620884899808592
1101 1141 0.3642754916013782
1102 1103 -0.3128733366364904
1102 1142 0.5228331299279225
1103 1104 -0.27979692719335225
1103 1143 0.9614876163714561
1104 1105 -0.5620532369416247
1104 1144 -0.7130852108131862
1105 1106 -0.8217734039063029
1105 1145 0.8688250179032662
1106 1107 -0.551546150521782
1106 1146 0.6490371426670711
1107 1108 0.35987725778211055
1107 1147 -0.7310557620614786
1108 1109 -0.6734888519003743
1108 1148 -0.7039616958425248
1109 1110 -0.3177079571284873
1109 1149 0.6566716087050102
1110 1111 -0.06866822522654803
1110 1150 0.25906824188251387
1111 1112 0.7503381492689949
1111 1151 -0.3353181554876994
1112 1113 0.37526104935680094
1112 1152 0.0459059765074421
1113 1114 -0.33719872464848333
1113 1153 -0.3886438094440965
1114 1115 0.7566058487253355
1114 1154 0.320996684737368
1115 1116 0.5154448343910187
1115 1155 -0.21204009720519412
1116 1117 -0.2631955512861066
1116 1156 -0.7626239627439464
1117 1118 0.8537925916138784
1117 1157 -0.10271691538356031
1118 1119 -0.25179689348042666
1118 1158 0.595749550508339
1119 1120 0.52429419116818
1119 1159 -0.2163057773066146
1120 1160 0.08387896708814613
1121 1122 -0.8899600133195997
1121 1161 0.046492141556583766
1122 1123 -0.9791231958105577
1122 1162 0.19491760927824653
1123 1124 0.3728827415963698
1123 1163 -0.4697407823756168
1124 1125 0.0782110075970488
1124 1164 0.6598283515399819
1125 1126 -0.20542677009090848
1125 1165 -0.41108070804474184
1126 1127 -0.7202189297276171
1126 1166 -0.8794313901330106
1127 1128 -0.8382379666675304
1127 1167 0.37948159780827284
1128 1129 0.7744754252315744
1128 1168 0.4531977720373648
1129 1130 -0.07461752460034776
1129 1169 0.40215963634784946
1130 1131 -0.9953695292762565
1130 1170 0.8108245588733975
1131 1132 0.8072864463640015
1131 1171 -0.36080651779066475
1132 1133 -0.015556059479769457
1132 1172 0.3198026090046
1133 1134 0.9541320610419532
1133 1173 0.8145889812633225
1134 1135 0.097613783529241
1134 1174 -0.006970180789270142
1135 1136 -0.22567814236515127
1135 1175 0.6648527690916741
1136 1137 0.4705242385805979
1136 1176 -0.6907010427514415
1137 1138 0.4947837667824182
1137 1177 0.3419755448388233
1138 1139 -0.5429007020376992
1138 1178 -0.6234898735646572
1139 1140 -0.4576563863318832
1139 1179 0.6188751989550441
1140 1141 0.5143315751315167
1140 1180 -0.9836440572115424
1141 1142 0.36657768303816507
1141 1181 -0.8872348256372025
1142 1143 0.10984787062084256
1142 1182 0.4586473799365782
1143 1144 -0.6219335319969355
1143 1183 -0.9449418620972994
1144 1145 0.7865173252169926
1144 1184 -0.5900942937313045
1145 1146 -0.8387845720258196
1145 1185 0.881888891052242
1146 1147 -0.6620053145065128
1146 1186 0.6783688837669621
1147 1148 -0.014890528366102496
1147 1187 -0.695448505431788
1148 1149 -0.07775451725801696
1148 1188 -0.5010497821508255
1149 1150 -0.33157771560815874
1149 1189 0.24191614555001206
1150 1151 -0.05305648584822853
1150 1190 -0.8885300672021148
1151 1152 0.3148027005712686
1151 1191 -0.3023266069802053
1152 1153 -0.24900138365427216
1152 1192 -0.30163575259356423
1153 1154 -0.7321234023201397
1153 1193 0.36507332010348414
1154 1155 0.1434090669772452
1154 1194 -0.5221493254158518
1155 1156 0.7606528278540576
1155 1195 -0.2587877066275648
1156 1157 -0.5363306324134844
1156 1196 0.5412481819228379
1157 1158 -0.545469186097298
1157 1197 0.2655106424313456
1158 1159 0.0237750069242757
1158 1198 0.6571672473996852
1159 1160 -0.20716276197217498
1159 1199 -0.20860871209638598
1160 1200 0.6504335327264046
1161 1162 -0.16726068541077965
1161 1201 -0.9035625003488592
1162 1163 -0.8307229592957572
1162 1202 -0.36866352614266895
1163 1164 -0.20593458626529593
1163 1203 0.02603205042448664
1164 1165 -0.4617501840934497
1164 1204 -0.6578885567345778
1165 1166 0.22959233330538753
1165 1205 -0.6467288411264207
1166 1167 0.6162192382156138
1166 1206 0.07567038836831763
1167 1168 0.23546328351796797
1167 1207 -0.48675965179999325
1168 1169 -0.3564559259340161
1168 1208 0.014576412206131817
1169 1170 0.16081702321688818
1169 1209 -0.3180964514924969
1170 1171 -0.6649565297012654
1170 1210 0.4869735443950549
1171 1172 -0.7055999429936097
1171 1211 0.885443720296669
1172 1173 0.6400234131218805
1172 1212 -0.0027783733887312145
1173 1174 -0.811165359413204
1173 1213 -0.5995633654878127
1174 1175 -0.6143734638549296
1174 1214 0.7541679329791702
1175 1176 0.670664646902398
1175 1215 0.553322531706097
1176 1177 0.28176341080024514
1176 1216 -0.6985399598929694
1177 1178 -0.6223367805812541
1177 1217 0.6167301143057431
1178 1179 0.14062298953841967
1178 1218 0.9358956790638426
1179 1180 -0.701024157391368
1179 1219 0.8741351999143392
1180 1181 -0.539566043529111
1180 1220 0.6549247090675745
1181 1182 0.6507904695433901
1181 1221 -0.13219864215736243
1182 1183 -0.7447085669819047
1182 1222 -0.1973073316427918
1183 1184 0.5594059145067811
1183 1223 -0.17177065677082948
1184 1185 -0.9801963605634247
1184 1224 -0.13595318810746249
1185 1186 -0.04092890370845237
1185 1225 0.13550392693000868
1186 1187 -0.38399685227245284
1186 1226 0.8230718416067351
1187 1188 -0.23934504486731156
1187 1227 -0.13870259573779498
1188 1189 0.6999035286680912
1188 1228 -0.3888690821121328
1189 1190 0.5345266885423381
1189 1229 -0.2579836610105464
1190 1191 -0.44339650809666376
1190 1230 -0.33289982792748685
1191 1192 -0.27004057986340757
1191 1231 0.9129322128593844
1192 1193 -0.2693925545704894
1192 1232 -0.7256242654208589
1193 1194 -0.5527619406218549
1193 1233 -0.8081276989466664
1194 1195 0.8790979614880301
1194 1234 0.5368161467069574
1195 1196 -0.5040229028876799
1195 1235 -0.12497562377533145
1196 1197 -0.3219458429641473
1196 1236 -0.7192682700504718
1197 1198 0.3577646030074575
1197 1237 0.03227269782175579
1198 1199 -0.22412057763699433
1198 1238 -0.9154405008465822
1199 1200 0.8795504973931279
1199 1239 0.7968189551483371
1200 1240 0.39658426660062474
1201 1202 0.14480903105921872
1201 1241 0.6070333013547526
1202 1203 0.9372366579399336
1202 1242 0.7471651024740258
1203 1204 -0.3115915583904125
1203 1243 0.09120465399601163
1204 1205 0.052865528834892705
1204 1244 -0.5162891825347633
1205 1206 -0.5832362988119861
1205 1245 -0.5674235509898851
1206 1207 -0.521394741680546
1206 1246 -0.3156338302832984
1207 1208 0.9994838598101867
1207 1247 0.718574289112339
1208 1209 -0.6063407767541293
1208 1248 0.25921890206693954
1209 1210 -0.02553795843512363
1209 1249 -0.006115875018356087
1210 1211 0.9571142666822747
1210 1250 0.16643510433062048
1211 1212 -0.6181544717203242
1211 1251 0.7927470478374168
1212 1213 0.2517004065004651
1212 1252 -0.8188458169000117
1213 1214 0.8410517282678773
1213 1253 -0.9622448200757296
1214 1215 -0.21339867282606084
1214 1254 -0.053373012216582305
1215 1216 -0.7618079745535182
1215 1255 0.2601699500428001
1216 1217 0.5547890529929218
1216 1256 0.471729400178593
1217 1218 0.9111337883477237
1217 1257 -0.2332711304088282
1218 1219 -0.7798478570093179
1218 1258 0.12811549980402837
1219 1220 -0.5451096238040156
1219 1259 -0.9613952675117239
1220 1221 -0.35950531906564387
1220 1260 -0.2838149825107865
1221 1222 -0.36314137988873374
1221 1261 0.382963565636824
1222 1223 -0.486863638335961
1222 1262 -0.4666838041062775
1223 1224 -0.6130537541745806
1223 1263 0.14293908918045473
1224 1225 -0.9788111992197324
1224 1264 -0.2134105884554831
1225 1226 0.3688498281442212
1225 1265 -0.3517853049018025
1226 1227 0.09346401171188945
1226 1266 -0.8078692435278159
1227 1228 0.17811640871884138
1227 1267 -0.7150284184194247
1228 1229 -0.8875420651203394
1228 1268 0.3749388357957848
1229 1230 0.11020499245540383
1229 1269 0.18585159333441914
1230 1231 -0.8931870911705424
1230 1270 0.6764543853850877
1231 1232 0.2592506608035472
1231 1271 0.36256332856876594
1232 1233 0.3087352719956993
1232 1272 -0.9082334628554807
1233 1234 0.7433303249932872
1233 1273 -0.4523160313793275
1234 1235 -0.5518003509987817
1234 1274 -0.19621208017314484
1235 1236 -0.7821154047115861
1235 1275 -0.7198815755220638
1236 1237 0.7324849573396994
1236 1276 0.5106068448868644
1237 1238 0.911568286201156
1237 1277 -0.9451624538901708
1238 1239 -0.6504961743525042
1238 1278 0.7417193303529901
1239 1240 0.9875432893385307
1239 1279 -0.4885878733078197
1240 1280 0.5298899058260456
1241 1242 -0.772796560920366
1241 1281 -0.4457655711496076
1242 1243 0.8255679883416487
1242 1282 -0.6602034781362289
1243 1244 0.372233469660862
1243 1283 -0.400614210013174
1244 1245 -0.08757177546305117
1244 1284 -0.7670359773061615
1245 1246 0.12285364865520187
1245 1285 -0.7938253453319826
1246 1247 0.3153113452546261
1246 1286 0.49722356118034705
1247 1248 -0.04847629741427495
1247 1287 0.9974246229107804
1248 1249 0.9780600330617473
1248 1288 -0.45351776623343887
1249 1250 -0.659482278306802
1249 1289 0.016305018393252935
1250 1251 0.707687147737146
1250 1290 0.6432302023618672
1251 1252 -0.7109553056626239
1251 1291 -0.12325420842756851
1252 1253 -0.9220429864024
1252 1292 -0.5445338321865765
1253 1254 0.2997319705376571
1253 1293 0.33202779273831173
1254 1255 -0.1615293305542742
1254 1294 0.2186434259840606
1255 1256 0.7538005546844095
1255 1295 0.8092441820909946
1256 1257 -0.4149249056340436
1256 1296 0.33908170004077975
1257 1258 -0.6108335140655148
1257 1297 -0.17627116317823877
1258 1259 -0.4157199042754829
1258 1298 0.916924400627434
1259 1260 -0.995344498795206
1259 1299 0.7402749826666377
1260 1261 -0.7567610044500162
1260 1300 -0.5858563124126583
1261 1262 0.7680861942203205
1261 1301 0.8600074628852343
1262 1263 0.26491418186988325
1262 1302 0.15807251713051862
1263 1264 0.4215184065857567
1263 1303 -0.6266253481895758
1264 1265 0.3051403562027266
1264 1304 0.23888243732797876
1265 1266 0.6540690180182447
1265 1305 -0.21354527995419104
1266 1267 -0.9741801707455098
1266 1306 0.01911291134419102
1267 1268 0.8313267627514211
1267 1307 -0.4454906203683362
1268 1269 -0.1841204065572255
1268 1308 -0.9997111715776961
1269 1270 -0.03137888069960004
1269 1309 0.8044033663348229
1270 1271 -0.3309143625307256
1270 1310 -0.6181683212741749
1271 1272 0.7273428929933141
1271 1311 0.4624622035315529
1272 1273 0.18531590532345876
1272 1312 0.2510242409368819
1273 1274 0.8336398141479779
1273 1313 0.6133055934954887
1274 1275 0.3205909272476406
1274 1314 0.214709858689492
1275 1276 0.0431905715081502
1275 1315 0.3512456586083921
1276 1277 -0.062229259124805036
1276 1316 -0.30760739138721216
1277 1278 0.9962888539028507
1277 1317 0.5412794298203591
1278 1279 -0.023309165614183502
1278 1318 -0.6812187474112312
1279 1280 0.15575224294211232
1279 1319 -0.28592706525721856
1280 1320 -0.7356220859170493
1281 1282 0.2833561833708458
1281 1321 -0.014525389126984312
1282 1283 -0.36638419862190985
1282 1322 -0.5164395285718746
1283 1284 -0.569284353070586
1283 1323 0.5766175798638258
1284 1285 0.19961325613770042
1284 1324 0.6732697853437393
1285 1286 -0.3773480461930061
1285 1325 0.6137631408657602
1286 1287 -0.8292808233482216
1286 1326 0.24446170225216735
1287 1288 -0.19316550764589735
1287 1327 -0.13013948142862608
1288 1289 -0.8884428253511054
1288 1328 -0.8109394698494177
1289 1290 0.8476890070536214
1289 1329 0.23171020320902924
1290 1291 0.8832953517627462
1290 1330 0.4756943015226449
1291 1292 0.7237567334783099
1291 1331 0.7079578773890438
1292 1293 0.8554299854431855
1292 1332 -0.48167660516770416
1293 1294 0.21514362385765828
1293 1333 0.5058558839332268
1294 1295 0.7220052397301595
1294 1334 0.24705051217057972
1295 1296 -0.12097167840198031
1295 1335 0.725262175693371
1296 1297 0.7116157616138683
1296 1336 -0.8694444959674992
1297 1298 -0.7996327648997883
1297 1337 0.9892189307612296
1298 1299 0.9288198700061947
1298 1338 0.9695936282254496
1299 1300 0.9005305249677864
1299 1339 -0.16662069896370024
1300 1301 0.6664426927297351
1300 1340 0.8669622267207935
1301 1302 -0.07291697209278514
1301 1341 -0.6842949406521848
1302 1303 -0.9949756279920758
1302 1342 -0.30846499579292885
1303 1304 -0.2220314813893569
1303 1343 0.5217584520561303
1304 1305 0.17622965089409637
1304 1344 0.9878693903470919
1305 1306 0.5955382984076691
1305 1345 -0.42485264708398995
1306 1307 0.2446549209877671
1306 1346 -0.5256268926064596
1307 1308 -0.9553007729053549
1307 1347 -0.9510061626797441
1308 1309 0.326819311394255
1308 1348 0.6139274370821162
1309 1310 -0.08992473196139117
1309 1349 0.6762293972825759
1310 1311 -0.7566737421245677
1310 1350 -0.3806383304536751
1311 1312 0.9295517614275688
1311 1351 0.008907093678285793
1312 1313 0.6277783901124177
1312 1352 -0.4769848613970238
1313 1314 0.7373546625346656
1313 1353 -0.32246351451034183
1314 1315 -0.8998483429251476
1314 1354 -0.9368350097849427
1315 1316 0.02035221137777543
1315 1355 -0.7008169965928046
1316 1317 -0.3790616568010383
1316 1356 0.5705285571753196
1317 1318 -0.9384189164735806
1317 1357 -0.292236921223741
1318 1319 -0.09945500105174876
1318 1358 0.7512892990095417
1319 1320 -0.5826827407500776
1319 1359 0.10041974197698966
1320 1360 0.3350402136229895
1321 1322 0.013112151336189592
1321 1361 -0.07711947986808965
1322 1323 -0.018090060350034243
1322 1362 0.08788681913702723
1323 1324 0.5516978918948137
1323 1363 -0.9165480987562613
1324 1325 0.8246638225873433
1324 1364 0.9012541440801818
1325 1326 -0.027929869172555133
1325 1365 0.9114686268627568
1326 1327 0.20821838969468098
1326 1366 0.5903821618639924
1327 1328 0.3768934348676789
1327 1367 -0.4717166798929173
1328 1329 -0.014408181301697187
1328 1368 0.7702675641898808
1329 1330 0.660868528677981
1329 1369 0.9030563035431418
1330 1331 -0.18016176070784784
1330 1370 -0.3840351395460335
1331 1332 0.4209235790769654
1331 1371 0.8311235769165144
1332 1333 -0.6818677866574119
1332 1372 0.17594776337108975
1333 1334 0.1735402417037848
1333 1373 -0.33250114342770454
1334 1335 0.06680631323832231
1334 1374 0.824075760685798
1335 1336 -0.42999914392641014
1335 1375 -0.3938957786342687
1336 1337 0.13067053793009187
1336 1376 0.14237548238935038
1337 1338 0.33992558406223683
1337 1377 -0.2196699348110398
1338 1339 -0.6810998477214993
1338 1378 -0.4975947880577447
1339 1340 -0.7595477755861786
1339 1379 -0.53885322653848
1340 1341 0.9486879135890633
1340 1380 0.7906197150839069
1341 1342 0.5804451801233605
1341 1381 -0.521915516497236
1342 1343 -0.3487575903140143
1342 1382 0.7266683182846616
1343 1344 -0.8444128960476083
1343 1383 0.06592700363739779
1344 1345 0.21471723998840497
1344 1384 -0.8306187524156907
1345 1346 0.7630277881347369
1345 1385 0.6025220715235238
1346 1347 -0.0685992195852052
1346 1386 -0.5768294043376905
1347 1348 -0.4786854376741032
1347 1387 -0.05270470053073306
1348 1349 -0.8923560367179268
1348 1388 -0.03684955449247762
1349 1350 0.04907745580918066
1349 1389 0.5953148092641511
1350 1351 0.6590207282602047
1350 1390 0.45816343410332006
1351 1352 0.3374006129429694
1351 1391 0.43942440602692945
1352 1353 -0.6426283732514044
1352 1392 0.7076987737470555
1353 1354 0.054306106836193635
1353 1393 0.5174063517791783
1354 1355 -0.5942824700093938
1354 1394 0.840370705766954
1355 1356 -0.8150750490711298
1355 1395 0.6576114084566771
1356 1357 0.5942208633178552
1356 1396 -0.9154086142998661
1357 1358 0.7666532939624338
1357 1397 0.5260925422368292
1358 1359 -0.39499886871041756
1358 1398 0.4058716942163867
1359 1360 -0.8325912740541588
1359 1399 -0.6741507047391182
1360 1400 0.031102029881290516
1361 1362 0.7894861478557815
1361 1401 0.21155538627116988
1362 1363 -0.1890912258299795
1362 1402 0.48482062635358725
1363 1364 0.29097073908856075
1363 1403 -0.7436137949878276
1364 1365 0.16305873857302777
1364 1404 0.029380611761827158
1365 1366 0.4291140170638712
1365 1405 -0.769509331200595
1366 1367 -0.5513974974373375
1366 1406 -0.6768980934003364
1367 1368 -0.11774846046847798
1367 1407 0.34364387269767915
1368 1369 -0.8997677073049573
1368 1408 -0.003620385716839314
1369 1370 -0.9906035481947648
1369 1409 0.32185275420197335
1370 1371 0.055015677723271095
1370 1410 -0.3525181057319853
1371 1372 0.5902874851379409
1371 1411 0.6116363026130289
1372 1373 -0.7095236648254564
1372 1412 -0.5195874150224462
1373 1374 0.4781479491733618
1373 1413 0.3799375205173967
1374 1375 0.6134173816387072
1374 1414 -0.5108807743970998
1375 1376 0.10379749519618442
1375 1415 0.751399203951614
1376 1377 0.9742558363609102
1376 1416 -0.10381387333103609
1377 1378 0.5313275380906262
1377 1417 0.5423288958397976
1378 1379 -0.3459076931272873
1378 1418 -0.30684444339053796
1379 1380 0.8525929809719164
1379 1419 0.5105897498902672
1380 1381 -0.6049887401299836
1380 1420 -0.14606007802564647
1381 1382 -0.11267733704975469
1381 1421 0.6398274921292653
1382 1383 0.8975849642177347
1382 1422 -0.6298385797699579
1383 1384 0.10002360479329031
1383 1423 0.5424441933879964
1384 1385 -0.7521815570364192
1384 1424 0.17321071437999214
1385 1386 -0.5685411539805036
1385 1425 0.45270507185084985
1386 1387 0.6712123317763983
1386 1426 -0.4161748103095646
1387 1388 0.9265629548194467
1387 1427 0.6085663143456603
1388 1389 0.3650951954153916
1388 1428 -0.612877691858958
1389 1390 -0.4408019611344367
1389 1429 0.19563320268565465
1390 1391 0.1958090916542965
1390 1430 0.9093092652565891
1391 1392 -0.3768297237338982
1391 1431 -0.7267424002272667
1392 1393 -0.8122812624561802
1392 1432 -0.9187332715991408
1393 1394 -0.23511751509460965
1393 1433 -0.5362258123675809
1394 1395 0.6069476676140819
1394 1434 -0.4079280992071377
1395 1396 -0.34588184596359417
1395 1435 0.4399359570503567
1396 1397 0.9598699181637165
1396 1436 0.2262311124165468
1397 1398 0.27309855889182333
1397 1437 -0.3890398815352287
1398 1399 0.18001943714228363
1398 1438 0.9689776682003104
1399 1400 -0.6081597802481074
1399 1439 0.19698011949263727
1400 1440 -0.36473778262568013
1401 1402 0.2067112063351073
1401 1441 -0.1122562876174622
1402 1403 0.2874660315304054
1402 1442 0.3186867014293413
1403 1404 0.09530500588461499
1403 1443 -0.4169531066881069
1404 1405 0.553432423841731
1404 1444 0.344194652164149
1405 1406 -0.1042764097394806
1405 1445 0.05353895971286882
1406 1407 0.5011346545683579
1406 1446 -0.22424854536695182
1407 1408 -0.5143103761709396
1407 1447 -0.1079087399940839
1408 1409 -0.16145826646474815
1408 1448 0.3641951207754375
1409 1410 -0.23141048072040205
1409 1449 0.8078263824434324
1410 1411 0.889598802123581
1410 1450 -0.8257293924070268
1411 1412 -0.1132071982942473
1411 1451 0.2518006521825673
1412 1413 0.3506376151335382
1412 1452 -0.9715305094376674
1413 1414 -0.8845373429814616
1413 1453 -0.48739326064672595
1414 1415 -0.5593865391551469
1414 1454 0.005401654871161066
1415 1416 0.574290780678947
1415 1455 -0.352661962584232
1416 1417 -0.7318146603630766
1416 1456 0.7968742349982789
1417 1418 0.23686820628752336
1417 1457 0.7317699012540979
1418 1419 0.021792623106278386
1418 1458 0.4119372660649261
1419 1420 0.02522699785357596
1419 1459 0.5950770111530095
1420 1421 -0.47786400470171464
1420 1460 0.3857753757737292
1421 1422 -0.31998782144704374
1421 1461 -0.5480701662913952
1422 1423 -0.8143619420636674
1422 1462 0.5982785528703196
1423 1424 0.6371724178905149
1423 1463 -0.16050713425874408
1424 1425 -0.6031499332476562
1424 1464 0.6534234520172941
1425 1426 -0.16203444251368504
1425 1465 -0.8800351240455528
1426 1427 0.6122935274327692
1426 1466 0.28514484548102437
1427 1428 0.8548693014102353
1427 1467 0.8954228855785145
1428 1429 -0.6336243562169543
1428 1468 0.7225902137675035
1429 1430 -0.9786887510379727
1429 1469 0.8937778735809578
1430 1431 -0.9096758447233471
1430 1470 0.41609562190662785
1431 1432 -0.7917424081679263
1431 1471 0.4816119164713537
1432 1433 0.36897923585809655
1432 1472 0.25158884631069367
1433 1434 0.622829464988004
1433 1473 0.4646037922281212
1434 1435 -0.5959144516216095
1434 1474 -0.7913160926278016
1435 1436 -0.3391167935624382
1435 1475 -0.41685214738586795
1436 1437 0.34581902982173385
1436 1476 0.9169579630123115
1437 1438 0.5574624383325208
1437 1477 0.7948923741121252
1438 1439 -0.7535642985493143
1438 1478 0.33517871191414317
1439 1440 -0.6369966868756662
1439 1479 0.7366111254526893
1440 1480 -0.8026868185008051
1441 1442 -0.03990643334621957
1441 1481 0.7768950544593858
1442 1443 -0.7015526294645336
1442 1482 0.4931675796115118
1443 1444 0.6516902323946057
1443 1483 -0.8052952561108293
1444 1445 -0.6724249186732589
1444 1484 -0.1448832896148522
1445 1446 0.7926737260343937
1445 1485 0.8405063041321095
1446 1447 -0.7569220361315454
1446 1486 -0.12460276653204905
1447 1448 -0.807537921816053
1447 1487 0.8988372282227453
1448 1449 0.24005683246482912
1448 1488 0.2031777987229244
1449 1450 0.21718382815680126
1449 1489 -0.26970137639205594
1450 1451 -0.6065494009067085
1450 1490 -0.19350363874487253
1451 1452 0.8645057293288032
1451 1491 -0.6731299179756411
1452 1453 0.18881015608264073
1452 1492 -0.5836726007967581
1453 1454 -0.8989923560380988
1453 1493 -0.5181683681759708
1454 1455 -0.5890503899403634
1454 1494 -0.9127548377007297
1455 1456 0.05766295042323444
1455 1495 0.8450051236807077
1456 1457 -0.3333043564583189
1456 1496 0.20106150829106184
1457 1458 0.194910906808482
1457 1497 -0.0790582850773418
1458 1459 0.10036062123768108
1458 1498 0.7751560013846355
1459 1460 -0.7689712522965901
1459 1499 -0.9092447400043242
1460 1461 0.47741999691423076
1460 1500 0.1510192961975647
1461 1462 -0.9791431935072372
1461 1501 -0.405815642096649
1462 1463 -0.6163689026083963
1462 1502 0.7881203169885596
1463 1464 0.7837616818545297
1463 1503 -0.7296757301339418
1464 1465 -0.2433450036910605
1464 1504 0.36936710005649975
1465 1466 -0.06832453399570904
1465 1505 -0.967710754296673
1466 1467 -0.02358212565616391
1466 1506 -0.4153357390768204
1467 1468 0.20031335868482003
1467 1507 -0.9655694295518127
1468 1469 -0.5987381538821337
1468 1508 0.12114767971113838
1469 1470 0.8453290309490928
1469 1509 -0.3153595063214458
1470 1471 -0.4333181815438172
1470 1510 -0.6550862411789884
1471 1472 0.3729137599029537
1471 1511 -0.1647670474384062
1472 1473 0.9664852383650033
1472 1512 0.8777728360866544
1473 1474 -0.1517479657034433
1473 1513 -0.7195036321053707
1474 1475 -0.5409618631682898
1474 1514 -0.6855821872745089
1475 1476 0.14055726972766025
1475 1515 0.06549957735092216
1476 1477 0.3763155924810164
1476 1516 -0.3231038210913171
1477 1478 -0.2803641552394711
1477 1517 -0.6978452110727966
1478 1479 0.1771843645879465
1478 1518 0.9314256999382278
1479 1480 0.7889621616717388
1479 1519 -0.35046409115991395
1480 1520 -0.23591353523127911
1481 1482 -0.5829990230796398
1481 1521 0.8891629243126498
1482 1483 0.28289519123123297
1482 1522 -0.4035379415367264
1483 1484 0.7950238227171096
1483 1523 -0.3160217080304344
1484 1485 -0.69121467867277
1484 1524 0.13340319460870043
1485 1486 -0.89343270422316
1485 1525 0.8194013354402199
1486 1487 0.5964609287608873
1486 1526 -0.3083483248686074
1487 1488 0.2273996642710261
1487 1527 -0.7195628301369066
1488 1489 0.020227621152121955
1488 1528 0.0462817697625697
1489 1490 -0.7640771397088411
1489 1529 -0.9001163135988111
1490 1491 0.09918996795837076
1490 1530 0.16914472080035914
1491 1492 0.49814840550137474
1491 1531 -0.18919870138015416
1492 1493 -0.5561942627585832
1492 1532 -0.30827173190816737
1493 1494 -0.19080839224924628
1493 1533 0.272828840303345
1494 1495 0.4482865397439286
1494 1534 -0.5497789616379103
1495 1496 -0.048258378077977504
1495 1535 -0.6995474462741835
1496 1497 0.8711734279664394
1496 1536 -0.34910014052606475
1497 1498 0.7026953858875136
1497 1537 -0.6373259415338646
1498 1499 0.40961467984475686
1498 1538 -0.29071656100877274
1499 1500 -0.11887238726666349
1499 1539 0.8234862627475297
1500 1501 -0.21289801012539744
1500 1540 -0.45825151482861526
1501 1502 0.21983847288797298
1501 1541 0.9551374219434374
1502 1503 -0.34767443987393554
1502 1542 0.036998120820660674
1503 1504 0.022391685268287276
1503 1543 -0.17801013241578834
1504 1505 -0.976577084796451
1504 1544 -0.7254958014039543
1505 1506 -0.6030322789582969
1505 1545 0.6251450677973973
1506 1507 0.19154061392358046
1506 1546 -0.5319042598156298
1507 1508 0.35293925006399207
1507 1547 0.47625975798651976
1508 1509 0.2265296747264609
1508 1548 0.6729995187037392
1509 1510 0.10763441690317466
1509 1549 -0.5996773228912284
1510 1511 0.21888873122035135
1510 1550 -0.37197524936980075
1511 1512 0.27312752042742394
1511 1551 -0.8157419949992757
1512 1513 0.4377790082414794
1512 1552 -0.38297944975475184
1513 1514 -0.6492009158585152
1513 1553 -0.208575350717225
1514 1515 0.6033964474241578
1514 1554 -0.5915726110797292
1515 1516 -0.3372748271064727
1515 1555 -0.7321493748120886
1516 1517 0.08118455248231049
1516 1556 0.8880626566292715
1517 1518 0.28667941604275016
1517 1557 -0.37819844292950133
1518 1519 -0.8901330947325647
1518 1558 0.28114028245939027
1519 1520 -0.7970235444571152
1519 1559 0.13526282888178476
1520 1560 0.16331238857305186
1521 1522 -0.8530599121154689
1521 1561 0.19030491327218102
1522 1523 -0.24834420936108015
1522 1562 0.9772557303502947
1523 1524 -0.7358293899169825
1523 1563 -0.08483410317047935
1524 1525 0.018206179366948128
1524 1564 -0.09244296781989303
1525 1526 0.3781469192390521
1525 1565 0.14888160809261075
1526 1527 -0.6022640471395477
1526 1566 0.53124000624525
1527 1528 0.1123614116316547
1527 1567 -0.8515464140839046
1528 1529 -0.8082100319973926
1528 1568 -0.06853037221474567
1529 1530 0.4347374507240076
1529 1569 0.8977927772383192
1530 1531 0.6821390306860928
1530 1570 -0.40030096428315876
1531 1532 0.14365484330897282
1531 1571 -0.8284818041028517
1532 1533 -0.6881711766603245
1532 1572 0.8794375678484276
1533 1534 0.0390209581286427
1533 1573 -0.0914001586908979
1534 1535 -0.16282607401537152
1534 1574 0.0691394343433629
1535 1536 -0.7279326288309258
1535 1575 0.2627992831628425
1536 1537 0.5995405457464329
1536 1576 0.6257270085087121
1537 1538 0.616853861772789
1537 1577 0.10467710738052172
1538 1539 -0.16839908846696106
1538 1578 0.9273895302768944
1539 1540 0.4236634961666679
1539 1579 0.3438714675122776
1540 1541 0.6352697525441371
1540 1580 -0.7438523280243787
1541 1542 -0.8584068307153372
1541 1581 -0.3668700089074777
1542 1543 -0.2481468304188812
1542 1582 -0.6344002780999134
1543 1544 0.07590686698169336
1543 1583 -0.6008696736573114
1544 1545 0.8697443666696711
1544 1584 -0.8779829029731723
1545 1546 0.5585084617503713
1545 1585 -0.44550641980458217
1546 1547 -0.07844786584555696
1546 1586 0.25558036576534704
1547 1548 -0.8886529554328784
1547 1587 0.21774511198558666
1548 1549 -0.9852885545517669
1548 1588 0.39821780608688107
1549 1550 -0.5266442312996291
1549 1589 0.7429094745929159
1550 1551 0.3625694515486775
1550 1590 0.2898811636024352
1551 1552 0.2850502222632687
1551 1591 -0.7359083891001819
1552 1553 -0.3414675081103118
1552 1592 -0.737530947653636
1553 1554 -0.9544618712193877
1553 1593 0.2480542078394865
1554 1555 0.682287686305086
1554 1594 -0.35006083639731367
1555 1556 -0.495845574780468
1555 1595 0.9159976413500674
1556 1557 -0.15743018227848893
1556 1596 0.7433249725809772
1557 1558 -0.19895017544588467
1557 1597 0.006609339054232555
1558 1559 -0.1816323957597965
1558 1598 -0.44181057890418285
1559 1560 -0.09103318780934533
1559 1599 -0.18274865146916075
1560 1600 0.4213253507963457
1561 1562 -0.9376978582964672
1562 1563 -0.3108101194401638
1563 1564 -0.8311243838725153
1564 1565 0.9820225439299379
1565 1566 0.836653219160338
1566 1567 -0.8686652947006652
1567 1568 -0.1020312698825796
1568 1569 -0.4636756066023888
1569 1570 -0.19990352935833555
1570 1571 0.6097444981825173
1571 1572 0.2399320386648809
1572 1573 -0.14546067780930194
1573 1574 -0.8748892228533753
1574 1575 -0.38877261556867615
1575 1576 -0.00474088474323664
1576 1577 0.8379173969005747
1577 1578 0.5761125247886127
1578 1579 0.9289818761002806
1579 1580 -0.3121473297213042
1580 1581 -0.7829772233826922
1581 1582 -0.09303303706190902
1582 1583 0.5549071568320771
1583 1584 -0.554802220614026
1584 1585 -0.6791563641406906
1585 1586 0.025663285368297872
1586 1587 -0.18204976888460145
1587 1588 -0.3466518055848842
1588 1589 -0.2888468682326637
1589 1590 -0.44360013534647114
1590 1591 0.2617132138926399
1591 1592 -0.278616921390316
1592 1593 -0.7964452737196532
1593 1594 -0.8613329951170619
1594 1595 -0.8216309583253996
1595 1596 0.7046196063904779
1596 1597 -0.814977372562754
1597 1598 -0.2660861155258454
1598 1599 0.04483000769774792
1599 1600 -0.49725394911422205
