1 2 0.7857203028720032
1 41 -0.3360403893976456
2 3 -0.49677171365904393
2 42 -0.9172489973981965
3 4 -0.4676039096116811
3 43 -0.7153445731997732
4 5 0.35592517598789497
4 44 0.012986883721869402
5 6 0.7348265762621156
5 45 0.8491531908589476
6 7 -0.8446352876992349
6 46 0.339910867167047
7 8 0.4451405927968122
7 47 -0.3270518099298372
8 9 0.6180436627925672
8 48 0.8297953910637321
9 10 0.04338985957965491
9 49 -0.44119692403065747
10 11 -0.43094949687990947
10 50 0.3344355417453895
11 12 0.22619202795108406
11 51 -0.5151084282195817
12 13 0.583839775312494
12 52 -0.4347706678253489
13 14 0.4331550577828416
13 53 0.7057504264239705
14 15 0.4293992353025087
14 54 -0.3516381477676094
15 16 -0.7423861342050602
15 55 0.04985938660308431
16 17 -0.17460704532625448
16 56 0.005308844111121314
17 18 -0.3880602759400884
17 57 -0.360562408843649
18 19 -0.6908001961608032
18 58 -0.8970554175306789
19 20 0.1871679711539176
19 59 0.7971040559607407
20 21 0.49979400312721145
20 60 0.434776844335784
21 22 0.49373507251841686
21 61 0.46192158802058425
22 23 0.14035275409842418
22 62 0.227618595107836
23 24 0.5842765201628011
23 63 -0.10746295607473266
24 25 0.1775080386219241
24 64 -0.7828425283614728
25 26 -0.8383253113420384
25 65 0.2615534245307878
26 27 -0.6070117728617999
26 66 0.7633206920168343
27 28 0.012539260526328588
27 67 -0.7385744408003412
28 29 0.29854912058811234
28 68 0.30601919777736275
29 30 0.3328644164720278
29 69 0.658093737248792
30 31 -0.26178328229820136
30 70 0.047544451801376786
31 32 0.6783358497294201
31 71 -0.13839927282650488
32 33 -0.9515488460437269
32 72 -0.603266933600124
33 34 0.7121119602994472
33 73 0.6398444352814112
34 35 -0.8249844231964101
34 74 0.2972936586242254
35 36 0.6446004583807163
35 75 -0.6122530675812425
36 37 -0.44318530102238785
36 76 0.9337907953880247
37 38 -0.8513410183827421
37 77 -0.8520307366146889
38 39 0.9717603738900569
38 78 0.6969512572555185
39 40 -0.7292105485223825
39 79 -0.7755452302813142
40 80 0.313452266252066
41 42 0.6424582461156636
41 81 -0.9166067485495002
42 43 0.9174452006319476
42 82 -0.8675590383731369
43 44 0.9029986216593338
43 83 -0.5047760948200732
44 45 0.6587715062649977
44 84 0.3665961185971469
45 46 0.14830450343182822
45 85 0.3881651295848092
46 47 -0.8794127891689296
46 86 -0.7774920466001582
47 48 -0.9549150927857031
47 87 0.4102299220456158
48 49 0.24994210449050414
48 88 -0.8290786074930312
49 50 -0.9544790260351792
49 89 0.17183157556078643
50 51 0.9141332901195225
50 90 0.32303834230432527
51 52 -0.8033537909578581
51 91 0.5241480013355813
52 53 0.24254375107784365
52 92 -0.5455963898028047
53 54 -0.42030787227205835
53 93 -0.65488673673887
54 55 0.6478199597709287
54 94 -0.5720536199573008
55 56 0.1732727643325942
55 95 -0.6051477757185446
56 57 0.5196640895281508
56 96 -0.33625019863771244
57 58 0.2636261963159352
57 97 -0.8236983782667662
58 59 -0.0049473209255062045
58 98 -0.41700830324286686
59 60 0.46530601689639806
59 99 0.20475707145988542
60 61 -0.9162871298102608
60 100 -0.3650330134735591
61 62 -0.8288854388769877
61 101 0.02933659118315357
62 63 0.696957298952251
62 102 0.18939482831427168
63 64 0.531433458954581
63 103 0.0013909843752104578
64 65 0.4926668553843152
64 104 0.34640501460244555
65 66 0.03425520926276837
65 105 0.14783350333492717
66 67 0.0625346438418084
66 106 -0.8525822281598758
67 68 0.37806682120276447
67 107 0.5242117340079968
68 69 0.19453982915554136
68 108 0.7826010757987736
69 70 0.8717656054641736
69 109 -0.3782395161084533
70 71 -0.6211765245791374
70 110 0.6475842662214388
71 72 0.8068907162531647
71 111 0.8608387490801543
72 73 -0.7576173745457586
72 112 0.31763543459428556
73 74 0.7722087907092381
73 113 -0.7702810710330035
74 75 0.4089765061749657
74 114 0.9111970748610061
75 76 0.463648575574374
75 115 0.40434162685799246
76 77 0.6115685338994017
76 116 -0.5026471344530112
77 78 0.3337531580495292
77 117 0.7991181097439819
78 79 0.317885943056992
78 118 0.6297401183164442
79 80 -0.5675523433117644
79 119 0.5847133011513199
80 120 0.501985698314285
81 82 -0.7846866401280641
81 121 0.19010412841248048
82 83 0.02588037217127681
82 122 -0.3174068175601581
83 84 -0.2876276703161711
83 123 -0.9021218238684929
84 85 0.8202024329091784
84 124 -0.7601207586191683
85 86 -0.21560643007284286
85 125 0.3528813068791945
86 87 -0.049314006119341114
86 126 -0.8380842076313584
87 88 0.09649871760613782
87 127 0.6565360549093218
88 89 0.0025931938092143003
88 128 0.3349469732979662
89 90 -0.5962208244625251
89 129 -0.11693645456039659
90 91 0.24667942285167488
90 130 0.9525294198473391
91 92 -0.7186469598038949
91 131 -0.8465492974271214
92 93 -0.5646885890867432
92 132 0.9373056720046442
93 94 0.1830102851246298
93 133 0.944405211238136
94 95 0.17081942770614522
94 134 -0.9410001532293086
95 96 0.03882152177746634
95 135 0.5378481748644419
96 97 0.3429516027205388
96 136 0.2157803175870341
97 98 0.6437604634350871
97 137 0.9523816385728101
98 99 -0.46272122237964974
98 138 0.198682565004636
99 100 -0.3573373825742103
99 139 -0.7887861449905795
100 101 -0.4660304198887397
100 140 -0.20694405726456622
101 102 0.6248273845244912
101 141 0.712349922966397
102 103 0.3762051258357537
102 142 0.7057698358692304
103 104 0.20168249242682168
103 143 0.469061669458229
104 105 -0.3088921479368427
104 144 0.18081499279316593
105 106 0.6529744743119281
105 145 0.9100611185319802
106 107 0.7145704098182637
106 146 -0.7556527237033441
107 108 -0.04179273946526885
107 147 0.8741109551026585
108 109 -0.6351862087322655
108 148 0.7660796268352295
109 110 -0.9864707289619381
109 149 -0.2751917101893133
110 111 0.40586898568210716
110 150 -0.6660119857439359
111 112 -0.1418058006872196
111 151 0.3965535481562106
112 113 -0.7406327283367302
112 152 -0.8430954193360989
113 114 -0.20407618441084052
113 153 0.28317587966624536
114 115 0.7599672121347729
114 154 0.7478484198604602
115 116 -0.8255794272491439
115 155 0.7159569305899576
116 117 0.6413049934650619
116 156 0.21068247849992106
117 118 0.8662729694216709
117 157 0.032737567177278715
118 119 0.8651063075911953
118 158 -0.35221813611014263
119 120 0.7491359425823945
119 159 -0.6959405780412615
120 160 0.4895210582365517
121 122 0.05963472438564321
121 161 -0.16238514288669137
122 123 0.3200196372907955
122 162 0.6888546742375785
123 124 -0.5237386575791902
123 163 0.7656495111254102
124 125 0.679466265950718
124 164 0.8965397114102864
125 126 0.9964241213293648
125 165 0.8807644297039225
126 127 -0.9360939800567984
126 166 0.2792346164539712
127 128 -0.7695667981298047
127 167 0.9864145059391167
128 129 -0.786873655481233
128 168 0.16443036626754637
129 130 0.9215573775851094
129 169 -0.5951658013575669
130 131 -0.3769337837614999
130 170 0.5926730944315295
131 132 0.8642359670403144
131 171 -0.4098756093939939
132 133 -0.4072595934671497
132 172 -0.5483086819638541
133 134 -0.14258942178578105
133 173 -0.8372102918106432
134 135 0.7569491268943107
134 174 0.2724033651376514
135 136 -0.8587631862148257
135 175 -0.3116317788564933
136 137 -0.44716078609428855
136 176 -0.5569316812476526
137 138 -0.8952335911712557
137 177 0.6645621675764839
138 139 -0.4444250129395615
138 178 -0.3035426403790602
139 140 0.11973318896106533
139 179 0.38716460852977486
140 141 -0.9304529557837073
140 180 -0.03443328953215663
141 142 0.5055463145399848
141 181 -0.6718130788967254
142 143 0.8804724362313392
142 182 0.6889172460033945
143 144 0.26659562513276835
143 183 0.8088211801053049
144 145 -0.05650471336360918
144 184 0.4367677382085442
145 146 0.38477070347668874
145 185 -0.4047873995111626
146 147 -0.062016373593169805
146 186 -0.3650709074800298
147 148 -0.4464937251893202
147 187 0.7232372029508878
148 149 -0.07059128134530424
148 188 -0.33923971668763375
149 150 -0.8599197539035621
149 189 0.5169727703253428
150 151 0.483684002314559
150 190 0.42064507599171996
151 152 -0.1086684434200702
151 191 0.54166305803682
152 153 0.9227827345203237
152 192 0.30392070630042256
153 154 0.7321910476737297
153 193 0.12168078574989427
154 155 0.954248169789139
154 194 0.5666148688203128
155 156 -0.8624392080805741
155 195 0.4543839258297975
156 157 -0.006911474375264737
156 196 0.3251949390980322
157 158 0.587952276795386
157 197 -0.2533801762969665
158 159 -0.0696312570258808
158 198 -0.6432555340221486
159 160 0.7292623424069586
159 199 0.1344205977094548
160 200 0.09438457840081571
161 162 -0.32918430145334154
161 201 0.24503886439218037
162 163 0.2077331134142113
162 202 0.17442738195147056
163 164 0.928866032214015
163 203 0.3120556482290191
164 165 0.1472418638256101
164 204 -0.9917099452449529
165 166 -0.7175258733103729
165 205 0.8763366389610225
166 167 0.7903485450833492
166 206 -0.03353478696548673
167 168 -0.33495887209641984
167 207 -0.7321075890932933
168 169 0.5112690398449804
168 208 -0.22876567152984495
169 170 -0.1725083319806815
169 209 0.6874835036792672
170 171 0.23933295244301966
170 210 0.2467820405816763
171 172 0.6451119293682661
171 211 -0.5539154247548814
172 173 -0.4399173204477944
172 212 -0.945640548623373
173 174 -0.6497071597994177
173 213 0.48232091794952336
174 175 -0.514858039053498
174 214 -0.28773403545887777
175 176 -0.3489047022650833
175 215 0.28839456933255736
176 177 0.7561030200366818
176 216 -0.2623486717326313
177 178 0.5308570792971572
177 217 0.7212777328349433
178 179 -0.3019031799849716
178 218 0.09607370833212614
179 180 0.2507467377543613
179 219 -0.39302217941851136
180 181 -0.5422051649706479
180 220 0.8802390951722943
181 182 -0.49710484454007386
181 221 -0.4130135063132223
182 183 -0.401085571838516
182 222 -0.7968155673187283
183 184 -0.7046240318899182
183 223 -0.49443571815896603
184 185 -0.7184487412838432
184 224 -0.9092293200263148
185 186 0.31357794616635304
185 225 -0.76153374253071
186 187 0.6578661877286942
186 226 0.39478689046145554
187 188 -0.357790810919395
187 227 0.04798320461810435
188 189 -0.8973271347292455
188 228 -0.5094155808986853
189 190 -0.2626616244276707
189 229 0.24924764651910225
190 191 -0.6287362674289974
190 230 -0.22505261565973456
191 192 0.19746142117549392
191 231 -0.7576314561260147
192 193 0.7570767577961406
192 232 0.5496284765823753
193 194 0.95699589735717
193 233 -0.2588906238962312
194 195 0.027445045451324424
194 234 -0.8732802504383377
195 196 -0.837597587944737
195 235 0.6778231343773564
196 197 0.5618616165509132
196 236 0.11606665059907217
197 198 0.2509434313461363
197 237 0.7587546931000284
198 199 0.26769659334845275
198 238 0.5920253859478983
199 200 0.13878046066295413
199 239 0.41379633663223037
200 240 0.7819282837032724
201 202 -0.12371714778225185
201 241 0.47176421269738045
202 203 -0.7659339289307163
202 242 0.42090067088555383
203 204 -0.4062777863383107
203 243 -0.881328054603995
204 205 -0.9329754317577208
204 244 -0.1750679716164063
205 206 -0.9226848450625409
205 245 -0.949630666510606
206 207 0.6753210370818057
206 246 0.417974759954443
207 208 -0.9152511274803015
207 247 -0.35829120282497984
208 209 0.6512444388117753
208 248 -0.6604555682337316
209 210 -0.9455688565526033
209 249 0.34217664971998474
210 211 -0.21446558516454917
210 250 0.9548790920033878
211 212 0.31859286581342716
211 251 0.3140025760581706
212 213 0.13528318031927156
212 252 -0.6733418272202047
213 214 -0.8518924373036356
213 253 -0.1851988678490959
214 215 -0.008968246236654043
214 254 0.581539534013765
215 216 0.47452502771927385
215 255 -0.2185558682288331
216 217 0.6097097027597329
216 256 -0.7731710924298703
217 218 0.22383176994172516
217 257 -0.8394988189530679
218 219 0.8753245474388223
218 258 -0.8110336884016285
219 220 0.9700154482517616
219 259 -0.036993513562619595
220 221 -0.9088679958655679
220 260 0.9653483269944347
221 222 -0.48351776394034673
221 261 -0.6343063082092455
222 223 -0.04540387588273531
222 262 0.666420987423656
223 224 -0.8446379911123336
223 263 0.2137826547578705
224 225 -0.2220824369142953
224 264 0.5895004510146689
225 226 -0.9876821621253224
225 265 0.7956146590841857
226 227 -0.010799566136862726
226 266 -0.5384495572302601
227 228 -0.4722757370827053
227 267 -0.8341139111448137
228 229 0.14729842338611143
228 268 -0.7126213801771737
229 230 0.8668501180882802
229 269 0.901498518519857
230 231 0.15611917939134057
230 270 0.7528203211908164
231 232 -0.21599124333809505
231 271 -0.168981062400946
232 233 -0.86874253838009
232 272 -0.26311056286311185
233 234 0.4863117554241605
233 273 0.28117689714541516
234 235 0.952623299384566
234 274 -0.7573412662018815
235 236 -0.2969879815464418
235 275 0.5704404031677934
236 237 0.18636343259638588
236 276 0.6737678636159281
237 238 0.5626930995178037
237 277 -0.2451870942803176
238 239 -0.29388597960059504
238 278 0.2291208874348234
239 240 0.9073566843453791
239 279 0.5984653660929791
240 280 0.6055055512909198
241 242 0.03607282399853751
241 281 0.1577172004523142
242 243 -0.5909534843097344
242 282 -0.019264413485680754
243 244 0.7288729698646219
243 283 -0.6897182051584951
244 245 -0.08344550587166877
244 284 -0.04469636602821825
245 246 -0.6444024357050218
245 285 -0.3899041561444301
246 247 0.8660598591557178
246 286 0.9487116463208474
247 248 -0.5802228906421614
247 287 0.14864030317005006
248 249 -0.47219931019488404
248 288 0.6099163862933379
249 250 -0.06877165910844063
249 289 -0.3143813207917614
250 251 -0.36778536370692194
250 290 -0.4661246340712888
251 252 0.7060027619031726
251 291 -0.8133213451769423
252 253 -0.18506136531926876
252 292 0.4757711980030217
253 254 -0.11506365049839196
253 293 0.8212168589833806
254 255 -0.025348009216814793
254 294 0.3218187136495214
255 256 0.7984228313903743
255 295 0.6193384812762468
256 257 -0.45922459184781506
256 296 -0.8824880028471793
257 258 -0.08083269262287196
257 297 0.5712757044296741
258 259 -0.3738187444041654
258 298 0.38174855662416984
259 260 -0.41329741666151887
259 299 0.6329141598734982
260 261 -0.10867174907905941
260 300 0.2772768782675781
261 262 0.8595209263380272
261 301 -0.9230272344514499
262 263 0.09515694237455419
262 302 0.7548982318358912
263 264 0.7962745465272487
263 303 0.20231538626918
264 265 -0.5905977033388536
264 304 -0.9385911104842966
265 266 0.35906283977978504
265 305 -0.1003676327359897
266 267 -0.34682646947358786
266 306 -0.6868152763124002
267 268 -0.39743784816409744
267 307 0.04918718977967074
268 269 0.5300215857888502
268 308 -0.0930589401737254
269 270 0.24859701403327206
269 309 0.20797132663962148
270 271 0.287773615328045
270 310 -0.5715551962240928
271 272 0.2186155103833709
271 311 -0.2375912890986407
272 273 0.6698153280580348
272 312 0.6285352572769103
273 274 0.25290879144054346
273 313 0.18725332125013527
274 275 -0.5528804366894926
274 314 0.910427502444833
275 276 -0.2187232969787436
275 315 -0.8335829881508536
276 277 -0.4820490604174401
276 316 -0.12855645865091314
277 278 0.2857488095013545
277 317 0.7715188575520191
278 279 0.17146742848014274
278 318 0.21641762605866188
279 280 0.5501706521942304
279 319 -0.6335123295824048
280 320 -0.9237421052656214
281 282 0.2907101917911876
281 321 0.9804485427468328
282 283 -0.9267829391279785
282 322 -0.36919284882245806
283 284 -0.46090381996708074
283 323 0.09640930142187543
284 285 0.36284170894101386
284 324 0.5097828691148669
285 286 0.9694945889026283
285 325 0.8869228956602555
286 287 0.17631378225252203
286 326 0.8921506715118639
287 288 0.9167741063830623
287 327 -0.5664044364923497
288 289 0.36908323994612546
288 328 0.5639952583181029
289 290 -4.146274167560193e-05
289 329 -0.13576529546539096
290 291 0.23747981631656323
290 330 -0.8503256357199112
291 292 0.06501669345544947
291 331 0.4201070654538688
292 293 0.7261582765882566
292 332 -0.543665326188219
293 294 -0.8894199349065406
293 333 -0.9361009602994137
294 295 -0.9856719279978208
294 334 -0.46063015030770926
295 296 -0.789695444816576
295 335 -0.883765773976793
296 297 0.4803596817762157
296 336 -0.6537649849433662
297 298 0.90702557638513
297 337 -0.19564533470617151
298 299 -0.432723354858916
298 338 0.7319543623539133
299 300 0.36042395167937524
299 339 0.6174920317136567
300 301 0.8228476944291165
300 340 0.2964890360290964
301 302 0.6595450163048993
301 341 -0.809319875731209
302 303 -0.49475414195803147
302 342 -0.49267891625231286
303 304 0.8314947246722411
303 343 -0.9326618313849937
304 305 0.3000535089447529
304 344 -0.24996005685292522
305 306 0.06889108220390461
305 345 -0.9625923527330862
306 307 -0.9611557432125324
306 346 0.009370198918111416
307 308 0.4640070300630006
307 347 -0.4277422353358371
308 309 -0.9140567063628764
308 348 -0.6181970875447815
309 310 0.5947654509551128
309 349 0.6856764529458044
310 311 0.6683135207576556
310 350 -0.39235159355327265
311 312 -0.7303568275225834
311 351 0.42292884325629077
312 313 -0.8427542248436961
312 352 0.5486569225691467
313 314 -0.2632579123801133
313 353 -0.791810266861964
314 315 0.6104469983875174
314 354 0.9569945002928428
315 316 -0.5463678352613306
315 355 -0.821769204175113
316 317 -0.43745801944619433
316 356 0.7680480739248341
317 318 0.4721055002662107
317 357 -0.7481056721655306
318 319 0.12089207975096894
318 358 0.9984603578590283
319 320 -0.24287108291995896
319 359 0.22753315094947268
320 360 -0.7286948707555969
321 322 0.6397163938436827
321 361 -0.17359813036763838
322 323 0.7260608141986837
322 362 0.11693323644833775
323 324 -0.49544511991091955
323 363 0.6893561712692466
324 325 0.6415694394564937
324 364 -0.3073816930144544
325 326 0.5279111358265434
325 365 0.2461801647736721
326 327 0.41069036327729713
326 366 -0.07065185708029942
327 328 -0.341754335244425
327 367 -0.4677663422589
328 329 -0.6427107090683546
328 368 0.9068162756021216
329 330 0.11514419582829194
329 369 -0.7837933382970261
330 331 -0.20571651711662264
330 370 0.2112572126825012
331 332 -0.4415236405044265
331 371 0.1271721587874226
332 333 0.029011292244814024
332 372 -0.8393297090227458
333 334 0.8104244555149223
333 373 -0.05837558361450945
334 335 0.3704283974209206
334 374 0.991340881634859
335 336 -0.20314590944465793
335 375 -0.9658053544112064
336 337 -0.0068782169140382265
336 376 -0.08486646362271055
337 338 -0.4179587072533417
337 377 0.37449658001288255
338 339 -0.45213468798673495
338 378 -0.6647176454799695
339 340 -0.3510356981660725
339 379 -0.3056364399268314
340 341 -0.4047376460949865
340 380 0.9517048637070205
341 342 0.7600495149283766
341 381 0.5306110198059883
342 343 -0.8121440335395897
342 382 -0.37202951785012983
343 344 -0.2801214973913839
343 383 0.09828550120332502
344 345 -0.8963912818528674
344 384 0.3632238476528997
345 346 -0.034504852433340005
345 385 0.5247263022622777
346 347 -0.2544835589346828
346 386 -0.5684297853126652
347 348 -0.1026594098267628
347 387 -0.7060514647889613
348 349 -0.025133629435565075
348 388 0.42898283363172895
349 350 0.8371616090082545
349 389 0.15225674824494417
350 351 0.4539232998936129
350 390 -0.03955807996232652
351 352 0.6056964425053706
351 391 0.37607886179560834
352 353 0.47359913386442676
352 392 -0.4377788854979905
353 354 -0.052742676784638176
353 393 0.5825550919932527
354 355 0.42055741588662965
354 394 0.4109635139693735
355 356 -0.9703590881946795
355 395 0.6780931476238363
356 357 -0.14309931681651622
356 396 -0.08867731327058381
357 358 0.02400863740558634
357 397 -0.8272712384658614
358 359 -0.9602295846167666
358 398 -0.9762055321936225
359 360 0.5977697871589696
359 399 0.45182035167230716
360 400 -0.8711473068978768
361 362 0.7525353104132548
361 401 0.6475188651410426
362 363 0.09341565255297124
362 402 -0.2643506821317756
363 364 0.004429765093004079
363 403 -0.03062121352414482
364 365 0.2299002299184847
364 404 -0.21426530723635007
365 366 0.9377671600794257
365 405 0.14603253770471136
366 367 0.8300511224436198
366 406 0.15919018879186275
367 368 -0.45787445908398805
367 407 0.3741871739767202
368 369 -0.6460939760337199
368 408 0.39388737665197726
369 370 -0.28993837046683657
369 409 0.8597310220572367
370 371 0.15113680031359045
370 410 0.7832882691949901
371 372 -0.7644680526491043
371 411 -0.17835595024343864
372 373 -0.7467750461267
372 412 -0.23519099879418182
373 374 -0.7192350950862927
373 413 0.5528709486667209
374 375 0.0994022535772714
374 414 -0.5472042604185496
375 376 0.2754279253584877
375 415 0.30603950370966637
376 377 -0.0039587430220862085
376 416 -0.838176099245215
377 378 0.8842305981007927
377 417 0.09147912609263731
378 379 -0.7819452394333948
378 418 0.38523484461303603
379 380 -0.736973628785554
379 419 -0.9868333183645803
380 381 0.21162199226013456
380 420 0.4311920869589121
381 382 0.16694321638261345
381 421 0.4170601875360376
382 383 -0.9975414762213834
382 422 -0.09149997083830308
383 384 0.5754537351375817
383 423 0.996303975308646
384 385 -0.14257638149231933
384 424 -0.6002564690660324
385 386 -0.4206310056944007
385 425 0.22631796968592233
386 387 0.516868697979608
386 426 0.988621877184809
387 388 -0.8451165497599307
387 427 -0.6188724338046103
388 389 0.9380013001872616
388 428 0.18465482887051965
389 390 -0.3157745806063643
389 429 0.24815960974586382
390 391 -0.3812533392230477
390 430 0.9048887607233238
391 392 -0.5555052977861126
391 431 0.8903483894810054
392 393 -0.5392638813576889
392 432 0.9387533692357748
393 394 0.10877782217583332
393 433 -0.8473722398635668
394 395 0.34012786044868126
394 434 -0.25366418253881107
395 396 0.7456537430506436
395 435 -0.30797627611803513
396 397 -0.5119868719177199
396 436 -0.022169719893682993
397 398 0.6112211904257281
397 437 0.23111915520914006
398 399 -0.8779783594195467
398 438 -0.06873145075715037
399 400 0.0052742744900089455
399 439 -0.9430298444318868
400 440 -0.9452564403915118
401 402 -0.8910509843552907
401 441 0.43727447312838863
402 403 0.6563133701978943
402 442 -0.44729908113472194
403 404 0.8105172618277496
403 443 0.8305367714850735
404 405 0.45069130716968253
404 444 0.1269452796140258
405 406 -0.5735609083289837
405 445 -0.7330924761143875
406 407 -0.5216008699845456
406 446 -0.22099807376412817
407 408 0.7864509780328632
407 447 0.1685030020290179
408 409 -0.38292242404412646
408 448 0.018317850970009264
409 410 0.007762619364437118
409 449 0.2829532278745248
410 411 0.7956181726642275
410 450 -0.8958569787976856
411 412 0.2413952330238449
411 451 0.15155599994760616
412 413 0.30972862836514237
412 452 -0.3963760070123348
413 414 -0.37328875815784723
413 453 0.27389063420466986
414 415 0.3281819466305269
414 454 0.8203291837686921
415 416 0.5919723980378759
415 455 0.18210210489995782
416 417 -0.463141549472077
416 456 0.6423678499383765
417 418 0.28066751421557257
417 457 -0.7483076143806404
418 419 -0.8922239277708266
418 458 0.04130426627136874
419 420 -0.9758449639983775
419 459 0.8064853854881153
420 421 0.63804640692782
420 460 0.1923392774235153
421 422 -0.08122546803631803
421 461 -0.3985306989645252
422 423 0.28631472367563315
422 462 -0.012515219554453783
423 424 -0.9694880698067729
423 463 -0.4293412151682523
424 425 -0.4871511688527621
424 464 0.5768403198592043
425 426 -0.11990446564979806
425 465 -0.5634316379439437
426 427 0.2540794682874765
426 466 0.04908565100972795
427 428 0.6641887998565459
427 467 -0.37018419598782515
428 429 -0.517249703372656
428 468 -0.630534550824484
429 430 0.9397638103336894
429 469 -0.47172160408813046
430 431 0.2595759458072495
430 470 -0.7551454377727889
431 432 -0.69794099800382
431 471 0.43068115496269943
432 433 0.8889082187086876
432 472 0.01415654335412686
433 434 -0.7578647395531797
433 473 0.3898260779197671
434 435 0.6600640205134845
434 474 -0.4281450177465884
435 436 0.8705631713541075
435 475 0.664921925393219
436 437 0.9266398585012561
436 476 -0.3968617965767389
437 438 0.5262101385295834
437 477 -0.6698472785093634
438 439 0.7298295470437892
438 478 -0.15211267542433027
439 440 0.5337657909606819
439 479 0.2469015474927856
440 480 0.04969576566474232
441 442 0.6043411248489508
441 481 0.4728132876228779
442 443 -0.7486833166667519
442 482 0.1255621589853524
443 444 -0.5167445923898257
443 483 -0.9624662155377357
444 445 0.18955707159015556
444 484 -0.2245267653723897
445 446 0.5275188489277534
445 485 0.05463660915038626
446 447 -0.15576819820670296
446 486 -0.6718789812492048
447 448 -0.19864632704988128
447 487 -0.14849760326844552
448 449 0.8289883946110319
448 488 0.5555057599689801
449 450 -0.058737037123475444
449 489 0.9358292563627215
450 451 0.43866910888581634
450 490 0.8525662574700967
451 452 -0.6780003333786615
451 491 -0.6291627285474903
452 453 -0.8300724302521696
452 492 -0.13061393710237112
453 454 0.15537994491550688
453 493 -0.6332381346689244
454 455 0.5552682265176994
454 494 -0.7373267291121492
455 456 -0.1492245872633804
455 495 -0.28447275489021173
456 457 -0.1872821079977962
456 496 0.8062320123663218
457 458 -0.9840610170875805
457 497 0.17753818689545176
458 459 -0.9908663478942161
458 498 0.0894916027052759
459 460 0.7418152956413504
459 499 0.3518198976728484
460 461 -0.017148686856331086
460 500 0.7804994147568936
461 462 0.45677469814567684
461 501 -0.5340053276550996
462 463 0.22670560719709743
462 502 0.3044696810423615
463 464 0.6111720721327583
463 503 -0.5166618687202547
464 465 -0.9804541726044116
464 504 -0.958520004970965
465 466 -0.5680573160838092
465 505 -0.213767417720097
466 467 -0.18264960382330853
466 506 0.6253026888603876
467 468 0.8652950536788133
467 507 0.043082916685047046
468 469 0.2676480103578722
468 508 0.5063526258519655
469 470 0.1719050132021136
469 509 -0.38509289884554265
470 471 0.5701168793021565
470 510 -0.006938660395548579
471 472 0.5873734550195171
471 511 0.95850920933007
472 473 -0.22759580410328795
472 512 -0.6351859812607226
473 474 -0.27295954061788863
473 513 0.8520537414450411
474 475 0.8288059200797633
474 514 0.7513303381437351
475 476 -0.6912757446576998
475 515 0.029460469854044824
476 477 0.618088858168883
476 516 0.17471977668505545
477 478 -0.4978933783284858
477 517 0.9534256535016494
478 479 0.8825639421579681
478 518 -0.25737527652041403
479 480 -0.9821161709859827
479 519 -0.3524805234242976
480 520 0.9086821756613166
481 482 0.4182635015623346
481 521 0.08187370860505627
482 483 -0.4653219892521123
482 522 0.5500698566127167
483 484 0.3405793923495446
483 523 -0.45887318322697346
484 485 0.2689206719048427
484 524 0.7355849528715295
485 486 0.6347892024386104
485 525 0.5877021116314245
486 487 -0.9500004060763165
486 526 -0.8947772978530923
487 488 0.10597293070240688
487 527 -0.38906183780710846
488 489 0.4980636657710924
488 528 -0.7783206143283006
489 490 -0.7672091426553513
489 529 -0.2988518333490182
490 491 -0.40531278962337636
490 530 -0.7761486946295273
491 492 -0.15568509869084446
491 531 -0.9085747989231208
492 493 0.012012226239513257
492 532 0.7574120734520373
493 494 0.7153388540364631
493 533 -0.15035190046172642
494 495 -0.30174490186832337
494 534 -0.27039892044717506
495 496 -0.42127296357250366
495 535 -0.9372770364960501
496 497 -0.6878594381658312
496 536 0.6794384907568811
497 498 0.9908061615135026
497 537 0.04121363999164296
498 499 -0.34675865372097614
498 538 0.2365185173439015
499 500 -0.8115598054875355
499 539 -0.5989487106378535
500 501 -0.6324806675588459
500 540 -0.10915789474949467
501 502 0.14201009955378274
501 541 0.8173610473368855
502 503 0.430182041316568
502 542 -0.4467741347708032
503 504 0.038828440415956234
503 543 -0.9138018029920085
504 505 -0.6200057548950983
504 544 0.32336318590151203
505 506 0.9736320577570077
505 545 -0.832999006048514
506 507 -0.11838631152360879
506 546 0.6463062916880062
507 508 0.8857942969347214
507 547 -0.9717023985983715
508 509 -0.9145800831578819
508 548 0.1749293239178804
509 510 -0.7335832243944846
509 549 0.9360662589572046
510 511 -0.8342425427904361
510 550 -0.2038843676915334
511 512 0.5052530354529687
511 551 0.6811329480620492
512 513 0.9669299317249469
512 552 0.8943383289633806
513 514 -0.6942720987885707
513 553 -0.5704854201592151
514 515 0.2815363935716293
514 554 0.6037507661793629
515 516 0.033690007041286885
515 555 -0.658903194732746
516 517 -0.6297467691898873
516 556 0.9310998241649526
517 518 0.14696386272824813
517 557 -0.1060583478018775
518 519 -0.7372050252495141
518 558 0.3807547236718638
519 520 -0.3947218086098532
519 559 0.05082633708814899
520 560 0.10664425492060059
521 522 -0.7503516512387804
521 561 0.9152945909393368
522 523 -0.6411873089209219
522 562 0.5665133426749911
523 524 -0.9713870969193983
523 563 -0.8057392172593587
524 525 0.30338755168651943
524 564 -0.7428119604757337
525 526 0.3403540075150735
525 565 0.553516361700622
526 527 0.35673304023571206
526 566 -0.4922488859677445
527 528 -0.4846128921437354
527 567 0.8198374247698474
528 529 0.8264569383822831
528 568 0.8061542506846666
529 530 0.3604162620866478
529 569 0.5708598847417634
530 531 0.705900920605832
530 570 0.06694593611477861
531 532 0.8657338372783547
531 571 -0.8900596483624457
532 533 -0.3607950318698938
532 572 -0.3598798082879684
533 534 0.49884174474578913
533 573 0.8543432626120098
534 535 0.8690009469588633
534 574 -0.22955965174950754
535 536 -0.7872529856876167
535 575 0.053635808359971726
536 537 0.6822685776650415
536 576 0.12059569433765405
537 538 -0.4772544281461555
537 577 -0.293319833493489
538 539 0.6837210747242657
538 578 0.6749345767508081
539 540 0.55737732206281
539 579 -0.9887007483223933
540 541 -0.1490680870832377
540 580 -0.05745580372586789
541 542 0.8351447250289208
541 581 -0.7546278347533464
542 543 -0.8304502544629868
542 582 -0.5824785102387939
543 544 -0.004760394861593298
543 583 -0.26194702864284336
544 545 0.9776380556954172
544 584 -0.4446388278725453
545 546 -0.948655172953768
545 585 0.0008102483334408994
546 547 -0.2742439091697655
546 586 -0.7048684613702336
547 548 -0.1894049852219719
547 587 -0.8925241777638004
548 549 -0.1346706496474328
548 588 -0.004353440663677821
549 550 0.8751002169539119
549 589 0.2996571862854618
550 551 0.378890192361341
550 590 0.3210200358975328
551 552 0.7983851055364943
551 591 -0.6188984478315585
552 553 -0.6113184392848461
552 592 -0.6683778025845724
553 554 0.3388118193488028
553 593 -0.03237085574302223
554 555 0.7129885029801588
554 594 -0.7470975107983209
555 556 -0.5168487071173624
555 595 0.8314100558244788
556 557 0.1250259693692768
556 596 0.9680490017757033
557 558 -0.8660760488192942
557 597 -0.10951918083490564
558 559 0.4793426860595116
558 598 -0.27746061246367715
559 560 -0.08394492335891557
559 599 0.8385028442011815
560 600 0.7840258664634796
561 562 -0.19348740253016028
561 601 -0.5660976793528798
562 563 0.21599264166858534
562 602 -0.9165022476928935
563 564 -0.16232458916205528
563 603 -0.7589035459649058
564 565 -0.822523440810929
564 604 0.354932756244686
565 566 0.3762896842166379
565 605 -0.14247047511555322
566 567 -0.6958900462177604
566 606 -0.6048339329233481
567 568 0.02300997646230396
567 607 -0.7608266491526805
568 569 0.9682302296035257
568 608 -0.7739700391085913
569 570 -0.20459498166361278
569 609 0.4815377770706115
570 571 0.6036587687996202
570 610 -0.10496198807502699
571 572 0.5998533704851106
571 611 0.9537915986894838
572 573 -0.8721337198247661
572 612 -0.18776452626265794
573 574 -0.3660903158880271
573 613 0.635365263765054
574 575 0.02602126555859141
574 614 -0.2709950243993202
575 576 -0.594142988446714
575 615 -0.4460285970957176
576 577 -0.42474447102141255
576 616 -0.4410155565609586
577 578 0.6683699883803673
577 617 0.3380340470495111
578 579 -0.5079071623914255
578 618 -0.39028982902804144
579 580 0.3273825509826662
579 619 -0.9651672569816601
580 581 -0.38096865726501616
580 620 -0.5128100829924322
581 582 -0.23954780255421992
581 621 -0.6244263013548954
582 583 -0.6522729243378864
582 622 -0.8701250017820725
583 584 -0.5309970095596681
583 623 0.6786613718164789
584 585 0.2981277351699976
584 624 0.022128742899905518
585 586 0.651875381176436
585 625 0.9868716785966278
586 587 -0.043459527477620385
586 626 -0.4516186542876355
587 588 0.5726842489291339
587 627 0.4230595496302305
588 589 -0.5875896846972015
588 628 0.942955843501911
589 590 -0.032271637821941423
589 629 0.12730003938294931
590 591 -0.30368586772168693
590 630 0.16089984300386861
591 592 -0.22139028513203662
591 631 -0.7702357623551728
592 593 -0.05107243300223763
592 632 0.3751849706334667
593 594 0.3654988280337321
593 633 0.20812994722778821
594 595 0.27218758688122735
594 634 0.6717973529952315
595 596 0.7575187392268763
595 635 0.25002164379280356
596 597 0.8151982988797088
596 636 0.09802281794381518
597 598 0.0005794603501669826
597 637 0.6966573804669876
598 599 0.5528969971908813
598 638 0.33504837193863124
599 600 0.35199909255415696
599 639 -0.8463013447311349
600 640 -0.17670519367393855
601 602 0.43455169290663886
601 641 0.9884148768438752
602 603 0.1225502643832026
602 642 0.3362754696538841
603 604 -0.5858220049039058
603 643 0.49011093157374575
604 605 -0.2888118076246513
604 644 -0.37054730710840356
605 606 0.6602899758747252
605 645 0.8317801276837287
606 607 0.6365665994561913
606 646 0.7835229811932962
607 608 0.14117198012752663
607 647 -0.5000712117028783
608 609 -0.23439467756376975
608 648 -0.45007652444131874
609 610 -0.2546478337908138
609 649 -0.8048013192279784
610 611 0.8170792980209065
610 650 0.8143186328453271
611 612 0.48734661133349566
611 651 -0.47568330110265333
612 613 -0.6322144968548729
612 652 0.16306324893843493
613 614 0.22527811812285026
613 653 -0.49130364037242047
614 615 0.9636741998640224
614 654 -0.6155846083157555
615 616 -0.8489965663105217
615 655 0.13441074854148916
616 617 -0.3334575021791708
616 656 -0.22838269704434455
617 618 -0.08951124938572863
617 657 0.4185510788161104
618 619 -0.6934651042986599
618 658 0.9741056438660531
619 620 0.358934325150418
619 659 -0.47830383482011163
620 621 -0.4349518460043138
620 660 0.06715088802353719
621 622 0.86214761206645
621 661 -0.067603250665486
622 623 0.9338186137231133
622 662 -0.6328246093385992
623 624 -0.8501191226945957
623 663 0.2197179775294138
624 625 0.8649002826412748
624 664 -0.19110576131414225
625 626 -0.4171710952933705
625 665 0.4078718282989222
626 627 0.8152305627847913
626 666 0.9482057335245659
627 628 0.022761872691753116
627 667 0.023504219227441725
628 629 0.7868584417819242
628 668 0.4973309217684603
629 630 0.892833247909713
629 669 -0.49839817582375545
630 631 -0.47813916321934147
630 670 -0.6812643404913001
631 632 -0.7203480343538213
631 671 -0.19165059227199932
632 633 0.8022081423226
632 672 0.48288669081321434
633 634 0.6668929676439124
633 673 -0.5581841203304698
634 635 -0.14064307620395344
634 674 0.5089936780105642
635 636 0.5375505482267082
635 675 0.35103808811256343
636 637 -0.20588156978150063
636 676 0.7900994704601207
637 638 -0.4116652498230744
637 677 -0.5459314883736357
638 639 -0.7149187017155025
638 678 -0.06145837191918413
639 640 0.9262797559501603
639 679 0.18267963785025443
640 680 -0.7850317760483061
641 642 -0.4887718887983299
641 681 0.3426188638785608
642 643 0.8767852133331688
642 682 0.5720117176239266
643 644 -0.08862400887552102
643 683 -0.7729807308241559
644 645 0.7801072798471833
644 684 0.7278307551921075
645 646 0.5548835882045169
645 685 -0.8283006849886052
646 647 -0.09136145886997982
646 686 0.48168483421268604
647 648 -0.9892099131095984
647 687 0.14420562650365376
648 649 0.6974198633915016
648 688 0.7982834923888127
649 650 -0.9660560663593514
649 689 -0.716632861696634
650 651 -0.1203517442093125
650 690 0.697557116844183
651 652 0.5075945608122614
651 691 -0.0956361653571356
652 653 -0.09568514008896756
652 692 -0.5729892390359861
653 654 0.4002168771602499
653 693 -0.7411759261737512
654 655 -0.702919646535195
654 694 -0.31154697955259647
655 656 0.04900356866596489
655 695 0.7784139528582574
656 657 0.3250697602343471
656 696 -0.3813635562455915
657 658 -0.5245026735344482
657 697 0.8916918487578844
658 659 -0.7702359357359432
658 698 -0.898272028759167
659 660 0.6161236987509355
659 699 0.16259653244603722
660 661 0.6022552068288409
660 700 0.3505675327780913
661 662 0.9130236352705243
661 701 -0.46384445072152247
662 663 -0.9817282288187421
662 702 0.623922932244904
663 664 0.1677127951376287
663 703 -0.6407286859057717
664 665 -0.5296575651751358
664 704 -0.4004251191197543
665 666 -0.2622445425188975
665 705 -0.5029875301574132
666 667 -0.30510672852533416
666 706 0.5639795966382393
667 668 0.8807862999372278
667 707 -0.7528082305965884
668 669 0.39535526824478917
668 708 0.14371546222082365
669 670 0.6131144550812777
669 709 0.1773821842419221
670 671 0.6392223085269413
670 710 -0.21692058608543974
671 672 0.5023155108214861
671 711 -0.28990000355368895
672 673 0.5158902495721946
672 712 -0.6177518609792241
673 674 -0.6540573623544772
673 713 -0.4997942715711703
674 675 -0.48070556559434174
674 714 -0.10290675034943808
675 676 0.182849310629982
675 715 -0.5876394063827426
676 677 -0.9969049971611537
676 716 -0.4825027544137488
677 678 0.07469800464861609
677 717 0.5447675895671449
678 679 -0.5673834241936151
678 718 -0.9889964227402652
679 680 -0.7645647107815834
679 719 0.4029749526814579
680 720 -0.5876569554205966
681 682 0.1980118262782331
681 721 0.4346642911110261
682 683 0.5008609430416748
682 722 -0.005898048330893468
683 684 -0.5693526700563101
683 723 0.8604865083346089
684 685 0.6113246434190085
684 724 -0.28535347667524413
685 686 0.8993589615498456
685 725 -0.04574859797911324
686 687 0.15006296764803562
686 726 -0.02296969778381386
687 688 -0.2836012102269505
687 727 0.36656553776258094
688 689 0.010385727979020709
688 728 -0.5574350954899538
689 690 0.9741468317989685
689 729 -0.6159233342330535
690 691 0.6153613356440921
690 730 0.19110844329239285
691 692 -0.33792528844607106
691 731 0.7457020229145057
692 693 -0.9663767749491607
692 732 0.983178991419972
693 694 -0.18295649016419224
693 733 -0.8073968478523295
694 695 -0.8670481958660432
694 734 0.4840331744398032
695 696 -0.2849918519689605
695 735 0.2511674089772131
696 697 0.6096297685561938
696 736 -0.8156030931966918
697 698 -0.34381415836446716
697 737 0.8860587190202267
698 699 0.9257104932784097
698 738 -0.8539765943124069
699 700 -0.39484206233635755
699 739 0.38633845221910135
700 701 0.13091939573747569
700 740 0.8682572105226571
701 702 -0.18608280012190792
701 741 0.3201029369098314
702 703 -0.0393800663907673
702 742 -0.9481730327161069
703 704 -0.19659340109996037
703 743 -0.3916585059294948
704 705 0.8427699374143949
704 744 0.45407251722423636
705 706 0.7031021711851448
705 745 -0.4582808849535456
706 707 0.3745969836088987
706 746 0.15396434969788086
707 708 0.5025731830763744
707 747 -0.2001349628613951
708 709 0.33626277516258596
708 748 -0.6725650514240205
709 710 -0.14043406675106196
709 749 -0.45628882783082236
710 711 -0.2884229297381704
710 750 0.38062261035061007
711 712 -0.9056091593114268
711 751 0.15626601247998106
712 713 -0.32593256647928803
712 752 -0.40122040658197333
713 714 0.7317514196403958
713 753 -0.3889802553814494
714 715 -0.5854045709812583
714 754 -0.12942680004666562
715 716 -0.26689265266722684
715 755 -0.23733645766229117
716 717 0.33226074467861344
716 756 -0.46523270779906456
717 718 -0.19259257078845482
717 757 -0.5800072011580897
718 719 0.3425602923379587
718 758 0.30366669973740357
719 720 0.04674949447212984
719 759 0.4087083665404059
720 760 -0.45691582606609504
721 722 0.8746990692898091
721 761 -0.29638046292059594
722 723 -0.9145349966942447
722 762 0.6337349928914868
723 724 -0.9842105041180766
723 763 0.283743678846174
724 725 0.2815625110551656
724 764 0.19766509472025695
725 726 0.7709804734399874
725 765 -0.8300892723264344
726 727 0.2887991006975046
726 766 0.8966175561302234
727 728 0.22798927192368845
727 767 -0.6525660019454738
728 729 -0.9034964834666834
728 768 0.7619280400015673
729 730 -0.9839951591655565
729 769 0.13689137249566685
730 731 -0.3486568679789712
730 770 -0.5104132050820456
731 732 0.6127894054894854
731 771 -0.4324476475934389
732 733 0.9525920760748303
732 772 -0.758546200787336
733 734 -0.6967219219397514
733 773 -0.39211702908976287
734 735 -0.8544021964567838
734 774 0.6163429688750826
735 736 -0.01701907798619917
735 775 -0.36668683622058706
736 737 0.8274970592016484
736 776 -0.3751964264534442
737 738 0.28945762928103713
737 777 -0.8129410054351935
738 739 -0.46939226582509486
738 778 -0.8990474075773522
739 740 -0.8154965936002854
739 779 -0.8937252008514043
740 741 -0.09756900780865374
740 780 0.7518117409761709
741 742 -0.24391775292235884
741 781 0.9976601884443419
742 743 0.6258125747844476
742 782 0.7280612258034649
743 744 0.5830275920194321
743 783 0.08077980732116963
744 745 -0.21318666991116553
744 784 -0.09123728285470833
745 746 -0.6796660612038259
745 785 0.46551254582692225
746 747 -0.5905335712908888
746 786 0.12479105816906033
747 748 0.5457016375885824
747 787 -0.6665103610314254
748 749 0.05332695801617371
748 788 0.41673437322413664
749 750 -0.6126267357757416
749 789 0.6204854055970899
750 751 0.8098299604004568
750 790 -0.5294686297852875
751 752 0.5001701874316742
751 791 0.6790257626020901
752 753 -0.6804371109803462
752 792 -0.10265279949859285
753 754 -0.16485179106968118
753 793 -0.4378639706945884
754 755 -0.2310459781642249
754 794 0.44746398692281053
755 756 -0.42482282596435095
755 795 0.8120158014723309
756 757 0.09386551795175957
756 796 -0.0007222784733631471
757 758 -0.8753242346037717
757 797 0.6050530841380442
758 759 -0.7326525117990115
758 798 -0.24234039005933283
759 760 0.6356521549144105
759 799 -0.7296466356087907
760 800 -0.45708691591584394
761 762 -0.49273180505720804
761 801 -0.19505498192645399
762 763 -0.9727525116163218
762 802 0.10008237143020993
763 764 0.2893250552840405
763 803 0.360502560753599
764 765 -0.5289152883067378
764 804 0.17939252511395276
765 766 0.8764641522759076
765 805 -0.3702861503219874
766 767 0.6048860098085964
766 806 -0.17914208130189824
767 768 -0.39728017694955065
767 807 0.43173868059316645
768 769 0.8968284776406141
768 808 0.5093531244047642
769 770 -0.035405421557634265
769 809 -0.4041792774470767
770 771 0.4768604130890097
770 810 0.5135658943196972
771 772 -0.447638291655575
771 811 -0.10938735919976716
772 773 0.753279462331327
772 812 0.9770158094413992
773 774 0.46568921365408644
773 813 -0.7297599285756653
774 775 0.9088695453316735
774 814 0.04142811051694362
775 776 0.8818464152335133
775 815 -0.050093442293309254
776 777 0.4596477526213796
776 816 0.007106489575506858
777 778 -0.27078710869102207
777 817 -0.9387357634651956
778 779 0.8463452085471703
778 818 0.03854878130466499
779 780 -0.1618022664653378
779 819 0.28112507036991197
780 781 -0.24159326102706813
780 820 0.3432785528293856
781 782 -0.5031084153645538
781 821 -0.0160831820373315
782 783 0.3962495936633439
782 822 -0.28957978935396156
783 784 0.8902141259369529
783 823 0.7089034373952157
784 785 0.38974360525627016
784 824 -0.2805864126943569
785 786 0.009317751019469966
785 825 0.5120701753952033
786 787 -0.9227090631179369
786 826 -0.8841545495098604
787 788 -0.6088528359583865
787 827 0.9825770468753887
788 789 0.793010067084839
788 828 -0.7736446054195412
789 790 -0.7985520020118138
789 829 -0.07410103932659551
790 791 -0.5979021567648002
790 830 -0.9208545146608709
791 792 0.498887612107237
791 831 0.4246852250285571
792 793 0.08919226912616995
792 832 -0.7358304464963252
793 794 0.1653221121246724
793 833 0.16343742655096416
794 795 -0.8325264610931391
794 834 0.8548426081705296
795 796 0.539858192553448
795 835 0.3072004157917696
796 797 0.7947556184033331
796 836 0.09478016827209124
797 798 -0.2481209557716053
797 837 0.5626012748915246
798 799 0.8437452451333667
798 838 0.576174373959127
799 800 -0.07458773337361069
799 839 -0.5819577026675213
800 840 -0.9922987793881004
801 802 0.4930214343699699
801 841 0.4481411348233766
802 803 0.13359354265010248
802 842 -0.7741633304257072
803 804 0.15630692885272834
803 843 0.5690564293434619
804 805 0.9940132649317663
804 844 -0.8950507260076916
805 806 -0.1578760363821763
805 845 0.3706769765839093
806 807 -0.4971800861439506
806 846 -0.9947524961437797
807 808 -0.13862960067652308
807 847 -0.7305545643249265
808 809 0.6479681245067643
808 848 -0.3779964965005882
809 810 0.8612163231200298
809 849 0.40361492617257255
810 811 -0.9599232962994095
810 850 0.5058107890802939
811 812 -0.7697709011709015
811 851 -0.250939117478135
812 813 -0.49818787135738374
812 852 0.6772918237869008
813 814 0.9007315842113177
813 853 -0.23213698288699547
814 815 0.6918012549181194
814 854 0.2831090971957946
815 816 -0.4696317574269495
815 855 0.6536887483951861
816 817 -0.9137055454709184
816 856 -0.41747145976351385
817 818 0.48639577572094317
817 857 -0.8742085906230463
818 819 0.8451673225515821
818 858 0.30327156601768324
819 820 0.40280216711709627
819 859 0.9666552871538341
820 821 -0.8447612317564217
820 860 0.26953364772753297
821 822 0.13377982734060523
821 861 -0.21878926769035933
822 823 0.2855554461371619
822 862 0.0014989148216770776
823 824 0.3118034929724043
823 863 -0.06845309583130188
824 825 0.3794386486470398
824 864 -0.8796580167871151
825 826 -0.2829264646929732
825 865 0.6987974138432931
826 827 -0.42445521409541276
826 866 -0.7951375008918913
827 828 0.7565673561626878
827 867 -0.1092074070059188
828 829 -0.8076272360029713
828 868 0.18348830867476384
829 830 0.4040182169738453
829 869 0.2802518891972723
830 831 -0.034242650399357366
830 870 -0.6627101436235132
831 832 -0.1763524241677048
831 871 -0.7072937194112288
832 833 -0.7994465905797046
832 872 0.7268453994897941
833 834 0.4653196347684674
833 873 0.13564621336200067
834 835 0.9650798026307865
834 874 -0.9936825270184437
835 836 0.7295974982679472
835 875 -0.43536217074576733
836 837 -0.11873653277702068
836 876 0.7607578734952407
837 838 0.47227679850747717
837 877 0.8617823884414602
838 839 -0.329415547589071
838 878 0.381955933875461
839 840 -0.9081922701942138
839 879 0.02864847468486209
840 880 0.3701545300986455
841 842 -0.18778440788322137
841 881 0.9787596965600047
842 843 -0.8744475203374715
842 882 0.14944844993404782
843 844 0.6436943644993822
843 883 0.293658670682446
844 845 -0.5249591322265721
844 884 -0.3380264661504324
845 846 -0.8183715060817822
845 885 -0.583969910428255
846 847 -0.41744390612563964
846 886 0.958407342662384
847 848 -0.6520886503177212
847 887 0.4513521355262402
848 849 -0.7420187723595559
848 888 -0.7983571045892484
849 850 -0.17157019879633162
849 889 -0.9526432634611737
850 851 -0.588328928432196
850 890 -0.41642761654665095
851 852 -0.012848208564438135
851 891 0.35579129848220115
852 853 0.044229447365615515
852 892 0.05017853023836327
853 854 -0.4651406612497535
853 893 -0.5323932614105544
854 855 -0.40874319169915285
854 894 0.5930816335690869
855 856 -0.8267329097653309
855 895 -0.6168359610823315
856 857 0.27965622733053586
856 896 0.9371504174640461
857 858 0.9525736579625208
857 897 -0.31205554621989595
858 859 0.15713267474725123
858 898 -0.18536922133244738
859 860 -0.5959280647137342
859 899 -0.33535854980625346
860 861 0.30091750174085763
860 900 0.40456054667164487
861 862 -0.7649386315390276
861 901 -0.8109865821997377
862 863 0.8919741632065792
862 902 0.06150985277527976
863 864 -0.39073526144246573
863 903 -0.21275209619728574
864 865 -0.28483746795680265
864 904 0.7364571549739587
865 866 0.22933394130312812
865 905 0.7609842353581704
866 867 -0.2069446790541598
866 906 0.11006718664877968
867 868 -0.42259965566861046
867 907 -0.6273846003163066
868 869 -0.9382822928456529
868 908 0.5740441965484204
869 870 0.00896725652224073
869 909 -0.03248137409766638
870 871 -0.8705082225009806
870 910 0.8397004275844728
871 872 0.7947655756596608
871 911 -0.6145476014360554
872 873 -0.9037832813890525
872 912 -0.6426277455961147
873 874 -0.04168172824854577
873 913 0.09182449701332929
874 875 0.40408353582214596
874 914 -0.8585142315190297
875 876 0.6493735586168019
875 915 -0.4532338732759742
876 877 -0.9346800964421562
876 916 -0.054168821785466115
877 878 -0.7418041096229286
877 917 -0.17078690932501583
878 879 -0.26931171215062255
878 918 -0.7980194840508168
879 880 -0.886414634285658
879 919 -0.7375107732037294
880 920 0.7938232329819035
881 882 -0.09900143850966803
881 921 -0.25238313179929417
882 883 -0.02902946841862053
882 922 -0.3971558057297204
883 884 -0.6407207383195566
883 923 0.4525460072097267
884 885 0.6018683804761302
884 924 -0.11264111870813887
885 886 0.16602222855040893
885 925 -0.22949677630811594
886 887 -0.15223012645755207
886 926 0.08016770321356215
887 888 0.24890467931223803
887 927 0.11081127695333692
888 889 0.3439447706659633
888 928 -0.7162491447693253
889 890 0.38146783140795315
889 929 0.3458961942246186
890 891 0.5689621877545066
890 930 0.2392411697654213
891 892 -0.8650833589434879
891 931 -0.6791323276690746
892 893 -0.8230887617827434
892 932 -0.09175466962314438
893 894 -0.33043572665611176
893 933 -0.41936959066530255
894 895 0.9288510472300591
894 934 0.7793439750383548
895 896 0.8337851283279272
895 935 -0.637545921743087
896 897 0.636669707262812
896 936 0.9942096986488136
897 898 -0.5374397729005449
897 937 -0.3549307988626431
898 899 -0.47389990306110885
898 938 0.5885715105204068
899 900 -0.33885349133067955
899 939 -0.8088920803115134
900 901 0.954657920596877
900 940 0.721874219570035
901 902 0.05409575765765906
901 941 -0.9887807438787304
902 903 0.7535777105561869
902 942 -0.1060271333000391
903 904 -0.2660780633895721
903 943 0.8519962292295269
904 905 -0.7107983711533947
904 944 0.4929606113162588
905 906 0.12248803238233386
905 945 -0.8775559570015867
906 907 -0.4866545905007216
906 946 -0.8668692211525422
907 908 -0.3613414537855375
907 947 0.026400804458449834
908 909 0.10181484329458712
908 948 0.45332876716596116
909 910 -0.4642189086754398
909 949 -0.6599038976762224
910 911 0.28261334073782085
910 950 -0.6259805430258376
911 912 0.6653196844814813
911 951 -0.5785466392896383
912 913 0.9560231517228828
912 952 -0.8500590726537396
913 914 0.11383232063148863
913 953 0.2524408507303213
914 915 -0.9581902649971046
914 954 0.5708078833789374
915 916 -0.57227647951852
915 955 0.9390997811259711
916 917 0.17074962748741873
916 956 0.3102198100068414
917 918 -0.7810400939650888
917 957 0.891769527373105
918 919 -0.7728806712173046
918 958 -0.5714069875513028
919 920 -0.003984799914355408
919 959 -0.6099076649828525
920 960 -0.4482892176944877
921 922 0.4192572123384042
921 961 -0.835082893376583
922 923 -0.920408883906743
922 962 0.26778827294822616
923 924 -0.4305758244742559
923 963 0.6829531030838569
924 925 -0.8745529738912545
924 964 -0.3634864324684177
925 926 -0.7872009776003226
925 965 -0.9798300477003039
926 927 -0.8726606348295538
926 966 -0.7155780108107921
927 928 -0.888432204746376
927 967 -0.22303746386415302
928 929 0.8460726771270903
928 968 -0.510178660978617
929 930 -0.3249091954895409
929 969 0.9446448861446348
930 931 0.8163335167815946
930 970 0.8343238463192484
931 932 -0.24135328312218496
931 971 -0.0614523451664124
932 933 0.9825959776587359
932 972 -0.7342338226691398
933 934 -0.768387599574385
933 973 -0.6118474621973014
934 935 -0.3456697653296894
934 974 -0.016531297121714195
935 936 -0.1731508527156862
935 975 0.7262033971747497
936 937 -0.15224151555627108
936 976 0.22547948692785336
937 938 0.6139140486650483
937 977 -0.23543177778593427
938 939 -0.5394964585658184
938 978 -0.8610490221815668
939 940 -0.6408871550676041
939 979 -0.6685600315572764
940 941 -0.7708969561418879
940 980 0.9520251092070955
941 942 -0.9988481580550059
941 981 0.5755521457426584
942 943 -0.320723514019313
942 982 -0.45553491146672
943 944 0.8328456151909134
943 983 0.18253561799390128
944 945 0.21668993461184427
944 984 -0.8603498839297699
945 946 0.14871617614480837
945 985 0.28425671594942736
946 947 0.6186037622562199
946 986 -0.6738291819899427
947 948 -0.907709370966332
947 987 -0.7938392774118759
948 949 -0.2873517151732614
948 988 0.2842664082496378
949 950 0.0522475562861795
949 989 -0.853066719921834
950 951 0.7428565547596306
950 990 -0.43537219570190855
951 952 0.1954152418252686
951 991 0.8720855609307658
952 953 -0.13831177229482772
952 992 0.026491341308823024
953 954 0.7271700846054177
953 993 0.9965521490476574
954 955 0.27370853577834264
954 994 0.6446218490223441
955 956 -0.3847797731711833
955 995 0.7820504019087069
956 957 -0.5415921152512513
956 996 -0.35392880386491155
957 958 -0.7859379327556955
957 997 0.12167522055744984
958 959 0.0911555815983558
958 998 -0.9967992312505423
959 960 -0.07855359552558472
959 999 0.09683247128533345
960 1000 0.6986052052784979
961 962 -0.20325416237743354
961 1001 0.5417619326157594
962 963 -0.7513286335989127
962 1002 -0.9767883111692253
963 964 0.14033429211404203
963 1003 -0.8294647562658966
964 965 0.6610385931405298
964 1004 0.47689450375842735
965 966 0.792280040769211
965 1005 0.3360507643803099
966 967 0.9711898150006382
966 1006 0.07145464107842003
967 968 -0.10853334838993689
967 1007 0.16869522198859133
968 969 0.4961308379243985
968 1008 0.2220859168640701
969 970 0.8423553919243285
969 1009 0.005063112949452719
970 971 -0.6932266508964402
970 1010 -0.35585087647498037
971 972 0.9168999697930755
971 1011 0.782683230671293
972 973 0.7145982450255619
972 1012 0.764120482560195
973 974 0.7387304757547029
973 1013 0.2759690527932783
974 975 -0.9220909155183901
974 1014 0.4003369539030297
975 976 0.7436045349199851
975 1015 -0.2512147894948964
976 977 -0.3875786393248224
976 1016 -0.4958463278050276
977 978 0.7199171308732975
977 1017 0.4403304691580514
978 979 0.1316051751078715
978 1018 -0.631273974569575
979 980 -0.9518594558674789
979 1019 0.7622759843038214
980 981 0.04555599813949507
980 1020 0.6552522560061138
981 982 0.025997012710028633
981 1021 0.727212229002449
982 983 -0.9490650523275013
982 1022 -0.5576140030045302
983 984 0.7008484721316841
983 1023 0.9443015412877993
984 985 0.5665282309655317
984 1024 0.8367437906711703
985 986 0.8982529278174731
985 1025 -0.5488493307243039
986 987 0.6816810756614791
986 1026 -0.2968100613377429
987 988 0.34179169043033353
987 1027 -0.6859574397396966
988 989 -0.44473873367070005
988 1028 -0.30027496195990033
989 990 0.7730622314588358
989 1029 -0.5633398515270933
990 991 0.015597483592487249
990 1030 0.993881968292722
991 992 -0.08626872677354713
991 1031 0.6808838182019981
992 993 -0.2680778160940416
992 1032 -0.7622853796596867
993 994 -0.49774143285922157
993 1033 0.6250735457313144
994 995 0.3992692070540731
994 1034 -0.3549461293206493
995 996 -0.014487989923577027
995 1035 0.455370612770591
996 997 -0.6950503634678171
996 1036 -0.09201040028715646
997 998 0.4674638806893252
997 1037 -0.8887946591311566
998 999 0.05394938291106044
998 1038 -0.2786681514471532
999 1000 -0.2638201928673949
999 1039 -0.9130227493231846
1000 1040 -0.13732187247028071
1001 1002 0.5295019670009342
1001 1041 -0.4322812328846053
1002 1003 -0.44666682264293733
1002 1042 -0.39690891981167753
1003 1004 0.8219043927083407
1003 1043 -0.07508817759170028
1004 1005 -0.44233018988982997
1004 1044 0.4572003060118306
1005 1006 -0.3521365307220916
1005 1045 0.7721336720030372
1006 1007 -0.5576814251343243
1006 1046 0.28387478624560325
1007 1008 0.39217455788620836
1007 1047 0.43577111360379917
1008 1009 -0.3102325296199744
1008 1048 0.2624609985428443
1009 1010 0.6931598564713413
1009 1049 0.7040385693609494
1010 1011 0.3606573159961266
1010 1050 0.490876637763519
1011 1012 0.2593186612961971
1011 1051 0.6160825649095087
1012 1013 -0.8287552592747431
1012 1052 0.4330481062828462
1013 1014 -0.4845110838410229
1013 1053 0.7940998138483555
1014 1015 -0.47944066602900826
1014 1054 -0.18489956496477622
1015 1016 0.15713106464072424
1015 1055 0.8502916230746551
1016 1017 -0.9698494502416684
1016 1056 -0.5795469223767455
1017 1018 -0.5782745763989481
1017 1057 -0.2099098711748113
1018 1019 -0.45433259266197656
1018 1058 0.7890636319048343
1019 1020 -0.5856028948312408
1019 1059 -0.24491205205398248
1020 1021 0.02645028073945377
1020 1060 0.8846709912839479
1021 1022 -0.3076987430015812
1021 1061 0.8233275522734622
1022 1023 0.9427530917309701
1022 1062 -0.5174167278439392
1023 1024 0.7916387971241654
1023 1063 -0.8140138648315745
1024 1025 -0.6417629833720306
1024 1064 -0.25147989631749246
1025 1026 0.018114414631892783
1025 1065 -0.8824694908607684
1026 1027 0.5239063430441377
1026 1066 0.20283657457412096
1027 1028 -0.20301400952253612
1027 1067 -0.4922075981721483
1028 1029 -0.23024079042890389
1028 1068 0.5285968573721964
1029 1030 -0.7012251349974659
1029 1069 0.8772539070096237
1030 1031 0.6263168139663067
1030 1070 -0.008098635442919333
1031 1032 0.1329172782679493
1031 1071 -0.29566645943770076
1032 1033 -0.14355144258645036
1032 1072 -0.6413114080639783
1033 1034 -0.3822859854191085
1033 1073 -0.46620599359607984
1034 1035 -0.23149617021972646
1034 1074 0.6130995877958723
1035 1036 -0.0005810185369641285
1035 1075 -0.05066558463556259
1036 1037 -0.5548009561962686
1036 1076 -0.8258350809419097
1037 1038 -0.665568617994402
1037 1077 0.9054092068138309
1038 1039 0.5748189996782651
1038 1078 0.021271736230116023
1039 1040 -0.9927091241187564
1039 1079 0.313915901403822
1040 1080 -0.2556693084883188
1041 1042 -0.6209156192592389
1041 1081 -0.05749807052936995
1042 1043 -0.6393647369933115
1042 1082 -0.8660440738370658
1043 1044 0.8858074025123162
1043 1083 -0.9190154357909113
1044 1045 -0.36061311991449707
1044 1084 -0.6949172339432867
1045 1046 0.9344446091030807
1045 1085 -0.8369177333416333
1046 1047 0.4536969523711414
1046 1086 0.008226863092962722
1047 1048 0.18398256586544903
1047 1087 -0.45855531155479645
1048 1049 -0.9641345203966609
1048 1088 0.5289149452501491
1049 1050 -0.261592910589705
1049 1089 0.9859980106281405
1050 1051 -0.34425045767657325
1050 1090 -0.46725034145407784
1051 1052 -0.9650703258152176
1051 1091 -0.18477611684641038
1052 1053 -0.9779177394393994
1052 1092 -0.2672336983518484
1053 1054 0.41022744267695566
1053 1093 -0.2704881196864821
1054 1055 -0.29526057179941345
1054 1094 -0.8081089443440022
1055 1056 0.3549957226805027
1055 1095 0.01970231624603702
1056 1057 -0.06771150652554048
1056 1096 -0.5968761016132149
1057 1058 -0.5781753028812686
1057 1097 0.6515482805367558
1058 1059 0.42379700528331665
1058 1098 -0.796678077132013
1059 1060 0.8152374203739507
1059 1099 0.8764815724603152
1060 1061 0.725311113614374
1060 1100 0.9860923827461092
1061 1062 0.825307671358825
1061 1101 0.18277981121772946
1062 1063 -0.041168511587543755
1062 1102 -0.8037161274935654
1063 1064 0.4295559564715907
1063 1103 -0.47175148744479634
1064 1065 0.5788618146522273
1064 1104 0.9462370836269638
1065 1066 0.4877156190281071
1065 1105 0.43909501248869787
1066 1067 -0.3116942092939088
1066 1106 -0.9303871329792768
1067 1068 -0.4389263307065705
1067 1107 0.9215481476550869
1068 1069 0.9608825256625395
1068 1108 -0.11682807497865433
1069 1070 -0.20551341530923883
1069 1109 -0.6290795455776808
1070 1071 0.12621461806055723
1070 1110 0.5152104944486415
1071 1072 -0.5606458809555266
1071 1111 -0.8530068820481225
1072 1073 0.05010391117852353
1072 1112 0.8531920759350236
1073 1074 0.7934555003660024
1073 1113 -0.6474903697221723
1074 1075 -0.567877853886777
1074 1114 -0.42713526170656446
1075 1076 0.6591275056001222
1075 1115 -0.21275601154242074
1076 1077 0.44699643817736723
1076 1116 0.19690976553588802
1077 1078 0.7160462036656328
1077 1117 0.6391899925347009
1078 1079 -0.7538006552374337
1078 1118 -0.1561425676064363
1079 1080 0.6894949129003536
1079 1119 -0.24122297391941738
1080 1120 -0.00016041793311871722
1081 1082 -0.33038791099475295
1081 1121 0.4694700874273019
1082 1083 0.558467907052054
1082 1122 -0.19850305154336767
1083 1084 -0.7850900608006042
1083 1123 0.5114391754140291
1084 1085 0.9697567857124436
1084 1124 -0.4767399051995087
1085 1086 -0.4790393954779406
1085 1125 0.05934310114886454
1086 1087 -0.3423448543105325
1086 1126 0.4443973038727129
1087 1088 -0.18338200879036437
1087 1127 0.5512759223874564
1088 1089 -0.6560548125655523
1088 1128 0.22481301230318818
1089 1090 -0.22134921199229973
1089 1129 0.5213474351466296
1090 1091 0.6242943092131601
1090 1130 -0.9999313160005845
1091 1092 0.8534328481020692
1091 1131 0.17250289941527175
1092 1093 0.7475766801988417
1092 1132 0.7692370807972202
1093 1094 0.9639892956882798
1093 1133 -0.47643138164169896
1094 1095 -0.7897319272209831
1094 1134 0.44135914474716276
1095 1096 0.2039289975186469
1095 1135 -0.9692733195647822
1096 1097 0.8690501211508379
1096 1136 -0.6225499557061045
1097 1098 -0.5413409718410069
1097 1137 -0.4448339658818379
1098 1099 0.8068000725142306
1098 1138 0.8129973100594867
1099 1100 0.8576598517680523
1099 1139 0.6025539775779571
1100 1101 0.22727512034434083
1100 1140 -0.5187635566259647
1101 1102 -0.18719279789443033
1101 1141 -0.0467624739096959
1102 1103 -0.36173263200426553
1102 1142 0.6028053966454809
1103 1104 -0.8419745328395614
1103 1143 -0.7745025829154426
1104 1105 0.20609101079752334
1104 1144 0.8413671821026394
1105 1106 0.35278472623504453
1105 1145 -0.2717344499531966
1106 1107 0.26401180672137836
1106 1146 -0.6808037630232768
1107 1108 -0.3604285379210175
1107 1147 -0.8374427467388459
1108 1109 0.8135387037458486
1108 1148 -0.8314906364068666
1109 1110 -0.12130571523146405
1109 1149 0.4099911197516146
1110 1111 0.6115118971498672
1110 1150 -0.7346855032319557
1111 1112 -0.01599928735964684
1111 1151 0.9470778308231151
1112 1113 0.6173429634804124
1112 1152 0.20753005926261836
1113 1114 0.11742060927305675
1113 1153 0.7874166624950572
1114 1115 -0.5786853840423274
1114 1154 -0.5616140334946969
1115 1116 -0.9818751644231407
1115 1155 0.7103579500935853
1116 1117 -0.07998220314299331
1116 1156 -0.3332060232083027
1117 1118 0.4561881957019531
1117 1157 0.3355072901451126
1118 1119 -0.6352848821031685
1118 1158 0.5294421113331038
1119 1120 -0.0664141010262218
1119 1159 -0.7648680202132723
1120 1160 -0.7439196279322569
1121 1122 -0.6217857689302713
1121 1161 -0.33779185175782467
1122 1123 -0.5083702973864943
1122 1162 0.04754437571200221
1123 1124 -0.916444831543223
1123 1163 -0.09687369031111204
1124 1125 0.21725441867826056
1124 1164 0.835169822729062
1125 1126 0.8412964080591319
1125 1165 -0.5338872520886595
1126 1127 -0.7395960372343862
1126 1166 0.440986334869405
1127 1128 -0.0688446102607867
1127 1167 -0.1921364425789025
1128 1129 -0.764786420248418
1128 1168 0.14079217873960692
1129 1130 -0.08833207964240186
1129 1169 -0.7705138664530065
1130 1131 0.7419828789630214
1130 1170 -0.1981650079397641
1131 1132 -0.8928539319250215
1131 1171 0.2610658566517232
1132 1133 0.9473452203409976
1132 1172 -0.08519945701113163
1133 1134 -0.13392307888986
1133 1173 0.02181857541197063
1134 1135 -0.004597216844775431
1134 1174 0.3076199031660021
1135 1136 -0.8866396136525376
1135 1175 0.18108264678898522
1136 1137 0.7958067482523097
1136 1176 0.9168359377115312
1137 1138 0.5063926083180477
1137 1177 0.34596148565637974
1138 1139 0.8756122204331422
1138 1178 0.06598300251996614
1139 1140 0.27254920404320204
1139 1179 0.7807209923850746
1140 1141 0.9673667129587011
1140 1180 -0.27257985081960956
1141 1142 -0.4137940360503283
1141 1181 0.5026494362808369
1142 1143 0.09340412486561256
1142 1182 0.7661788401688494
1143 1144 0.2594235907484834
1143 1183 -0.0977649945046517
1144 1145 0.2461109237781065
1144 1184 -0.5706802706078604
1145 1146 0.7011241919119438
1145 1185 -0.38526043225772066
1146 1147 0.8557190093224245
1146 1186 0.5815047326621505
1147 1148 -0.19863762356689119
1147 1187 0.3656649915982766
1148 1149 -0.6536048707561908
1148 1188 -0.7642258936387916
1149 1150 -0.5510879288241941
1149 1189 -0.8016347441871792
1150 1151 -0.2977546521535004
1150 1190 0.8489731637764708
1151 1152 -0.3468710222536764
1151 1191 -0.7284855675628379
1152 1153 0.5724506433474008
1152 1192 0.9088278712846718
1153 1154 -0.07479667435350357
1153 1193 -0.17233483524656723
1154 1155 -0.03858646744987104
1154 1194 0.08897620743052714
1155 1156 0.484166818686222
1155 1195 0.496920230675731
1156 1157 0.21893459423021677
1156 1196 -0.6885546903354547
1157 1158 0.49336533705624297
1157 1197 -0.9805468966036359
1158 1159 0.597215477182033
1158 1198 0.34715175678954613
1159 1160 -0.40015635861731735
1159 1199 0.11698065568594163
1160 1200 0.6591015526535948
1161 1162 0.6884568416451378
1161 1201 0.23004806864475214
1162 1163 -0.49002861221356997
1162 1202 0.7038169236088545
1163 1164 0.6321716639206549
1163 1203 -0.16160452169780104
1164 1165 0.2859807158195913
1164 1204 -0.14644093944559033
1165 1166 0.870701602308793
1165 1205 0.8022559736604855
1166 1167 -0.10450715617608264
1166 1206 0.03313304400459827
1167 1168 0.7090600841851409
1167 1207 0.9901933061241801
1168 1169 0.4673118472955671
1168 1208 0.5931647804399418
1169 1170 0.120633749249065
1169 1209 0.4141855194076116
1170 1171 -0.0017063720874290755
1170 1210 0.873476371910352
1171 1172 -0.28075059112711
1171 1211 0.02241687638826728
1172 1173 -0.4366300322698724
1172 1212 0.01713896796455372
1173 1174 0.8249170679366409
1173 1213 0.09333346619537752
1174 1175 0.1903808624736283
1174 1214 -0.17427460280166152
1175 1176 0.2631975904090842
1175 1215 0.20639236832424102
1176 1177 0.6467051068319509
1176 1216 0.10794339343908921
1177 1178 -0.6331263556432529
1177 1217 0.8467101680932769
1178 1179 -0.2486826699403646
1178 1218 0.6814923911456494
1179 1180 0.9257157718873739
1179 1219 0.8015243403282379
1180 1181 -0.9303848689882168
1180 1220 0.08877567539809861
1181 1182 0.2931766541994787
1181 1221 0.24839248998044727
1182 1183 0.6420536725306649
1182 1222 0.3519318493411039
1183 1184 0.17951673076712016
1183 1223 -0.4427943731960633
1184 1185 -0.976077427464588
1184 1224 0.8801439185110951
1185 1186 -0.39544087882515355
1185 1225 0.2101609697547926
1186 1187 0.7236488058031736
1186 1226 -0.5487008203088928
1187 1188 -0.3175426494181661
1187 1227 0.4913605396329317
1188 1189 -0.0606758788742765
1188 1228 -0.8126204703825073
1189 1190 -0.06509515329771531
1189 1229 0.5916222642048674
1190 1191 -0.683447625847543
1190 1230 -0.3146865747808323
1191 1192 -0.3811857416526194
1191 1231 -0.42843678205741886
1192 1193 0.6426915079992406
1192 1232 -0.643431907551949
1193 1194 0.5826822364980071
1193 1233 0.5620443082959716
1194 1195 0.1990020997989781
1194 1234 0.6397008466403298
1195 1196 0.28358547902880393
1195 1235 0.2614274056504793
1196 1197 -0.9610558921312331
1196 1236 0.861050596725339
1197 1198 0.6562903307145527
1197 1237 -0.1366744748327522
1198 1199 -0.14048870217867626
1198 1238 -0.2581185050710748
1199 1200 0.4400765811532974
1199 1239 0.23113255045755787
1200 1240 -0.09453485284224072
1201 1202 0.7705281594747433
1201 1241 0.953106040815356
1202 1203 -0.03299284381934453
1202 1242 0.24629990227215015
1203 1204 -0.6200817550893287
1203 1243 0.6868211709488443
1204 1205 -0.20556804007459828
1204 1244 -0.9021868092658456
1205 1206 -0.3235877659915425
1205 1245 -0.5495290056168665
1206 1207 0.2536108735163034
1206 1246 0.7191873803063966
1207 1208 -0.15964749452067717
1207 1247 0.2683875707476733
1208 1209 -0.727481950214985
1208 1248 -0.046316629556358624
1209 1210 0.22388555685164757
1209 1249 -0.40227184660372983
1210 1211 0.07718491132747052
1210 1250 -0.05879054670411721
1211 1212 -0.4825162874936888
1211 1251 -0.7218978979569075
1212 1213 -0.13317286085474156
1212 1252 0.3290739982339257
1213 1214 0.49669835855864597
1213 1253 -0.7628858960323297
1214 1215 -0.7468896865252845
1214 1254 -0.5698138154945156
1215 1216 -0.39205100036520646
1215 1255 0.10350756862054222
1216 1217 0.06919562025735804
1216 1256 -0.18644033313018182
1217 1218 0.22000760904534222
1217 1257 0.14222045309408493
1218 1219 0.8677278000131445
1218 1258 0.6148932515101913
1219 1220 -0.19248565462818545
1219 1259 0.6075964732563373
1220 1221 0.11776419407881877
1220 1260 -0.43265594001512153
1221 1222 -0.23974841685481585
1221 1261 0.6433342565377336
1222 1223 0.7694990245763929
1222 1262 0.9801574167302254
1223 1224 -0.015050078081283447
1223 1263 0.28989212533710074
1224 1225 -0.8749801573889295
1224 1264 0.46088936805462133
1225 1226 -0.8861502400342471
1225 1265 -0.07739768747687648
1226 1227 0.029700160592056823
1226 1266 -0.6867081569958975
1227 1228 -0.8699930123508657
1227 1267 0.7220928109410887
1228 1229 0.523585507062859
1228 1268 -0.11229668357834877
1229 1230 0.7123687383544028
1229 1269 0.18811875988254845
1230 1231 0.6252665597300595
1230 1270 -0.36186842648752693
1231 1232 0.528823688454451
1231 1271 -0.21566060968427347
1232 1233 0.6508414907966866
1232 1272 -0.19482978362368897
1233 1234 -0.7538229549638891
1233 1273 -0.9378554465007005
1234 1235 -0.26121508679339667
1234 1274 0.31430007787929437
1235 1236 -0.8903618193142826
1235 1275 -0.01570539662619863
1236 1237 0.6119349343770706
1236 1276 -0.3531026567333597
1237 1238 -0.3056965730254866
1237 1277 -0.28703833278568913
1238 1239 -0.6907162195297749
1238 1278 -0.13501759209233044
1239 1240 0.5175777320319814
1239 1279 0.8269391306997242
1240 1280 0.1354909285314123
1241 1242 0.6738171858143651
1241 1281 -0.6383507478281214
1242 1243 0.9461450097585322
1242 1282 -0.2905049409162823
1243 1244 -0.7855073627161657
1243 1283 -0.4239628231299182
1244 1245 -0.8375067946382113
1244 1284 -0.09863902355964149
1245 1246 -0.6332876920785466
1245 1285 -0.890045017427588
1246 1247 -0.3694459792540139
1246 1286 0.3922311945238144
1247 1248 0.8225908304009977
1247 1287 -0.691058951293896
1248 1249 -0.1779265316533123
1248 1288 -0.2018228833443516
1249 1250 0.7765159054823136
1249 1289 0.5857930122134387
1250 1251 0.3977236663099881
1250 1290 -0.1833243354897216
1251 1252 -0.2714867583086884
1251 1291 -0.804502533029346
1252 1253 0.8730586536658307
1252 1292 -0.10263548210336304
1253 1254 0.7349272717715543
1253 1293 0.9429582431877972
1254 1255 -0.5758886808491606
1254 1294 0.5613096620088285
1255 1256 0.007563735993129761
1255 1295 -0.4469360906259068
1256 1257 -0.26757569557003724
1256 1296 0.4247363861479483
1257 1258 -0.5499870630704871
1257 1297 -0.5890860233649791
1258 1259 0.8854058312741504
1258 1298 -0.8278111196095717
1259 1260 -0.31954249222597797
1259 1299 -0.8993815137596151
1260 1261 -0.4462903615647822
1260 1300 -0.09998899206682532
1261 1262 0.03832758700563188
1261 1301 -0.3077260864565847
1262 1263 -0.5392761105842037
1262 1302 -0.15633407944912192
1263 1264 0.7845110547881635
1263 1303 0.0736557563553144
1264 1265 0.8259446408354223
1264 1304 0.8390978792950989
1265 1266 -0.5435450660913022
1265 1305 0.26062065764426423
1266 1267 0.5646064182366577
1266 1306 -0.6334872928752664
1267 1268 -0.3266525093558952
1267 1307 0.4287463686211226
1268 1269 -0.13909901617023834
1268 1308 0.5474791363921869
1269 1270 -0.4583469403738467
1269 1309 -0.07404002372654617
1270 1271 0.4214216910142625
1270 1310 -0.41149040074088394
1271 1272 -0.7079450849803444
1271 1311 0.2543569684104954
1272 1273 -0.14275559002351512
1272 1312 0.24247800106218564
1273 1274 -0.8248184211439571
1273 1313 -0.9023441882867307
1274 1275 -0.130813303433444
1274 1314 0.19774365197870458
1275 1276 -0.14717302316637282
1275 1315 -0.29944538444894797
1276 1277 -0.39313884695768087
1276 1316 0.16482853161582067
1277 1278 0.24467590216865998
1277 1317 0.5154708319663661
1278 1279 0.9458649309348337
1278 1318 -0.0888674491196475
1279 1280 0.9544552444293375
1279 1319 -0.9355361581653696
1280 1320 0.00562127772342258
1281 1282 0.23682101690917667
1281 1321 -0.04778225345331166
1282 1283 -0.550708731558589
1282 1322 0.9574276112529416
1283 1284 -0.5660624231942033
1283 1323 -0.07146555329882776
1284 1285 0.8446386999244198
1284 1324 -0.5332610939272082
1285 1286 0.9121598988191557
1285 1325 -0.7063762126493698
1286 1287 -0.7668266355923758
1286 1326 -0.12286884313072655
1287 1288 -0.4176160476670845
1287 1327 0.2945200454839867
1288 1289 0.6613298343224967
1288 1328 -0.6245703829238825
1289 1290 -0.2013627797660722
1289 1329 -0.44942491329762246
1290 1291 0.17625621303593797
1290 1330 0.4744881638020253
1291 1292 -0.22714049720728857
1291 1331 0.8566085273060138
1292 1293 0.7605711149876786
1292 1332 0.6247884896263936
1293 1294 0.7764354176165249
1293 1333 -0.5845499998541737
1294 1295 0.6961522052297271
1294 1334 0.9552718550430455
1295 1296 0.8948355479462606
1295 1335 -0.8124168109848395
1296 1297 0.5212892391896036
1296 1336 0.10655839455928384
1297 1298 0.34770913842155626
1297 1337 -0.18454282693273827
1298 1299 -0.9681447219754642
1298 1338 0.35595017782063887
1299 1300 -0.04586654232639287
1299 1339 0.6131520355819153
1300 1301 0.019531587736975276
1300 1340 -0.7745302025833574
1301 1302 -0.7800089155087417
1301 1341 -0.7166891837371969
1302 1303 -0.14807916734183935
1302 1342 -0.3413018496493856
1303 1304 0.4624819644133358
1303 1343 -0.23785643314138283
1304 1305 0.2614930916680489
1304 1344 0.2807037480534684
1305 1306 -0.06458462281581667
1305 1345 0.5977880665100774
1306 1307 0.4427875838515398
1306 1346 -0.6479694000251697
1307 1308 -0.06327650076306668
1307 1347 -0.5892218465154131
1308 1309 0.002483558386032314
1308 1348 -0.24983481408775687
1309 1310 -0.31823891585193476
1309 1349 -0.9970181795715285
1310 1311 0.38756516296255517
1310 1350 0.6282540196889854
1311 1312 0.9911097315647603
1311 1351 0.08703048564512561
1312 1313 0.2625691293351895
1312 1352 -0.33145987441633706
1313 1314 0.437232347013226
1313 1353 -0.49389207972210536
1314 1315 0.6083518655304714
1314 1354 -0.7108320246499178
1315 1316 0.7852801236493532
1315 1355 0.17729926825870623
1316 1317 0.5697160006612223
1316 1356 0.680325808247394
1317 1318 -0.8139262781765269
1317 1357 0.03472619246117725
1318 1319 0.617610339782261
1318 1358 0.450591712742229
1319 1320 0.05475676316678002
1319 1359 -0.36343462720962383
1320 1360 -0.46562429594165144
1321 1322 -0.1916866906545438
1321 1361 0.48376737509801826
1322 1323 0.1741488420016255
1322 1362 0.9633627774750013
1323 1324 -0.36081922608867667
1323 1363 0.8181883513076273
1324 1325 0.7377184742878049
1324 1364 0.6124540130051419
1325 1326 0.9155465835892425
1325 1365 -0.3217448644104448
1326 1327 0.43435478183659204
1326 1366 0.7798445514086916
1327 1328 -0.6432591367293343
1327 1367 -0.43979352323718035
1328 1329 0.5230337013270634
1328 1368 0.4715896852855981
1329 1330 0.6417666491481748
1329 1369 -0.4627640925378833
1330 1331 -0.7306208290447511
1330 1370 0.3800534474876214
1331 1332 0.10006636604011354
1331 1371 -0.5655753503696184
1332 1333 -0.6180437552503562
1332 1372 0.32163285240513995
1333 1334 0.8760624305671563
1333 1373 -0.37124001248262495
1334 1335 0.22915620218104538
1334 1374 0.17013811916911448
1335 1336 0.9771144994738474
1335 1375 -0.9453721904079513
1336 1337 -0.48271305090196903
1336 1376 -0.9330303331379288
1337 1338 0.10056415733000623
1337 1377 -0.7169987530903179
1338 1339 -0.590906033949578
1338 1378 0.3739964385372878
1339 1340 -0.7786909532030333
1339 1379 -0.7180477724284966
1340 1341 0.9603606426426785
1340 1380 -0.2043098146171327
1341 1342 -0.08104563035667645
1341 1381 0.6812299325598754
1342 1343 0.8154512916837211
1342 1382 0.7255306528811061
1343 1344 0.03973473732866051
1343 1383 -0.2221469531665301
1344 1345 -0.9728689704922304
1344 1384 0.886388610479544
1345 1346 0.3278643305578295
1345 1385 0.5685161871327356
1346 1347 -0.12373179495171271
1346 1386 0.2878915609940176
1347 1348 -0.5445139635953344
1347 1387 -0.9186058058854716
1348 1349 0.4393348092292817
1348 1388 0.21480587130477136
1349 1350 -0.5642536153219002
1349 1389 0.23101635433195433
1350 1351 -0.2164005687452013
1350 1390 0.9620715988722428
1351 1352 0.6714085224293209
1351 1391 0.986268448511086
1352 1353 0.7555019975887955
1352 1392 -0.6729322725935198
1353 1354 -0.5311105062079446
1353 1393 0.8516047543236027
1354 1355 -0.743652607241839
1354 1394 -0.26485884979458585
1355 1356 0.9130589520650232
1355 1395 0.8100404468849869
1356 1357 0.3502487571362116
1356 1396 0.5160632796884068
1357 1358 0.3560517505753986
1357 1397 0.4572288762733445
1358 1359 -0.11164753952553852
1358 1398 0.7830540956132939
1359 1360 0.8995747111965569
1359 1399 0.1493619701372535
1360 1400 0.5848031917768393
1361 1362 0.6518665783383673
1361 1401 0.36645966097528326
1362 1363 0.9373321606308882
1362 1402 0.41020787144277615
1363 1364 0.5712547555291554
1363 1403 0.41150136911337465
1364 1365 -0.651691949035651
1364 1404 -0.37524507231114423
1365 1366 -0.8813759228525844
1365 1405 0.6384626784108114
1366 1367 0.11430780209890945
1366 1406 0.26676546383961286
1367 1368 0.8724059083896631
1367 1407 -0.37021503074370643
1368 1369 -0.1551341389192762
1368 1408 -0.7259072692983346
1369 1370 -0.4792956064085594
1369 1409 -0.4639331684046455
1370 1371 -0.370953352552716
1370 1410 -0.45154578802728773
1371 1372 0.4784007230061398
1371 1411 0.47074590155570983
1372 1373 0.6939412665025799
1372 1412 0.3053174816694324
1373 1374 -0.8928055919272451
1373 1413 -0.8924028524757308
1374 1375 0.08359743539910647
1374 1414 0.6588247269317102
1375 1376 -0.49459019520626857
1375 1415 -0.5711671412599002
1376 1377 0.06600834193574467
1376 1416 -0.8225996022491957
1377 1378 -0.2985393364447224
1377 1417 0.12199911977698563
1378 1379 -0.29036337094687803
1378 1418 0.2045615595506034
1379 1380 0.7313084662950986
1379 1419 0.48290929704604957
1380 1381 -0.20769200512879005
1380 1420 0.4525436494086572
1381 1382 -0.02837437097550155
1381 1421 -0.8130820293325247
1382 1383 -0.3377001937594828
1382 1422 0.29019757583006167
1383 1384 0.17450177420284518
1383 1423 -0.9102598968287783
1384 1385 -0.657423869580966
1384 1424 0.18503035920993116
1385 1386 -0.29952280638905315
1385 1425 0.02576678743612848
1386 1387 -0.3876168807596112
1386 1426 -0.22684359938904985
1387 1388 0.7233805473300006
1387 1427 0.021820443152424263
1388 1389 0.499190226491556
1388 1428 -0.2769479319414845
1389 1390 -0.264311425432616
1389 1429 -0.21503392468674698
1390 1391 0.26630216295867526
1390 1430 -0.4103478288771867
1391 1392 0.6905601587519288
1391 1431 0.14601331562536513
1392 1393 0.5991383384216737
1392 1432 -0.5510320277940053
1393 1394 0.385502899092496
1393 1433 0.7170033202250286
1394 1395 0.026074336650711682
1394 1434 0.30168252675214413
1395 1396 0.930359686717277
1395 1435 0.5246831022342202
1396 1397 0.03327483209698112
1396 1436 0.9372969416046144
1397 1398 -0.562091822696783
1397 1437 -0.8508158613523917
1398 1399 -0.3895565818180966
1398 1438 -0.5699301604862215
1399 1400 0.8402595127943153
1399 1439 -0.8312917142565364
1400 1440 0.23683742882288028
1401 1402 -0.7214567890180552
1401 1441 0.40565011479682234
1402 1403 -0.9612283820380045
1402 1442 0.225660778904198
1403 1404 -0.720193099318508
1403 1443 0.22364267032414564
1404 1405 -0.14320549957093975
1404 1444 0.7185473804255382
1405 1406 0.6068050319803515
1405 1445 -0.07335114853648017
1406 1407 0.06448143623950453
1406 1446 -0.3084816565816617
1407 1408 -0.807882578547197
1407 1447 -0.0013399977091883564
1408 1409 0.4089634433912914
1408 1448 0.7500965379235291
1409 1410 0.21266075945587026
1409 1449 -0.4506988170142603
1410 1411 -0.07057434227632942
1410 1450 -0.6033237340364761
1411 1412 0.5956188281419377
1411 1451 0.3622214446062737
1412 1413 0.665816241068693
1412 1452 -0.08251663069234305
1413 1414 0.9491635440906043
1413 1453 -0.09781185276725934
1414 1415 0.6848881118345245
1414 1454 -0.48383183535343677
1415 1416 -0.7548073104279047
1415 1455 -0.3640731609650918
1416 1417 -0.9246869940742977
1416 1456 0.18832179852362319
1417 1418 0.4695372057207263
1417 1457 0.3826165862892328
1418 1419 -0.46128538757943427
1418 1458 -0.6175872976596328
1419 1420 -0.3475793114385848
1419 1459 0.22024062357302232
1420 1421 -0.34245491535020456
1420 1460 -0.37241250794285197
1421 1422 0.16071865449792488
1421 1461 0.5068173803246387
1422 1423 0.5886587423516534
1422 1462 0.6954247467147576
1423 1424 -0.24943858681572784
1423 1463 0.5536851101112561
1424 1425 0.5607303910473389
1424 1464 0.4121365411615763
1425 1426 0.5315148459708634
1425 1465 0.14869689439494982
1426 1427 -0.5368659900497843
1426 1466 0.6471966167684193
1427 1428 0.41293667944811374
1427 1467 0.8190584582185267
1428 1429 -0.2040166422076226
1428 1468 0.8387366679421049
1429 1430 0.48246974183001123
1429 1469 -0.5754767639823164
1430 1431 -0.3139430886482366
1430 1470 0.9127403744111453
1431 1432 0.4226212816812711
1431 1471 -0.025844469791594715
1432 1433 -0.32879481695122004
1432 1472 0.05389776045392303
1433 1434 0.4493024920621862
1433 1473 0.6981664704941966
1434 1435 -0.6464022213082121
1434 1474 0.5113792917380624
1435 1436 -0.32531605556293397
1435 1475 0.3979302220018095
1436 1437 -0.16420097320129057
1436 1476 -0.13282364780410716
1437 1438 -0.07148976358337289
1437 1477 -0.8086292476036749
1438 1439 0.7910137056803348
1438 1478 0.7996447672729696
1439 1440 -0.9799766805598813
1439 1479 0.9909785524963497
1440 1480 -0.6784961736893318
1441 1442 -0.8823254196717238
1441 1481 -0.6146690504975683
1442 1443 -0.500881661920354
1442 1482 -0.7411285854919472
1443 1444 0.7029900539645437
1443 1483 0.8475369302869404
1444 1445 0.2683118715812747
1444 1484 0.6495882298474895
1445 1446 0.5447092547299495
1445 1485 0.49763843194116997
1446 1447 0.6915371070606031
1446 1486 0.1485079893708321
1447 1448 -0.8479615737682149
1447 1487 -0.49804317476881077
1448 1449 -0.648271806341941
1448 1488 -0.7648765903064152
1449 1450 0.7166562440843627
1449 1489 -0.43270965299999786
1450 1451 0.8559443396809785
1450 1490 0.8441566124811546
1451 1452 0.957953934902662
1451 1491 -0.6472423763931505
1452 1453 -0.05123149569683472
1452 1492 0.5201733131839779
1453 1454 0.8371865584953266
1453 1493 -0.9270392886036247
1454 1455 -0.7148272205211659
1454 1494 0.8896507023501501
1455 1456 -0.33843817904122453
1455 1495 -0.875440253171156
1456 1457 -0.8493483266564001
1456 1496 -0.11021774456766953
1457 1458 -0.7878116893678713
1457 1497 0.10999181810368586
1458 1459 -0.5457368396534892
1458 1498 0.42667820970197656
1459 1460 -0.7595276175021233
1459 1499 0.3362695804843028
1460 1461 0.09342237211348725
1460 1500 -0.41200832264223286
1461 1462 0.5978352562106075
1461 1501 0.45446593656691614
1462 1463 0.8961255978429548
1462 1502 0.9636239531538984
1463 1464 0.2887532084182185
1463 1503 0.5535382774189082
1464 1465 -0.5576814819033031
1464 1504 0.16097787310265632
1465 1466 0.33801026163225023
1465 1505 0.055930501859391635
1466 1467 -0.06439865688855173
1466 1506 0.5157645112416653
1467 1468 0.7895005344805677
1467 1507 -0.47653152713707425
1468 1469 -0.9485131405488214
1468 1508 -0.32165393181666535
1469 1470 0.27310930285261104
1469 1509 0.03260764428362006
1470 1471 0.84745683473079
1470 1510 0.5446557529672107
1471 1472 0.18783222119266219
1471 1511 0.6801828695025758
1472 1473 0.4758141319333986
1472 1512 0.7763258938351449
1473 1474 -0.202454145970828
1473 1513 -0.11403905551022775
1474 1475 0.09975656111152387
1474 1514 -0.029860326692113137
1475 1476 0.6199528355897472
1475 1515 0.17688818580587884
1476 1477 0.08953026345792336
1476 1516 0.3857995339186875
1477 1478 0.41543506936095764
1477 1517 -0.5087086900687856
1478 1479 0.19972310303411955
1478 1518 0.9825787539313988
1479 1480 0.7413683120563779
1479 1519 0.4474668401740498
1480 1520 0.09359362240677171
1481 1482 0.8495875299103925
1481 1521 -0.18979508527201672
1482 1483 -0.2674777301939455
1482 1522 -0.5998129897715598
1483 1484 0.3244211741826937
1483 1523 -0.4820410524622809
1484 1485 -0.0058958193972029616
1484 1524 0.16492148048367383
1485 1486 -0.09861568977394053
1485 1525 -0.43325712102160296
1486 1487 -0.47810195212513484
1486 1526 0.5942232927200184
1487 1488 0.9103438910686685
1487 1527 0.6830555288088029
1488 1489 -0.5787915401074446
1488 1528 -0.11304402964122962
1489 1490 0.8937687316984884
1489 1529 -0.21699111651005842
1490 1491 0.27962948179557023
1490 1530 -0.27992129593121406
1491 1492 -0.16921918403897518
1491 1531 -0.008130130989357776
1492 1493 0.2157455296848354
1492 1532 0.734349520668778
1493 1494 0.5157345157813404
1493 1533 -0.7260990951073258
1494 1495 0.3554416114597998
1494 1534 0.6680725157046388
1495 1496 0.31342162618382563
1495 1535 -0.9950164682727016
1496 1497 0.21254852156343285
1496 1536 -0.5134068829375213
1497 1498 0.3217503339620704
1497 1537 0.6852083265101265
1498 1499 0.5515928462661084
1498 1538 -0.9092778129576562
1499 1500 0.442266822452861
1499 1539 0.8542301541383082
1500 1501 0.26280116092110517
1500 1540 0.06113131112962056
1501 1502 0.5483377490168946
1501 1541 -0.7300942936106973
1502 1503 -0.35785167367905624
1502 1542 0.42926995481635166
1503 1504 -0.25857895877741366
1503 1543 0.1374334052391777
1504 1505 -0.3237057066337139
1504 1544 0.8819914405342597
1505 1506 0.7776546935550317
1505 1545 0.42113273171902965
1506 1507 0.7425121684669249
1506 1546 -0.2601455613862973
1507 1508 -0.419958392806693
1507 1547 -0.8728192754879225
1508 1509 -0.38632618394290286
1508 1548 0.7735144591490695
1509 1510 -0.4174377971986032
1509 1549 0.7947638528263536
1510 1511 0.7238901717994188
1510 1550 0.9358464621739637
1511 1512 -0.2735702221498928
1511 1551 -0.9615532125117181
1512 1513 -0.4762888745254352
1512 1552 0.9096088487781557
1513 1514 -0.02442117882390371
1513 1553 0.9856911275877676
1514 1515 -0.8328444342815684
1514 1554 0.8707983932360615
1515 1516 -0.6471580801962102
1515 1555 -0.4497119003493739
1516 1517 0.5983376190524177
1516 1556 0.6248874764104086
1517 1518 0.24215799313732633
1517 1557 0.1944298900812722
1518 1519 0.29165798392841635
1518 1558 -0.49801455923009885
1519 1520 0.9230055358256894
1519 1559 -0.5474799647534208
1520 1560 0.9305921926596432
1521 1522 -0.7034169347981136
1521 1561 0.3645742613491676
1522 1523 0.5329628273513407
1522 1562 0.8683623301656362
1523 1524 -0.44640065088461767
1523 1563 0.2709559837183837
1524 1525 -0.0921755322954847
1524 1564 -0.4834566536991649
1525 1526 -0.7150209947866635
1525 1565 0.8201676154075004
1526 1527 0.6690213352094512
1526 1566 -0.0942299368844497
1527 1528 -0.7025386066408039
1527 1567 -0.5076030570199579
1528 1529 -0.07905031958078501
1528 1568 0.5138657702695069
1529 1530 0.4294757393586026
1529 1569 -0.6479310502500908
1530 1531 -0.03646728551294043
1530 1570 0.037029488646495023
1531 1532 -0.5933292031442137
1531 1571 -0.23391060631653526
1532 1533 -0.12383737294903674
1532 1572 0.679482566831259
1533 1534 -0.3856652532999947
1533 1573 -0.10258404633377438
1534 1535 0.5842230911862611
1534 1574 0.1208584286011023
1535 1536 0.33873001679438786
1535 1575 0.9132397190371233
1536 1537 0.8370203060114301
1536 1576 -0.15495240086914697
1537 1538 -0.26487001823474543
1537 1577 0.615123354059959
1538 1539 0.23563265045679538
1538 1578 0.9974267173095457
1539 1540 -0.705385979785309
1539 1579 -0.515586060426009
1540 1541 0.7485686400615941
1540 1580 0.5471176990471895
1541 1542 -0.4120900118337727
1541 1581 0.7926873564695074
1542 1543 -0.6170803003764906
1542 1582 0.5575667820732504
1543 1544 0.040759874560527765
1543 1583 -0.7687905923327654
1544 1545 0.7012398580956443
1544 1584 -0.9177947231520831
1545 1546 0.49571751789545715
1545 1585 0.6446886923872992
1546 1547 -0.06439191347599538
1546 1586 0.9937201540882856
1547 1548 -0.8896743682956949
1547 1587 0.19724424465889756
1548 1549 -0.6672495947378878
1548 1588 0.6131166258807379
1549 1550 0.07840406233868347
1549 1589 -0.018713876294800036
1550 1551 0.00946365261336668
1550 1590 -0.551092122242401
1551 1552 -0.8959977711860081
1551 1591 -0.017575017882346167
1552 1553 -0.2677864026842314
1552 1592 0.3304426263808109
1553 1554 -0.16942770151890585
1553 1593 -0.8303116494848155
1554 1555 -0.23159281891482264
1554 1594 -0.5054333687621919
1555 1556 0.6303856821067577
1555 1595 -0.8058688244949892
1556 1557 0.9552334184508826
1556 1596 0.9941569875822343
1557 1558 -0.5377563254931554
1557 1597 0.10715444157270393
1558 1559 -0.5764227105936479
1558 1598 -0.2155730511289169
1559 1560 -0.8271912892774853
1559 1599 -0.049528305884384505
1560 1600 -0.7870697342211488
1561 1562 -0.6730224984707631
1562 1563 -0.9471952038821221
1563 1564 0.4488122177152922
1564 1565 0.23667325651844306
1565 1566 -0.841788504755024
1566 1567 0.35922831775158226
1567 1568 -0.8904807653477416
1568 1569 -0.6715361377589639
1569 1570 -0.6484973090179056
1570 1571 -0.8716523345722775
1571 1572 0.8846974154665312
1572 1573 0.27209644122525867
1573 1574 0.6628121722144151
1574 1575 -0.9771518336056992
1575 1576 0.8062860587316707
1576 1577 -0.7609217964598136
1577 1578 -0.9995806852623865
1578 1579 0.8446751047770393
1579 1580 -0.4286035374949271
1580 1581 -0.42604124085690986
1581 1582 0.4935903846906453
1582 1583 0.048109500117366366
1583 1584 0.7778241887496229
1584 1585 0.5999634082382455
1585 1586 -0.7611316505375589
1586 1587 0.5617569919209906
1587 1588 -0.7972785421807971
1588 1589 0.06101648521669678
1589 1590 -0.5860158681494716
1590 1591 0.9143379998042882
1591 1592 -0.795879339195976
1592 1593 0.4824548665905357
1593 1594 -0.5078546088420386
1594 1595 0.20977478690900564
1595 1596 0.6002419801674788
1596 1597 0.6886081094127001
1597 1598 0.8135513350573174
1598 1599 0.1497543646084447
1599 1600 -0.5646691266129371
