1 2 -0.556013657820521
1 41 0.7414646123547528
2 3 0.8870801640317592
2 42 -0.7766151456328572
3 4 -0.08130881048271155
3 43 -0.16269179992620098
4 5 -0.3233227020542735
4 44 0.48550148303506235
5 6 -0.45033119197639193
5 45 0.9412114151235225
6 7 -0.2257725064089493
6 46 0.810472617332473
7 8 0.3176903675876277
7 47 -0.20248575334634733
8 9 0.2792574224055029
8 48 -0.029945506248781006
9 10 -0.8421109254262926
9 49 0.9872218557528849
10 11 -0.35419788553288956
10 50 0.8150727966032381
11 12 0.34603627779272994
11 51 -0.6415352854447272
12 13 0.3238598271709039
12 52 -0.698964585509295
13 14 -0.7725947498085075
13 53 0.38214302360414676
14 15 -0.6359448238969216
14 54 -0.8670139572282676
15 16 -0.1674439140516113
15 55 -0.15366048282433287
16 17 0.9337216482720614
16 56 -0.1259933045035453
17 18 -0.33808841679702484
17 57 -0.8292061576430763
18 19 0.113240777232962
18 58 0.4765043328244203
19 20 -0.010373387356539476
19 59 -0.5275286496264147
20 21 0.4717341973496254
20 60 -0.8828729949405927
21 22 0.2247718069124558
21 61 -0.2296575496260731
22 23 -0.42305020420279327
22 62 0.21097186902920195
23 24 0.48103361340733763
23 63 0.7319881047788055
24 25 -0.7331587062836336
24 64 -0.47252832562562386
25 26 -0.34841000867372096
25 65 -0.3685429228145811
26 27 0.5679207705630656
26 66 -0.08202272899799756
27 28 -0.6743199377307887
27 67 -0.10162066889115096
28 29 -0.644784176846116
28 68 -0.010895657748206
29 30 0.2573022920335779
29 69 0.7235352614098263
30 31 0.6978046254794559
30 70 0.9379887163431488
31 32 0.4729802989014529
31 71 -0.14113005641155052
32 33 -0.7537298238273284
32 72 0.8521760188355605
33 34 -0.20148618773827898
33 73 0.6304799799775391
34 35 -0.46144521673052674
34 74 0.19418521416193735
35 36 -0.4996857095526721
35 75 -0.9679542411507351
36 37 0.5968088258647077
36 76 -0.9112505701696001
37 38 0.8603165042365559
37 77 -0.2751546423713447
38 39 -0.7543425682460811
38 78 -0.44815359937459753
39 40 0.8218079903157298
39 79 0.5361135667969541
40 80 0.6495015380033726
41 42 -0.5865616893211472
41 81 0.8372218158758431
42 43 0.6871099322204475
42 82 -0.3079436964880953
43 44 0.26581108158193434
43 83 0.05435766589312441
44 45 -0.39900826045312154
44 84 0.5975725491333364
45 46 -0.06066703012366137
45 85 -0.4296378714590501
46 47 0.002109247599751729
46 86 0.3448165649150614
47 48 -0.7526767549669422
47 87 -0.1519876672742646
48 49 0.39911735942760784
48 88 -0.36366216901031123
49 50 -0.7285301525259762
49 89 -0.8923681783124477
50 51 0.20684958958864486
50 90 -0.07252158826177357
51 52 -0.45832234296751895
51 91 0.7610533108916082
52 53 0.22606568028498453
52 92 0.8996572443285886
53 54 0.36057121804589043
53 93 0.9242166723347056
54 55 0.24343544771410186
54 94 -0.09773505911790781
55 56 -0.4377034167169487
55 95 -0.42416029455522053
56 57 0.9757805789171929
56 96 -0.15730216974640232
57 58 0.5154738340445069
57 97 0.16589155496942487
58 59 -0.8715897389520233
58 98 0.47175832478794133
59 60 -0.26689387098855
59 99 0.43717682715927486
60 61 -0.5730785693215503
60 100 -0.8955279100309146
61 62 0.5142877239457317
61 101 0.5515791080264276
62 63 -0.2973482832448211
62 102 0.973890386653915
63 64 -0.8562771826743725
63 103 -0.05463357160413551
64 65 0.7038612956794823
64 104 0.13518791624188808
65 66 -0.633751433689983
65 105 -0.865432781406493
66 67 0.23622676069619875
66 106 0.27057922631079534
67 68 -0.8919455175264459
67 107 0.5270540510867336
68 69 -0.06653334371394148
68 108 0.887048915329339
69 70 0.7236148627016077
69 109 -0.7478073493751962
70 71 -0.29536086063383027
70 110 -0.8094323296559607
71 72 -0.5978343818180651
71 111 0.6147100520275952
72 73 0.6750612948691537
72 112 0.1304594973476907
73 74 -0.6894563213219378
73 113 0.13564537267512655
74 75 0.22509685617499509
74 114 0.4903507303283374
75 76 0.07350917530836187
75 115 -0.20169940169647838
76 77 -0.7883586696308915
76 116 -0.3380032467971834
77 78 0.04385036303623613
77 117 0.5394813638311231
78 79 -0.9879659908391341
78 118 -0.30756533298713884
79 80 0.9382625560666105
79 119 0.25348106474033316
80 120 0.22315684246534873
81 82 -0.023177622410341714
81 121 0.22348772580529142
82 83 -0.7983454542747097
82 122 -0.23318186786576955
83 84 0.9224222803482305
83 123 0.5780202291124874
84 85 -0.8281004413403834
84 124 -0.5286727246696548
85 86 0.8764841866843043
85 125 0.9334533376729595
86 87 0.7748059444317308
86 126 -0.8832284904337055
87 88 -0.9894246999651914
87 127 -0.8436681830588819
88 89 -0.2680580351419428
88 128 -0.7340077538680545
89 90 0.8200612594749925
89 129 -0.2697423240169936
90 91 0.8623133135532051
90 130 -0.3011863814696618
91 92 0.8733253693844341
91 131 0.40464193215997746
92 93 0.06495423659402544
92 132 -0.9102783549043005
93 94 0.3764828082924363
93 133 0.8357314465846732
94 95 -0.8657735578262247
94 134 0.2598426108462051
95 96 -0.5959092816090785
95 135 -0.34360488758040986
96 97 -0.7762581388849761
96 136 0.2441693544275907
97 98 0.4179410152837897
97 137 0.037676612205213234
98 99 -0.4811205868230475
98 138 -0.7439810231709745
99 100 -0.26991353978100174
99 139 -0.14345134954995098
100 101 -0.6991210167826079
100 140 0.3201010833494822
101 102 0.22466376183190495
101 141 -0.11562586412877729
102 103 -0.20574803436005773
102 142 0.09334487243196232
103 104 -0.2282221633535335
103 143 0.3150342004663982
104 105 -0.6909669282591031
104 144 0.7112199219524964
105 106 -0.9023587177566152
105 145 0.9275453494944279
106 107 0.14355844879876978
106 146 -0.9815355794737064
107 108 -0.7989693742001323
107 147 -0.3662546181338133
108 109 0.391846759851296
108 148 0.5213574423201817
109 110 -0.8169918979035096
109 149 -0.6678208209841534
110 111 0.5356092227629756
110 150 -0.9622384675261997
111 112 0.13452330252820466
111 151 -0.7170463319864093
112 113 0.08582655224009561
112 152 -0.04116088971643306
113 114 -0.3150225758787517
113 153 -0.19539365382464635
114 115 0.9167235217104375
114 154 -0.24569411323708712
115 116 -0.9032552312721396
115 155 -0.035543634925231604
116 117 -0.7597044577558849
116 156 0.5375969837079744
117 118 0.5940051076126718
117 157 -0.8228230108429675
118 119 -0.2315571655026305
118 158 -0.2643455115699336
119 120 0.3280340192200446
119 159 -0.27671025082480916
120 160 0.3013962284445151
121 122 0.5318157129606311
121 161 0.036835975745886484
122 123 0.02070959467849587
122 162 0.9222061639302597
123 124 -0.00660898175481095
123 163 -0.5777179982115244
124 125 -0.12366221478767958
124 164 -0.747908293742531
125 126 0.4387997656717444
125 165 -0.7262419353582352
126 127 -0.41050671010205364
126 166 -0.644612825439556
127 128 0.659616805727886
127 167 0.03353833222202818
128 129 -0.5661119794653202
128 168 -0.026370947789115418
129 130 -0.9910531490098144
129 169 -0.49826063792577124
130 131 -0.8550825601457737
130 170 -0.08950879480989316
131 132 0.06413974930078159
131 171 0.8214826595400115
132 133 0.9341031158392437
132 172 0.29808434859453925
133 134 0.6054867181248735
133 173 0.16475190785662353
134 135 0.19716803785274095
134 174 0.04812240744632268
135 136 -0.8875613088659846
135 175 -0.20249113702496135
136 137 0.1570910559221843
136 176 0.6085731323686867
137 138 -0.9584350764128411
137 177 -0.5840388203947637
138 139 -0.3026843999833593
138 178 0.30216943806411445
139 140 -0.15942685601932904
139 179 0.27918887941987913
140 141 -0.47034182002628433
140 180 -0.16086246568963003
141 142 0.6841300218265527
141 181 0.5978580610784143
142 143 0.5618026809550363
142 182 -0.5168637652528691
143 144 0.8163665617622835
143 183 0.21164400102720693
144 145 0.35285015781230733
144 184 0.5700825940534353
145 146 -0.8769958691581292
145 185 -0.5038658168181289
146 147 -0.0837506631775582
146 186 -0.8219407080191323
147 148 -0.7413919029389013
147 187 0.49879800138817165
148 149 -0.6030491314154216
148 188 -0.23034116696236584
149 150 0.0027868338951357874
149 189 0.1303988705188479
150 151 0.5240558026898936
150 190 0.6734976126879824
151 152 0.3061763357685501
151 191 0.02550582896764464
152 153 0.86122398993641
152 192 -0.6883766887774099
153 154 0.4598012402250098
153 193 -0.11181130422662533
154 155 0.18499578513297066
154 194 0.37452549141688385
155 156 -0.14144756469804132
155 195 -0.5647141387405432
156 157 -0.49009362626460495
156 196 -0.4944585462753024
157 158 -0.379004554557576
157 197 -0.9682994991547209
158 159 0.10809781227361537
158 198 0.13611131431022772
159 160 -0.9327232112484622
159 199 -0.02980145145622881
160 200 0.6087790109478473
161 162 -0.4063989968475561
161 201 -0.6245575426774967
162 163 -0.25697476934398544
162 202 -0.9752611767992847
163 164 0.20796828219256724
163 203 0.4971516211096356
164 165 -0.5939360384243664
164 204 0.6830854837262703
165 166 0.7797979708858904
165 205 -0.11747941289060271
166 167 -0.9068687525346057
166 206 -0.31638343845877515
167 168 0.577889791580058
167 207 0.4782218115329586
168 169 0.6528103564584404
168 208 -0.05289643872117211
169 170 0.6166826179963234
169 209 0.4856386050168753
170 171 0.17827717847598845
170 210 0.5989902596014007
171 172 0.3206871565032372
171 211 0.8790390293756647
172 173 -0.039216843060575046
172 212 0.9067452515508565
173 174 0.08300175871340665
173 213 -0.8022248281353901
174 175 -0.7795732361657812
174 214 -0.06700866231909397
175 176 0.016280933781457785
175 215 0.9892608882878688
176 177 0.15575694873659685
176 216 0.6471745415764929
177 178 -0.08485624857854512
177 217 -0.6564648562046389
178 179 0.09884126949360472
178 218 -0.964728897914555
179 180 0.8089023738129875
179 219 -0.9918599325518669
180 181 0.9183359835958529
180 220 -0.28654911893701884
181 182 -0.5374656952681045
181 221 0.8279130625358417
182 183 0.1508198206513518
182 222 -0.2847306173012196
183 184 0.6694690973538036
183 223 0.7664226715724907
184 185 -0.5624019472984167
184 224 -0.5758600230794619
185 186 0.6358961707625861
185 225 -0.7859482201306947
186 187 0.9197132012016749
186 226 0.16031763240390373
187 188 -0.7149528715843447
187 227 0.6963251732340348
188 189 0.6916444279629568
188 228 -0.2901112033299833
189 190 -0.6928880407071707
189 229 0.26421759642427123
190 191 0.8411389792229214
190 230 -0.9409706941575067
191 192 -0.633723681266702
191 231 0.8070556964374589
192 193 -0.8628470344626082
192 232 0.7508398747882465
193 194 0.3030564028808278
193 233 -0.46828890157645864
194 195 0.9053052945711253
194 234 -0.10318213269684295
195 196 -0.05213385971350126
195 235 0.0513799461376383
196 197 -0.22656880988463524
196 236 -0.8924234244096634
197 198 0.33784458245908544
197 237 -0.3467931389852825
198 199 0.3633668992327874
198 238 -0.9255159877988635
199 200 -0.8813357484174176
199 239 0.37746606696766904
200 240 0.7682469746207778
201 202 -0.8385174624702503
201 241 0.47688059239794
202 203 0.7194137739763831
202 242 -0.7777785009192695
203 204 0.5117276625212284
203 243 0.9870080158653345
204 205 -0.25513509016702973
204 244 -0.5626365410846872
205 206 0.5722547563941227
205 245 0.4429774567039386
206 207 0.830801469698387
206 246 -0.494567442494634
207 208 0.05559871537931671
207 247 0.4545909519035418
208 209 0.7663531640493231
208 248 0.8739342786134867
209 210 0.2902877322573236
209 249 0.6512883041239452
210 211 -0.26320996754047665
210 250 0.0394310672715148
211 212 0.4105887926426788
211 251 -0.5660294386558704
212 213 -0.10843033205551844
212 252 -0.5719840137610357
213 214 -0.6548793101251658
213 253 0.20719258497430992
214 215 0.010848853822575943
214 254 -0.7613768830901801
215 216 -0.6153459003862047
215 255 0.3844094906835813
216 217 0.10990326735815392
216 256 0.6847688851521214
217 218 0.6516971878580011
217 257 -0.9745369320068991
218 219 -0.260729933799277
218 258 -0.6803512366423361
219 220 0.11206942169889977
219 259 0.7421876780153667
220 221 -0.34120270552000553
220 260 0.3208216022683805
221 222 0.6748417389037242
221 261 0.6633987523594589
222 223 -0.03673006832258374
222 262 0.31134950692070573
223 224 -0.04527878343141922
223 263 -0.16428103800883687
224 225 0.9324158649754835
224 264 -0.8614124792740407
225 226 -0.09017837202254486
225 265 -0.4134814770582613
226 227 -0.2806412318097482
226 266 0.4346051369675241
227 228 -0.6897827638178282
227 267 -0.003423017556996255
228 229 0.20098757680247537
228 268 -0.335688152980367
229 230 -0.33187816259460345
229 269 0.5736282208144259
230 231 0.7764800430609688
230 270 0.9766575000681621
231 232 0.12432180509787272
231 271 -0.4939905814606176
232 233 0.7027387163206418
232 272 0.6275668949073885
233 234 0.6745432739668427
233 273 0.5648757018751065
234 235 0.4295647958431703
234 274 0.942009262950998
235 236 -0.9551650472434989
235 275 0.4496273005915654
236 237 -0.6686299727231144
236 276 0.9400630780963843
237 238 0.734335273896709
237 277 -0.4222191468694354
238 239 -0.04951298026055451
238 278 -0.08010474575419457
239 240 -0.7240999987416963
239 279 0.27279571026905036
240 280 0.18036127780837075
241 242 -0.11738155420809382
241 281 -0.6833802645746976
242 243 -0.0433219120264301
242 282 0.6999600647723871
243 244 -0.5630044373198022
243 283 -0.14872533293002665
244 245 0.6922656449015305
244 284 0.15074933011830427
245 246 0.3063281555010797
245 285 0.5339462652619531
246 247 -0.773924362822173
246 286 0.8836898735436303
247 248 0.887645825022358
247 287 0.8968521824611528
248 249 0.5429158384652937
248 288 0.5580270699038674
249 250 -0.054349269526815736
249 289 0.8378041344179694
250 251 0.7771316020052821
250 290 0.26579994709269994
251 252 0.7527612408319939
251 291 0.07018793264499346
252 253 -0.9927959358843366
252 292 0.5900701296042556
253 254 -0.24170449603687616
253 293 -0.764090021425293
254 255 -0.4981519576476703
254 294 0.9944793451806646
255 256 -0.47164794839562707
255 295 -0.3762533906193608
256 257 0.02010609530113805
256 296 0.04944850588835492
257 258 -0.3457186489924593
257 297 0.00898497521867192
258 259 0.2644477605623552
258 298 -0.5096509925474386
259 260 -0.7327347557922803
259 299 -0.9302322501652975
260 261 -0.5366523006933461
260 300 0.9188207147149081
261 262 0.29263390985779236
261 301 0.5161455728702458
262 263 0.14501924141920663
262 302 -0.17047177633752963
263 264 -0.04923958553000407
263 303 -0.38533598119375845
264 265 -0.033699122230160805
264 304 -0.29754246515309535
265 266 -0.22075578146080654
265 305 -0.08186675903916685
266 267 0.8663333800546587
266 306 0.24501824609672318
267 268 -0.49875882457690635
267 307 0.5437842403277471
268 269 0.14287876046725612
268 308 -0.46807165189697986
269 270 0.055570344384722636
269 309 0.047992141945542244
270 271 -0.7527354131668464
270 310 -0.03207269533323731
271 272 0.43418300927039155
271 311 0.4043543771567677
272 273 0.14439638050811499
272 312 0.9266838485855997
273 274 -0.184959547273285
273 313 -0.262093591512534
274 275 0.43540686088923164
274 314 -0.679720637639257
275 276 0.4558085042785085
275 315 -0.7319259022934612
276 277 -0.6538101748834524
276 316 0.874373108499525
277 278 0.08360351960401124
277 317 -0.7519859850203154
278 279 -0.1703887933120587
278 318 -0.4831334176120705
279 280 -0.28357299447840845
279 319 -0.13079434046094662
280 320 -0.7305855528726799
281 282 0.7598740624025577
281 321 -0.4518270760155507
282 283 0.029475934001358173
282 322 -0.10678434415537352
283 284 -0.15230079438955468
283 323 -0.3627071246353373
284 285 0.267432954581341
284 324 0.7778570873522324
285 286 0.6236605108787563
285 325 -0.07667691863181325
286 287 -0.013378018975006123
286 326 -0.056417957927623386
287 288 -0.4911370911714157
287 327 0.8167677594446787
288 289 -0.9707123937989985
288 328 0.3857118973318139
289 290 -0.4606931806982919
289 329 -0.00670985286595438
290 291 -0.45278729229218717
290 330 0.8632532681594427
291 292 -0.31653317689758964
291 331 -0.5346574923166829
292 293 -0.7033757799868139
292 332 0.5939063441535679
293 294 0.61856441286817
293 333 -0.2576109221990768
294 295 0.9490031625393303
294 334 0.7888432902320766
295 296 0.8650223682771265
295 335 0.1106365154920963
296 297 0.03650433356885374
296 336 0.5808312365074704
297 298 -0.09947642794154077
297 337 -0.5185113296414918
298 299 -0.5112914737608538
298 338 0.27768487508715634
299 300 0.9167012881979206
299 339 0.5899977041564812
300 301 0.1518294178882782
300 340 0.7319984847450083
301 302 0.501515244931166
301 341 -0.7455532470042847
302 303 -0.3957629268132645
302 342 -0.3027731870208281
303 304 -0.628438286716527
303 343 0.4962997786642249
304 305 0.7042288057927972
304 344 -0.5810071572996258
305 306 -0.17925927127508112
305 345 -0.8439764063784867
306 307 -0.4839962010846637
306 346 -0.04628572213774129
307 308 -0.1521552122415626
307 347 -0.2778380877986941
308 309 0.5446384058993368
308 348 -0.9188696756325825
309 310 -0.11927482298146685
309 349 -0.3305058659987805
310 311 -0.2638720339967091
310 350 0.7268962957391649
311 312 0.16485891244341988
311 351 -0.5482935854474131
312 313 -0.09851988993243954
312 352 0.172246034794995
313 314 -0.28760156608399456
313 353 0.15417794548951735
314 315 0.9584893461138035
314 354 -0.02671731356725915
315 316 0.9399609237137669
315 355 0.35076759889514864
316 317 -0.7099239396197654
316 356 -0.13459196192519718
317 318 0.18708801078869786
317 357 0.9349462651324205
318 319 0.39278271110422613
318 358 0.922550894781379
319 320 -0.2751888098276851
319 359 -0.5136569243232112
320 360 0.5261118662133217
321 322 -0.17152996183789737
321 361 -0.40784013453270407
322 323 0.6009528415011394
322 362 -0.9592172431036987
323 324 -0.26933396213119387
323 363 -0.044117379790887146
324 325 0.4279181179364364
324 364 -0.4697746634977098
325 326 -0.03075878402740928
325 365 -0.8052275105315478
326 327 0.37569351226600767
326 366 0.6341696553109322
327 328 -0.05794857507252216
327 367 -0.5832333720140104
328 329 -0.9313592694571042
328 368 0.5097492115108342
329 330 0.658759721246851
329 369 0.08769686003413102
330 331 0.1394517156093411
330 370 0.675901756404427
331 332 -0.45799645693457447
331 371 0.08690977234392072
332 333 -0.8373842247698722
332 372 0.26678355276519006
333 334 -0.8576857870639714
333 373 -0.7892840313360774
334 335 -0.019127690636845163
334 374 0.46387827616819566
335 336 0.6850735586535568
335 375 0.9322370226801673
336 337 -0.0703298565272199
336 376 -0.6149068520294403
337 338 0.9034126887569363
337 377 0.2762131251299682
338 339 -0.25751900552231266
338 378 0.3992331106159197
339 340 0.5107630101714853
339 379 -0.8533484797648108
340 341 0.32701725556076866
340 380 -0.9428041863957972
341 342 -0.2586447402269718
341 381 0.6344081132813117
342 343 -0.28997850977890405
342 382 -0.5591613998385943
343 344 0.8927347204085632
343 383 0.026800114422975252
344 345 -0.45104711802782504
344 384 -0.7166593290439598
345 346 -0.1346080558819296
345 385 0.5974323771997536
346 347 -0.5315561773615969
346 386 -0.9398975906785487
347 348 0.5969271842011521
347 387 0.8905208649803122
348 349 -0.6999506226622814
348 388 0.3144146341534444
349 350 -0.29443605031332876
349 389 -0.4730194673656223
350 351 -0.8342865765098211
350 390 -0.06125439529950638
351 352 0.9387580768780066
351 391 0.25331627432907045
352 353 0.763120210427003
352 392 -0.8921688385279343
353 354 -0.8435699622349211
353 393 -0.43119574259696014
354 355 -0.15924130602386155
354 394 -0.1955306947633717
355 356 0.6220426079277874
355 395 0.7378656906454557
356 357 -0.2514250033722376
356 396 -0.8923457448506422
357 358 0.8235349353390773
357 397 0.9815863046277171
358 359 0.7065837480947443
358 398 0.06747162230421311
359 360 0.3514433777917725
359 399 -0.14443806354837596
360 400 -0.5758643204185163
361 362 0.25757581775896665
361 401 0.1596756203790901
362 363 0.14523729761559845
362 402 -0.1772327684412469
363 364 0.0841808181540169
363 403 -0.4695395067464041
364 365 -0.9805833833337028
364 404 0.0989269190579809
365 366 -0.25827446709536495
365 405 0.7722685856559046
366 367 -0.5461853855756471
366 406 -0.5952942911417836
367 368 -0.1797045988108017
367 407 0.16786223304158354
368 369 -0.1501399659915721
368 408 -0.8327183430143179
369 370 -0.5203158831154642
369 409 -0.33269539011258575
370 371 0.6130192967737211
370 410 0.34333108666935397
371 372 -0.9071166326567506
371 411 -0.2711493287758018
372 373 -0.9531247320199485
372 412 0.44160726055117205
373 374 -0.8819458447476707
373 413 -0.5655810721490839
374 375 -0.787774781098453
374 414 -0.1460767550584372
375 376 0.10345162075782621
375 415 0.7018828029633977
376 377 0.35295352660904733
376 416 0.7998280167296694
377 378 -0.7498886038880412
377 417 0.9172697856737493
378 379 -0.14369726332624855
378 418 -0.15431094229709164
379 380 0.13806982412871038
379 419 0.15062816059299045
380 381 0.8021196088849201
380 420 -0.959312841814195
381 382 0.6576964882782235
381 421 0.04242375262153519
382 383 0.3486036670418995
382 422 -0.14727203720216542
383 384 -0.3280101984746937
383 423 -0.7723608949524725
384 385 -0.714122095302131
384 424 -0.5361330464683753
385 386 -0.005845054992270393
385 425 0.7197860341141951
386 387 -0.6850882514760435
386 426 -0.5182369544543988
387 388 -0.5943405193687468
387 427 -0.5436662427861705
388 389 -0.03672594359175663
388 428 -0.5749315957383363
389 390 0.19120089627052117
389 429 -0.6227398118673035
390 391 -0.9428208070359403
390 430 0.8618593579711131
391 392 0.4828910432465754
391 431 0.9745107249520759
392 393 0.9052360155219876
392 432 -0.5854777182929447
393 394 0.8304483153601989
393 433 -0.1852176302708346
394 395 0.9811641352835831
394 434 0.6051746206887403
395 396 -0.2383909071843886
395 435 -0.8886613637691385
396 397 0.5447019829047797
396 436 0.3135947285976952
397 398 0.44289544644484935
397 437 0.9126958677626607
398 399 -0.25346989159409317
398 438 -0.6951888258650101
399 400 0.9456720275209451
399 439 0.4975414607516033
400 440 0.4234676089581011
401 402 0.19985839324997512
401 441 -0.4683617649289855
402 403 0.9702735953916091
402 442 0.6028030608221402
403 404 -0.7312725442952828
403 443 -0.3962278045345402
404 405 0.41505245058399254
404 444 0.6113892192800461
405 406 -0.5594559477609731
405 445 0.49783023835891016
406 407 -0.1510024384480826
406 446 0.6951858973567233
407 408 0.7779987108840152
407 447 0.8067484684528641
408 409 0.8608777506501444
408 448 -0.6295856414357461
409 410 0.721061293042998
409 449 0.05799060363156272
410 411 -0.4021371711558215
410 450 0.30625696838265637
411 412 -0.48963676108082876
411 451 -0.805535943396434
412 413 -0.9719582748050053
412 452 0.7934741289205556
413 414 0.10727949112574486
413 453 0.006543562651197599
414 415 0.39465413371475644
414 454 -0.3823282009308171
415 416 0.8525199466098137
415 455 -0.15516373424552055
416 417 -0.7241766546257238
416 456 -0.5012485419064416
417 418 -0.9064819447846624
417 457 0.3709685418401927
418 419 -0.2501042645780205
418 458 0.0538621244921369
419 420 -0.5673304997242548
419 459 0.6920809334775722
420 421 0.4143493029852412
420 460 0.08248367224356246
421 422 -0.42517289672622205
421 461 0.7782282707741375
422 423 -0.29568646374903085
422 462 -0.17153693871226805
423 424 0.28140240518213777
423 463 -0.6468816960301502
424 425 -0.9756792636674907
424 464 -0.585391085566221
425 426 -0.887947081940742
425 465 -0.6435136786549474
426 427 0.09865754473231902
426 466 -0.6955551796713553
427 428 -0.8357317493019716
427 467 0.10669970412132246
428 429 -0.5808441921975787
428 468 0.19326947910334735
429 430 -0.9000955323384439
429 469 0.6552970656594335
430 431 -0.1126573531645727
430 470 0.43509128018438825
431 432 -0.7351169410263263
431 471 0.4128330626844614
432 433 0.3864373935387153
432 472 -0.6448255467349748
433 434 0.6228233390988402
433 473 -0.37456687528548915
434 435 -0.01301396730224047
434 474 0.14973219228269175
435 436 0.9535220726026505
435 475 -0.7279786347554338
436 437 0.6839331174922774
436 476 0.04809770173471506
437 438 -0.41490597196891943
437 477 0.5073488601814102
438 439 -0.14375980023561552
438 478 -0.4844056453056633
439 440 -0.7127542282039552
439 479 0.6357068822548193
440 480 0.2942752974026255
441 442 -0.4306282387172724
441 481 -0.492823588452425
442 443 -0.8920757957097063
442 482 -0.6190444530889947
443 444 -0.7270398123574497
443 483 -0.3645995932948207
444 445 -0.6186873316034156
444 484 0.2684285520492715
445 446 0.6132593303073333
445 485 -0.6068643404112766
446 447 0.8542428067088363
446 486 -0.6191932734555203
447 448 0.11955075048306973
447 487 0.6143229745844596
448 449 0.9207698067750636
448 488 0.5681379755651879
449 450 -0.308457879434072
449 489 0.24804130792777324
450 451 -0.7692403297807524
450 490 0.3396617021094821
451 452 0.005372367500340758
451 491 -0.2884512879652197
452 453 0.17613102678923398
452 492 0.5856489978545778
453 454 -0.599651172859694
453 493 -0.7465263956552877
454 455 0.6859896497012601
454 494 0.5898090662651234
455 456 -0.7781058263099483
455 495 -0.03598118699477837
456 457 -0.20047268086757453
456 496 -0.7067537297752973
457 458 0.9733938597768901
457 497 0.367120759050785
458 459 0.9502292212964081
458 498 -0.24774756716538193
459 460 0.22316053497099353
459 499 0.46837984229123575
460 461 0.2391740244181444
460 500 0.4310629846788163
461 462 -0.7634556902195961
461 501 -0.8800894492969447
462 463 -0.14218720991718903
462 502 -0.42494226902595544
463 464 0.5762759859280537
463 503 -0.12532461594368338
464 465 -0.7878412514646138
464 504 -0.4134949992975898
465 466 -0.9169329100917303
465 505 -0.781325670226884
466 467 -0.5316268033798996
466 506 -0.7679777106289796
467 468 0.8973012680646302
467 507 -0.06432267227965749
468 469 0.4248417058462317
468 508 0.8585842242899071
469 470 0.06686660383010379
469 509 0.6448226550288796
470 471 -0.9422455665737719
470 510 -0.5993564950273587
471 472 -0.6821029838625696
471 511 0.36672662692041236
472 473 -0.5998615076899463
472 512 0.32848500849877693
473 474 -0.3520053304687665
473 513 0.1625389739306533
474 475 0.9016387322256687
474 514 -0.1982287396272484
475 476 0.332630533364608
475 515 -0.4585192894274164
476 477 0.15035857239252048
476 516 0.47699394887702096
477 478 0.973023742772382
477 517 -0.7167281547695017
478 479 0.1777974935369928
478 518 -0.3384492627154081
479 480 0.477603393390287
479 519 0.2933907576891186
480 520 0.6729683491930669
481 482 -0.3448721046225318
481 521 -0.7116713986931591
482 483 -0.09516230836604911
482 522 0.40588415423595636
483 484 0.35836536174218203
483 523 0.20268231179077656
484 485 0.8771058682187802
484 524 -0.4836272315093768
485 486 0.5292053003881105
485 525 0.31469252549609017
486 487 0.3789184120478706
486 526 -0.10826264017694665
487 488 0.05823071919250644
487 527 -0.8098458717991244
488 489 0.8453874473633793
488 528 0.25201319165085434
489 490 -0.7039759412042861
489 529 0.4827490454211023
490 491 0.05033882396288991
490 530 -0.35410213790812906
491 492 0.7563632255188286
491 531 0.05343359684111726
492 493 0.8479183979766656
492 532 0.1567925893390436
493 494 -0.05332523341778761
493 533 0.24203510259745187
494 495 -0.4359035164417615
494 534 -0.9117299510488719
495 496 -0.4065242663140305
495 535 0.7265571130731157
496 497 0.5302098767210432
496 536 0.5096042035096939
497 498 0.0376875754512207
497 537 -0.6470392492224106
498 499 -0.8931023880337978
498 538 -0.6648351346906889
499 500 0.9068618600994203
499 539 0.2097606763582327
500 501 -0.25192296318899654
500 540 -0.8252884447433069
501 502 0.5216320324240937
501 541 0.3538677377110382
502 503 -0.21650040880890709
502 542 0.22216353784851384
503 504 -0.3315346036310818
503 543 0.29273490192172247
504 505 -0.1092616099454573
504 544 0.704284878345925
505 506 -0.34709796339755994
505 545 0.27595500582390575
506 507 -0.9181003130855143
506 546 0.8555157952150767
507 508 -0.3791048943611153
507 547 -0.4763183875915755
508 509 -0.21132067232811425
508 548 -0.14472604313647075
509 510 0.1921803214706168
509 549 0.5332988888783614
510 511 0.25709347476931455
510 550 -0.4608257223954124
511 512 -0.19097491203018935
511 551 -0.4711475649927437
512 513 -0.3853025579947442
512 552 0.34178579918094076
513 514 -0.9446293211282666
513 553 0.00629937841565309
514 515 0.8014135073788404
514 554 -0.5174422856635446
515 516 -0.5070053458473822
515 555 -0.5638354377898303
516 517 -0.7997742697417669
516 556 -0.9529554218285141
517 518 -0.30391902257798864
517 557 0.3088913869268426
518 519 -0.7208271961954593
518 558 0.6423665666998057
519 520 0.9262994252147587
519 559 0.7726971762026229
520 560 -0.6259207229345218
521 522 -0.6687742775974648
521 561 0.9278610581358837
522 523 -0.3359037009286452
522 562 -0.2800336096573848
523 524 0.994450933125844
523 563 0.12182917962030393
524 525 -0.4150390807384654
524 564 -0.14871197592154917
525 526 0.9509184222082816
525 565 -0.22341370069309252
526 527 0.7562205594847526
526 566 -0.4087777976538636
527 528 -0.1285226988595689
527 567 0.3983327413467397
528 529 -0.2964407934821862
528 568 0.39824181642294
529 530 -0.27224611616331473
529 569 0.03345896177015395
530 531 -0.11538220579958902
530 570 -0.42986762657685396
531 532 -0.7083355152028921
531 571 -0.8450948496973303
532 533 0.10121047992705634
532 572 0.8566718461800193
533 534 -0.021876143750485078
533 573 0.01606036440137637
534 535 0.2526920036965685
534 574 -0.5316651081973491
535 536 0.8917782103555829
535 575 -0.9078708805508602
536 537 -0.06091636802759326
536 576 0.8584265739056565
537 538 0.13822128204653006
537 577 0.4737114679717367
538 539 -0.22516493708850405
538 578 0.7282885986047971
539 540 0.5338538471358827
539 579 -0.5364137310747652
540 541 0.30515628886674473
540 580 0.7326080551697298
541 542 0.30497961192425205
541 581 0.7449879453364006
542 543 0.7835016641562522
542 582 -0.4204898958344494
543 544 0.7495993561798526
543 583 0.6383996094815354
544 545 0.6297356218435901
544 584 0.7001661167555411
545 546 -0.9254841517285328
545 585 0.9788653803712759
546 547 -0.8838854583338269
546 586 0.45493501552843574
547 548 -0.8314992338876384
547 587 0.6714264613933498
548 549 -0.9011677879391811
548 588 0.45016083537987384
549 550 0.3216678347201949
549 589 0.23101108836550677
550 551 0.811936288724656
550 590 0.8883966969324137
551 552 0.5070755925678914
551 591 0.058679058219533786
552 553 0.5801293448867058
552 592 0.9512925877405716
553 554 -0.8393031363914132
553 593 -0.027617878305680854
554 555 0.0016695152417325332
554 594 -0.46007190514343366
555 556 -0.9160143429838383
555 595 0.9467351061109253
556 557 -0.144423535281625
556 596 0.1801717634410256
557 558 0.21133827864055266
557 597 0.290350539070807
558 559 0.08791176529324507
558 598 -0.8798705597011212
559 560 -0.6045024083663775
559 599 0.28133376160862844
560 600 0.23595152391560048
561 562 0.9204534305713876
561 601 -0.6231706888081296
562 563 0.842941131918354
562 602 0.9072610114546942
563 564 0.09745239418636187
563 603 0.28469908031044433
564 565 0.14235720319146172
564 604 0.980111106646141
565 566 0.5134999924433761
565 605 0.6879072443120113
566 567 -0.4595923030572777
566 606 -0.9561362101824942
567 568 0.5090953046090012
567 607 0.3557070487171199
568 569 -0.07902831459029613
568 608 0.46926905395937935
569 570 -0.30666408152479474
569 609 0.7145732350263572
570 571 -0.06017693700085802
570 610 -0.1478890894159932
571 572 0.13728764713693353
571 611 0.5588279963336127
572 573 0.38294961405976236
572 612 0.5849222653226538
573 574 0.839891606384483
573 613 0.6767934352429126
574 575 0.5000991795886442
574 614 0.12219710403165585
575 576 -0.07096816586855303
575 615 -0.5697411883553831
576 577 0.8045695715654981
576 616 0.6364854471248291
577 578 -0.8021072534020941
577 617 0.5978658053055321
578 579 -0.2132421030740339
578 618 0.6507287291318613
579 580 -0.6298563739951029
579 619 -0.7394032805993616
580 581 0.3450551889381437
580 620 -0.14783613098252135
581 582 -0.12506612469803846
581 621 0.21180731708106482
582 583 -0.61571555999156
582 622 -0.683516169525012
583 584 0.8983499357433693
583 623 0.35508733262020065
584 585 -0.23790880303761108
584 624 -0.12555004122555435
585 586 -0.13623247124100457
585 625 -0.49883843982400533
586 587 0.6310256392736973
586 626 0.6337257339021685
587 588 0.13977029063457436
587 627 0.6640359253441326
588 589 0.9437161346057865
588 628 0.382711780066197
589 590 0.3674274365280792
589 629 -0.16894187308958908
590 591 -0.6721081731129099
590 630 0.9399474443099736
591 592 -0.7155153428079506
591 631 -0.8250761069176729
592 593 -0.5112871489021757
592 632 -0.6628397509366228
593 594 0.6467936883159575
593 633 -0.07877556021840526
594 595 -0.44000350222027795
594 634 -0.0011847520217298513
595 596 0.6346435725693833
595 635 0.7813573444226423
596 597 -0.9376264948433255
596 636 0.5270604539083599
597 598 0.9714020500938891
597 637 -0.26787456457241654
598 599 -0.7123479774126855
598 638 -0.1222498159151102
599 600 0.626279513660936
599 639 -0.9178922270448646
600 640 -0.4187999160095468
601 602 -0.9513868767410261
601 641 -0.5908889072400987
602 603 -0.18462854264571282
602 642 0.7971423097694466
603 604 0.45357874126715214
603 643 0.23162707903699054
604 605 0.17639922540924724
604 644 0.775798793925947
605 606 -0.24185471438491768
605 645 -0.5526238452027732
606 607 0.7427017609678188
606 646 -0.6678804403276919
607 608 -0.995790302597078
607 647 0.36467494567244296
608 609 0.9075020350625673
608 648 -0.8865147037499155
609 610 -0.6469307485242506
609 649 0.7382482887798052
610 611 -0.015625146114432775
610 650 -0.9461715120408178
611 612 -0.17971786941469414
611 651 0.06947036517343652
612 613 0.012851611531351281
612 652 0.9884885060965445
613 614 0.4951163000314991
613 653 -0.20740995569192555
614 615 0.7331970508794381
614 654 -0.8502954157656266
615 616 -0.03909787448939728
615 655 -0.84152312641749
616 617 0.3230643559110744
616 656 0.9169212116645429
617 618 0.22681588141781095
617 657 -0.8647515503392968
618 619 -0.462641518238752
618 658 0.45088019551658043
619 620 0.06943882722309391
619 659 -0.7157852285952175
620 621 0.05069403577197362
620 660 0.225264965388696
621 622 0.6792511207537975
621 661 0.42410012791559915
622 623 -0.9358010080532835
622 662 0.7982202892781256
623 624 0.7660657255303853
623 663 -0.19761795880050181
624 625 -0.7675533201400364
624 664 0.7158203364919222
625 626 -0.2877707716754796
625 665 -0.8835653485421375
626 627 -0.7805402313444354
626 666 -0.6481185354236543
627 628 -0.3763652256697356
627 667 0.7782396968838923
628 629 -0.816901897677452
628 668 -0.750104603739556
629 630 -0.5003161971523926
629 669 -0.45812565048383713
630 631 0.8393501775192633
630 670 -0.06785352717287285
631 632 0.5423572325948502
631 671 -0.1618132574082276
632 633 -0.9331757768154774
632 672 0.31965334390717626
633 634 -0.6833629629046343
633 673 0.03776260368739126
634 635 0.24100947106273973
634 674 -0.40271509168389485
635 636 -0.42450249967783615
635 675 0.7544243030953208
636 637 -0.7108722429416818
636 676 0.656607699232086
637 638 -0.47691482782121564
637 677 0.2090716636688208
638 639 -0.9607735595098654
638 678 -0.6200986427495567
639 640 0.5566477090772584
639 679 -0.5038937171423843
640 680 -0.007406519626732111
641 642 0.399687228253115
641 681 0.5590291711110595
642 643 -0.33949349608098744
642 682 -0.8345228618400247
643 644 0.17700012994614234
643 683 0.21000862698040468
644 645 0.3124225580881297
644 684 -0.054442251779986295
645 646 -0.2635151963481648
645 685 0.3056597608551517
646 647 -0.4429376042792903
646 686 -0.5073376077910001
647 648 0.9600424962966967
647 687 -0.5739922765332759
648 649 -0.6688873644603794
648 688 -0.13928356497239536
649 650 0.32369556322903437
649 689 -0.6368530646229495
650 651 -0.7829218293979499
650 690 0.7078141087318268
651 652 0.6127601124269526
651 691 0.3033358162730446
652 653 0.12512780211537966
652 692 -0.7179599987859506
653 654 0.14117469220676648
653 693 0.453221254640221
654 655 -0.11261119122853569
654 694 0.7141500453203189
655 656 -0.3519140096853208
655 695 -0.7800393541350767
656 657 0.5302126305882218
656 696 0.7178203227263584
657 658 0.5959405704470186
657 697 0.2138632288597222
658 659 -0.651293809087
658 698 0.6980682927934851
659 660 -0.5377026664657052
659 699 0.15927937346455456
660 661 0.0362887898621711
660 700 -0.9701443544065984
661 662 0.9722174486714019
661 701 0.5901082904829031
662 663 0.37949881326065094
662 702 -0.8432170722435697
663 664 0.45758644451591435
663 703 0.7388722003742558
664 665 0.8579656814557253
664 704 -0.5362403906811775
665 666 -0.6092341808183495
665 705 0.11210834526542679
666 667 -0.9640043608476745
666 706 0.7210212658475703
667 668 -0.8183001866295834
667 707 -0.5221315556881749
668 669 0.8087968674030981
668 708 0.690210292804579
669 670 -0.4788808365615145
669 709 0.4858531359600695
670 671 -0.35055623714728856
670 710 0.15790878771354122
671 672 -0.44639585069434995
671 711 -0.5842330326562695
672 673 0.8184845236384604
672 712 0.34740769720286147
673 674 0.8991128614302346
673 713 0.13937909285981198
674 675 -0.5758638259513762
674 714 0.8453903403656327
675 676 -0.4495889878261945
675 715 0.5976829484019424
676 677 -0.9202931435832982
676 716 0.8893345032884266
677 678 -0.5438822136640848
677 717 0.641646095974242
678 679 0.4120996806997168
678 718 -0.6464222223446425
679 680 -0.19822746354652332
679 719 -0.3529440403359596
680 720 -0.34533396874754985
681 682 -0.954133815121837
681 721 0.15532571625951208
682 683 0.05343513091718277
682 722 0.32168878191677064
683 684 -0.2904290786040773
683 723 0.5547639892570284
684 685 -0.38890294054698926
684 724 -0.29964084380660716
685 686 -0.48522529770941136
685 725 0.7169978653810387
686 687 0.8441043607348793
686 726 -0.8367436804714918
687 688 0.42643397921692183
687 727 -0.6046217656023223
688 689 -0.9451029702715144
688 728 -0.2807943531320276
689 690 -0.6867958435814454
689 729 -0.48053681281905125
690 691 -0.6484100867617693
690 730 -0.3786636956941698
691 692 0.21462955515921545
691 731 0.7872488938833586
692 693 -0.9183885823011626
692 732 0.683213040298914
693 694 -0.12541430910717088
693 733 -0.905660394090686
694 695 0.6458444440856803
694 734 0.6671760255002481
695 696 -0.17928908375181862
695 735 -0.8905249749115749
696 697 -0.026358016256292194
696 736 0.8780418228483744
697 698 0.6370714955508705
697 737 -0.6001532232975915
698 699 0.2939000473588771
698 738 0.026020517107995467
699 700 0.5142389374529992
699 739 0.9059295083373025
700 701 -0.6596891650017365
700 740 -0.8505537981248457
701 702 -0.5024957837358464
701 741 -0.6150801953881266
702 703 0.44801123235236284
702 742 -0.29299791351117
703 704 -0.9072785790815032
703 743 0.481771674176213
704 705 -0.6187701541642388
704 744 -0.884873121337171
705 706 -0.8685099445069522
705 745 0.020059552465965025
706 707 0.7685296075922305
706 746 0.8821729331759258
707 708 0.45097474373786617
707 747 -0.45926474038172826
708 709 -0.9352317638920582
708 748 -0.4264916007470665
709 710 0.9425925686154473
709 749 -0.8289193161275827
710 711 0.24452348794788215
710 750 -0.9802792453171105
711 712 -0.04755494108697822
711 751 -0.5674457771244932
712 713 -0.5618933813316629
712 752 0.3926111136116408
713 714 0.9262396903861141
713 753 0.4958600955461474
714 715 -0.48186447771355945
714 754 -0.5404769277065418
715 716 -0.3712869241088448
715 755 -0.6869727194371316
716 717 -0.6936449202407666
716 756 -0.33996800857493703
717 718 0.16924332266915432
717 757 -0.9177137635655663
718 719 0.5248562705481015
718 758 -0.892995320199006
719 720 -0.19356821710132222
719 759 -0.44729030078732523
720 760 0.6853877205488044
721 722 -0.9967156545679094
721 761 0.030945223810787015
722 723 0.7859685887105967
722 762 0.9303150940286813
723 724 0.2092066284665668
723 763 -0.38153845705304557
724 725 0.5542685844944599
724 764 -0.6449819053597727
725 726 -0.4096170390835028
725 765 0.5280693313224394
726 727 -0.32668311057917854
726 766 0.36087006293363455
727 728 0.5329785790362902
727 767 0.8715939123184293
728 729 -0.1536439126839868
728 768 -0.6509425674661165
729 730 -0.11266763969646987
729 769 0.8883767208388615
730 731 0.3912611714730383
730 770 -0.23008362326144804
731 732 -0.6707708013440052
731 771 -0.6544774291987454
732 733 -0.8157020095367578
732 772 0.1736006949067299
733 734 0.3314462646651166
733 773 0.7392013683263705
734 735 -0.843938920727459
734 774 -0.04263154318363682
735 736 0.353684700644995
735 775 0.8353336596459893
736 737 0.5800930268759952
736 776 0.009451161933053953
737 738 -0.3612637450966685
737 777 0.8257651136542468
738 739 0.9857400868208728
738 778 0.31104276289430777
739 740 0.7509881535761744
739 779 0.5410871446777867
740 741 -0.4219985236751167
740 780 -0.3617105511092733
741 742 0.917585252101631
741 781 0.697955569470321
742 743 0.13707943026196734
742 782 -0.3133281581578906
743 744 0.5967605489262282
743 783 -0.30227137961675066
744 745 -0.5678928632244029
744 784 0.9210401841231428
745 746 -0.0904289326268497
745 785 0.43120690816757756
746 747 0.8713306117923107
746 786 0.41128586747554796
747 748 -0.928017793722999
747 787 0.9292717687787555
748 749 -0.9388808395407762
748 788 -0.18485598849287865
749 750 0.40267955837072256
749 789 -0.5060880573363464
750 751 0.2584339418011301
750 790 -0.032567759766338744
751 752 0.8581383421898074
751 791 -0.10685179698888292
752 753 0.5117576897496652
752 792 -0.22728319949652964
753 754 -0.1545813992737659
753 793 -0.4513260984411829
754 755 -0.608993380971649
754 794 0.6979974197919114
755 756 -0.9847719188436772
755 795 0.27484247643861504
756 757 0.16521139179993338
756 796 -0.7753678897788616
757 758 -0.0718589448881608
757 797 0.4569033033309986
758 759 -0.3958930320354026
758 798 -0.15403796217898624
759 760 -0.2787051730753567
759 799 -0.5370034521909159
760 800 -0.2952889872114117
761 762 0.27959035226171425
761 801 0.9712488056083777
762 763 0.5398653537826295
762 802 0.5181982365786519
763 764 -0.5087380029116786
763 803 -0.8574680318100645
764 765 -0.7241292832077753
764 804 -0.5739100714110967
765 766 -0.357912528028959
765 805 0.008644828252731829
766 767 -0.6688696879934524
766 806 0.1553170095054297
767 768 -0.5835976674550969
767 807 0.65868124257875
768 769 -0.9160235324448476
768 808 0.2701917512580918
769 770 0.5692074627970893
769 809 -0.42390418403210095
770 771 -0.1922207136284233
770 810 -0.9240833737466629
771 772 0.8896051461226799
771 811 0.6145567621864361
772 773 -0.001972068821289197
772 812 0.6291550008359061
773 774 -0.3792125412506324
773 813 0.5811861892872436
774 775 0.19155820003265678
774 814 0.07904967925921813
775 776 0.7700153515285297
775 815 -0.0006906887023070407
776 777 0.7423844416100012
776 816 -0.7173086979223968
777 778 0.8746979896622458
777 817 0.9432223781577309
778 779 0.9651891537541388
778 818 0.25685571093063775
779 780 0.30878563334107967
779 819 0.3539873657730326
780 781 -0.5234025909855049
780 820 0.8036404100372581
781 782 0.8797179913654758
781 821 -0.5242857603346778
782 783 -0.057883305124538875
782 822 0.7933234162834426
783 784 -0.35687144432933926
783 823 0.9657498871016346
784 785 0.7833438357380926
784 824 -0.6464784768529015
785 786 0.7547936777028192
785 825 0.8433625657971484
786 787 -0.5581147551444765
786 826 0.888546708591861
787 788 0.9052665306063683
787 827 0.5775339600951079
788 789 -0.9990194873809184
788 828 0.29274929679578654
789 790 -0.9903350842887668
789 829 0.309948659377985
790 791 0.6312593962409487
790 830 0.6269692078262645
791 792 0.11228251304186698
791 831 -0.9969675157241438
792 793 -0.9469579217212123
792 832 -0.39845657166682935
793 794 0.6622895362241124
793 833 -0.47833072802775534
794 795 -0.05150088091683469
794 834 -0.2831739843707306
795 796 -0.6397362983978361
795 835 -0.5832067902535114
796 797 0.885498600624725
796 836 0.6625601335276454
797 798 -0.22454414307524906
797 837 -0.32929433041843237
798 799 0.46450285787349155
798 838 0.12190630164544869
799 800 -0.7774407921955884
799 839 -0.9061613676714915
800 840 -0.9244196727403351
801 802 -0.4818048071777885
801 841 0.6049937705257404
802 803 0.4200980947088768
802 842 0.4031056651627447
803 804 -0.30454166466573485
803 843 -0.9743038520391929
804 805 0.33782688028430274
804 844 -0.2571901059691064
805 806 0.7483674407713263
805 845 -0.029206653864940257
806 807 -0.15068584036827692
806 846 -0.9737198369532964
807 808 -0.4014927293016268
807 847 0.7614099991846062
808 809 -0.5259791148072743
808 848 0.4000008156648598
809 810 -0.04858766878042475
809 849 -0.9150270250722772
810 811 -0.13082994325773067
810 850 0.14145597946949962
811 812 0.9535215836101905
811 851 0.05166570715860286
812 813 -0.26078591080262803
812 852 -0.6691335309964073
813 814 0.4324922979725696
813 853 0.2876196673852571
814 815 -0.9770866987455478
814 854 0.5392785529167683
815 816 -0.7890320416821488
815 855 0.6290883137978602
816 817 -0.18999821088738478
816 856 0.12913184415426437
817 818 -0.9542597337411758
817 857 -0.14353966179107447
818 819 0.8859481101373552
818 858 0.38117024426817925
819 820 0.17624553259556675
819 859 -0.9978163266708202
820 821 0.49281736526987197
820 860 -0.9798473357016475
821 822 0.4075672741694871
821 861 -0.8106898660046009
822 823 0.6524891642030115
822 862 -0.24022726982212972
823 824 0.27405660732673964
823 863 -0.38656291513384633
824 825 -0.21520635801128107
824 864 -0.640145950217214
825 826 0.44724055254948425
825 865 -0.1795167325871445
826 827 -0.43893970897856116
826 866 0.7367741563759356
827 828 -0.2955269443769435
827 867 -0.4716483251835959
828 829 -0.23920832446709261
828 868 -0.3802137150496927
829 830 -0.8273166985269103
829 869 -0.3766596391129944
830 831 0.41416247947522966
830 870 0.33524709119205975
831 832 0.18554465053456992
831 871 -0.9282234279232724
832 833 0.6019185660928636
832 872 0.5304474763045297
833 834 -0.4984544180535715
833 873 0.9174720275344552
834 835 -0.7012644798253038
834 874 -0.6265173953144048
835 836 0.5244242925853964
835 875 0.8279480328094133
836 837 -0.08407489360916554
836 876 -0.8391381721627136
837 838 -0.6898128750971027
837 877 0.468408241787287
838 839 -0.7143717691647862
838 878 0.15647743811715165
839 840 -0.4567575933783399
839 879 0.07190842972135925
840 880 0.6792646531448205
841 842 0.7409661740029663
841 881 0.8454992278913398
842 843 0.5346627622355669
842 882 0.9486989577712879
843 844 -0.668716346723407
843 883 -0.8792671351644445
844 845 -0.5869946428343387
844 884 -0.33859119358399625
845 846 0.2483770249060273
845 885 -0.3143839277724654
846 847 0.21320577595440726
846 886 -0.30616623563743883
847 848 -0.9364502250400915
847 887 0.5104614195360322
848 849 -0.16638799827324346
848 888 0.796127263161746
849 850 0.5520721286743071
849 889 0.42952181342108053
850 851 -0.11700090596340118
850 890 -0.23680484583774586
851 852 -0.15004004596411424
851 891 0.9071735624924124
852 853 -0.6428118635145608
852 892 -0.7650313840016352
853 854 -0.9350829312503957
853 893 -0.9709559800851268
854 855 0.48459612634523985
854 894 -0.01164037941089724
855 856 0.07581910920667156
855 895 -0.6200285631755775
856 857 0.6430142108355283
856 896 0.654445589988663
857 858 0.9216120976386089
857 897 0.3182122061436101
858 859 0.08941021343122668
858 898 -0.2559051843853528
859 860 0.5704673972760905
859 899 -0.2668693025115674
860 861 -0.6081333720537496
860 900 0.8971450308808893
861 862 0.8959620892999247
861 901 0.04767202648443769
862 863 -0.21736764185703317
862 902 -0.7004489781256786
863 864 -0.6254189849463321
863 903 0.43811261266608725
864 865 -0.6029693939448626
864 904 -0.020374137684524563
865 866 0.17164724648312601
865 905 -0.2015643539915677
866 867 0.41715880004605155
866 906 0.325262802992482
867 868 0.259476361590415
867 907 -0.20231253395688875
868 869 0.08573552937243623
868 908 0.3078030163926593
869 870 -0.5445221318895104
869 909 -0.4396141432199385
870 871 0.8233278194642459
870 910 0.024191387760361227
871 872 -0.14987576601434482
871 911 -0.619780719394935
872 873 -0.030770707206708048
872 912 -0.010402323337100006
873 874 -0.509063141320721
873 913 -0.809560868341171
874 875 0.2162072657280676
874 914 0.6419948143723035
875 876 0.8669344722018393
875 915 -0.31763657317440797
876 877 0.21161420605445147
876 916 -0.08719817372415473
877 878 0.43957522380059055
877 917 -0.09782991894532311
878 879 -0.8893300006615381
878 918 -0.9241814710348377
879 880 0.034798999598559144
879 919 0.20913952146272852
880 920 -0.786592131724839
881 882 -0.9955715749351128
881 921 -0.06102325648484541
882 883 -0.25257096520806144
882 922 -0.8338911139231102
883 884 -0.4436881322257671
883 923 -0.30333601132197785
884 885 -0.836740875169723
884 924 -0.12692889306045596
885 886 -0.06285299442483105
885 925 -0.877171957013281
886 887 -0.5769462098810831
886 926 0.950300057454802
887 888 -0.5692764007961502
887 927 -0.26622611271591445
888 889 -0.4042297463231401
888 928 0.08155415711279446
889 890 0.28444438715694753
889 929 0.20605408141671688
890 891 -0.6540826345116448
890 930 -0.22556744848860832
891 892 0.24172079123012002
891 931 -0.1665864115901512
892 893 0.03862046119221274
892 932 -0.8576639661683085
893 894 0.017261436000731267
893 933 0.06885261202129667
894 895 -0.701796069222385
894 934 -0.6569261147175602
895 896 0.28340568054386783
895 935 0.59253969979757
896 897 -0.2597658209111515
896 936 0.11119953942590022
897 898 -0.062227703243411314
897 937 -0.7122706285564839
898 899 -0.2032111623368491
898 938 -0.13604432408877143
899 900 0.5919980961369431
899 939 0.976150531219413
900 901 0.0950836973544511
900 940 0.03041056506112305
901 902 -0.19785304084368693
901 941 0.5606155715746657
902 903 0.1355203471375408
902 942 -0.7712391583849674
903 904 -0.8107146425965241
903 943 -0.7581473540500241
904 905 -0.9012241796885871
904 944 0.6250857317636458
905 906 -0.8559269677909971
905 945 0.3123894612501088
906 907 0.6449115305145123
906 946 -0.08827530586890964
907 908 -0.8158968650362293
907 947 -0.6420426478096859
908 909 -0.6965539697167951
908 948 0.38043819044782645
909 910 -0.5432214364399297
909 949 0.8161720886973265
910 911 0.2556189142940968
910 950 0.813725105349103
911 912 -0.21529687572865108
911 951 0.3118377638585397
912 913 0.2538976024094546
912 952 0.04121198595962361
913 914 -0.8133247122572613
913 953 -0.7464920497782492
914 915 0.15184351422039333
914 954 -0.045921816909267
915 916 0.7602860271238248
915 955 0.338627610525438
916 917 -0.7545432951463442
916 956 0.11003399386856327
917 918 -0.8157271853365626
917 957 -0.5248848908717603
918 919 0.5703604500407071
918 958 -0.6223472385355082
919 920 0.6302587025978932
919 959 -0.24749781777820745
920 960 0.3267328726177263
921 922 0.962937475212021
921 961 -0.20211039219429905
922 923 -0.5207191207755502
922 962 -0.5570344799140097
923 924 0.18244462277931306
923 963 0.5500262600722172
924 925 0.6224319650663908
924 964 -0.10841507761861835
925 926 0.039532976904093076
925 965 -0.10169171074040695
926 927 0.6779644210162894
926 966 -0.10258138218650048
927 928 -0.6845821044759615
927 967 0.6148620452344853
928 929 -0.4300108791197248
928 968 0.8971554498445649
929 930 -0.8509832714565118
929 969 0.047959252626170956
930 931 -0.8983571766163598
930 970 -0.43364776996556764
931 932 -0.13128320748458733
931 971 -0.04241630117115203
932 933 -0.1588274231181248
932 972 -0.5386347123814186
933 934 -0.777953216121162
933 973 0.9439067307485505
934 935 -0.9796226909484154
934 974 0.10038156042951951
935 936 -0.37391884897341354
935 975 0.45402303975353697
936 937 -0.11838658103770827
936 976 -0.47645534649388677
937 938 0.011481884801579856
937 977 0.5518426134587089
938 939 -0.6883229169174996
938 978 0.06914650809100253
939 940 -0.3304901114204899
939 979 0.8637672931733034
940 941 0.04689199588247095
940 980 0.9413377506966238
941 942 0.8487289318682512
941 981 0.36080639978941464
942 943 0.760635427905411
942 982 0.7312296222274235
943 944 0.23870799635295903
943 983 0.04445449404352653
944 945 -0.4992530452783872
944 984 0.7301754888629299
945 946 -0.18397823218905374
945 985 -0.9050212464747662
946 947 0.5724644385768649
946 986 0.6780176248776679
947 948 0.4177912922829776
947 987 -0.429766136021996
948 949 0.757965602349187
948 988 -0.050213518459415685
949 950 0.2826886191431677
949 989 -0.08496319721254286
950 951 0.8637792126230139
950 990 -0.011385987443116807
951 952 0.8532137690492301
951 991 -0.06477342055276814
952 953 0.04725652856655649
952 992 -0.33491995839615774
953 954 0.7059874981709056
953 993 0.49866790685032836
954 955 -0.5557662792849309
954 994 -0.023223533376482308
955 956 -0.7649657601776787
955 995 -0.5356939225080268
956 957 -0.07847033649351598
956 996 -0.0520908460422429
957 958 -0.2813623291278393
957 997 -0.2641909244317109
958 959 0.33278998213341215
958 998 0.8319001647438262
959 960 0.5076152231917788
959 999 0.7829016619168554
960 1000 -0.6577314534035317
961 962 0.6274649551738363
961 1001 0.0929129959449555
962 963 -0.27280040639178793
962 1002 0.6206284642247035
963 964 0.24950893432477272
963 1003 -0.6806381333553324
964 965 -0.10537969201348063
964 1004 -0.944943073044608
965 966 -0.4020342770827485
965 1005 -0.6542457861327609
966 967 -0.3575019153946508
966 1006 -0.9718042317679605
967 968 -0.5978922805309892
967 1007 -0.29084221865738136
968 969 -0.4444643416539429
968 1008 0.35247705732244716
969 970 0.20161423405230638
969 1009 0.23876494297754491
970 971 -0.983265276510447
970 1010 -0.6736982545891432
971 972 -0.8793593097122927
971 1011 -0.6865636120607852
972 973 -0.7155232203034221
972 1012 0.46178806707836717
973 974 -0.5248837820780365
973 1013 0.5230670057101765
974 975 0.40524918623992456
974 1014 0.34213254917521985
975 976 -0.3323691622924718
975 1015 0.5432496903203357
976 977 -0.7224159621514699
976 1016 0.0701437804427778
977 978 0.16455088615653746
977 1017 -0.200683089037355
978 979 0.9956287103443828
978 1018 0.33665420954513214
979 980 0.5427873140129045
979 1019 -0.4517673036198211
980 981 0.8681862890139069
980 1020 0.3548365628798529
981 982 -0.7300547725851327
981 1021 -0.9350616261915676
982 983 0.6464705495802185
982 1022 -0.9437604730456663
983 984 -0.9105615949686605
983 1023 0.05072212632803108
984 985 -0.5423671126095226
984 1024 0.4112864485030048
985 986 -0.8054522031651103
985 1025 0.16551125482134288
986 987 -0.18259279810376539
986 1026 0.2409823320303135
987 988 0.19177347771798314
987 1027 -0.1514842449622913
988 989 -0.3925563645704926
988 1028 -0.5834442603784935
989 990 -0.534172039414182
989 1029 0.27779464033733436
990 991 -0.7216876835968926
990 1030 0.2850788733520284
991 992 -0.9909362357082194
991 1031 0.5730351794111601
992 993 0.6139530289322919
992 1032 -0.9005081465651497
993 994 0.3276948460893119
993 1033 -0.061353838946064165
994 995 -0.5705311887630744
994 1034 -0.24294035217655607
995 996 0.4638978751809355
995 1035 -0.024816028030339776
996 997 0.38838132920310064
996 1036 -0.5543040993107431
997 998 0.09302426722827972
997 1037 -0.7266376605956988
998 999 0.9039847051174086
998 1038 0.21355876799445506
999 1000 -0.08968507394609682
999 1039 0.9923300965243915
1000 1040 0.9258182760843519
1001 1002 0.541708174280449
1001 1041 -0.030137850023084
1002 1003 -0.8798076602673004
1002 1042 -0.10051288420688786
1003 1004 0.7875253064645737
1003 1043 0.4611825320134042
1004 1005 -0.4420446558513076
1004 1044 -0.8496590002267153
1005 1006 -0.3186725581669436
1005 1045 -0.41029895538242966
1006 1007 0.4561396843715466
1006 1046 -0.46735290034662147
1007 1008 -0.26880447988504996
1007 1047 -0.4649541916670512
1008 1009 -0.291269274943198
1008 1048 0.3669794401867008
1009 1010 0.7952950654174724
1009 1049 -0.33953063807901573
1010 1011 -0.8694968196180899
1010 1050 0.8568996284258736
1011 1012 0.26950827851913717
1011 1051 0.3793529534364919
1012 1013 0.597059836162517
1012 1052 0.48202219171145266
1013 1014 -0.16844211589586355
1013 1053 -0.0964962280673265
1014 1015 0.05501495875492157
1014 1054 -0.1595121843361731
1015 1016 0.15693463995331047
1015 1055 0.6975562421555315
1016 1017 0.3855448053376349
1016 1056 0.4255618087660238
1017 1018 0.9997292357316148
1017 1057 -0.7401774148618434
1018 1019 -0.9251653282029086
1018 1058 -0.4891884233325543
1019 1020 -0.376323505435612
1019 1059 0.7048021163264602
1020 1021 0.08402679928734291
1020 1060 0.5608250312074052
1021 1022 0.9264830416660632
1021 1061 0.3913985440180743
1022 1023 -0.40100983587543615
1022 1062 -0.5460061057439367
1023 1024 0.8678162243248544
1023 1063 0.27308884579192005
1024 1025 0.018000585052713625
1024 1064 -0.11055453254585457
1025 1026 0.7905788577558628
1025 1065 0.7631335615652959
1026 1027 -0.49617761880048494
1026 1066 0.5716039877662138
1027 1028 -0.0187236532880537
1027 1067 0.2523406912891073
1028 1029 -0.6940308291079074
1028 1068 -0.5320067903262733
1029 1030 -0.7898368018449657
1029 1069 0.3552146565775718
1030 1031 -0.024077652057409304
1030 1070 -0.6529585912666458
1031 1032 -0.4113663727797565
1031 1071 0.8037992509931833
1032 1033 -0.32378512915797986
1032 1072 0.01764269636029714
1033 1034 0.6514130199197177
1033 1073 0.3809570611301967
1034 1035 -0.06021717919467817
1034 1074 -0.8147068142243399
1035 1036 0.08055149955687946
1035 1075 0.5751994179805917
1036 1037 -0.5248170307606324
1036 1076 -0.604751922715151
1037 1038 -0.1967457983097125
1037 1077 0.4075992486573903
1038 1039 -0.7017838691667138
1038 1078 0.2746960009282884
1039 1040 -0.2061054091046275
1039 1079 -0.93451577067219
1040 1080 0.7632872616731354
1041 1042 -0.9417768726545646
1041 1081 -0.8269486231955898
1042 1043 0.6263410549666899
1042 1082 -0.4715232509187024
1043 1044 -0.004463961471597555
1043 1083 0.2872804387819883
1044 1045 -0.9045232457728016
1044 1084 0.7271711597022199
1045 1046 -0.2749246083596748
1045 1085 0.6175081219199579
1046 1047 0.02337990514701893
1046 1086 0.25203814302419136
1047 1048 -0.5521547587508226
1047 1087 0.49522025629025457
1048 1049 0.2397566267698763
1048 1088 0.5459850301636877
1049 1050 -0.5114492201425072
1049 1089 -0.1240120021648714
1050 1051 0.056108484309718376
1050 1090 -0.5414365228360698
1051 1052 0.7679878459474965
1051 1091 0.1488697925340734
1052 1053 -0.21064514412716462
1052 1092 -0.0522496000923125
1053 1054 0.6395458466778023
1053 1093 0.946542276916166
1054 1055 0.40877242023331717
1054 1094 0.10163146030576686
1055 1056 -0.4798453285529469
1055 1095 0.5284090020043806
1056 1057 0.6072307721015731
1056 1096 0.47247296178823706
1057 1058 0.7374940734280722
1057 1097 -0.6461717828915896
1058 1059 0.7070123028839996
1058 1098 0.15750168968655354
1059 1060 -0.7133008883996819
1059 1099 0.605055240657983
1060 1061 -0.47563561724138026
1060 1100 0.43557742204096783
1061 1062 -0.02796871725997696
1061 1101 -0.4163705746262696
1062 1063 -0.17806556997314504
1062 1102 0.8991227516267777
1063 1064 0.6080152894954152
1063 1103 0.8089196563330596
1064 1065 0.2894580810167071
1064 1104 0.051913882557538704
1065 1066 0.8390001972879659
1065 1105 0.3372449900885306
1066 1067 -0.29083719276781683
1066 1106 0.020398169098447827
1067 1068 -0.2742637562834658
1067 1107 0.2699947069144817
1068 1069 -0.6808829316687981
1068 1108 0.4092726237311006
1069 1070 0.18144150008415738
1069 1109 -0.9944021394705138
1070 1071 -0.5459063238191157
1070 1110 -0.8753394925551963
1071 1072 -0.33902988171509696
1071 1111 0.9525695829232665
1072 1073 0.10772392082577675
1072 1112 0.662926781881648
1073 1074 0.983014084069395
1073 1113 -0.2745223211027845
1074 1075 0.4091979149189393
1074 1114 -0.39926678138241445
1075 1076 0.4565837881416255
1075 1115 -0.5925748548154732
1076 1077 -0.30443521253098393
1076 1116 0.720583154647491
1077 1078 0.9263641697103702
1077 1117 0.13861327444586213
1078 1079 -0.0020587966303187155
1078 1118 -0.2782351555083158
1079 1080 0.31327436768270944
1079 1119 0.8803014136703331
1080 1120 0.09644683099741758
1081 1082 -0.7770923752439534
1081 1121 -0.4975097766189047
1082 1083 -0.8731980360532627
1082 1122 -0.5157846554881302
1083 1084 0.018950188614845098
1083 1123 -0.6635836839627736
1084 1085 0.42863518062432204
1084 1124 0.6608754007524822
1085 1086 0.7911991202817863
1085 1125 0.8300666448451539
1086 1087 0.5058119876167804
1086 1126 -0.683707651827467
1087 1088 0.15476543119851072
1087 1127 0.5477259584168885
1088 1089 0.2525014584602572
1088 1128 -0.08779886420478311
1089 1090 0.23440613870692828
1089 1129 0.7032319800387072
1090 1091 0.23087541213766838
1090 1130 -0.4752399643309895
1091 1092 -0.7058584728388777
1091 1131 0.3770803252050048
1092 1093 0.4380050471265142
1092 1132 0.2862470701438866
1093 1094 -0.9154961034392521
1093 1133 0.48278258281463504
1094 1095 0.17620136994667046
1094 1134 -0.81066155771863
1095 1096 -0.42163351826040496
1095 1135 -0.04932009594162867
1096 1097 -0.10069331988876118
1096 1136 -0.7015335057505176
1097 1098 -0.4679115110205889
1097 1137 0.7631343151508194
1098 1099 -0.7847230041211037
1098 1138 0.027045670029436586
1099 1100 -0.5416576098450823
1099 1139 -0.4552947883334384
1100 1101 -0.12421012092770667
1100 1140 -0.8097497385806565
1101 1102 -0.18712110272401317
1101 1141 -0.41145828882225444
1102 1103 0.5550709150206095
1102 1142 0.056914733013434304
1103 1104 -0.04802304720344086
1103 1143 0.454625783676593
1104 1105 0.9821248154535136
1104 1144 0.08270914470764623
1105 1106 0.6091884028128733
1105 1145 -0.05068578508098076
1106 1107 -0.26317707856609207
1106 1146 0.975514915356855
1107 1108 0.5995235805140717
1107 1147 -0.2916294724087183
1108 1109 0.8962403243169232
1108 1148 0.410574891381825
1109 1110 0.3606431892035744
1109 1149 -0.09889447221143133
1110 1111 0.6035879605586567
1110 1150 -0.038406041107335254
1111 1112 -0.5337931957180218
1111 1151 -0.24176887343939324
1112 1113 0.4448802451106366
1112 1152 -0.660152880735225
1113 1114 -0.7977578599002451
1113 1153 -0.5373561902649298
1114 1115 0.6149796692913188
1114 1154 -0.9710547889382348
1115 1116 0.21406625889928854
1115 1155 0.16670189865695906
1116 1117 -0.9427620363243856
1116 1156 0.242273576934791
1117 1118 -0.1486390819608605
1117 1157 -0.559837584110993
1118 1119 0.6002037646392266
1118 1158 0.16833956022064656
1119 1120 -0.037803356275638134
1119 1159 0.8983025551439812
1120 1160 0.26065246968969946
1121 1122 0.92983058505273
1121 1161 0.2635321054754909
1122 1123 -0.8298590764995688
1122 1162 0.615554870694704
1123 1124 0.2829295450756635
1123 1163 0.9763355259256539
1124 1125 -0.7341884072116089
1124 1164 -0.26942708090994594
1125 1126 -0.15688875802047741
1125 1165 0.7968950239639452
1126 1127 -0.8173667768770405
1126 1166 0.5481342987846574
1127 1128 -0.6860888750208747
1127 1167 0.09012888275706521
1128 1129 -0.09885597070295882
1128 1168 -0.6872809880472179
1129 1130 0.48656268274987347
1129 1169 0.03523443332894827
1130 1131 0.29745176358339265
1130 1170 0.02982902545724997
1131 1132 -0.6773224043892287
1131 1171 0.06372935985908601
1132 1133 0.0687327004093512
1132 1172 -0.5208222183976301
1133 1134 0.3012987769360409
1133 1173 0.07646411334944458
1134 1135 0.9558018125033851
1134 1174 -0.9597809092109002
1135 1136 0.7557197478211037
1135 1175 0.36795264332149946
1136 1137 0.0779318595553129
1136 1176 -0.19277212409195155
1137 1138 -0.4079486790987428
1137 1177 -0.5798805529395772
1138 1139 -0.5659079196888388
1138 1178 0.8805600871823185
1139 1140 0.39950931045897997
1139 1179 0.785405669500256
1140 1141 -0.4338876052674434
1140 1180 0.49633667068294174
1141 1142 0.46588484731364943
1141 1181 -0.37650909503005425
1142 1143 0.9869828749521468
1142 1182 -0.8774252710435995
1143 1144 0.16440481412291552
1143 1183 0.7638162019649826
1144 1145 -0.05892962863481399
1144 1184 0.03471897632083332
1145 1146 0.6150187298054921
1145 1185 0.9763240835908127
1146 1147 -0.9772862896777463
1146 1186 -0.4688930963810556
1147 1148 -0.9166995484427574
1147 1187 -0.036155287359889154
1148 1149 0.5821736546391592
1148 1188 0.7893668697939338
1149 1150 -0.6616500109200512
1149 1189 -0.8372197959071297
1150 1151 -0.8859699989718857
1150 1190 -0.462355814382158
1151 1152 -0.2780767265603936
1151 1191 0.19238630139490787
1152 1153 -0.8461759748136986
1152 1192 -0.9421353018889014
1153 1154 -0.19073297605795392
1153 1193 -0.09927297117320899
1154 1155 -0.8412712899449262
1154 1194 0.4015277525067269
1155 1156 -0.4619954361687306
1155 1195 0.9126539672564311
1156 1157 -0.13782587601352025
1156 1196 0.9253820813430791
1157 1158 0.03959121317883185
1157 1197 -0.7645906252830179
1158 1159 -0.48429890916294327
1158 1198 -0.6325913217844716
1159 1160 -0.5276867321108931
1159 1199 -0.9128708118014572
1160 1200 0.8264458391215408
1161 1162 0.6333204052307237
1161 1201 0.13216399218551267
1162 1163 -0.6594998487238357
1162 1202 -0.6093107488751226
1163 1164 0.540658726235183
1163 1203 -0.6370375817610878
1164 1165 0.826435084631636
1164 1204 -0.13322421802478623
1165 1166 0.17415518544362252
1165 1205 0.9932221998335458
1166 1167 -0.8970841369323492
1166 1206 -0.18676534806435163
1167 1168 -0.840589735866778
1167 1207 -0.8031770089211883
1168 1169 -0.7648837863573388
1168 1208 -0.6905080305725999
1169 1170 -0.22073273375473224
1169 1209 0.4928847005733794
1170 1171 -0.20780477181153323
1170 1210 0.8093581420082134
1171 1172 -0.5966607678089173
1171 1211 -0.4473484233894889
1172 1173 -0.4972297049324397
1172 1212 0.10051169375731317
1173 1174 -0.23151865450287934
1173 1213 -0.002827220985454515
1174 1175 0.31778506072690194
1174 1214 0.42558517852984057
1175 1176 0.656516693037414
1175 1215 0.21980217096211674
1176 1177 -0.9702109034266015
1176 1216 0.8269318098204173
1177 1178 -0.5312593452444627
1177 1217 0.9244242745234463
1178 1179 0.35291999953219855
1178 1218 0.019728522191512
1179 1180 0.5082917682592478
1179 1219 0.8018163918243193
1180 1181 -0.28500819712896974
1180 1220 0.44936273186114906
1181 1182 -0.6110273532559962
1181 1221 -0.5638400424321199
1182 1183 -0.09401714904201341
1182 1222 -0.29737881704178126
1183 1184 0.21332831091041293
1183 1223 0.6196980005847212
1184 1185 -0.7089358617125687
1184 1224 0.736674655833349
1185 1186 -0.0029960064658467456
1185 1225 -0.7573723579899405
1186 1187 0.5132982544303588
1186 1226 0.3573882117711291
1187 1188 -0.8910283337216154
1187 1227 -0.05440826367426843
1188 1189 -0.9333188429642585
1188 1228 0.5090184784378293
1189 1190 0.1421400805911397
1189 1229 0.6214409062440833
1190 1191 0.8899748434935164
1190 1230 -0.8973436654051303
1191 1192 0.9174166287773367
1191 1231 -0.7560064820054038
1192 1193 0.7554590974925994
1192 1232 -0.21083438124374676
1193 1194 0.7531985378986146
1193 1233 0.6843613239106363
1194 1195 -0.21645298798695056
1194 1234 -0.9305331554125145
1195 1196 -0.8856068064131601
1195 1235 0.563320251703159
1196 1197 -0.4454839663863135
1196 1236 -0.6158267738409084
1197 1198 -0.47472101520821464
1197 1237 -0.5184602494310535
1198 1199 0.5882409687421266
1198 1238 -0.8149874750139068
1199 1200 0.5746811736687307
1199 1239 0.49821582497351447
1200 1240 -0.413564051503321
1201 1202 0.2707124111637862
1201 1241 0.6238047823608213
1202 1203 0.6292840231157206
1202 1242 0.6205710583649913
1203 1204 -0.7604619584830339
1203 1243 0.8606836859754854
1204 1205 0.8513036261673577
1204 1244 0.9227361522629016
1205 1206 -0.7514743207634325
1205 1245 0.5136631175553605
1206 1207 -0.9279530098631841
1206 1246 -0.58442230561832
1207 1208 -0.13605547525722406
1207 1247 0.184499691721836
1208 1209 0.8590666193392895
1208 1248 0.3409159390294161
1209 1210 -0.25875447645883565
1209 1249 -0.1513883914633778
1210 1211 0.37008462476053583
1210 1250 0.8935960122160307
1211 1212 0.7412298736815404
1211 1251 0.10889105144914879
1212 1213 0.5769745111958748
1212 1252 -0.24567031766074066
1213 1214 -0.4550871123277134
1213 1253 0.8660377741443006
1214 1215 -0.19383590544353813
1214 1254 0.4223139739595274
1215 1216 0.2260085677509478
1215 1255 0.8687896648063458
1216 1217 0.22412631461416566
1216 1256 0.6760798890572612
1217 1218 0.8868289394831492
1217 1257 0.4691632756039523
1218 1219 0.4565872245064275
1218 1258 0.02027258054604464
1219 1220 0.8020017586480153
1219 1259 0.06324863155769989
1220 1221 0.11833520262538166
1220 1260 0.9772144234480851
1221 1222 -0.1536868518096115
1221 1261 0.8510370307841955
1222 1223 0.6409102695443563
1222 1262 -0.027651855796491986
1223 1224 0.40958370604835026
1223 1263 -0.5459714549034269
1224 1225 -0.8093920397661862
1224 1264 -0.9161717972711878
1225 1226 0.29956540612098936
1225 1265 0.7516667726587176
1226 1227 0.3457028566371869
1226 1266 -0.24711948468287193
1227 1228 0.519061751088169
1227 1267 -0.5068789105485538
1228 1229 -0.785165091559191
1228 1268 0.92913178080048
1229 1230 -0.34101319823664134
1229 1269 0.26191744858169574
1230 1231 0.3974191874217017
1230 1270 -0.86129425408609
1231 1232 -0.5899823034476264
1231 1271 -0.2065755074796376
1232 1233 -0.0766163089023244
1232 1272 0.44719615173514726
1233 1234 -0.03243239754684191
1233 1273 0.6833221413255006
1234 1235 -0.8499551362474003
1234 1274 -0.056261290657403595
1235 1236 0.6653331680834251
1235 1275 0.8002738812410453
1236 1237 0.3791341815675986
1236 1276 0.6064053970125813
1237 1238 -0.02518371756196891
1237 1277 -0.3306842369939358
1238 1239 -0.2817566502351114
1238 1278 -0.3689853838732129
1239 1240 -0.7538753661015847
1239 1279 -0.3506716288211509
1240 1280 0.8425173092315184
1241 1242 0.8533652304877486
1241 1281 0.8252535274075663
1242 1243 0.17874775646748509
1242 1282 0.829468680234924
1243 1244 0.8201948659245835
1243 1283 0.49836931922086425
1244 1245 -0.9867837840208509
1244 1284 -0.13413882897323837
1245 1246 0.17653713980567853
1245 1285 0.02913204061835084
1246 1247 -0.6212045967319724
1246 1286 0.6798016434330751
1247 1248 0.4332847891267144
1247 1287 0.13657720170536125
1248 1249 0.809722021419933
1248 1288 0.2293898751166672
1249 1250 -0.963278622440229
1249 1289 0.015522953323112043
1250 1251 -0.45421719345844735
1250 1290 -0.23238540515506134
1251 1252 0.49619193556513164
1251 1291 -0.6957983157001635
1252 1253 0.1256891948214851
1252 1292 0.9784919843140589
1253 1254 -0.7323040164675192
1253 1293 -0.6942605683782344
1254 1255 0.9208161062321001
1254 1294 0.4706975802435627
1255 1256 -0.5559578957324587
1255 1295 0.6557342535741963
1256 1257 0.006825826031165549
1256 1296 -0.7730808914527678
1257 1258 0.10589121270314106
1257 1297 0.9705507489566723
1258 1259 -0.25891062450680247
1258 1298 0.3252618007081052
1259 1260 0.19947531589888112
1259 1299 -0.3949708157924716
1260 1261 -0.19808885075640714
1260 1300 0.373880260914524
1261 1262 0.29353282072526765
1261 1301 -0.3642244983112044
1262 1263 -0.11782024369223465
1262 1302 -0.7016558636441228
1263 1264 -0.1188442455178742
1263 1303 0.7102109438994106
1264 1265 -0.16252208663994772
1264 1304 -0.12220651219700152
1265 1266 0.27415890255321806
1265 1305 0.4422502690229082
1266 1267 -0.2936786471698769
1266 1306 -0.836046606391176
1267 1268 -0.10763051297112058
1267 1307 -0.30960550503436046
1268 1269 -0.25573246486806034
1268 1308 -0.27289809013896194
1269 1270 -0.4065530550639951
1269 1309 0.9500534602765396
1270 1271 0.6774613948076849
1270 1310 0.2377238395790895
1271 1272 -0.47569942778465313
1271 1311 -0.23050521386338474
1272 1273 0.38954160006684946
1272 1312 0.13324349287960868
1273 1274 -0.19535119591364802
1273 1313 -0.7165588354964565
1274 1275 -0.7896434544441848
1274 1314 -0.8948063303564566
1275 1276 -0.5541652178226977
1275 1315 0.304161877513923
1276 1277 0.44975028714210996
1276 1316 0.15482312010598132
1277 1278 0.8978459513943371
1277 1317 0.1460121554571785
1278 1279 0.1564917810293931
1278 1318 0.05662868023403367
1279 1280 0.4921396866429535
1279 1319 0.9289435968246968
1280 1320 0.723042573650946
1281 1282 0.6496214408770509
1281 1321 -0.8115945356453547
1282 1283 -0.8803567264907308
1282 1322 0.9299932805406645
1283 1284 0.5210630808334829
1283 1323 -0.7142484042413386
1284 1285 0.16622525768717744
1284 1324 -0.3023448555538071
1285 1286 0.5164311891990403
1285 1325 0.6665634484348153
1286 1287 0.48588344657126603
1286 1326 -0.5106475588115023
1287 1288 -0.845898419811413
1287 1327 -0.24620749122723162
1288 1289 -0.5743757509452947
1288 1328 -0.9749826429690986
1289 1290 -0.5901052331864034
1289 1329 0.9326980408465286
1290 1291 0.33987878049286757
1290 1330 0.24541074548684838
1291 1292 -0.10817627476692437
1291 1331 -0.21513492474843754
1292 1293 -0.2875247664989602
1292 1332 0.5869138493952157
1293 1294 0.4168150364964158
1293 1333 -0.06931003983781547
1294 1295 0.5896023957436287
1294 1334 -0.5670431218442706
1295 1296 0.24281781998977858
1295 1335 0.7313637728857489
1296 1297 -0.4419030593108282
1296 1336 0.3287757122369017
1297 1298 0.3080063970271061
1297 1337 -0.03384142971755111
1298 1299 -0.4382445960855861
1298 1338 0.304855073722635
1299 1300 -0.12153400093986
1299 1339 -0.7134398937709661
1300 1301 -0.2056472505713307
1300 1340 -0.8236327695736079
1301 1302 -0.24286120725935834
1301 1341 0.7269562055265111
1302 1303 0.5876467727837933
1302 1342 0.9280055904133415
1303 1304 -0.11124709940650868
1303 1343 -0.25323509542896927
1304 1305 0.966935396636172
1304 1344 -0.49605475866399806
1305 1306 0.3032399257890086
1305 1345 -0.9595574547272832
1306 1307 0.17256208636465153
1306 1346 -0.6523584162035738
1307 1308 -0.7881929806892973
1307 1347 -0.7336445653849786
1308 1309 0.02869515958250113
1308 1348 -0.42237522762082014
1309 1310 0.5531351008813861
1309 1349 0.5014823903149677
1310 1311 0.6173807873871058
1310 1350 -0.6245270023157026
1311 1312 0.8357833426250731
1311 1351 -0.29666198096065277
1312 1313 0.009760401103044769
1312 1352 -0.6487809736128571
1313 1314 0.13213255398167512
1313 1353 0.8439420449046455
1314 1315 -0.3683317648773792
1314 1354 0.14980933127428742
1315 1316 -0.33763934986375377
1315 1355 -0.5907400491255479
1316 1317 0.6076727187555011
1316 1356 -0.4678217894501455
1317 1318 0.5384986963238056
1317 1357 -0.08138510937714627
1318 1319 0.9054879527753636
1318 1358 0.19698642917819487
1319 1320 -0.14625876139735894
1319 1359 0.6624270677649831
1320 1360 0.9336842110898713
1321 1322 -0.27790316307238183
1321 1361 -0.9289819364793395
1322 1323 0.14195043371161153
1322 1362 -0.3949637749992114
1323 1324 0.6238883831148487
1323 1363 -0.61544140844905
1324 1325 -0.24793596419040775
1324 1364 -0.2883568476844032
1325 1326 0.6621756554771945
1325 1365 -0.3117621214396131
1326 1327 0.17233618990639843
1326 1366 -0.01080237532636974
1327 1328 0.47585485732452826
1327 1367 0.9011023708686134
1328 1329 0.06735735752555527
1328 1368 0.9459907164746084
1329 1330 -0.815047567929643
1329 1369 -0.916761535771512
1330 1331 -0.4563586358618683
1330 1370 -0.8098689340950462
1331 1332 0.9534187594328962
1331 1371 0.4826713910517706
1332 1333 0.17179145596928214
1332 1372 -0.22389202486607895
1333 1334 0.26964243249279063
1333 1373 0.22534236279775155
1334 1335 0.21493747537043406
1334 1374 -0.5670251011345628
1335 1336 0.9617881948579399
1335 1375 -0.4360040080120893
1336 1337 0.8462798638448816
1336 1376 0.24550117183451237
1337 1338 0.7323080526754189
1337 1377 0.2152364884119491
1338 1339 0.6010250263479513
1338 1378 0.5996208474164639
1339 1340 0.23392835304577164
1339 1379 0.9681075516912214
1340 1341 0.6956145132497136
1340 1380 -0.9798377217381473
1341 1342 -0.1762577336587252
1341 1381 -0.4120388540041118
1342 1343 0.5716856994851436
1342 1382 0.9510806691562299
1343 1344 0.8838048392915598
1343 1383 0.04757448377227558
1344 1345 -0.7609622162795886
1344 1384 0.5782560146963647
1345 1346 -0.8087891926345883
1345 1385 0.7853968241735623
1346 1347 -0.5048406229266074
1346 1386 -0.7533169994398448
1347 1348 0.8448314519509208
1347 1387 -0.12337897119607844
1348 1349 0.5836670168478062
1348 1388 0.6741752376788854
1349 1350 -0.3996010757464028
1349 1389 -0.17099054178356443
1350 1351 -0.3418168632895773
1350 1390 0.1785029863147578
1351 1352 -0.21996653080643314
1351 1391 -0.8312302379235732
1352 1353 -0.921210079912737
1352 1392 -0.6119639892328439
1353 1354 -0.32178670409123855
1353 1393 0.23871857049851264
1354 1355 -0.4176666229237227
1354 1394 -0.966804484645239
1355 1356 -0.2671089013013024
1355 1395 0.6311600761080431
1356 1357 0.05453615958988056
1356 1396 -0.41992239835571543
1357 1358 -0.18732279442879962
1357 1397 -0.4442862959322502
1358 1359 -0.3769512252073781
1358 1398 0.5357864896532178
1359 1360 -0.26437019703738684
1359 1399 0.9132934817737297
1360 1400 -0.42234413655230574
1361 1362 0.09271669708161379
1361 1401 0.5922854417120085
1362 1363 0.6514116529967013
1362 1402 0.3188345607066425
1363 1364 -0.6905097809173244
1363 1403 -0.18584208695706073
1364 1365 -0.5379342496539756
1364 1404 -0.9479255111472811
1365 1366 -0.23864588535321474
1365 1405 0.1905702550596866
1366 1367 -0.817676618398878
1366 1406 -0.28436485302323655
1367 1368 0.8106532120340975
1367 1407 -0.0168193930324958
1368 1369 0.5873954975149498
1368 1408 -0.8621488334341012
1369 1370 0.0342063480121888
1369 1409 0.9669150049286925
1370 1371 0.6570861188864323
1370 1410 -0.32177925244612493
1371 1372 0.6460199074767135
1371 1411 0.3610705715809759
1372 1373 0.020172153185683994
1372 1412 -0.8646465845966289
1373 1374 0.43702858140191014
1373 1413 -0.7148639275772779
1374 1375 0.2803229865288983
1374 1414 0.6975614820164839
1375 1376 0.8045903291857406
1375 1415 -0.6042208599886065
1376 1377 0.8239616746688341
1376 1416 0.7749692787395497
1377 1378 0.027596096831409955
1377 1417 0.31483568584588895
1378 1379 -0.5389635518975302
1378 1418 -0.05851001658049437
1379 1380 -0.6965724980941344
1379 1419 0.36318820606304336
1380 1381 0.5076025397724868
1380 1420 0.534292859764862
1381 1382 0.37334157273879987
1381 1421 -0.2232346540390342
1382 1383 -0.631317974608123
1382 1422 0.25523307445162
1383 1384 0.6501723672226782
1383 1423 -0.3271797167601844
1384 1385 -0.4582528900424654
1384 1424 0.11977254586245478
1385 1386 0.9953565743225992
1385 1425 0.654558419051994
1386 1387 -0.669594577668466
1386 1426 -0.049546225864328663
1387 1388 -0.9261599434718972
1387 1427 0.07716232917081456
1388 1389 -0.10477334434144425
1388 1428 0.5518452912603893
1389 1390 0.3894730266530626
1389 1429 0.8076348004836806
1390 1391 -0.7567162716639508
1390 1430 0.22340704526097155
1391 1392 -0.9258295811323118
1391 1431 -0.004848492225394407
1392 1393 0.998127855039131
1392 1432 -0.4004534367139161
1393 1394 -0.9807374550000609
1393 1433 -0.08841700145115339
1394 1395 0.8453194816537302
1394 1434 0.46626985809296184
1395 1396 -0.49719704838741596
1395 1435 0.17040413838046997
1396 1397 -0.14215744643872075
1396 1436 -0.9157179907184081
1397 1398 0.18983221055962995
1397 1437 -0.49519744412741407
1398 1399 0.5911090373382366
1398 1438 0.14640138246922718
1399 1400 -0.391763941620509
1399 1439 -0.37728343862605906
1400 1440 -0.42627761155043054
1401 1402 -0.8977143937973058
1401 1441 -0.6226645284137842
1402 1403 0.9730028828067918
1402 1442 -0.7850209328498021
1403 1404 -0.9992342112650581
1403 1443 0.6910356323276197
1404 1405 0.4623679997364849
1404 1444 0.9970315345256682
1405 1406 -0.9142561096732635
1405 1445 0.629410554335619
1406 1407 0.5014019729765951
1406 1446 -0.7424649294677188
1407 1408 0.8710521706521237
1407 1447 -0.4972334435343231
1408 1409 -0.2721545879084397
1408 1448 -0.7332106722208125
1409 1410 -0.4521085937809213
1409 1449 -0.7338536662385624
1410 1411 -0.997654082713771
1410 1450 0.38481444968584966
1411 1412 -0.8657800600058931
1411 1451 0.5666241603864193
1412 1413 0.17187578731682973
1412 1452 0.6650716571906301
1413 1414 0.4061658186600283
1413 1453 -0.3399465034720681
1414 1415 -0.22943448862641236
1414 1454 -0.5662588092322449
1415 1416 -0.2123586464329037
1415 1455 0.9385101939195897
1416 1417 -0.4711599093023262
1416 1456 -0.6379153475360937
1417 1418 -0.48257698004032124
1417 1457 -0.8323805209392028
1418 1419 0.8429852442987895
1418 1458 -0.7147280621340295
1419 1420 0.20291286139855003
1419 1459 0.3119197357220811
1420 1421 -0.33695082694293776
1420 1460 -0.5403816468687741
1421 1422 0.5397743738542518
1421 1461 -0.5361687405250046
1422 1423 -0.11835725601077463
1422 1462 -0.9267668284389201
1423 1424 -0.5512884498403392
1423 1463 -0.20806676725594864
1424 1425 -0.15350857498382298
1424 1464 -0.819366154882623
1425 1426 0.33855953097779
1425 1465 -0.3028804853194207
1426 1427 -0.7713338930761322
1426 1466 0.4973012009379014
1427 1428 0.029523301568447513
1427 1467 -0.025053764808939505
1428 1429 0.10700883311846843
1428 1468 0.7446137832807693
1429 1430 -0.9783275975560388
1429 1469 0.2677825993155507
1430 1431 -0.41315620689949695
1430 1470 -0.8037723369768053
1431 1432 -0.22250943464702333
1431 1471 0.3294565379836172
1432 1433 0.3781412937899724
1432 1472 -0.5316648173827663
1433 1434 0.7809803602158774
1433 1473 -0.8211847939497825
1434 1435 -0.7941240911165492
1434 1474 -0.6256750870720749
1435 1436 0.41350044743023195
1435 1475 0.697839180276496
1436 1437 0.39426955854259016
1436 1476 -0.123960957637969
1437 1438 0.7659691868118799
1437 1477 -0.9888869436483396
1438 1439 0.2596607531773387
1438 1478 -0.3290327989200341
1439 1440 -0.8893483993617615
1439 1479 0.02245467162283732
1440 1480 0.6237886215686741
1441 1442 -0.2690444641756704
1441 1481 -0.5114182660841833
1442 1443 0.1618370552667907
1442 1482 -0.05434368988542637
1443 1444 -0.6777350933121187
1443 1483 0.47850146978532093
1444 1445 -0.9233161396799507
1444 1484 0.7181964339061053
1445 1446 0.17204620241017365
1445 1485 -0.112990557034792
1446 1447 -0.5201986394040445
1446 1486 -0.2871511164108822
1447 1448 0.2338362948390027
1447 1487 0.5256374193916995
1448 1449 -0.45916380770250464
1448 1488 0.3552389027233558
1449 1450 -0.8189228658992953
1449 1489 -0.9930313615951667
1450 1451 -0.3383503461820372
1450 1490 0.4636690340334988
1451 1452 0.4510866481656506
1451 1491 0.39787696030830366
1452 1453 -0.8627629439035189
1452 1492 0.2940055728713198
1453 1454 0.38394007323450796
1453 1493 -0.2987300364182579
1454 1455 0.8064759644986419
1454 1494 -0.46297028911588645
1455 1456 -0.6581803258186838
1455 1495 -0.38686212449155555
1456 1457 0.33594699621987667
1456 1496 0.5280941117535276
1457 1458 0.4280169593658425
1457 1497 0.041628287523749474
1458 1459 -0.6342536419107407
1458 1498 -0.7007763546181525
1459 1460 0.6632106018714992
1459 1499 0.4843490453601973
1460 1461 0.26607918801651476
1460 1500 -0.17784104714136317
1461 1462 0.15338945397343173
1461 1501 0.6615153029133425
1462 1463 0.5584441619893221
1462 1502 -0.6503264788502636
1463 1464 -0.7132107565919659
1463 1503 0.46302143899307
1464 1465 -0.7524754587566909
1464 1504 -0.5492337289918843
1465 1466 -0.5779024207044337
1465 1505 0.9567156739777951
1466 1467 -0.17445872160640552
1466 1506 0.6908777244018356
1467 1468 -0.7848084772647932
1467 1507 0.9918720913261034
1468 1469 -0.48300001693951256
1468 1508 0.5511952442935464
1469 1470 0.5814996392694163
1469 1509 -0.8098509545659596
1470 1471 -0.743800120200675
1470 1510 -0.27984486981600654
1471 1472 0.5730858939317842
1471 1511 -0.5059382948082336
1472 1473 0.1993003061732126
1472 1512 -0.67424301630271
1473 1474 -0.6896250314427674
1473 1513 -0.7357293105223934
1474 1475 0.7504764722192401
1474 1514 0.21614938097599556
1475 1476 -0.28793436832222685
1475 1515 -0.8011532737828775
1476 1477 -0.21687337346382662
1476 1516 0.980442215875363
1477 1478 0.0855935579341427
1477 1517 0.6023637606344463
1478 1479 0.20903914997107087
1478 1518 0.23716102083584634
1479 1480 -0.42745614005214394
1479 1519 -0.7459998721953707
1480 1520 -0.04527123580381298
1481 1482 0.590174945842064
1481 1521 -0.29581012846726296
1482 1483 0.3045415719754012
1482 1522 -0.5162818918051417
1483 1484 0.1658216318468273
1483 1523 0.5405200059429223
1484 1485 0.08860986194090903
1484 1524 -0.9609600823536335
1485 1486 0.27626974923548775
1485 1525 0.9107031550780826
1486 1487 -0.9919564351845678
1486 1526 0.5469070359507804
1487 1488 -0.9966424621815133
1487 1527 -0.8357598191939137
1488 1489 -0.3487054228828601
1488 1528 0.01889450852648511
1489 1490 0.2314249133123667
1489 1529 -0.29352600077161917
1490 1491 -0.7597444399576434
1490 1530 -0.48547395518716185
1491 1492 -0.14458897269014348
1491 1531 -0.4551077096098912
1492 1493 -0.8980808035663723
1492 1532 -0.7738556954563156
1493 1494 0.6503394059044267
1493 1533 0.6927596005359233
1494 1495 -0.40415110870894444
1494 1534 0.9701498848160595
1495 1496 0.8180622489711173
1495 1535 -0.23605497975527623
1496 1497 0.11034785046457496
1496 1536 0.5969032115076041
1497 1498 -0.0922314323419895
1497 1537 0.7245451046774694
1498 1499 -0.9557002603511204
1498 1538 -0.39628122098479546
1499 1500 -0.4462151682203681
1499 1539 -0.09916689226913977
1500 1501 0.6778085592513283
1500 1540 0.4724020354759533
1501 1502 0.6646801741821662
1501 1541 -0.8553905096390935
1502 1503 0.850387433292084
1502 1542 -0.5509218149515371
1503 1504 0.3091630544621973
1503 1543 0.371967080456441
1504 1505 -0.4656787071411117
1504 1544 0.48800923021326503
1505 1506 0.5774499988321857
1505 1545 -0.36614077763481956
1506 1507 0.5669465622705987
1506 1546 0.7910532144542648
1507 1508 0.4134482610855854
1507 1547 -0.6403480070290646
1508 1509 -0.8287823561804517
1508 1548 -0.10330154906842615
1509 1510 0.8056037359294199
1509 1549 0.08812408529274651
1510 1511 0.8953974234349229
1510 1550 0.2521264226740991
1511 1512 -0.27496031737625515
1511 1551 0.9994044161260311
1512 1513 0.4272677572113539
1512 1552 -0.8142227087845388
1513 1514 0.19762563766023544
1513 1553 0.5371422710945581
1514 1515 0.4719793281121445
1514 1554 -0.5768878296163458
1515 1516 0.31270739477130904
1515 1555 -0.8736703197694093
1516 1517 0.7510459854165339
1516 1556 0.014676042560509917
1517 1518 0.3708739126697238
1517 1557 0.4199761612951085
1518 1519 -0.3382654983386335
1518 1558 0.5835093107044078
1519 1520 0.1840800029675611
1519 1559 0.36282709226123844
1520 1560 -0.06891034398777651
1521 1522 0.27775536412073065
1521 1561 -0.01316989620648057
1522 1523 -0.9377398731631879
1522 1562 0.08846470549237151
1523 1524 0.19998633347537198
1523 1563 0.9229349716923441
1524 1525 -0.8623671828526884
1524 1564 0.050898962154980465
1525 1526 0.6084223002077489
1525 1565 0.31229938345606545
1526 1527 -0.20981634038261054
1526 1566 0.2773334038929687
1527 1528 -0.3576421822471352
1527 1567 -0.5673003921341209
1528 1529 -0.4214997734461461
1528 1568 -0.18063515012639342
1529 1530 0.6400150784268237
1529 1569 -0.5566065370695694
1530 1531 0.8252540729612403
1530 1570 0.22510598953312666
1531 1532 -0.011353556896583017
1531 1571 -0.18790327890239888
1532 1533 0.25268481374743645
1532 1572 0.0693677873553944
1533 1534 0.26941450946644085
1533 1573 -0.46608158396853816
1534 1535 0.8936303944108424
1534 1574 0.6870347165729498
1535 1536 0.05016505523260739
1535 1575 -0.4760122635287849
1536 1537 0.9396421957746932
1536 1576 -0.6592751784620245
1537 1538 0.6807009527064627
1537 1577 -0.4188437770183544
1538 1539 -0.11369890552297002
1538 1578 0.9358420553954507
1539 1540 0.15838792860434814
1539 1579 -0.5066732382092547
1540 1541 0.04915602743904013
1540 1580 -0.3354274506433701
1541 1542 -0.9973909049553804
1541 1581 -0.9253595520592792
1542 1543 -0.47805833997651215
1542 1582 0.9403798427110435
1543 1544 -0.7598354514011942
1543 1583 0.995037815903129
1544 1545 -0.5872968585240803
1544 1584 -0.5639735619138804
1545 1546 0.7569517713694731
1545 1585 -0.019406578713328626
1546 1547 0.4308861701173461
1546 1586 0.35215392097094655
1547 1548 0.2717059343595285
1547 1587 -0.4652779600927066
1548 1549 -0.19795275837037152
1548 1588 -0.10241347211851082
1549 1550 -0.16053067103976626
1549 1589 0.5241666843444059
1550 1551 -0.6883423167906291
1550 1590 -0.1918449493497869
1551 1552 -0.9496452204427572
1551 1591 0.2519971885612824
1552 1553 -0.2694593853448817
1552 1592 -0.058356045121875866
1553 1554 -0.9726330905550264
1553 1593 -0.37970907716152014
1554 1555 -0.13164173691672176
1554 1594 -0.2634436010304313
1555 1556 -0.6981798797444339
1555 1595 -0.3647252198898898
1556 1557 0.3609065756222609
1556 1596 -0.8492969473794696
1557 1558 -0.2922371225377236
1557 1597 -0.5408177021083196
1558 1559 -0.2055853737729616
1558 1598 0.07824379001229764
1559 1560 0.14767828558322038
1559 1599 0.7897814418054396
1560 1600 0.7219622493328677
1561 1562 0.16699948744011306
1562 1563 -0.27057964241523
1563 1564 -0.24044322116356542
1564 1565 -0.7908795871157348
1565 1566 -0.5849153177493978
1566 1567 0.05206855841216096
1567 1568 -0.6504850189478857
1568 1569 -0.24434888061946736
1569 1570 0.09599995970965924
1570 1571 -0.18905513693390774
1571 1572 -0.78809565945929
1572 1573 -0.6211657332037197
1573 1574 -0.18412477421801055
1574 1575 -0.7525321235093838
1575 1576 0.0030551265254870064
1576 1577 -0.04333749044101931
1577 1578 -0.10507252950925294
1578 1579 -0.4671128530398829
1579 1580 0.053031137259537564
1580 1581 0.7508782384230295
1581 1582 0.6417823297900505
1582 1583 -0.39194148581245347
1583 1584 0.5965311461232381
1584 1585 -0.6188068122053021
1585 1586 0.0524201787995946
1586 1587 0.1704261691477451
1587 1588 -0.21189745559008943
1588 1589 -0.7324836552438359
1589 1590 -0.20823890182199922
1590 1591 0.9825110652824889
1591 1592 -0.1939656024155305
1592 1593 0.18214351528570383
1593 1594 0.5135274482988321
1594 1595 0.2567129806188766
1595 1596 -0.8647031993627095
1596 1597 -0.80299220550568
1597 1598 0.9106765027797068
1598 1599 0.22464061081125952
1599 1600 0.13914673103945696
