1 2 0.920034606671837
1 41 0.3990240998991521
2 3 -0.2743764620285578
2 42 -0.8242278704798098
3 4 0.964585992980777
3 43 -0.908212794679067
4 5 0.9802515447141187
4 44 0.5277084584014093
5 6 0.9861281934805195
5 45 0.12569431124691222
6 7 0.5977840233875589
6 46 -0.9449331753486017
7 8 -0.029844750978642365
7 47 0.6659345773352447
8 9 -0.7723485142960436
8 48 -0.24951953000246552
9 10 0.013358661164881713
9 49 0.764976406845848
10 11 0.6860873402954502
10 50 0.8746118317390754
11 12 0.9600857714606517
11 51 -0.9828800387994494
12 13 0.48436147570061383
12 52 0.33837969669983803
13 14 -0.27708460673041646
13 53 -0.7360450692338398
14 15 0.42388204603739044
14 54 0.5760134377240034
15 16 -0.982887269737458
15 55 -0.03414550213802059
16 17 0.39734100794086147
16 56 -0.73870860095097
17 18 -0.10950434187311697
17 57 -0.4448905537326677
18 19 -0.6199299740899027
18 58 0.7231093457855793
19 20 -0.9669782965439406
19 59 0.33099436139594385
20 21 -0.04128001465851305
20 60 -0.7472168058356912
21 22 -0.1620980470458513
21 61 -0.6511627449406607
22 23 -0.44024332555100476
22 62 0.22532558985041318
23 24 -0.7729025808994039
23 63 0.11207966393502167
24 25 -0.7586494242699711
24 64 -0.9760259189957765
25 26 -0.05849997565641751
25 65 0.7746694298662549
26 27 -0.8376004919839737
26 66 -0.0335595634073369
27 28 0.46328248321745913
27 67 0.469885202074388
28 29 0.5282869329713578
28 68 -0.1873377650768988
29 30 -0.031717611799353396
29 69 -0.5928277834581437
30 31 0.3272054265226374
30 70 0.6467890893851744
31 32 0.49289590725217436
31 71 -0.8709934982187197
32 33 0.763272720817578
32 72 0.027274160609991327
33 34 0.24923626230209184
33 73 -0.8881932217221968
34 35 -0.38731985578183314
34 74 -0.5820577691880353
35 36 0.220000151784981
35 75 0.6787066132317203
36 37 0.623065351455276
36 76 0.06892576260962402
37 38 0.09110182906809894
37 77 -0.08533336616081777
38 39 -0.5738761922001274
38 78 0.9391638950209464
39 40 0.18066425850596857
39 79 0.5345121884564588
40 80 -0.5874567991138306
41 42 0.9997345852477584
41 81 -0.5598654004342964
42 43 -0.312333152541336
42 82 0.14221929138220868
43 44 0.13361016520612257
43 83 -0.801095399466021
44 45 -0.8563328621431088
44 84 0.9480558364788798
45 46 -0.5979806734439943
45 85 -0.14746746434138513
46 47 0.3224756348545288
46 86 0.29342379775912786
47 48 -0.09486396136980635
47 87 -0.46899461752714666
48 49 0.1319919456929921
48 88 -0.2823588630255829
49 50 0.4736640505377445
49 89 -0.4070496244048347
50 51 -0.21476653184660432
50 90 -0.43481862971787444
51 52 0.07752431335812937
51 91 -0.8739554936005711
52 53 -0.8552537831291669
52 92 0.7811563439928244
53 54 0.43976934840471293
53 93 0.17562034682901517
54 55 0.001986741073184195
54 94 0.23953235802119788
55 56 0.2783367117185356
55 95 -0.5320252814164745
56 57 0.5372433938669614
56 96 -0.5468588499056843
57 58 -0.07701510563324576
57 97 0.19683363247449037
58 59 -0.16605274781962454
58 98 -0.3698390661751556
59 60 -0.6683078865197729
59 99 0.8789318492508555
60 61 0.2672932824287675
60 100 0.32752952010503766
61 62 0.5731594085771545
61 101 -0.3952201065129721
62 63 -0.7061524204317682
62 102 0.3013487956112064
63 64 0.5130862276754335
63 103 0.7556847982955766
64 65 0.0429860317405768
64 104 -0.65107859074238
65 66 0.9855811087646182
65 105 0.19922089429127365
66 67 -0.5414037298625538
66 106 0.32290718095276905
67 68 -0.4393157523570128
67 107 -0.3609074364236211
68 69 0.1274968104355565
68 108 -0.49229824167764824
69 70 0.6126925720242722
69 109 -0.7677348031175539
70 71 -0.8695614140039385
70 110 0.5270352236367433
71 72 0.8284174142642686
71 111 0.6174791714216872
72 73 0.6794033325182394
72 112 -0.7983831858657267
73 74 -0.8704423410403535
73 113 0.6970673320947411
74 75 -0.22789056527608653
74 114 0.4510358416044491
75 76 -0.8598302195342722
75 115 -0.3855338322373023
76 77 0.7187206986518335
76 116 -0.9675090777917585
77 78 0.5030735066034266
77 117 0.6607760644615721
78 79 0.7967131921539337
78 118 -0.568638505100356
79 80 0.1885369619742292
79 119 -0.48713073346792357
80 120 0.4353571744112583
81 82 -0.277887292071884
81 121 0.4796819804188741
82 83 -0.6689746350793613
82 122 0.263231877706223
83 84 -0.2993260530609583
83 123 -0.21107307491361849
84 85 0.971063384965557
84 124 -0.519611471139878
85 86 -0.32258344628653957
85 125 0.8190978988576134
86 87 0.598063297530034
86 126 -0.547832271086262
87 88 -0.35857192945785754
87 127 0.4101463580675313
88 89 -0.005991648727365906
88 128 -0.13659735430246434
89 90 0.8112024056909997
89 129 0.26526555639398586
90 91 0.7918519987396413
90 130 -0.08547691881552133
91 92 0.2829381291793176
91 131 0.5539322082731679
92 93 -0.2663676780293467
92 132 -0.8394910725725901
93 94 -0.37410947439742825
93 133 -0.5425411747241629
94 95 -0.995033537594459
94 134 -0.9215184065342565
95 96 -0.6994695660756698
95 135 -0.668382269065507
96 97 0.386406057003329
96 136 -0.017048847857393135
97 98 0.9298709588163165
97 137 0.9479496055502021
98 99 0.487960657714009
98 138 0.006288645717938968
99 100 0.9607939326642441
99 139 0.9708222040170458
100 101 0.8819397761923606
100 140 0.16673215563859523
101 102 0.07069886027125083
101 141 -0.6839212698383217
102 103 0.9493768887099467
102 142 0.20772485934943963
103 104 -0.01660628645432327
103 143 -0.44802050825730677
104 105 0.6875126832166756
104 144 -0.5206668696901235
105 106 -0.9558595178988867
105 145 0.8936409408423507
106 107 0.6418859364548051
106 146 -0.5419058475698109
107 108 0.3703765102952532
107 147 -0.4416913252827608
108 109 0.12363898113631433
108 148 0.06200858599322001
109 110 0.9733323786325787
109 149 0.5392605420730112
110 111 0.1527887517901909
110 150 0.3520294077185899
111 112 0.8437951284601677
111 151 -0.47628778604201294
112 113 -0.7123353571729074
112 152 0.21059875352905122
113 114 0.5120008150245168
113 153 0.3339592075817348
114 115 -0.8327372598702754
114 154 0.5234102656495192
115 116 -0.9885007342931329
115 155 -0.8882070474210833
116 117 0.005838389734829308
116 156 -0.582887534183389
117 118 -0.9574521336287438
117 157 -0.9064278013786911
118 119 0.5707339723943952
118 158 0.4198410889765196
119 120 -0.44853068876696844
119 159 0.6166494329478298
120 160 -0.8260976983270076
121 122 0.9929114501781939
121 161 -0.36730604441878323
122 123 -0.8688689294023078
122 162 0.8257483824099663
123 124 -0.22543427153873208
123 163 -0.19460165519843842
124 125 0.002033402553150543
124 164 0.39127503761547056
125 126 -0.18277677726032282
125 165 -0.9856639052438676
126 127 -0.6967710065478028
126 166 0.1416484542524481
127 128 -0.4692001061247282
127 167 0.5704971625689512
128 129 0.0448993916850271
128 168 0.8820374780290021
129 130 -0.10760894758282702
129 169 -0.3098707898958386
130 131 0.1291241019577969
130 170 0.7791907509026124
131 132 0.7241773456378913
131 171 -0.11558888887719654
132 133 -0.5996281086404833
132 172 0.8283717079543536
133 134 0.5770343725526021
133 173 -0.050792746230132524
134 135 0.8003960581695138
134 174 0.956256821712488
135 136 0.44007741257338795
135 175 0.5069069076043058
136 137 0.8391095168134912
136 176 0.1863815137269167
137 138 0.610953559265478
137 177 -0.20975763107830114
138 139 0.958468455478446
138 178 -0.8346233147335567
139 140 0.009485556484841728
139 179 -0.6593965023385133
140 141 0.5598221048004179
140 180 0.3395923181850684
141 142 -0.738271063391726
141 181 -0.8288920916282709
142 143 -0.03527562725139477
142 182 -0.2758132396266606
143 144 -0.45475847423899984
143 183 -0.17194685194111048
144 145 0.8255028162323284
144 184 -0.3247196220527857
145 146 -0.13954081874794988
145 185 -0.6122714014031516
146 147 0.8432848487088451
146 186 -0.08353809769709142
147 148 0.8749465613809937
147 187 -0.7155383371633752
148 149 0.26273297388570405
148 188 -0.759869068789353
149 150 -0.9577874629578433
149 189 0.1029814159520348
150 151 0.3637883250677938
150 190 -0.13231609833613311
151 152 0.6774963593164163
151 191 0.34547983692857387
152 153 -0.17139536890871687
152 192 -0.42299456731002105
153 154 0.5972693943695073
153 193 0.20120444070495047
154 155 -0.013785546527795622
154 194 -0.29385034383646724
155 156 0.8581804331344132
155 195 -0.15284019113150338
156 157 -0.6824326734571302
156 196 0.26577297773336483
157 158 0.7840626050623942
157 197 -0.5553648594265514
158 159 -0.8922150068892998
158 198 -0.9674221534182113
159 160 -0.6649503698381634
159 199 -0.8416125248416757
160 200 -0.8326851554602475
161 162 -0.7269108403529507
161 201 -0.2320399796967998
162 163 -0.8226920415464909
162 202 -0.6012246433963455
163 164 0.8598322912551408
163 203 0.8842753802676953
164 165 -0.46962505439682145
164 204 0.930879371174101
165 166 0.09511240760958306
165 205 -0.7645371207562677
166 167 -0.18045165281792142
166 206 0.7870709388759518
167 168 0.7581036210895433
167 207 -0.9464384075574799
168 169 -0.11174055848605935
168 208 0.8501415712914118
169 170 -0.07036573829014814
169 209 0.12223399627608278
170 171 -0.6710760650506182
170 210 0.7074946781950369
171 172 0.7545390541187504
171 211 0.7741513305329228
172 173 0.5344807756773806
172 212 0.5936420359023593
173 174 -0.291116698215208
173 213 -0.43136836648321575
174 175 -0.36421032262239184
174 214 0.08070762937463583
175 176 0.3506982053044878
175 215 -0.37830862006022326
176 177 -0.6586401581431485
176 216 -0.4700434984435775
177 178 -0.45388037375101775
177 217 0.18737740527574753
178 179 -0.4333982057162551
178 218 -0.7939258630971247
179 180 0.945920763930387
179 219 -0.9475323876031261
180 181 0.19788678218721412
180 220 -0.6866460235708569
181 182 -0.9957502404737169
181 221 -0.4252307266186979
182 183 0.8523312560006759
182 222 -0.0780112096569181
183 184 -0.3383741791521222
183 223 0.5823317750707151
184 185 -0.6477234689340747
184 224 0.7562247350084879
185 186 -0.7155199878718768
185 225 0.8806857988624559
186 187 0.2646377661665731
186 226 -0.03696815604842829
187 188 -0.540267892314023
187 227 0.2910748049430967
188 189 -0.7230087126039451
188 228 0.11788248053782757
189 190 -0.024067833329488364
189 229 0.8231013972067334
190 191 0.32963620873977884
190 230 -0.00997681488693547
191 192 -0.7379963261829416
191 231 -0.09357143077726371
192 193 -0.12943094066164695
192 232 -0.19435941287722036
193 194 -0.680935180855659
193 233 -0.3429802326125089
194 195 0.22267754703304088
194 234 0.7788995857266281
195 196 -0.36735118412674783
195 235 0.96973838992889
196 197 -0.14457988660289334
196 236 -0.006991820943656801
197 198 0.2801316483326297
197 237 0.7207889232316231
198 199 0.4204617692192598
198 238 0.4671774430416311
199 200 -0.26134138032552556
199 239 0.3468391908891295
200 240 -0.41070247613086175
201 202 -0.3589614328696138
201 241 -0.26717049383296976
202 203 -0.0560946040982353
202 242 -0.11800563960452437
203 204 -0.6395192122340425
203 243 0.4610262168171506
204 205 0.7971911623970178
204 244 0.05096864966946768
205 206 0.40074921055334034
205 245 -0.9868117988941234
206 207 -0.6243317164482121
206 246 -0.7362696196199796
207 208 -0.9453936850102906
207 247 -0.9793732187436155
208 209 -0.46796635205427917
208 248 -0.5899811784079141
209 210 -0.0013930033321545299
209 249 -0.4445163378228112
210 211 0.2223880553076505
210 250 0.6527978443789055
211 212 0.7654474041153065
211 251 -0.6662178820834506
212 213 -0.2598002333425269
212 252 0.9752168075375989
213 214 0.30661897336707145
213 253 0.039050041963740734
214 215 0.7445856642350073
214 254 0.28156954846579496
215 216 -0.525523129556756
215 255 -0.9825480257290611
216 217 0.8727267496944902
216 256 0.033800692104415386
217 218 -0.042160678716662625
217 257 -0.1278155130940053
218 219 -0.21789474044274693
218 258 0.7379049838143081
219 220 0.23316928683561766
219 259 -0.5086359165055421
220 221 0.7901115825708434
220 260 -0.6611989285938056
221 222 -0.16349880842383158
221 261 0.3760460050155532
222 223 0.8984275150017749
222 262 -0.7873253277290653
223 224 -0.6223102797312836
223 263 0.24561141044119195
224 225 0.6791957539096896
224 264 0.8368215195530524
225 226 0.5991602770192974
225 265 0.8933023160432609
226 227 0.3519755228431467
226 266 -0.8340907763902106
227 228 -0.302995379156781
227 267 0.2706672628001099
228 229 -0.20205597613531268
228 268 0.8525708829801446
229 230 0.22587953893462798
229 269 0.4649119240487949
230 231 -0.8771083453313409
230 270 -0.951221939332513
231 232 0.9319928474013339
231 271 0.4407531665322897
232 233 -0.5276093036561023
232 272 0.9701965458889228
233 234 -0.7322966767456636
233 273 0.6900312055326463
234 235 0.4810252366582084
234 274 -0.21847450542266067
235 236 0.8030491324459781
235 275 -0.4701836299631059
236 237 0.6670558217442459
236 276 -0.9449129169087991
237 238 0.4298573681115654
237 277 -0.10532448445659726
238 239 -0.5626308833280205
238 278 -0.9971613244537876
239 240 -0.13368076720995314
239 279 -0.5284421144749523
240 280 0.2695004184676908
241 242 0.4193031251762549
241 281 0.800284861046747
242 243 0.5311028533772693
242 282 -0.9745129326662649
243 244 0.36036249985152047
243 283 0.7677967705879669
244 245 0.015040120137358226
244 284 -0.12273343360934597
245 246 0.23588702826874597
245 285 -0.08488972497334313
246 247 -0.3565648782433468
246 286 0.13947219342834738
247 248 0.8550215782626438
247 287 -0.9090224259627591
248 249 -0.1690793474586474
248 288 -0.6658410090795708
249 250 -0.4064317577054808
249 289 0.30156305140625284
250 251 -0.2191656376255604
250 290 0.9471502861958909
251 252 -0.49851188453190987
251 291 0.3322862464566061
252 253 0.34756693795322424
252 292 -0.42715233044597145
253 254 0.45777337978293886
253 293 -0.5219097082951061
254 255 0.3348294191971841
254 294 0.290154568523755
255 256 -0.08882162518129832
255 295 0.240560036670032
256 257 -0.6776255114302567
256 296 0.6042503741369174
257 258 0.8039129489256687
257 297 0.19462872552707755
258 259 0.6505035862178254
258 298 0.6959115262807594
259 260 -0.5751737369256746
259 299 0.6159595004542266
260 261 0.656149294030004
260 300 -0.7727063292400662
261 262 -0.889266136693917
261 301 0.2716746337343334
262 263 0.17186169504245608
262 302 0.9544760007327511
263 264 0.6163947208812754
263 303 0.08328026244860043
264 265 -0.8090555736257421
264 304 0.31311341139613513
265 266 -0.40639104359436007
265 305 -0.23252495838417753
266 267 0.7057595749168715
266 306 -0.3926425268755558
267 268 -0.0337223653111558
267 307 0.5653548464857063
268 269 0.727525169624146
268 308 -0.027544255889977443
269 270 0.7648721349609682
269 309 0.7922035110243468
270 271 -0.34343620826702015
270 310 0.8180604196016639
271 272 0.31146662582686635
271 311 -0.6464536624892636
272 273 -0.44415641583806353
272 312 0.5396160362476554
273 274 0.707894470719467
273 313 -0.7498441717129101
274 275 0.7828218159443416
274 314 -0.5590374846108674
275 276 0.38612188596517316
275 315 0.7904966099102189
276 277 0.8777701428975084
276 316 -0.3621209568247614
277 278 0.02310613242851911
277 317 0.42941252402547025
278 279 -0.9960430987320654
278 318 0.8265253251158038
279 280 -0.41517874960673606
279 319 -0.3945128540119389
280 320 0.7377834392534641
281 282 0.06823087839544106
281 321 -0.5054124701801097
282 283 0.3613259283418577
282 322 -0.44879472015292365
283 284 0.16175013039625075
283 323 0.3975489782965913
284 285 -0.9798717887419304
284 324 0.7043070855102953
285 286 -0.6582675924547934
285 325 0.3585257515411384
286 287 0.8532616982078256
286 326 -0.7795772296811321
287 288 0.06050811133126044
287 327 -0.7685412415752049
288 289 0.4623456209732235
288 328 -0.41365503590987607
289 290 0.5181456482155982
289 329 -0.8244674595873553
290 291 0.7630274674537998
290 330 -0.22301313612641738
291 292 -0.3866677518644397
291 331 -0.030925990166462247
292 293 -0.02341690665142182
292 332 -0.4704477650104426
293 294 0.5238043060225297
293 333 -0.41467375820024377
294 295 0.9041854264803428
294 334 0.1513700695083149
295 296 0.30268674531609174
295 335 0.10563521149199206
296 297 -0.4737830057936736
296 336 0.040496127209247224
297 298 0.13647392247569856
297 337 0.12233206769942262
298 299 0.09074490030805138
298 338 0.3105843884305588
299 300 0.4774090379893259
299 339 -0.645733959794696
300 301 0.3584701039458711
300 340 -0.7396264148099945
301 302 -0.7556062754811155
301 341 -0.3744675409376519
302 303 -0.3068848632492085
302 342 0.712223928203483
303 304 0.9502308551555363
303 343 0.09207916085224843
304 305 -0.22929548616603967
304 344 0.04171088458537442
305 306 -0.43621507043477115
305 345 0.9118035622297014
306 307 0.804183852233294
306 346 0.5942884137704112
307 308 -0.27161683760032695
307 347 0.9465669244099078
308 309 -0.2066033517290191
308 348 -0.6072873380441086
309 310 -0.6089245155137453
309 349 -0.029888923438616155
310 311 0.9587886753954369
310 350 0.7222528216849717
311 312 -0.9473505496258525
311 351 0.5391725749949512
312 313 -0.24052536014090564
312 352 0.6392313785175736
313 314 -0.48694536409167966
313 353 0.02838664933170798
314 315 -0.6655577619865765
314 354 0.46732844534170415
315 316 0.19424773923069893
315 355 -0.6852524802459137
316 317 -0.4036129707565306
316 356 -0.6746023391380565
317 318 -0.5983281590238607
317 357 0.002920834372926784
318 319 -0.9501884876132611
318 358 0.38963615327509005
319 320 0.9300269721516687
319 359 0.06527436065588477
320 360 -0.9647237966717008
321 322 0.34361312515415054
321 361 0.12345821462627526
322 323 0.20795964251568289
322 362 0.09194569237458139
323 324 -0.49743056637309535
323 363 0.6258370749070921
324 325 0.3624555863867913
324 364 0.9102847569279362
325 326 -0.8495644335002719
325 365 -0.22364552029684037
326 327 -0.8547107978256105
326 366 0.2763091313784696
327 328 -0.3831431334368276
327 367 0.44790436686248314
328 329 -0.30863255681839297
328 368 0.9798493189969522
329 330 -0.38577177405192353
329 369 0.9637992183942288
330 331 0.8270056039930318
330 370 -0.6831509953175137
331 332 -0.13876709057850367
331 371 -0.5806325321390318
332 333 0.7758746670875918
332 372 -0.10029367959865931
333 334 0.2634250886175873
333 373 0.9958582140901975
334 335 -0.3214375992684442
334 374 -0.3613698271783694
335 336 -0.11509081560422918
335 375 -0.33338853372625055
336 337 0.46846473062784977
336 376 -0.7254012016949793
337 338 -0.8174458566640272
337 377 0.1908447316267594
338 339 -0.3173410337497353
338 378 -0.7041571476325783
339 340 -0.19090292355669236
339 379 0.949807897110108
340 341 0.9572745164500591
340 380 -0.4561652271223686
341 342 0.4544507522612691
341 381 -0.7619264626469584
342 343 0.9290506481261149
342 382 -0.7412992275779056
343 344 -0.10019477019035627
343 383 -0.8449156244499447
344 345 0.17028154157639008
344 384 -0.16783672488862167
345 346 -0.4762120803276597
345 385 -0.7047697482208855
346 347 -0.7101671866591759
346 386 -0.4920927845800154
347 348 -0.0934757767535741
347 387 0.030399906643305608
348 349 0.06213879951351675
348 388 -0.17325493440827056
349 350 -0.054678537530570503
349 389 -0.0026555827340633
350 351 0.3668865584912995
350 390 0.04589564257187817
351 352 0.6891906220333157
351 391 -0.8968527711690506
352 353 -0.5585327823198842
352 392 -0.9442608135057373
353 354 -0.8009040047820126
353 393 -0.6650701714201632
354 355 0.08656218521617509
354 394 -0.2151773655647109
355 356 0.15871362515848308
355 395 0.13175294070576182
356 357 0.7309280400900295
356 396 -0.7872828930791056
357 358 -0.1233094369423593
357 397 0.8663354824687166
358 359 -0.021843097985734916
358 398 0.8787928631520661
359 360 0.7425335641529553
359 399 0.8717651922726124
360 400 -0.261025116999545
361 362 0.08511975341901956
361 401 0.7868952073898015
362 363 -0.5804203788984343
362 402 -0.7277544926398376
363 364 0.12581650580273118
363 403 -0.3794568723811633
364 365 -0.5071566555813507
364 404 -0.7227343108095132
365 366 -0.4490263757800581
365 405 -0.46057687027205274
366 367 -0.22511785444167098
366 406 -0.5391386229210879
367 368 0.11489320889347532
367 407 -0.4433915405896529
368 369 -0.08619700411263054
368 408 -0.6734749666735496
369 370 0.8746544984833213
369 409 0.009115597391885943
370 371 -0.392249703256607
370 410 0.8762843680468497
371 372 0.4681050352876639
371 411 -0.41438242985847307
372 373 -0.8585306123627863
372 412 -0.8183598717007496
373 374 -0.547114495023219
373 413 -0.8701282938007027
374 375 0.7037484438650599
374 414 0.7819833274916748
375 376 -0.743848348548712
375 415 0.8522421027413463
376 377 -0.8507286316549623
376 416 -0.5641076901043267
377 378 0.514404705715412
377 417 -0.9001164041417427
378 379 0.4005874713602158
378 418 -0.01783937173920136
379 380 -0.5456022101810529
379 419 -0.7269312325210144
380 381 -0.902434836369358
380 420 -0.3190699174032061
381 382 -0.14539358345637687
381 421 -0.5044513325469056
382 383 -0.8292583188745584
382 422 -0.8589374600651181
383 384 -0.3607466082936521
383 423 0.28846549869577287
384 385 0.9025894611143477
384 424 -0.8973384456153051
385 386 -0.6494101743050267
385 425 -0.7256912960649111
386 387 0.5984208564417579
386 426 -0.7216350187145932
387 388 0.705394269276965
387 427 -0.3596837199125187
388 389 0.16997327556640762
388 428 -0.3338665447550673
389 390 -0.9824987402973953
389 429 -0.38619471512573433
390 391 0.6240247056476351
390 430 -0.7857725264292224
391 392 0.17839815084124955
391 431 -0.8687837150539668
392 393 -0.2861276306752205
392 432 0.060241123131708374
393 394 0.8074450222455685
393 433 -0.20789916570917555
394 395 -0.24821274367518464
394 434 -0.8848335402783138
395 396 -0.2100577943668931
395 435 -0.5472924492968121
396 397 0.40629187936104194
396 436 0.07837209990612082
397 398 0.40798534157860566
397 437 0.060884872647377186
398 399 0.6053187556509545
398 438 -0.6531611378547717
399 400 0.8842951058654387
399 439 -0.17125884994739904
400 440 0.8275479175339113
401 402 0.685559099130086
401 441 -0.387974820100754
402 403 0.5383252279074453
402 442 -0.05083149482898275
403 404 -0.2507309462027787
403 443 0.6436326037318747
404 405 0.35476949979490735
404 444 0.2710067321810854
405 406 0.8773448752367377
405 445 0.5570660510932774
406 407 -0.14536095158790818
406 446 -0.979004175761317
407 408 0.3661666440572293
407 447 0.7861121989162125
408 409 0.5296106482260536
408 448 0.7865422543754459
409 410 0.9858227513126627
409 449 0.9923728045993085
410 411 0.1621901666070098
410 450 -0.5659057363439464
411 412 -0.32117688338790074
411 451 0.6117748257744471
412 413 0.22259294112292682
412 452 0.7555724377484769
413 414 -0.06119738796455931
413 453 -0.8888909688351219
414 415 0.20328156939110742
414 454 0.899167501661148
415 416 0.6804113597557133
415 455 -0.7155840492437378
416 417 0.7054356660708974
416 456 0.31328799503249694
417 418 -0.04243344425898066
417 457 0.4705503585886628
418 419 0.2147516297917147
418 458 -0.007336788227821245
419 420 0.1479039657862662
419 459 -0.31413611935414365
420 421 -0.21643889808989658
420 460 -0.3399619529773774
421 422 -0.6172828569827247
421 461 0.11010888040676958
422 423 -0.60607918253508
422 462 0.15300827812487983
423 424 0.18553620931237358
423 463 0.44491711088997854
424 425 -0.48293904093633344
424 464 0.6794205522620478
425 426 -0.926002102854772
425 465 0.9422951470026129
426 427 0.24989666866888927
426 466 -0.9578607823264573
427 428 0.21022050977647422
427 467 -0.5153228773747314
428 429 -0.7824906277610302
428 468 -0.1373769989566065
429 430 0.41717458049909384
429 469 -0.807110772869978
430 431 0.026135470208779266
430 470 -0.907893763372922
431 432 -0.07753705916940468
431 471 -0.527911036345305
432 433 -0.3654156803063302
432 472 0.5397905605138675
433 434 -0.5435479628520221
433 473 0.2920399897653658
434 435 0.8588064164362399
434 474 0.8759822408862978
435 436 -0.8890929057150714
435 475 0.04754094273168086
436 437 0.9480957262209293
436 476 0.8345571721875871
437 438 -0.5045549158495015
437 477 -0.05338550121851182
438 439 -0.10318658483963028
438 478 0.5483285344104469
439 440 0.07972043314460175
439 479 -0.1997631671497626
440 480 -0.40533381331535656
441 442 0.26233955491039107
441 481 0.3604777208923102
442 443 0.03822633749562088
442 482 0.8883860915986308
443 444 0.8107391712344534
443 483 0.8364774013765424
444 445 0.22702656993110293
444 484 0.84948540231833
445 446 0.5589737285969021
445 485 -0.7753190393273839
446 447 0.11972790239240272
446 486 -0.7268859471289366
447 448 -0.1654013310412601
447 487 0.8500872673534363
448 449 -0.3507459794444201
448 488 0.22866718853537948
449 450 0.06120111797906236
449 489 0.36034072651223314
450 451 -0.4612270023104288
450 490 0.3666476697682499
451 452 0.5618663044318055
451 491 -0.011331904845402363
452 453 -0.8353103747118238
452 492 -0.6478156256913234
453 454 0.6980032838366221
453 493 -0.4244709702469929
454 455 0.9585803938343984
454 494 0.41542068334280025
455 456 0.6973716559449359
455 495 -0.30931514326132126
456 457 -0.606948031794996
456 496 -0.893521161219839
457 458 0.8524117515402296
457 497 0.9701644158190221
458 459 -0.7769047196378858
458 498 0.6698506981928194
459 460 -0.10903187099977751
459 499 0.36198045359917574
460 461 -0.5483743038315119
460 500 -0.02116988001309994
461 462 -0.9089365419013664
461 501 0.6493274847002612
462 463 -0.8759664277063428
462 502 0.27924023866308256
463 464 -0.7543880995252776
463 503 0.8145152585696087
464 465 0.8399011392490174
464 504 -0.7435173113094238
465 466 0.29103684722030665
465 505 -0.19342894440168257
466 467 -0.36211286367967577
466 506 -0.35263782202019334
467 468 0.14499985224958767
467 507 -0.6398054330254368
468 469 -0.5452801135071395
468 508 0.8073797045902487
469 470 -0.6635231648917335
469 509 0.4299354830136848
470 471 -0.45227820582124845
470 510 0.918054765411159
471 472 -0.2459310591769306
471 511 -0.9444164764060756
472 473 0.490361561643341
472 512 0.6643894274736719
473 474 -0.6038590492805342
473 513 0.45897908620167693
474 475 -0.5345420717956133
474 514 0.9462849278319412
475 476 0.40033107073621466
475 515 0.09811437533048584
476 477 -0.49637536337155286
476 516 0.6942767607524167
477 478 -0.4441675470321027
477 517 0.7271246384995196
478 479 0.456410875328048
478 518 -0.8445647425961771
479 480 -0.7668409193720545
479 519 -0.3078554783117746
480 520 -0.05043368415088878
481 482 0.9408551207906413
481 521 0.7871343038415224
482 483 0.28705072381767516
482 522 -0.12349925452616839
483 484 -0.5410988487451096
483 523 -0.7006401873717574
484 485 -0.8804055456779512
484 524 0.4436076650810967
485 486 -0.94460453217838
485 525 -0.178035138449951
486 487 -0.585290117092292
486 526 -0.11723783607584526
487 488 -0.40845676641670003
487 527 -0.7585217541667
488 489 -0.35689382930175206
488 528 -0.416270291670386
489 490 0.4872974138687458
489 529 -0.014253337708489466
490 491 0.9992773461562803
490 530 -0.5076165134764985
491 492 -0.023957872346145548
491 531 0.5882464293623384
492 493 0.13576468019995813
492 532 0.6489786423431203
493 494 0.5813679648520058
493 533 -0.05464670529950344
494 495 0.6990133156554756
494 534 0.5158258210731428
495 496 0.6352876296198962
495 535 -0.26567414225470687
496 497 -0.5919267512795072
496 536 -0.9889455575706863
497 498 0.532183542002111
497 537 -0.7053834417252178
498 499 0.8370775396078407
498 538 -0.20487333343572978
499 500 -0.9200150853454823
499 539 0.964803975904631
500 501 0.6468208706831251
500 540 -0.16400506721155894
501 502 0.2922335857852174
501 541 0.319619790288902
502 503 0.9859533411350088
502 542 -0.1937147587645951
503 504 -0.9430771070684731
503 543 -0.6876905959304633
504 505 0.6378600153688707
504 544 0.8481830446190683
505 506 -0.8113712488241662
505 545 0.3727952082815251
506 507 0.1916311294964188
506 546 0.7131900696985622
507 508 0.5837619518249451
507 547 -0.9611739838416262
508 509 0.8993988276214178
508 548 0.07206521098104357
509 510 -0.8999088719063286
509 549 -0.20288659226683126
510 511 -0.7731362914281625
510 550 0.629324888899226
511 512 -0.7848106928435308
511 551 0.7680032164646775
512 513 -0.7265128608612632
512 552 -0.9913231347099318
513 514 0.6929034139389187
513 553 -0.15560525099094247
514 515 0.21892644425133345
514 554 -0.026112147723512225
515 516 0.07583426574758811
515 555 0.01016850477865705
516 517 -0.014558123984017346
516 556 0.36473943720935686
517 518 0.029267871577147053
517 557 -0.9444252335286878
518 519 0.3150393668537175
518 558 -0.45254808557946213
519 520 -0.2309300747707379
519 559 -0.17809255347646924
520 560 -0.11903360510348415
521 522 0.8848517227215611
521 561 0.2844509624455889
522 523 -0.0724245847885181
522 562 -0.5023370923421273
523 524 0.5293599822728781
523 563 -0.3401118919705626
524 525 0.9474862121302372
524 564 -0.8701149981781551
525 526 0.7295151378145075
525 565 0.23441803382250836
526 527 0.6846749108487797
526 566 -0.7633334583906948
527 528 -0.09218461547219237
527 567 0.5378781565232555
528 529 -0.07219269565288267
528 568 0.8026813831075423
529 530 -0.2024340503773816
529 569 0.5899689736677132
530 531 0.037410076170497186
530 570 -0.2655188098861847
531 532 0.3053388205020333
531 571 0.8046571476958089
532 533 -0.29329284817611323
532 572 -0.5254225472910654
533 534 0.944328350459491
533 573 -0.6927927159398481
534 535 -0.2636606926325631
534 574 -0.07470219904652398
535 536 0.029137555112642044
535 575 -0.31851590015881803
536 537 -0.10516544715722564
536 576 -0.23109818174705277
537 538 0.22130999741882018
537 577 -0.6632101193117708
538 539 -0.6752553545411271
538 578 -0.26808516516009484
539 540 -0.5607507610936928
539 579 -0.5726249079353445
540 541 -0.8058541012570812
540 580 0.8015429745834661
541 542 -0.9104588368418738
541 581 -0.8620441982541862
542 543 -0.3321348672985116
542 582 0.5531840373467702
543 544 0.24842627744117163
543 583 0.3605638235326103
544 545 -0.08261050488179
544 584 0.1521934045476614
545 546 0.03834367785344628
545 585 -0.9003602393298014
546 547 -0.7135921625279917
546 586 -0.5002734016450563
547 548 -0.9519850943898285
547 587 0.578052896928898
548 549 0.7816612850458045
548 588 0.015088619243937895
549 550 0.2837852287596838
549 589 0.08231273655882565
550 551 0.5711039179905233
550 590 0.24594466694455974
551 552 -0.9569858769438209
551 591 -0.6672698486811357
552 553 0.8361232628087276
552 592 -0.7344629487890642
553 554 -0.5928180629005115
553 593 0.31803930012291404
554 555 0.6705355713263057
554 594 0.8395541405851332
555 556 -0.5977530965103841
555 595 -0.11190729183327619
556 557 -0.1386850872272951
556 596 0.8291189569304649
557 558 -0.6260010311978046
557 597 -0.13528416441181745
558 559 -0.20878923057980714
558 598 -0.5816709061819489
559 560 0.36990530519754916
559 599 0.055680581857765477
560 600 -0.7956262272181545
561 562 0.2292952676841684
561 601 -0.5446334912040482
562 563 -0.4864812609759923
562 602 -0.9540118705737892
563 564 0.8437865473657937
563 603 -0.20048412799154547
564 565 0.18792593771213828
564 604 -0.6833693317731047
565 566 0.5508735005273449
565 605 -0.2273138930108476
566 567 0.8381837091848672
566 606 0.754892686101007
567 568 0.8763259728099744
567 607 0.2709278771415664
568 569 0.7475024548834002
568 608 -0.33511345033847006
569 570 0.9199585697036363
569 609 0.2072482606795767
570 571 0.9039494611488876
570 610 -0.42108393889251206
571 572 0.11547207247605451
571 611 0.15302356723249244
572 573 0.37013797824206884
572 612 0.6393607828584078
573 574 -0.695339056938219
573 613 0.31697748906065715
574 575 -0.4646265258624318
574 614 0.38409337141383015
575 576 0.6939941745100331
575 615 0.052137708961035534
576 577 -0.4098736894131405
576 616 -0.6403571400753414
577 578 -0.05218200957501584
577 617 -0.21949063241558298
578 579 0.46443499154329704
578 618 -0.20133885169906773
579 580 -0.9789914126759476
579 619 -0.5917871047185106
580 581 -0.9372843848430641
580 620 0.6547049213343468
581 582 0.21916413660558032
581 621 -0.5424671867244384
582 583 0.3364351590136201
582 622 0.8292080844962482
583 584 -0.2976278860033066
583 623 0.9187671187349893
584 585 -0.7942143235902215
584 624 0.5572388867560001
585 586 0.42670891277883394
585 625 0.23146747555033342
586 587 0.37104267884653486
586 626 0.3821346227482689
587 588 -0.6053473605443065
587 627 -0.21232608536118458
588 589 -0.7509902122025038
588 628 -0.630760929879322
589 590 -0.7075364200492336
589 629 -0.4118627675624065
590 591 -0.747585235020845
590 630 -0.31769841639452756
591 592 -0.7309396773765
591 631 0.39911051412333176
592 593 -0.36335193408977506
592 632 -0.950913627626899
593 594 -0.11996055373257808
593 633 0.5169483128331047
594 595 0.724931847444364
594 634 -0.6314319698725317
595 596 0.5745487669021758
595 635 0.6168880909314927
596 597 -0.7130570405614292
596 636 -0.5766881481167998
597 598 -0.6777287559991265
597 637 0.12233856980112123
598 599 -0.11770693694393675
598 638 0.4202547116691411
599 600 -0.34890235772660927
599 639 -0.6300914388628016
600 640 -0.43719387087929595
601 602 -0.027936262067254525
601 641 0.6144385987768266
602 603 0.8648101740374092
602 642 -0.2154819873308691
603 604 -0.6439710850858407
603 643 -0.803923031357876
604 605 0.9893434948453645
604 644 0.7223625725155081
605 606 -0.2610922766151802
605 645 0.38434038268324366
606 607 0.9233130953410524
606 646 -0.3411502411141023
607 608 0.9717575142707329
607 647 -0.5927514229598487
608 609 -0.4963008129018782
608 648 0.10700541079667669
609 610 -0.9045543906403966
609 649 -0.7804875920511432
610 611 -0.7159226110926804
610 650 0.829709006150041
611 612 -0.9872600216933742
611 651 0.6962696825894079
612 613 0.6370705474374603
612 652 0.3384789394946084
613 614 -0.43503643217177457
613 653 0.22459779518002354
614 615 0.7901592270179969
614 654 0.2542234371655727
615 616 -0.6107106134219544
615 655 -0.8292115568203615
616 617 0.6100332834639981
616 656 -0.44794508007414113
617 618 -0.7829498985349466
617 657 -0.17217289181305961
618 619 -0.5855765314578671
618 658 0.886334432677568
619 620 0.5330993369417636
619 659 0.34070563779899077
620 621 -0.28797429166285715
620 660 0.7616731196582691
621 622 0.12405561448689761
621 661 0.6231477785324715
622 623 0.17734099370671297
622 662 0.09013935007504359
623 624 0.9829253840279011
623 663 -0.5760284206341761
624 625 0.12461941109058916
624 664 0.6748018207688249
625 626 -0.7742290757132411
625 665 0.5140897906008919
626 627 -0.9547277533633824
626 666 0.8520500946926117
627 628 -0.04609639703050972
627 667 -0.6145168169282176
628 629 0.7851328658307151
628 668 -0.3764945809492215
629 630 0.6465426593714592
629 669 -0.7535887969862651
630 631 -0.2624253435965256
630 670 -0.3707029859251667
631 632 -0.5529063726649266
631 671 -0.026945393462623368
632 633 -0.6788145330799076
632 672 0.7037880869090365
633 634 -0.23490313225771686
633 673 -0.5217233028016461
634 635 -0.6149651791115784
634 674 0.6272188184387666
635 636 -0.003994100176571536
635 675 -0.3334497027305652
636 637 -0.20134614206243695
636 676 0.025365618826312497
637 638 0.7824138223733479
637 677 -0.9588201361801916
638 639 -0.35277989304697566
638 678 -0.7769506392483112
639 640 -0.2752229277393854
639 679 0.9710289690494303
640 680 0.712927743665847
641 642 0.688440307044726
641 681 0.0693617324599145
642 643 0.2965747463544741
642 682 -0.28652094848034526
643 644 -0.7526224991952986
643 683 0.2573140228293729
644 645 -0.2699537001178771
644 684 0.9901207658975488
645 646 -0.9125891553844967
645 685 0.37191753124901794
646 647 0.3728773016446001
646 686 -0.30840781500704817
647 648 -0.420616162508604
647 687 0.4849278255737224
648 649 0.9490599179572625
648 688 -0.26104485375728204
649 650 0.2616495523908766
649 689 0.4105086451762767
650 651 0.5670067107337295
650 690 0.23456064501713936
651 652 0.9497183984517792
651 691 0.0697276552143502
652 653 0.8340942341391784
652 692 -0.55844868197987
653 654 -0.14183420948513992
653 693 -0.8392564917993863
654 655 -0.9800740340820229
654 694 -0.3610795188762841
655 656 0.628332174525791
655 695 -0.2973716104931923
656 657 0.5149287276633645
656 696 -0.9918385328349177
657 658 -0.532973159559784
657 697 -0.15695299703809473
658 659 -0.5164474353883386
658 698 0.7002420134310081
659 660 -0.5895870537817247
659 699 -0.11528813874856758
660 661 0.9737495519133446
660 700 -0.8812852055469327
661 662 -0.7379862728929185
661 701 -0.22742235493965612
662 663 -0.4359063859004775
662 702 0.2557547311568671
663 664 -0.8787252802344492
663 703 -0.06274486397643675
664 665 0.4889010200968402
664 704 0.05983870488001264
665 666 0.031027803798329145
665 705 0.9127606922510338
666 667 0.827797616869572
666 706 0.44033057662375774
667 668 -0.9145132411307786
667 707 -0.7280702213085815
668 669 0.43591559872918384
668 708 0.27548775505350775
669 670 0.6185841345136931
669 709 0.6858595655043673
670 671 -0.7972607224985617
670 710 0.7058380820143697
671 672 -0.6132098342624979
671 711 -0.6978478681510261
672 673 -0.13499952248362113
672 712 -0.8219985912742871
673 674 0.18464908724483609
673 713 -0.5272630966461005
674 675 -0.7028556997030893
674 714 -0.12674131724535864
675 676 -0.744447400553029
675 715 0.9511379250060517
676 677 0.6025105741569974
676 716 -0.2100340166143757
677 678 0.43367755750116554
677 717 0.5703101663264134
678 679 -0.46977145964986144
678 718 -0.2960699889454028
679 680 0.6186864051725107
679 719 -0.00028289537091907846
680 720 0.12591641297623246
681 682 0.51559609970888
681 721 -0.0006462277923211524
682 683 -0.7791192035491332
682 722 -0.10288359871654262
683 684 -0.04868317713099257
683 723 0.40457812634785495
684 685 -0.3528611743943204
684 724 -0.15948446520934811
685 686 0.9733702800366282
685 725 -0.8485856139560177
686 687 -0.09029306884184685
686 726 0.06188428099077958
687 688 -0.7461894875562887
687 727 -0.3334721019815343
688 689 0.1661579334703931
688 728 0.4763987252060413
689 690 0.9044356648719474
689 729 -0.21957638370751598
690 691 -0.38497412942593745
690 730 -0.6122237282802321
691 692 -0.9948275618975406
691 731 0.2770158025758682
692 693 -0.756686301258072
692 732 -0.8413399756672697
693 694 -0.9384595752805833
693 733 -0.8557256060039617
694 695 -0.7965786024049422
694 734 0.7711613074814747
695 696 0.5648410281102809
695 735 0.5220315390195907
696 697 0.6443774367151129
696 736 0.7631236714991332
697 698 -0.22937232100571814
697 737 0.013809848852236684
698 699 -0.9059732872836672
698 738 -0.9148861512122033
699 700 0.7166699468355084
699 739 -0.7899218565072985
700 701 0.4833110707556465
700 740 -0.2983991759214557
701 702 -0.5911714156243342
701 741 -0.317852267662742
702 703 -0.7188319917834365
702 742 0.6509682879604701
703 704 0.9721851049290853
703 743 0.7166326452991134
704 705 0.5848565507981378
704 744 -0.8937956765231554
705 706 -0.18988864158524188
705 745 0.34703532420322025
706 707 0.4202043886666631
706 746 0.232002723218665
707 708 -0.5710219961009402
707 747 -0.6394518732939425
708 709 -0.966076929774363
708 748 -0.4008701338813938
709 710 -0.0646713354457753
709 749 0.3375527024887077
710 711 -0.58551265805698
710 750 -0.24928062785573513
711 712 0.4132854589118802
711 751 0.5701176264203713
712 713 0.20056079641609315
712 752 -0.38856927069760205
713 714 0.31852180156954435
713 753 0.1742163222234807
714 715 -0.7914190248346364
714 754 0.26983085032677656
715 716 0.037093897375743534
715 755 -0.754658760827112
716 717 -0.24181724891360834
716 756 -0.14652742072495117
717 718 0.5709770811588963
717 757 0.10471014189198802
718 719 0.5680541673193737
718 758 -0.46930189490547836
719 720 -0.7574516814578649
719 759 -0.13528302158702643
720 760 0.5830833667758606
721 722 0.700655793189924
721 761 0.23939355071214363
722 723 -0.06215232707610574
722 762 -0.8837082562120813
723 724 -0.7954744113208307
723 763 -0.8146456925117227
724 725 -0.9034259001894289
724 764 -0.2652736954189723
725 726 0.4868663790853889
725 765 0.1558588958626883
726 727 -0.6094914668693296
726 766 -0.8609630724956112
727 728 -0.035360047959355434
727 767 0.5404375876043739
728 729 0.5990221484573377
728 768 0.7457128073198478
729 730 -0.2217339736750763
729 769 -0.7652716327985105
730 731 0.14797439602816653
730 770 -0.5509039709570729
731 732 0.8000364365770904
731 771 0.5875610453538134
732 733 0.9692064298712881
732 772 0.3500691071878861
733 734 0.07418160230317605
733 773 -0.33898323865601565
734 735 -0.4332986751199903
734 774 -0.5189491359329743
735 736 0.4041962861862385
735 775 -0.1873162297815949
736 737 0.27541008718761195
736 776 0.713054030588341
737 738 -0.6701683997504588
737 777 0.9460104064771446
738 739 -0.6919161034252836
738 778 0.37729461677270915
739 740 0.8460395932819103
739 779 0.9264332130653625
740 741 0.8498363740997661
740 780 -0.019726260878174307
741 742 -0.2629323466584259
741 781 -0.8637167348026953
742 743 -0.10284788119403898
742 782 0.4057354379395157
743 744 -0.3798136657019018
743 783 -0.512595721783496
744 745 -0.48942450688151284
744 784 0.9401334363280831
745 746 -0.36305909158043725
745 785 -0.128139558518084
746 747 0.11960539091930134
746 786 0.3386857131549399
747 748 0.6002289446152698
747 787 0.6646965781123837
748 749 0.4481830469552399
748 788 -0.17859302826395296
749 750 -0.9618027710757944
749 789 0.5527744430672299
750 751 0.1382267581395482
750 790 0.543501125239606
751 752 -0.7832190574653581
751 791 -0.6199746481828246
752 753 -0.7012944767568356
752 792 0.5751993374364943
753 754 -0.5389205309168683
753 793 0.23261975491050735
754 755 0.635364901017522
754 794 0.5149724903793413
755 756 -0.5726837311290676
755 795 -0.8439423913008886
756 757 -0.23535803208796446
756 796 -0.8432514093144667
757 758 -0.31798150785019574
757 797 0.3195485509074878
758 759 0.7403366730802676
758 798 -0.5685819100901808
759 760 0.4313939079456406
759 799 0.8784972583591846
760 800 -0.16414610230203674
761 762 0.7232283581002277
761 801 -0.5366056067019993
762 763 0.6332074050925793
762 802 -0.4213174916018829
763 764 0.45007415866257716
763 803 -0.25770673043463077
764 765 -0.6674668798874117
764 804 -0.6799100861890064
765 766 -0.4433024570251676
765 805 0.5383270233683595
766 767 -0.6819767669849679
766 806 -0.0676542678615426
767 768 -0.6735436101494143
767 807 0.8807612546061543
768 769 -0.33399015381267305
768 808 -0.22115661059770608
769 770 -0.13821534005114966
769 809 0.7779140209677786
770 771 -0.8488057756389278
770 810 -0.32651944742928474
771 772 -0.5316239925220143
771 811 -0.3612663328616148
772 773 0.9986390129731697
772 812 0.876237531056921
773 774 -0.1456998991427918
773 813 -0.7796685685819917
774 775 0.940069641305183
774 814 -0.9767713914927609
775 776 0.013328032535533607
775 815 -0.0033099746601017443
776 777 0.1869203743303829
776 816 0.7292620307233033
777 778 -0.5359464747484832
777 817 -0.6272820535726948
778 779 0.2022889385653368
778 818 -0.4308599268613911
779 780 0.9602723407255007
779 819 0.7034195723839682
780 781 -0.362748469344212
780 820 -0.73976913052956
781 782 0.13957880560520808
781 821 0.6729855982863331
782 783 -0.2096006588156687
782 822 -0.39079888433227516
783 784 0.6042361583057441
783 823 -0.8748973728249987
784 785 -0.8516925547992584
784 824 -0.13290207328858994
785 786 0.15974132341397596
785 825 -0.936160800708014
786 787 0.061115832735920694
786 826 -0.3773451484043786
787 788 0.6618623370038808
787 827 0.7331706855533728
788 789 0.37305412727163967
788 828 0.8951751092331526
789 790 0.272392829814073
789 829 -0.8436066834130018
790 791 -0.10897581484701457
790 830 0.643379056277221
791 792 0.5003713058283441
791 831 0.5610510098780863
792 793 -0.48985091355777644
792 832 -0.028923015597618562
793 794 0.6068648723451235
793 833 -0.6131826754980381
794 795 0.8517986029331752
794 834 0.8123086409492821
795 796 0.7088513370404497
795 835 0.08815822978790044
796 797 -0.7186337118098092
796 836 0.5674847491338275
797 798 0.06473724977631456
797 837 0.9152657688657067
798 799 0.7974949975485184
798 838 -0.4470393838871005
799 800 -0.35403046770432733
799 839 -0.7265824685591404
800 840 0.8391993516306302
801 802 -0.19556317083845776
801 841 0.24875012431977095
802 803 0.3021826972285018
802 842 -0.6925887655458667
803 804 -0.42721116054575115
803 843 0.7588534360246617
804 805 -0.24754834449992824
804 844 -0.5474760822917464
805 806 0.2287114235707921
805 845 0.8873069237924343
806 807 0.23883869600241403
806 846 -0.41620095466501317
807 808 0.6301677440399112
807 847 -0.2763937976809254
808 809 0.3855200475410008
808 848 -0.2844502084637095
809 810 0.6516511967905869
809 849 0.2711668042140849
810 811 -0.39260283082513325
810 850 0.016409345106165985
811 812 0.7458597086842833
811 851 -0.5009672584745446
812 813 -0.6171919041945093
812 852 0.14344459838395274
813 814 0.3175970857481045
813 853 -0.3017755761864931
814 815 -0.9397345238070616
814 854 0.2748970542268423
815 816 -0.26093760355175455
815 855 -0.2608994701373608
816 817 0.4161135460419132
816 856 -0.5459075864199918
817 818 0.6795069791369319
817 857 0.7638457175518771
818 819 0.5783404747832779
818 858 0.1903922607788331
819 820 -0.6328892941587672
819 859 0.7209771841132306
820 821 0.8720784223085534
820 860 -0.026069101498412017
821 822 0.36173291188846224
821 861 0.4620231795517462
822 823 -0.7547760637877565
822 862 -0.9296386210317471
823 824 -0.692658755118325
823 863 -0.9551313564485988
824 825 -0.3296337505541673
824 864 0.04711981615182914
825 826 -0.13618429853019576
825 865 0.8909818572372568
826 827 -0.28502169036980884
826 866 -0.20837388824098957
827 828 0.11304310858344313
827 867 0.8165305992642256
828 829 0.4444278722621533
828 868 0.20347832592090476
829 830 0.8818687162135053
829 869 0.8797095552296343
830 831 0.7639486790168251
830 870 -0.21635258164833449
831 832 -0.176312413454204
831 871 0.5605674405528922
832 833 -0.6144627540216283
832 872 0.9745160603020562
833 834 -0.14367095954878506
833 873 0.06946304720071383
834 835 -0.9201433115940869
834 874 0.5355864777162602
835 836 0.0009350996179644522
835 875 -0.71629661278598
836 837 0.2802077673225847
836 876 -0.6484173746948976
837 838 -0.6224461931369996
837 877 0.9226007057607326
838 839 0.007643780310082393
838 878 -0.9171659363012887
839 840 -0.8622466680240266
839 879 -0.899105640609309
840 880 -0.2254903443720664
841 842 -0.7139265882321963
841 881 -0.7544030328134415
842 843 0.05654214749744013
842 882 0.36429699805264226
843 844 -0.9308069334446567
843 883 -0.9635896284556302
844 845 -0.4148930154502042
844 884 -0.1627883747912937
845 846 0.026192044299178985
845 885 0.4092037034237428
846 847 -0.7856331043715312
846 886 -0.5133961321472944
847 848 0.7438883792424076
847 887 -0.5788146466963009
848 849 -0.8628130488671677
848 888 -0.4858814532829636
849 850 0.4124954449458553
849 889 -0.13273324558771438
850 851 0.7539009645740455
850 890 0.5278564658311145
851 852 -0.27490498468067326
851 891 -0.4121990559598434
852 853 0.2133083008132206
852 892 0.10796633208390571
853 854 -0.47062833878347043
853 893 -0.3497545841260157
854 855 0.09494676992263451
854 894 0.14086934042121846
855 856 0.6324449774378944
855 895 0.27199833910769833
856 857 -0.5357058518190294
856 896 -0.28597314254702977
857 858 -0.28455463035821005
857 897 0.1064492939846109
858 859 0.3962841411764535
858 898 0.14393417219827231
859 860 0.048023021186826
859 899 -0.9662133832776505
860 861 0.37690148289810654
860 900 0.3778865732048722
861 862 0.8804105828845681
861 901 0.8411265427605799
862 863 0.9524628703436688
862 902 0.21169053795491877
863 864 -0.6954553367523688
863 903 0.36444582428420147
864 865 0.20094321121264036
864 904 0.755871802418026
865 866 -0.3640769910710424
865 905 -0.8064160546840053
866 867 0.8072353113313295
866 906 0.5311972474708231
867 868 0.20352925852010806
867 907 -0.4667585400668428
868 869 -0.9807833204061684
868 908 0.5290155707054176
869 870 0.13632396156570858
869 909 -0.6203971445085166
870 871 -0.7174397609097471
870 910 0.37049212281087085
871 872 0.24506302465939678
871 911 -0.06197329343242197
872 873 0.26510428293308363
872 912 0.9865287829967511
873 874 -0.9746123251349175
873 913 -0.9650772878983194
874 875 -0.9300313573099122
874 914 -0.04779425393467829
875 876 -0.28859832052870793
875 915 0.6828858873811838
876 877 -0.5930752901611975
876 916 0.2811638097366098
877 878 0.581813146177244
877 917 0.7693333935830065
878 879 -0.3009340143211019
878 918 0.4126431756029685
879 880 -0.38533567142126013
879 919 0.40779852066872335
880 920 -0.9264463112805363
881 882 -0.16634017847499583
881 921 0.11376596410391993
882 883 0.42359922674529105
882 922 0.48523336627974323
883 884 -0.3645687104002193
883 923 -0.24974337529908608
884 885 0.6117041717365415
884 924 -0.9780105127154921
885 886 0.46028924691220663
885 925 -0.847752003658899
886 887 0.9934753601572852
886 926 -0.5433529986148198
887 888 0.2104616975004825
887 927 0.27095285549191317
888 889 -0.019231269342286916
888 928 -0.1462173020114783
889 890 -0.12159529680752712
889 929 -0.2899512346869424
890 891 0.3216182744897922
890 930 0.21340244765835403
891 892 -0.5969626757058832
891 931 -0.1405615565871916
892 893 -0.3228817002848736
892 932 0.4806060214485519
893 894 0.9817387046954527
893 933 -0.6382748708932857
894 895 -0.44315937973256725
894 934 0.918969415744576
895 896 0.23305601600410464
895 935 0.7132390602744882
896 897 0.5160298661669791
896 936 0.28082710237354114
897 898 -0.361418108689713
897 937 -0.43297098103565235
898 899 -0.24844970182416515
898 938 -0.5576212677103585
899 900 0.08490093598125759
899 939 0.6609234315621928
900 901 -0.8854923190287027
900 940 -0.2875243375667764
901 902 0.7307003191424084
901 941 -0.03864650444046225
902 903 -0.8646060118919034
902 942 -0.6028369882020319
903 904 0.8825446643914023
903 943 -0.3052805029703811
904 905 0.4476802127107944
904 944 0.5716925566832725
905 906 0.22260444129044865
905 945 -0.823985740199247
906 907 0.7942973532779252
906 946 -0.5415973911337293
907 908 0.3605156860999883
907 947 0.8381557835034852
908 909 -0.6460250063769526
908 948 -0.876665663010276
909 910 -0.030801761102638325
909 949 -0.5953310519374952
910 911 -0.6534283041398066
910 950 -0.03130078759775157
911 912 0.8413181790131259
911 951 -0.7690381686276835
912 913 -0.9396259552109563
912 952 -0.3410492878198461
913 914 0.9148795518544734
913 953 0.8618394766241713
914 915 -0.4368643807327972
914 954 -0.38658828162536807
915 916 0.5930001709729835
915 955 0.894411679555839
916 917 -0.30624450641078904
916 956 -0.8815103775477391
917 918 0.47753721924776404
917 957 -0.7350309694491233
918 919 -0.31369958178578905
918 958 -0.9061128686752564
919 920 -0.03660484783789819
919 959 0.4371834647290125
920 960 0.6463066756629765
921 922 0.8828383508788449
921 961 -0.18148195499353892
922 923 0.157468736130296
922 962 -0.2390005352411042
923 924 0.993824587590662
923 963 0.6301043259453551
924 925 -0.7007791240259709
924 964 0.9565429001512169
925 926 -0.7226039655513572
925 965 -0.015012567196829751
926 927 -0.5458803113234825
926 966 0.7390206911258408
927 928 0.8338696539385515
927 967 -0.7011981735661312
928 929 -0.6044663351436084
928 968 -0.22264651077899078
929 930 0.39123481932068116
929 969 0.41075525335054497
930 931 -0.7564066709954445
930 970 0.9725827805783043
931 932 0.3225092665421736
931 971 0.5666558203510796
932 933 -0.4912397717962034
932 972 -0.267133955571798
933 934 0.7905450607303925
933 973 0.8019039178723422
934 935 0.3541794812566874
934 974 -0.2868679523675983
935 936 -0.7838281033362113
935 975 -0.17776531200790635
936 937 0.028535017319261113
936 976 -0.05702915456681534
937 938 -0.8212629168888317
937 977 -0.0713060046178049
938 939 0.8409631747498054
938 978 0.2827028862452938
939 940 -0.12950768774521415
939 979 -0.9355104624263906
940 941 0.2643435743257845
940 980 0.640786230347709
941 942 0.6240962075136613
941 981 0.8887925742156995
942 943 0.10109985719066228
942 982 0.9029580978178506
943 944 0.20215931104177298
943 983 0.9660512121997897
944 945 -0.7441586546203707
944 984 -0.6255370970177647
945 946 0.706002555878301
945 985 -0.2341611225468221
946 947 -0.5426148490391964
946 986 -0.7892640028286271
947 948 -0.402577927882511
947 987 0.9792148278598827
948 949 -0.68421364145767
948 988 -0.26378208736765507
949 950 0.4776134324681618
949 989 -0.15052663103583397
950 951 0.44993657481517935
950 990 -0.6706878397488059
951 952 0.9679725185530579
951 991 -0.9270956676717479
952 953 -0.08262055669444957
952 992 -0.5612026363442479
953 954 0.24676848085927183
953 993 -0.8831381261025104
954 955 0.4035286389272672
954 994 0.11871946082962759
955 956 0.9638734172554897
955 995 0.8399254295752656
956 957 0.6304806865239077
956 996 0.9547631589764116
957 958 -0.6744056420350102
957 997 -0.4374921544362278
958 959 -0.7517287231344965
958 998 0.1736521387621497
959 960 -0.07001522573557906
959 999 -0.7791443933946931
960 1000 0.56148969084225
961 962 0.4735028987658805
961 1001 0.9909013487324982
962 963 0.5300992415009178
962 1002 -0.8975275454015583
963 964 0.2830070540133083
963 1003 -0.6928185924388326
964 965 -0.9180987768431621
964 1004 -0.999562588455156
965 966 -0.646077885884548
965 1005 -0.45921334528386737
966 967 -0.15966816001772344
966 1006 -0.5000143882368977
967 968 -0.15592698976138597
967 1007 0.3913621180014535
968 969 0.4593844541060159
968 1008 0.9211790847007268
969 970 -0.3933538731410713
969 1009 -0.16418708288646555
970 971 -0.5953104067959951
970 1010 0.5275611276603505
971 972 -0.7880333770429844
971 1011 0.8670857412094963
972 973 -0.9004544825972172
972 1012 -0.6334714333899856
973 974 -0.4186142845184473
973 1013 0.5747007467908738
974 975 0.9134101987990337
974 1014 -0.10822943409442476
975 976 0.3734780029091933
975 1015 0.34394469082869095
976 977 -0.7547399289255066
976 1016 0.9191324415879889
977 978 0.8481782451216533
977 1017 -0.3494914335749548
978 979 0.14499977678696374
978 1018 -0.17907859064117737
979 980 -0.9318293614662025
979 1019 -0.09683619373102959
980 981 0.49153765778877667
980 1020 -0.9601963905276871
981 982 -0.03881156975008593
981 1021 0.620246958767898
982 983 0.8724401786288198
982 1022 0.2948732078187999
983 984 0.08344000328850298
983 1023 -0.041324252002425066
984 985 0.8135321947464034
984 1024 -0.9420228014950576
985 986 -0.9880666685468624
985 1025 0.10461303257738797
986 987 0.19985417929042848
986 1026 0.6738840546735401
987 988 -0.8242964426343362
987 1027 -0.7582915682376514
988 989 0.15673099489126496
988 1028 0.2052969969411269
989 990 0.2233166618783784
989 1029 -0.24340126176054722
990 991 0.22377468031762393
990 1030 -0.30933518409462724
991 992 0.589996144356087
991 1031 -0.6720553255877002
992 993 -0.08470948865941574
992 1032 -0.3242392342697278
993 994 0.5368149688453037
993 1033 0.08077115116338307
994 995 0.6695777628837833
994 1034 -0.04819003053165671
995 996 0.1759788610834978
995 1035 0.4327971973503639
996 997 -0.8258938176392705
996 1036 0.3772488124210527
997 998 -0.4513784954341318
997 1037 -0.979244339617491
998 999 -0.34793336298137123
998 1038 0.9203288827064924
999 1000 0.10667341415722342
999 1039 -0.7007005113660174
1000 1040 0.9662763653237425
1001 1002 0.8333286984219352
1001 1041 -0.9959534548118836
1002 1003 0.8246726173077592
1002 1042 -0.12591398861384473
1003 1004 0.46611828815478606
1003 1043 -0.4252137037402277
1004 1005 0.7366133584720826
1004 1044 -0.7865433151868724
1005 1006 -0.405250343596105
1005 1045 -0.36487734890193635
1006 1007 -0.01980703138940565
1006 1046 0.6822967851944008
1007 1008 -0.34793348755055753
1007 1047 -0.9386211845978436
1008 1009 0.45291584431354814
1008 1048 -0.5827401345174243
1009 1010 0.3403628849787741
1009 1049 0.8070818708515477
1010 1011 -0.2981900797489643
1010 1050 0.9886433915230226
1011 1012 -0.5425934750693244
1011 1051 0.5105844263185999
1012 1013 -0.9772275758493274
1012 1052 0.251671680333726
1013 1014 -0.13628553785714614
1013 1053 -0.5246578149480643
1014 1015 0.7451107974546136
1014 1054 -0.35987845664818274
1015 1016 -0.9960310700873565
1015 1055 0.05042976509526431
1016 1017 -0.2091773785223472
1016 1056 -0.34192860342727593
1017 1018 0.36557159766823877
1017 1057 -0.3965601458858743
1018 1019 -0.17178193759635407
1018 1058 0.7693272863800837
1019 1020 0.8376674264706667
1019 1059 -0.2425304408534259
1020 1021 0.0021591725674492412
1020 1060 0.9929296637043914
1021 1022 0.9321322322832863
1021 1061 0.9595545767968183
1022 1023 0.24740787548092036
1022 1062 0.23321311082047447
1023 1024 0.4148024345138013
1023 1063 -0.915030976739436
1024 1025 0.7507714043374991
1024 1064 -0.6279181510299177
1025 1026 -0.16539185552169888
1025 1065 -0.3893071639520649
1026 1027 0.06906259025961625
1026 1066 0.0572401844280932
1027 1028 0.6786128323157212
1027 1067 0.5694667036705354
1028 1029 -0.7071070986791899
1028 1068 0.5356098873123214
1029 1030 -0.417089943309368
1029 1069 -0.4648178096112723
1030 1031 0.987792785674821
1030 1070 -0.5713690901264155
1031 1032 -0.6654263760167922
1031 1071 -0.6972326169570013
1032 1033 -0.7576950920903645
1032 1072 0.08621609803914376
1033 1034 -0.35242186178574975
1033 1073 0.5918628144741664
1034 1035 -0.30022141345768905
1034 1074 0.6850479803083709
1035 1036 0.08750165785391917
1035 1075 -0.10302456410557981
1036 1037 0.6389498853042992
1036 1076 0.365945215384361
1037 1038 -0.6705451932042152
1037 1077 0.06894690651510627
1038 1039 -0.3139861818614167
1038 1078 -0.08159753993158603
1039 1040 -0.33221051129195955
1039 1079 0.54472618340883
1040 1080 -0.4626911716077191
1041 1042 0.9426633864585794
1041 1081 0.7780963533974476
1042 1043 0.2719029584232693
1042 1082 0.642841587240913
1043 1044 -0.2617342871605419
1043 1083 -0.9665365014569878
1044 1045 0.7701090997909319
1044 1084 0.30535309175978687
1045 1046 0.40766186270232296
1045 1085 -0.9850725011151307
1046 1047 -0.26148642640113695
1046 1086 0.8484391148110364
1047 1048 0.32436970314350977
1047 1087 -0.8615467436702395
1048 1049 -0.5691927344897125
1048 1088 -0.12094443131724852
1049 1050 0.1997061706419927
1049 1089 -0.7953858136516494
1050 1051 0.5660428423814503
1050 1090 -0.21541077727235924
1051 1052 -0.3573121997523543
1051 1091 -0.5630819363615622
1052 1053 0.41545648302674176
1052 1092 0.8038337132268054
1053 1054 -0.1859842676038177
1053 1093 0.7446733471245048
1054 1055 -0.011157865937170275
1054 1094 0.10500294374290631
1055 1056 0.94072459103528
1055 1095 -0.3005665641097137
1056 1057 0.9913267940779082
1056 1096 0.10381775398972448
1057 1058 0.5067748802029188
1057 1097 -0.20458341532483315
1058 1059 -0.710977061419718
1058 1098 -0.04325799350074666
1059 1060 0.5468791788108518
1059 1099 0.12834653743873847
1060 1061 -0.32106810428256005
1060 1100 0.8227814695441191
1061 1062 0.01177557655304029
1061 1101 -0.32881937758288404
1062 1063 0.10339175528281097
1062 1102 0.8223351923699647
1063 1064 0.62464889622757
1063 1103 0.9053511190658876
1064 1065 0.47110130220677005
1064 1104 0.7446376794817819
1065 1066 -0.23641870554848876
1065 1105 0.5205120368931915
1066 1067 0.9696325388695493
1066 1106 0.4960344141843025
1067 1068 -0.7148262629985915
1067 1107 -0.4155805610524468
1068 1069 0.9656579249202129
1068 1108 0.8365621985746687
1069 1070 0.1354135270863852
1069 1109 0.1312097104311618
1070 1071 0.1284092155539125
1070 1110 -0.13825360094500838
1071 1072 0.9150527762230793
1071 1111 0.2790311755147765
1072 1073 -0.961702889596675
1072 1112 -0.7601123761509501
1073 1074 -0.940271663515948
1073 1113 -0.3300990065831899
1074 1075 0.5188321145207164
1074 1114 -0.04108031505784515
1075 1076 0.42547192589655114
1075 1115 -0.32872973901300084
1076 1077 -0.0016755963257644169
1076 1116 0.3254689251013885
1077 1078 0.004028822751207306
1077 1117 -0.630968751124978
1078 1079 -0.05681735603619997
1078 1118 0.646925340652277
1079 1080 0.8305319991009747
1079 1119 -0.3593277244722526
1080 1120 -0.7159365742364232
1081 1082 0.39897721247438
1081 1121 -0.8049506629041474
1082 1083 -0.6475795728475817
1082 1122 0.10358299817107075
1083 1084 0.7059723973979037
1083 1123 -0.38101808266452863
1084 1085 -0.6587773426815948
1084 1124 -0.9675487826645652
1085 1086 0.4420246218994144
1085 1125 0.8854988023728643
1086 1087 0.9893845834149242
1086 1126 0.3581713062651797
1087 1088 -0.5656187884217156
1087 1127 0.1760427457593461
1088 1089 -0.3714531208130145
1088 1128 -0.8545941772138583
1089 1090 -0.4833578559100995
1089 1129 0.3339262413046875
1090 1091 0.0878725047472142
1090 1130 -0.3144863374711402
1091 1092 -0.8730342028305997
1091 1131 0.5231616488342448
1092 1093 0.42196427136669046
1092 1132 -0.6477089779665246
1093 1094 -0.3901421980422568
1093 1133 -0.755373070603937
1094 1095 0.03155931519648436
1094 1134 -0.22524627170453315
1095 1096 -0.2249820351375189
1095 1135 0.6218084285095169
1096 1097 -0.5406406682343199
1096 1136 -0.6324289960110563
1097 1098 -0.14140048273041872
1097 1137 -0.050130351960331554
1098 1099 -0.04394616052738143
1098 1138 0.7198323431701097
1099 1100 -0.47786037321404184
1099 1139 -0.35889327673405513
1100 1101 0.35921245931789736
1100 1140 0.03578886914038515
1101 1102 -0.9220744468688411
1101 1141 -0.8615422807606403
1102 1103 0.6997870962929191
1102 1142 -0.6683359677733025
1103 1104 0.8768563427100264
1103 1143 0.6968248247836002
1104 1105 0.4890844231971767
1104 1144 -0.36027922382986066
1105 1106 -0.8283247077189235
1105 1145 0.1526793166545899
1106 1107 -0.3974345271861337
1106 1146 0.2879372517945433
1107 1108 0.5172006947027112
1107 1147 -0.5093073416693774
1108 1109 0.9552151826104811
1108 1148 -0.046813064878008515
1109 1110 -0.6693027151993058
1109 1149 -0.5449037059722264
1110 1111 -0.6129340836185901
1110 1150 0.1610285919611456
1111 1112 0.9225265458562026
1111 1151 0.5005900226096398
1112 1113 -0.033133373977043634
1112 1152 0.02369095241138064
1113 1114 -0.3114752710671451
1113 1153 -0.22850485331252024
1114 1115 -0.3855405532226712
1114 1154 -0.358251551294845
1115 1116 -0.8190824429881436
1115 1155 -0.2653493448899755
1116 1117 -0.9105426298180586
1116 1156 0.23596025424320577
1117 1118 0.06333238822432996
1117 1157 -0.27218230189844084
1118 1119 -0.0876742431711286
1118 1158 -0.29309722766012736
1119 1120 -0.8901749603361286
1119 1159 0.8580445770513088
1120 1160 0.794024709825446
1121 1122 0.14685807783680271
1121 1161 0.6400742326601914
1122 1123 0.09681321106453877
1122 1162 0.8406561587956372
1123 1124 0.12585419343654314
1123 1163 -0.8181347492804583
1124 1125 -0.711526409877973
1124 1164 -0.6587796704036784
1125 1126 -0.2890045364481477
1125 1165 0.42646492513018597
1126 1127 -0.19738978030775867
1126 1166 -0.23072072186115844
1127 1128 -0.8022022706546534
1127 1167 0.7170039583364651
1128 1129 0.11419449505341683
1128 1168 -0.8910424853497474
1129 1130 0.12427220023040841
1129 1169 -0.549408297183247
1130 1131 -0.6496501696441634
1130 1170 0.7487459954577871
1131 1132 -0.7542542875785037
1131 1171 0.3317153462762137
1132 1133 0.47485265779067154
1132 1172 -0.7588473279278267
1133 1134 -0.5039517754031675
1133 1173 -0.24109796327112898
1134 1135 0.5540564195894553
1134 1174 -0.6340359750645752
1135 1136 -0.7619745851691402
1135 1175 -0.23270858437929687
1136 1137 -0.3516302320316522
1136 1176 -0.8243105822876666
1137 1138 0.2520305191532797
1137 1177 -0.6490598858601544
1138 1139 -0.9550617096372858
1138 1178 -0.631741970061414
1139 1140 -0.7493551526724256
1139 1179 -0.3469248764102659
1140 1141 0.512904365455616
1140 1180 -0.5687983047492449
1141 1142 -0.9801351916315717
1141 1181 0.011817938275191953
1142 1143 0.3155535683594506
1142 1182 0.8439246972909138
1143 1144 -0.01245904434423517
1143 1183 0.9417186634893842
1144 1145 -0.38271622688969775
1144 1184 0.4733966577506419
1145 1146 0.07623089861817545
1145 1185 -0.028227781159747112
1146 1147 0.32700133172668044
1146 1186 0.30128135861683414
1147 1148 -0.5024281250460076
1147 1187 -0.6059095672733339
1148 1149 -0.04390819801084622
1148 1188 -0.8548028535814158
1149 1150 0.2398311133509412
1149 1189 -0.18876965625542774
1150 1151 0.9245338494206881
1150 1190 0.39050275164519377
1151 1152 -0.7932984934484197
1151 1191 -0.11371371711993361
1152 1153 0.9100889787188895
1152 1192 -0.07353462809303157
1153 1154 0.574488624116841
1153 1193 0.17008526744090458
1154 1155 -0.8749048568912972
1154 1194 -0.26053551353308
1155 1156 -0.6620767128272971
1155 1195 -0.4481289688373997
1156 1157 0.225613038673675
1156 1196 0.45719604331901675
1157 1158 0.17466999701705643
1157 1197 -0.5151844749500141
1158 1159 0.62553636938974
1158 1198 -0.39643591510227094
1159 1160 -0.4186226690089512
1159 1199 -0.4516450908388614
1160 1200 0.28500710523261263
1161 1162 0.12178210129118883
1161 1201 -0.2984750785591168
1162 1163 0.6665737950767556
1162 1202 0.32003803972009814
1163 1164 0.5852031624331995
1163 1203 -0.9415810213644344
1164 1165 0.7857192923266931
1164 1204 -0.5999531970069614
1165 1166 -0.3166017444307965
1165 1205 0.9712308664561062
1166 1167 0.5532844516429325
1166 1206 0.6724691950338073
1167 1168 0.5458739832592951
1167 1207 -0.039609368776812426
1168 1169 0.3123022443565282
1168 1208 -0.9956837374518124
1169 1170 0.5855441666790531
1169 1209 -0.8232656756829175
1170 1171 -0.13416926111197225
1170 1210 -0.10082041007596465
1171 1172 -0.964658313837536
1171 1211 0.49743439954344515
1172 1173 -0.4419463282626359
1172 1212 0.2852343732782203
1173 1174 -0.11123319759813466
1173 1213 0.5572419647043543
1174 1175 -0.46054430088320863
1174 1214 0.8277509461969894
1175 1176 -0.12362634174824128
1175 1215 0.7274789379581654
1176 1177 -0.9667941911751212
1176 1216 -0.5719489812579732
1177 1178 0.7183222959339541
1177 1217 0.014844865357400705
1178 1179 0.5145510720294084
1178 1218 -0.5704359521288254
1179 1180 0.8562728759704537
1179 1219 0.9713822813262978
1180 1181 0.7498002472694341
1180 1220 0.4018415107258497
1181 1182 -0.4133725972976925
1181 1221 -0.45901991727092417
1182 1183 -0.6916351361879742
1182 1222 -0.15482709137014838
1183 1184 -0.5671553031515326
1183 1223 0.48862933660359875
1184 1185 0.6580328287345183
1184 1224 0.8551421720209196
1185 1186 -0.23270581252996503
1185 1225 -0.4587984016782898
1186 1187 0.31574931634346926
1186 1226 -0.6599683197169128
1187 1188 -0.9340972325926338
1187 1227 -0.5378288649533813
1188 1189 -0.4106847579789754
1188 1228 -0.5824520312997672
1189 1190 -0.2745448096086467
1189 1229 -0.8132103869940366
1190 1191 -0.9443571582434243
1190 1230 0.4097774434397208
1191 1192 -0.7014702319931228
1191 1231 -0.10994919136256498
1192 1193 0.5535969326211028
1192 1232 -0.1396989391445631
1193 1194 -0.7506527356617716
1193 1233 0.44142572883933884
1194 1195 -0.13313081937607119
1194 1234 -0.29902951215856666
1195 1196 0.5112671231188066
1195 1235 -0.9351755723183688
1196 1197 -0.8422262794074524
1196 1236 0.1374397797829976
1197 1198 -0.03938911327174721
1197 1237 0.7039423262270754
1198 1199 0.2978889295114562
1198 1238 0.4741292280680296
1199 1200 -0.7345609186530335
1199 1239 -0.5245673590456579
1200 1240 0.5567360903134166
1201 1202 0.08699951218770963
1201 1241 0.7591781834242417
1202 1203 0.3793973949768219
1202 1242 -0.42750847732874586
1203 1204 -0.888546637012253
1203 1243 0.4406996706432522
1204 1205 -0.06567904211699993
1204 1244 -0.6901559566623832
1205 1206 -0.5535011179780045
1205 1245 -0.6627925391484211
1206 1207 -0.9839018465890381
1206 1246 -0.2879323355121377
1207 1208 -0.868415439866133
1207 1247 0.16222596592424998
1208 1209 0.26485610076503985
1208 1248 0.6467005700587412
1209 1210 0.7836893017633921
1209 1249 0.8804848422308786
1210 1211 0.143347650809436
1210 1250 0.0957166980990043
1211 1212 0.23344418996234872
1211 1251 0.8174820593165764
1212 1213 -0.05358063354250131
1212 1252 0.09365769474358188
1213 1214 0.44725281783995685
1213 1253 0.5488760289844608
1214 1215 0.28960454984207695
1214 1254 0.025284471652792018
1215 1216 0.25402019289077926
1215 1255 0.020419560111948343
1216 1217 0.675682456870794
1216 1256 -0.017420115366690192
1217 1218 0.6740987467105444
1217 1257 0.37645107866734406
1218 1219 0.08438909686622953
1218 1258 -0.5086495881247137
1219 1220 -0.11890144958989368
1219 1259 0.25359227522007566
1220 1221 -0.4246020321295927
1220 1260 -0.33119489296057614
1221 1222 0.7955455108315097
1221 1261 -0.7775329570130312
1222 1223 0.25888509778873825
1222 1262 0.9086605901566354
1223 1224 0.9713345255079022
1223 1263 -0.1717615108841588
1224 1225 -0.5673506333022456
1224 1264 0.6662892824871309
1225 1226 -0.8608966976407613
1225 1265 -0.26441950113639034
1226 1227 0.8203878321925975
1226 1266 -0.11862131470064119
1227 1228 0.4904822034132208
1227 1267 0.5865668340100121
1228 1229 -0.2612616425552732
1228 1268 -0.7040668797378966
1229 1230 -0.5947034158917694
1229 1269 0.768372496542205
1230 1231 -0.41796242716396925
1230 1270 -0.08794222699402132
1231 1232 -0.9797243176548502
1231 1271 0.850223693725644
1232 1233 -0.8985549547345677
1232 1272 0.6710078588341637
1233 1234 -0.6170567091737891
1233 1273 -0.983173388827536
1234 1235 -0.15421793352328206
1234 1274 -0.042692273166336836
1235 1236 0.5928216517485341
1235 1275 0.3431298312887632
1236 1237 -0.6387443229051426
1236 1276 -0.5306090508179873
1237 1238 -0.06970802437645185
1237 1277 -0.19991829725978216
1238 1239 -0.14416453895753523
1238 1278 -0.16923313061471412
1239 1240 0.5678835036938528
1239 1279 0.34874371979306895
1240 1280 0.47690398122008326
1241 1242 -0.7718068702556269
1241 1281 -0.93712238911273
1242 1243 0.803737756191431
1242 1282 -0.8895522997563103
1243 1244 -0.9376608775563562
1243 1283 -0.034798090924399006
1244 1245 -0.6177431766140091
1244 1284 -0.2937930640835298
1245 1246 -0.06715505127889565
1245 1285 0.5000160390043873
1246 1247 0.16292989570070837
1246 1286 0.2865254062561313
1247 1248 -0.5834291688850668
1247 1287 -0.164859008422372
1248 1249 -0.12728647201353538
1248 1288 -0.20820391824634088
1249 1250 0.16303108082275908
1249 1289 0.04419260692008509
1250 1251 0.7090515356650877
1250 1290 0.3968177140166502
1251 1252 -0.14052499289324638
1251 1291 0.8235762219112532
1252 1253 0.7435763054901692
1252 1292 -0.24604633433381728
1253 1254 -0.9663930100006921
1253 1293 -0.7645696907188722
1254 1255 -0.6514448205743872
1254 1294 0.03605133326725829
1255 1256 0.7981905651212542
1255 1295 0.37912235896467417
1256 1257 -0.04852075297890779
1256 1296 -0.8701877833291505
1257 1258 0.7695335734362736
1257 1297 -0.2059560776843743
1258 1259 0.7897967754551605
1258 1298 0.1577266172354972
1259 1260 0.6381300030623016
1259 1299 -0.963565896113934
1260 1261 -0.30175345558403666
1260 1300 0.26723102039864965
1261 1262 0.35952658678126914
1261 1301 -0.9313076087554477
1262 1263 -0.734116932614671
1262 1302 -0.7041282508382618
1263 1264 -0.18816983515850305
1263 1303 0.0142609456617524
1264 1265 0.7516826286956708
1264 1304 0.21003403169051094
1265 1266 0.25701815082397217
1265 1305 -0.008663476736883169
1266 1267 -0.7976491891435005
1266 1306 0.6381592238168532
1267 1268 -0.9033690895286732
1267 1307 -0.6975671625951982
1268 1269 0.5007868912836415
1268 1308 0.17492564811363853
1269 1270 0.092531682272327
1269 1309 -0.7448520946471369
1270 1271 0.08134536557969096
1270 1310 -0.9787068673464443
1271 1272 0.12316000898392332
1271 1311 0.49282550116239365
1272 1273 0.8995692427134445
1272 1312 -0.4628050292138859
1273 1274 0.8148350363651529
1273 1313 0.08372065443101162
1274 1275 -0.6781513683979976
1274 1314 0.34622460002464517
1275 1276 -0.2759256607484102
1275 1315 0.8874347127861206
1276 1277 -0.6644363261105579
1276 1316 -0.782752187212342
1277 1278 -0.31450815299096235
1277 1317 0.3570740336401417
1278 1279 0.11554870905924464
1278 1318 0.392458707193575
1279 1280 0.9786419547516476
1279 1319 0.729925108042542
1280 1320 0.5740832205103414
1281 1282 0.9056201207460732
1281 1321 -0.4225130512798565
1282 1283 -0.15780773233800582
1282 1322 0.5737911731065093
1283 1284 0.4230593126328899
1283 1323 -0.03899047377015297
1284 1285 -0.7437643334532373
1284 1324 -0.1944902829955495
1285 1286 -0.07828800037368855
1285 1325 0.03831451413948561
1286 1287 0.705737801880771
1286 1326 -0.05996990386169365
1287 1288 0.8775206282611552
1287 1327 -0.5595665345607375
1288 1289 0.642575868499758
1288 1328 -0.6217260868195706
1289 1290 0.5128806586673513
1289 1329 -0.14540354111688192
1290 1291 -0.3066531410250095
1290 1330 -0.6553015068505865
1291 1292 0.5310752015638527
1291 1331 0.4797852799375564
1292 1293 -0.43477442188491255
1292 1332 -0.5522914302993447
1293 1294 -0.0007403735970692438
1293 1333 -0.7545862614693171
1294 1295 -0.5790891757672196
1294 1334 0.6848614051954165
1295 1296 0.21378834197539653
1295 1335 -0.9827100992617548
1296 1297 -0.7592923820706483
1296 1336 -0.21204630055925966
1297 1298 0.06567584653988723
1297 1337 -0.27235760378221285
1298 1299 -0.9026323198113015
1298 1338 0.33142465694096934
1299 1300 0.15857369253497633
1299 1339 -0.1829252188481536
1300 1301 -0.3368207670183112
1300 1340 0.9246198042514522
1301 1302 -0.5363329663141645
1301 1341 -0.07812444995206147
1302 1303 0.01987297479637351
1302 1342 -0.5692890928718437
1303 1304 0.3504353637189186
1303 1343 0.88902550609979
1304 1305 -0.6154966307436778
1304 1344 0.7562096906042188
1305 1306 -0.184389403434863
1305 1345 -0.41074721250720825
1306 1307 0.9373733747988346
1306 1346 -0.051468681910563197
1307 1308 0.9625794592471879
1307 1347 0.718926121078032
1308 1309 -0.4976665215821583
1308 1348 0.03275701149629473
1309 1310 -0.9375867975081875
1309 1349 -0.7805624403242104
1310 1311 -0.9533441158388547
1310 1350 -0.305890286634414
1311 1312 0.7654866009791179
1311 1351 0.8578910652349152
1312 1313 0.6461024431116713
1312 1352 -0.5506143307890496
1313 1314 -0.5799677012276891
1313 1353 -0.40545246025369397
1314 1315 -0.4110814320726759
1314 1354 0.4147719949066908
1315 1316 0.691508645637334
1315 1355 0.893796910760047
1316 1317 -0.7177618031624711
1316 1356 -0.15902196461639506
1317 1318 0.4092617855332179
1317 1357 0.9803811635348796
1318 1319 -0.605605110127017
1318 1358 -0.5692069439466598
1319 1320 0.4302353812654809
1319 1359 -0.4965030922821103
1320 1360 0.9099230724719698
1321 1322 -0.11610165822995056
1321 1361 -0.4819569354771367
1322 1323 0.8545676962966935
1322 1362 -0.6851185252057672
1323 1324 0.6020321528865875
1323 1363 0.09774827853388057
1324 1325 0.7017120807698061
1324 1364 -0.4427747305141223
1325 1326 0.21574497253950198
1325 1365 -0.08774285109275137
1326 1327 -0.07888163314069385
1326 1366 -0.22456044963698862
1327 1328 -0.9574401945192483
1327 1367 -0.9878836592311766
1328 1329 0.20177311465849956
1328 1368 0.7227074660908466
1329 1330 0.6443450228160723
1329 1369 0.6564988095381519
1330 1331 -0.27667066706610477
1330 1370 0.9601710157271983
1331 1332 -0.33830954067742836
1331 1371 0.3996142519349555
1332 1333 0.25261467353240574
1332 1372 0.7130127820027761
1333 1334 -0.7837997456370451
1333 1373 -0.490326848334226
1334 1335 0.9315017439794879
1334 1374 0.8760941822386643
1335 1336 -0.03990781630808948
1335 1375 0.6447568241857087
1336 1337 0.4699753476134185
1336 1376 0.014411991638141997
1337 1338 0.4773163277850585
1337 1377 -0.2381234612949581
1338 1339 0.6643333986732773
1338 1378 -0.055773900898695716
1339 1340 0.4179085350939775
1339 1379 -0.27823798307298553
1340 1341 0.8884343200024969
1340 1380 0.020579522711944076
1341 1342 -0.9439675613481293
1341 1381 0.5271385643328961
1342 1343 -0.23723199365132053
1342 1382 0.09281341448773683
1343 1344 -0.19880500064900475
1343 1383 -0.3659006856222624
1344 1345 -0.1859499036712684
1344 1384 -0.6214441297877524
1345 1346 -0.5235081849163927
1345 1385 -0.6833231201799495
1346 1347 -0.7172086813475407
1346 1386 0.08268477144449382
1347 1348 -0.7748558688952665
1347 1387 -0.891822466204161
1348 1349 -0.11139703450007477
1348 1388 0.14264993241319823
1349 1350 -0.37722267844640744
1349 1389 -0.19324679199056205
1350 1351 -0.22456774113262923
1350 1390 -0.5588229132942528
1351 1352 0.6391166480850663
1351 1391 0.17226596343576261
1352 1353 0.6711003928779116
1352 1392 -0.31244725509262605
1353 1354 -0.8697659166550589
1353 1393 0.7592454893429941
1354 1355 0.5529972075827789
1354 1394 -0.33451009249555685
1355 1356 0.363041775717313
1355 1395 -0.598876826732228
1356 1357 -0.6014279436623222
1356 1396 0.5936720477938011
1357 1358 0.25752418199374016
1357 1397 -0.44763562697760473
1358 1359 0.1663933096684962
1358 1398 0.34427110088676804
1359 1360 -0.9917962380999477
1359 1399 -0.9180570332353339
1360 1400 0.6070646557617494
1361 1362 0.19378288745421846
1361 1401 0.3105720919546193
1362 1363 0.11716858482711867
1362 1402 -0.09765648611040345
1363 1364 0.20580786734144008
1363 1403 0.5185583437397736
1364 1365 -0.15019314597931266
1364 1404 0.44493265437713814
1365 1366 0.6293151713609249
1365 1405 -0.38752497554028364
1366 1367 -0.22476229617129517
1366 1406 -0.061271673230472334
1367 1368 0.3478160187856756
1367 1407 0.5072117502849443
1368 1369 -0.8598502463754618
1368 1408 0.5788056810234528
1369 1370 0.6111653437667595
1369 1409 0.420894901821959
1370 1371 -0.6274784336799906
1370 1410 -0.3320665534719729
1371 1372 -0.49713106412667263
1371 1411 0.9088961267958553
1372 1373 -0.531969002892329
1372 1412 -0.6009384966407325
1373 1374 0.6971859499836819
1373 1413 0.9004290994106894
1374 1375 -0.45162849703470265
1374 1414 -0.9153275329037587
1375 1376 0.9737658726809892
1375 1415 0.38147179422501853
1376 1377 0.3922213296390924
1376 1416 -0.5833574955622163
1377 1378 0.8299828566187122
1377 1417 -0.5255927993328309
1378 1379 0.8713005290155484
1378 1418 -0.4393643484557892
1379 1380 -0.4281496110273626
1379 1419 0.5252502041653349
1380 1381 0.28055657457386274
1380 1420 0.3561910009053917
1381 1382 0.956991919852324
1381 1421 0.649064012614212
1382 1383 0.266642633461714
1382 1422 -0.6323084164477539
1383 1384 0.5452732411768664
1383 1423 -0.6275326356692863
1384 1385 0.07842693898572262
1384 1424 -0.49914763783057703
1385 1386 -0.9968533865815183
1385 1425 0.04863229400882885
1386 1387 0.30590890402546345
1386 1426 0.7952079976561639
1387 1388 0.13483604005659555
1387 1427 -0.30543826256750894
1388 1389 0.15615483718655132
1388 1428 -0.14630838102192634
1389 1390 -0.0851930801264349
1389 1429 0.3262229587386758
1390 1391 -0.17442729213700292
1390 1430 -0.9777869091593165
1391 1392 0.855175749104865
1391 1431 -0.274650125868912
1392 1393 -0.2974488280711889
1392 1432 -0.8792163491109901
1393 1394 -0.42935470720603197
1393 1433 -0.07502592857724077
1394 1395 -0.05047860612611332
1394 1434 0.926116237986111
1395 1396 0.9494161256978941
1395 1435 0.4180276550303905
1396 1397 -0.2494127540587434
1396 1436 -0.9943578007946463
1397 1398 -0.04615806193678029
1397 1437 -0.4812658197669879
1398 1399 -0.8415386881814042
1398 1438 -0.41631657732441063
1399 1400 -0.09029476254367896
1399 1439 -0.9228371217551823
1400 1440 0.21239116496310984
1401 1402 -0.44860907870847155
1401 1441 0.7159449158782389
1402 1403 0.4979707202789412
1402 1442 0.6785073072130987
1403 1404 -0.9768759422337074
1403 1443 0.8575960890096836
1404 1405 0.31261577734713186
1404 1444 -0.3614427862785272
1405 1406 -0.4471997275432298
1405 1445 -0.27623753151329544
1406 1407 -0.7167865200183183
1406 1446 0.02397689187130858
1407 1408 0.15659505405025187
1407 1447 -0.37205394693057325
1408 1409 0.6810206242405994
1408 1448 -0.28245269236080617
1409 1410 -0.9618009050975465
1409 1449 0.33223629858121506
1410 1411 0.3827930582489243
1410 1450 -0.39796207051689203
1411 1412 0.7864119232661044
1411 1451 -0.7967130297930884
1412 1413 0.21350897612280684
1412 1452 0.13643676627506318
1413 1414 -0.7738168569518786
1413 1453 0.15965110094287138
1414 1415 -0.7887865549286919
1414 1454 -0.0796108912456519
1415 1416 0.3867966162201131
1415 1455 0.2513845002807482
1416 1417 -0.931289357938039
1416 1456 -0.13731636356616472
1417 1418 -0.9111644443185827
1417 1457 -0.9850073196824571
1418 1419 0.006224566076852955
1418 1458 -0.12610348517770675
1419 1420 -0.6519039981860895
1419 1459 -0.9339196094222628
1420 1421 -0.9011561345469401
1420 1460 -0.9420962696077793
1421 1422 0.9493467808955567
1421 1461 0.10429090953373055
1422 1423 0.3759146432069762
1422 1462 0.04674716380237842
1423 1424 -0.2563641175868909
1423 1463 -0.0847932341801576
1424 1425 0.5907954731571774
1424 1464 -0.5920163729849413
1425 1426 -0.6313661988748158
1425 1465 -0.21744253711302441
1426 1427 -0.8058058210534185
1426 1466 -0.13391121981263066
1427 1428 -0.8511270440289693
1427 1467 0.49214204778963455
1428 1429 -0.24978348257555671
1428 1468 -0.4538523296941164
1429 1430 0.5985531803218982
1429 1469 -0.3629516857341144
1430 1431 0.7066987633138275
1430 1470 0.465741276079374
1431 1432 -0.8182391543606287
1431 1471 0.7762440495848222
1432 1433 0.5923812662564636
1432 1472 0.22969717785235177
1433 1434 -0.8068895942795846
1433 1473 0.8619110015760583
1434 1435 -0.22747567088601106
1434 1474 -0.3474119674959566
1435 1436 -0.7511109907819034
1435 1475 0.995222012762403
1436 1437 0.2754774124566426
1436 1476 -0.8022964968923072
1437 1438 -0.4209204851382835
1437 1477 -0.021777779174010137
1438 1439 0.783766125550045
1438 1478 -0.19596224773363358
1439 1440 0.6888280165768712
1439 1479 0.3241622110134217
1440 1480 -0.7138154466569799
1441 1442 0.7774482927676969
1441 1481 -0.42987881786936444
1442 1443 -0.9088507463364282
1442 1482 0.011286123506075274
1443 1444 0.23701915414578578
1443 1483 0.6018640526551393
1444 1445 -0.8124887605636153
1444 1484 -0.9339277292210113
1445 1446 0.6368589868694279
1445 1485 0.8607496006533215
1446 1447 0.8224785818315925
1446 1486 -0.11261549683531191
1447 1448 0.92852713979788
1447 1487 0.796619341687365
1448 1449 -0.1830119740478795
1448 1488 0.2527664527349016
1449 1450 0.3364632312194602
1449 1489 -0.8918799475690331
1450 1451 0.5354214048298562
1450 1490 0.4369994390077401
1451 1452 -0.235030287652227
1451 1491 -0.4336919926054814
1452 1453 -0.19518644580802724
1452 1492 0.17746122303593292
1453 1454 0.11346881539954334
1453 1493 -0.2944921344819016
1454 1455 0.22705826945017482
1454 1494 0.5554081792132908
1455 1456 0.639686412749547
1455 1495 -0.701695573221921
1456 1457 0.5879008631970355
1456 1496 -0.9220850376830814
1457 1458 0.056931652932191934
1457 1497 -0.2439492074022589
1458 1459 -0.6243939113984516
1458 1498 0.3153428711107005
1459 1460 0.018629204805571176
1459 1499 -0.5390875704814972
1460 1461 -0.6960030817170635
1460 1500 -0.402635652201347
1461 1462 -0.20826303852463712
1461 1501 0.5506871909199567
1462 1463 0.3555630491637176
1462 1502 -0.7634317242228379
1463 1464 -0.8750698624300348
1463 1503 0.3244480872438331
1464 1465 0.3708282813182362
1464 1504 0.6802260345298319
1465 1466 -0.2136160548820787
1465 1505 0.6233606043814106
1466 1467 0.6807976942581975
1466 1506 0.516368225544827
1467 1468 -0.31766924187893064
1467 1507 -0.6939588581120675
1468 1469 0.750753593789871
1468 1508 -0.6825793871617454
1469 1470 0.5463323215955087
1469 1509 -0.6234762173979871
1470 1471 0.4180082388720012
1470 1510 -0.5626587276742165
1471 1472 0.4708425077079317
1471 1511 -0.9006702748340372
1472 1473 -0.9930966415228737
1472 1512 -0.8182919051528756
1473 1474 -0.7554114203102484
1473 1513 -0.34366968214369953
1474 1475 -0.20632524323303247
1474 1514 0.6726714018095437
1475 1476 0.49991049496777307
1475 1515 -0.6224621054515458
1476 1477 -0.761223487706993
1476 1516 0.32120108108887435
1477 1478 0.9625785263617783
1477 1517 -0.3917136992180039
1478 1479 -0.4088801341428112
1478 1518 0.030749523080519703
1479 1480 0.720995079392482
1479 1519 0.830983755535291
1480 1520 -0.994957541180225
1481 1482 0.31912083821820625
1481 1521 0.9442405187336476
1482 1483 0.1776296154857393
1482 1522 -0.87646336969053
1483 1484 -0.9760945737174269
1483 1523 0.12675115431654982
1484 1485 0.18260903791496874
1484 1524 -0.7032771717085868
1485 1486 0.3564474748939559
1485 1525 0.864080292957238
1486 1487 -0.9613166933005799
1486 1526 -0.6330921694188594
1487 1488 0.4735973273077998
1487 1527 0.3393116152694289
1488 1489 0.2783436059794011
1488 1528 -0.898619201368702
1489 1490 -0.4908983869002992
1489 1529 0.03723474070700816
1490 1491 0.8102929490405344
1490 1530 0.9852936758156181
1491 1492 -0.8749171246764804
1491 1531 0.9825154863880143
1492 1493 0.9756641729783735
1492 1532 0.7479090276135054
1493 1494 -0.7766767601330002
1493 1533 -0.4766133205478711
1494 1495 -0.29352547771277027
1494 1534 -0.18628164818346016
1495 1496 0.5367013062394705
1495 1535 0.1697221831488931
1496 1497 -0.1888220951427928
1496 1536 -0.5059501118126539
1497 1498 -0.8247976422842491
1497 1537 0.17789909637277757
1498 1499 -0.903514229115221
1498 1538 0.306974328887065
1499 1500 -0.5477205101753735
1499 1539 -0.7752916002460226
1500 1501 -0.2865917977774086
1500 1540 0.8949218342293255
1501 1502 0.9883077002090781
1501 1541 0.19336921408937258
1502 1503 -0.17776439994465498
1502 1542 -0.0044958980277662874
1503 1504 0.8472627879419605
1503 1543 -0.7199652735272464
1504 1505 -0.7324653877674785
1504 1544 -0.5727345540188495
1505 1506 0.21436136162996888
1505 1545 0.40409574269579607
1506 1507 0.8604417132848752
1506 1546 0.3568241415876521
1507 1508 0.03103175636354427
1507 1547 -0.9392045039061141
1508 1509 -0.11538340681643566
1508 1548 -0.025352849854420434
1509 1510 -0.6911381870996824
1509 1549 0.21271707750467117
1510 1511 -0.14586536634822456
1510 1550 0.39627349876586315
1511 1512 -0.13615758166154013
1511 1551 -0.8074132836611478
1512 1513 -0.5648832505187424
1512 1552 0.7271283977399705
1513 1514 -0.46191000894015666
1513 1553 0.632138280024116
1514 1515 -0.758671912461387
1514 1554 0.7232009109752968
1515 1516 -0.4627839977423236
1515 1555 -0.6080051080376765
1516 1517 -0.1310877855834196
1516 1556 0.8659784094266902
1517 1518 0.6047449345257232
1517 1557 0.8740644177870274
1518 1519 -0.8992578901414512
1518 1558 0.655849331558706
1519 1520 -0.25325446809525176
1519 1559 0.30627890272060787
1520 1560 -0.31946516655230983
1521 1522 0.5937482251126951
1521 1561 -0.6410711976464478
1522 1523 -0.9501553631726658
1522 1562 0.18517908242637726
1523 1524 -0.588456831021833
1523 1563 -0.4585173832972136
1524 1525 -0.45737277492132655
1524 1564 0.9649522051457236
1525 1526 0.2982803155347271
1525 1565 0.018010302055765592
1526 1527 -0.33644278139302597
1526 1566 -0.6476571445569657
1527 1528 0.18881315974947666
1527 1567 -0.23328700284875103
1528 1529 0.9644040199089283
1528 1568 0.1620385844349319
1529 1530 0.10001071475419598
1529 1569 0.4957982024515901
1530 1531 0.4196741119843299
1530 1570 0.3066267154625195
1531 1532 -0.11477259440074761
1531 1571 0.6534432202118643
1532 1533 -0.30791336458220453
1532 1572 -0.0684518682836428
1533 1534 -0.2888764092115992
1533 1573 -0.5440549767863847
1534 1535 -0.7079585336075607
1534 1574 0.5972554620187569
1535 1536 0.36814077109617327
1535 1575 0.04035967191653511
1536 1537 0.9699501907457146
1536 1576 -0.6191597709554726
1537 1538 -0.15479819009637308
1537 1577 -0.23939386154864772
1538 1539 -0.24571861483052282
1538 1578 -0.44334304085809406
1539 1540 -0.7309479601562574
1539 1579 -0.34808999921686246
1540 1541 0.8108628685939754
1540 1580 -0.9090768045284245
1541 1542 0.722430656942548
1541 1581 -0.11560603731352659
1542 1543 0.5284006981451825
1542 1582 0.9806746968274629
1543 1544 -0.5257407825832594
1543 1583 0.5596397901965378
1544 1545 -0.3061104144786946
1544 1584 -0.6425420764745231
1545 1546 0.4737459078960511
1545 1585 -0.6520055852177857
1546 1547 -0.6504758955236056
1546 1586 0.40802196126963364
1547 1548 -0.5960905330537678
1547 1587 -0.5135369694148193
1548 1549 -0.8106410492456688
1548 1588 -0.8867050079536583
1549 1550 -0.7221347216031233
1549 1589 0.7291157178654557
1550 1551 -0.8680712930192842
1550 1590 0.6433069754358591
1551 1552 -0.27892008597279183
1551 1591 -0.9490747905139216
1552 1553 -0.8954788937781977
1552 1592 0.6293878356987943
1553 1554 -0.5630729750727566
1553 1593 -0.2625835515589283
1554 1555 0.16090856923784247
1554 1594 -0.5400566425148374
1555 1556 -0.9095869635442271
1555 1595 -0.9140607671114438
1556 1557 -0.4673791742110769
1556 1596 -0.2465625796788693
1557 1558 -0.13993641730867834
1557 1597 0.8924454070073162
1558 1559 -0.9116987787592512
1558 1598 -0.7656864927488338
1559 1560 0.6611059022670589
1559 1599 0.5200453962100344
1560 1600 0.19740733150947687
1561 1562 0.5693459557753042
1562 1563 0.4787555778298631
1563 1564 -0.23775241914634604
1564 1565 0.6571509552229111
1565 1566 -0.11863508274705059
1566 1567 -0.5259034904925646
1567 1568 0.040318638720742594
1568 1569 0.9514380120990071
1569 1570 0.25307155499725553
1570 1571 0.5838087327253287
1571 1572 0.17732429369054503
1572 1573 0.935180466080342
1573 1574 -0.3710744027695223
1574 1575 0.9015542793561402
1575 1576 0.28195490948262103
1576 1577 0.7863323583817412
1577 1578 -0.5304223133301076
1578 1579 -0.061535228921475005
1579 1580 0.8872638408660012
1580 1581 -0.3161396058471151
1581 1582 -0.25553798331027844
1582 1583 0.07106637122554482
1583 1584 0.3899279583322657
1584 1585 -0.9804436840681745
1585 1586 0.01521266017979861
1586 1587 -0.01822256472568129
1587 1588 -0.4734609423581624
1588 1589 -0.42068971147742085
1589 1590 0.8238283321963431
1590 1591 -0.27002177069500766
1591 1592 0.8636504886811804
1592 1593 -0.48901678697978856
1593 1594 -0.7820050744924145
1594 1595 -0.660301018140256
1595 1596 0.689664059575763
1596 1597 -0.2674105544987999
1597 1598 0.4376318834881572
1598 1599 -0.3110200376219441
1599 1600 -0.40049885217049086
