1 2 0.034595767693178514
1 41 0.8939252076296282
2 3 0.5972004147014127
2 42 -0.23154611450313878
3 4 -0.1010060345442334
3 43 0.3773099157389437
4 5 0.5452088401736632
4 44 0.6248869912312869
5 6 -0.1662314662216804
5 45 -0.11648575308025566
6 7 -0.49359565186592946
6 46 -0.6781590956901524
7 8 0.04989706286961626
7 47 0.8734410849707666
8 9 0.6818380527656296
8 48 -0.08128055316180882
9 10 0.275444910050628
9 49 -0.32141239870776817
10 11 -0.9284503833200628
10 50 0.6312582863285918
11 12 -0.696417010525541
11 51 0.9727494457634052
12 13 -0.8047347351722804
12 52 -0.8829470396221784
13 14 0.49258069662860726
13 53 -0.7278147638718322
14 15 -0.4193686542849111
14 54 -0.038492296450289176
15 16 0.9138180101749103
15 55 0.8186442682100561
16 17 -0.8346742100516449
16 56 -0.22132487353454988
17 18 -0.3835547588933321
17 57 -0.001815413681373057
18 19 -0.1867673755484578
18 58 -0.2272469354499349
19 20 0.641203853291139
19 59 0.7063110133125117
20 21 -0.3674235986561465
20 60 -0.318756729983416
21 22 -0.6889566156662779
21 61 -0.04855276632502603
22 23 -0.9906796279473509
22 62 0.7270409815646917
23 24 0.6606228808452856
23 63 -0.5312512646329464
24 25 0.9855353872229238
24 64 0.5526506655257974
25 26 -0.7308762854095725
25 65 -0.8652754474955633
26 27 -0.6591698169870361
26 66 0.5499943155628446
27 28 0.19158689377610427
27 67 0.7434188153750605
28 29 0.07850055296545122
28 68 -0.9879152872275601
29 30 -0.07585875022952693
29 69 -0.015951642188443804
30 31 -0.44351145599052466
30 70 -0.039688759262018314
31 32 -0.792452907546966
31 71 -0.018931491517225396
32 33 0.22344221359138827
32 72 -0.9745273427982575
33 34 -0.23307070666755036
33 73 0.1881289345422945
34 35 0.27912576480799767
34 74 0.8214798723752936
35 36 0.8487766863685573
35 75 -0.046581818792124974
36 37 0.7644170246516111
36 76 -0.7233195297584767
37 38 0.17154078506810655
37 77 0.9678162487227231
38 39 -0.9974396879477359
38 78 -0.7021970182757016
39 40 -0.9448629285540024
39 79 0.29889237087758014
40 80 0.6763970077682306
41 42 0.5309195187938138
41 81 -0.4352083120657746
42 43 -0.8145479910669089
42 82 -0.7465499807601859
43 44 -0.7023039502146087
43 83 -0.7606949551214615
44 45 -0.0505576735729123
44 84 -0.3950257675054374
45 46 0.23352424124399596
45 85 0.9924581412002687
46 47 0.7414545017165579
46 86 0.3754794765345437
47 48 0.6127593706396959
47 87 -0.9036301024356663
48 49 0.8891766889283115
48 88 -0.15441277679161258
49 50 0.05738098533219449
49 89 0.1192211667832559
50 51 0.16861082432938068
50 90 0.5244943050706381
51 52 0.2372949075092996
51 91 -0.6073381228486454
52 53 -0.7533022787208516
52 92 0.5270152401995656
53 54 0.4305070571389522
53 93 0.19160580203991917
54 55 -0.27584545967120855
54 94 -0.18941192227585613
55 56 -0.7238603991814494
55 95 0.11459557108454921
56 57 0.8434371261026206
56 96 -0.5294421053042904
57 58 -0.8788344496210185
57 97 0.17728617985420203
58 59 -0.6934315172225454
58 98 0.8682108468009067
59 60 0.5139565424897601
59 99 0.7390587670827846
60 61 -0.6388166314898691
60 100 0.9533589893551335
61 62 -0.37148309252721146
61 101 -0.9588428777154789
62 63 0.9625061990157204
62 102 -0.9877351782602539
63 64 0.4773930252498715
63 103 -0.7456842430745119
64 65 0.39303369185347803
64 104 -0.11810804385196416
65 66 -0.37749607335516266
65 105 -0.7214235638938258
66 67 0.7860034560376077
66 106 0.33975627340316694
67 68 0.8061536321289227
67 107 -0.16074620553035657
68 69 -0.9634902963630212
68 108 0.5042548485121499
69 70 -0.819755984529404
69 109 0.3030770624529171
70 71 -0.11350829373752891
70 110 0.1498324841870331
71 72 0.494468673105922
71 111 0.4800200481278387
72 73 0.7240213316522099
72 112 0.3871310298259323
73 74 0.5002933786486596
73 113 -0.5253581680740618
74 75 -0.009832337769319466
74 114 0.9268922097636836
75 76 0.5882616695415823
75 115 -0.5739715815075701
76 77 0.3296711591386976
76 116 0.13496423561152016
77 78 -0.626872583708197
77 117 0.7741227065944456
78 79 0.15365508031227892
78 118 0.8685057952293971
79 80 0.2985589257689838
79 119 0.12184087035762858
80 120 0.8138924620127115
81 82 -0.5579092734766948
81 121 0.3724441704749337
82 83 0.06879456246195037
82 122 0.014608394150337212
83 84 -0.7186930416601134
83 123 0.6892349674169058
84 85 -0.35175290561295536
84 124 0.7729271605310348
85 86 0.30436612969399457
85 125 0.2710229406511888
86 87 -0.23959407950382983
86 126 -0.5435347670329882
87 88 -0.7318771430935977
87 127 -0.9725185773806808
88 89 -0.4760064224539686
88 128 0.5149431931086341
89 90 0.9852515469176328
89 129 0.997409357511861
90 91 0.2140111923006609
90 130 -0.59031029687502
91 92 -0.44421679781961854
91 131 -0.07189621641134347
92 93 0.08620909167077939
92 132 -0.39226257375353635
93 94 -0.23355666489500404
93 133 0.13264831498028018
94 95 0.4587568737275778
94 134 0.24757599677599518
95 96 0.5521058056336543
95 135 0.20133778418694148
96 97 0.6959975671995688
96 136 -0.8570893683634995
97 98 -0.5621835869617706
97 137 -0.4520652477844027
98 99 -0.8684781112418334
98 138 0.05662439787418161
99 100 0.8696635256691967
99 139 0.28174888833606615
100 101 -0.3458946636483893
100 140 0.3771415417592625
101 102 0.9169689761494453
101 141 -0.20351690943040723
102 103 -0.8574932228225973
102 142 0.6302063191859351
103 104 0.47938031969472106
103 143 0.747366669433944
104 105 0.8109406917239168
104 144 -0.07430867391842444
105 106 0.942111393489298
105 145 0.16878941589760132
106 107 0.9202180085695699
106 146 0.9818241592523036
107 108 -0.3792213963552551
107 147 0.48578432597448895
108 109 0.3369923271874897
108 148 -0.8985377867893267
109 110 0.4734028460011164
109 149 0.4761766520639863
110 111 0.8309919671103951
110 150 0.11437185278235251
111 112 -0.7661849847971867
111 151 0.0024915074371631984
112 113 0.835394347830795
112 152 -0.5443275279232749
113 114 0.04217809610360668
113 153 -0.9975393027194144
114 115 0.9999955814455421
114 154 0.5672626108772629
115 116 0.23052518649566434
115 155 -0.3678892277268695
116 117 -0.0405163023604731
116 156 -0.8640022589532044
117 118 0.3190808658470725
117 157 0.7442044162347816
118 119 -0.468901236388958
118 158 -0.08297728239910951
119 120 0.05596826120666676
119 159 0.4442042062722149
120 160 -0.007284646601216194
121 122 -0.6657215937998875
121 161 -0.21511506706993866
122 123 0.00706954735561105
122 162 -0.7467864486306923
123 124 -0.25693244574006835
123 163 0.22266735906392876
124 125 -0.14091547281580707
124 164 -0.9938427240432126
125 126 0.06902536571852758
125 165 -0.28884326534927607
126 127 0.5634115977744434
126 166 0.9496309400908935
127 128 -0.638287246958084
127 167 -0.6733711830197078
128 129 -0.47838928672963354
128 168 0.8328772239040783
129 130 0.9470277635115072
129 169 0.6143439873257179
130 131 0.8721431192820963
130 170 0.9058147545269029
131 132 0.16684027835226156
131 171 -0.7382505409582085
132 133 -0.6999532697349753
132 172 0.6672733464234177
133 134 -0.5379750633633398
133 173 -0.9282454744545301
134 135 -0.40390679133847596
134 174 -0.11555503878402162
135 136 -0.608322597376779
135 175 0.6025457759549713
136 137 0.7056529048754818
136 176 -0.15729276166806994
137 138 -0.7382283941535486
137 177 -0.3731616904037034
138 139 0.7236267834270762
138 178 -0.2509828777914376
139 140 -0.4903865369075786
139 179 -0.8600852832772079
140 141 -0.19327484784168414
140 180 -0.3536572216590703
141 142 -0.2972934052805343
141 181 0.41618452695692754
142 143 0.5820184968618258
142 182 0.7429903185873159
143 144 0.34501701859083944
143 183 0.9168190417826687
144 145 -0.26851179919869406
144 184 0.5524459568375002
145 146 0.4790672853689857
145 185 -0.06503891325356115
146 147 -0.4757834352589756
146 186 -0.0881234883084514
147 148 0.8955815836391166
147 187 -0.4627407902530096
148 149 -0.1102696792967579
148 188 0.7195905668645326
149 150 -0.6497154638935827
149 189 -0.8776439078446097
150 151 0.4066083711052604
150 190 0.4729577568217498
151 152 0.853787942219731
151 191 -0.435230715910611
152 153 0.10072307702769479
152 192 -0.3366823047927181
153 154 0.4516265864441176
153 193 0.38158963674631297
154 155 -0.06028314678348323
154 194 -0.9049690660848604
155 156 0.21289517537538827
155 195 -0.04247704419664733
156 157 0.5806281015222092
156 196 -0.2699855492584664
157 158 -0.6757170826525847
157 197 0.706730280000369
158 159 -0.30729934147542526
158 198 -0.97948720986393
159 160 0.06735844487644838
159 199 -0.9982995249231612
160 200 -0.6752292797429555
161 162 0.23610469450561844
161 201 -0.17613981028250802
162 163 0.5825811821126949
162 202 0.19210250824639918
163 164 0.8214156548731184
163 203 -0.6339013561140314
164 165 0.23799347259682913
164 204 0.2768292288826524
165 166 0.7099275788524861
165 205 -0.673408497882207
166 167 0.7604806959692814
166 206 -0.4932880564701523
167 168 0.6897414211527257
167 207 -0.5532932777518857
168 169 -0.14314521282850645
168 208 0.06773375533512271
169 170 -0.2289758155020818
169 209 -0.5438981851893578
170 171 0.6823344546724168
170 210 -0.8729484545936643
171 172 0.9410109841122942
171 211 -0.4297272856270815
172 173 -0.725388015987859
172 212 -0.09407765446528615
173 174 0.9727068350764356
173 213 0.8315272517488035
174 175 0.43790030751212816
174 214 -0.5654048309609236
175 176 -0.9347492380776665
175 215 0.13767338930387707
176 177 -0.15148404354541456
176 216 0.6874663069449152
177 178 -0.6609559001241243
177 217 -0.4455030200655752
178 179 0.080030977657092
178 218 0.06703956692448099
179 180 0.8643792938312804
179 219 -0.948954243246118
180 181 0.9253362397936866
180 220 -0.8566028108863251
181 182 0.37677558877924033
181 221 -0.0032872769788876433
182 183 -0.9502939590453736
182 222 0.21004956023915589
183 184 -0.6312915840724485
183 223 -0.1574123634773248
184 185 0.8921525877232559
184 224 0.45041264017318383
185 186 0.13786221532348186
185 225 -0.9243533075806518
186 187 -0.2188766059675813
186 226 -0.671907943727627
187 188 -0.7787272113270136
187 227 -0.8240302325754003
188 189 0.6251622057239701
188 228 -0.89267102115684
189 190 -0.5504512676742677
189 229 0.4596417115106881
190 191 -0.4904819201487789
190 230 0.15497101566399007
191 192 0.12196975057766513
191 231 -0.35460201897598287
192 193 -0.331603166125388
192 232 -0.5279724740949543
193 194 -0.6565343234215029
193 233 0.5912343094037267
194 195 0.09995417217457336
194 234 -0.003743471237672713
195 196 -0.23802194750251826
195 235 0.6370571939470735
196 197 0.965518180355178
196 236 0.6318156857259685
197 198 -0.9144720958967865
197 237 -0.7254185540155498
198 199 0.3849310780418551
198 238 -0.4909418232107927
199 200 -0.2248270375182877
199 239 -0.2204478948837565
200 240 0.7307593967582255
201 202 -0.9950702375982277
201 241 0.7680643647442096
202 203 0.51553874539834
202 242 -0.08127181622373647
203 204 -0.8997619406732338
203 243 -0.47289122727989463
204 205 0.20426763198388187
204 244 -0.8302046731126993
205 206 0.5316475760564068
205 245 0.5156637170482423
206 207 0.2542521640500053
206 246 -0.010296360628379242
207 208 -0.12730460380929465
207 247 -0.5772895854714999
208 209 -0.6307523958519479
208 248 -0.2323047368302078
209 210 -0.6617785473245883
209 249 0.11396456763989615
210 211 -0.8067533305607635
210 250 -0.3465875076968452
211 212 0.9889158815045296
211 251 -0.14161414537058192
212 213 0.9488904600968624
212 252 -0.7347970552677945
213 214 0.6116398506545411
213 253 -0.4745044259472797
214 215 -0.5017492570049529
214 254 -0.9261522414367309
215 216 0.6601081768058086
215 255 -0.056626942383223966
216 217 -0.24411914686209824
216 256 -0.0003723609721961729
217 218 0.04082903520532599
217 257 -0.2648356369334446
218 219 -0.5507900321840302
218 258 -0.41512699441136003
219 220 0.23853563232888497
219 259 0.8683519646394435
220 221 -0.6755105340452039
220 260 0.9669326437438068
221 222 -0.2212804572014817
221 261 0.7721176445832745
222 223 -0.7797686969898201
222 262 1.6303149048546572e-06
223 224 0.6271940781871745
223 263 0.31677935958041337
224 225 0.2431378602073635
224 264 0.5365471752457882
225 226 0.11062358080713941
225 265 0.8218299714748114
226 227 -0.828177606924968
226 266 -0.7961877896304155
227 228 0.12691798285469935
227 267 0.32070284127537785
228 229 -0.6117013227193737
228 268 -0.5687180400932932
229 230 -0.6049129382164602
229 269 -0.74464950786167
230 231 0.529698142215197
230 270 0.20985246387140566
231 232 -0.6392865337897105
231 271 0.6262244148235907
232 233 0.3566195247570658
232 272 -0.7719616956755844
233 234 0.756120666044175
233 273 0.7184371284491615
234 235 -0.6106781225634905
234 274 0.1978404043386235
235 236 0.38538233240461683
235 275 0.7949518314285278
236 237 -0.6483658494793734
236 276 -0.18775869973573855
237 238 -0.31641706854826457
237 277 0.3254625279564527
238 239 0.6559979795785937
238 278 -0.30966116073958316
239 240 -0.11887493969574492
239 279 -0.02357255748279652
240 280 0.911116168515069
241 242 0.7698950767529471
241 281 -0.3991806212670381
242 243 -0.8510815902709934
242 282 0.2049756869329975
243 244 -0.2393852742871958
243 283 0.07177708048092102
244 245 -0.6224207347433712
244 284 0.5461713238353825
245 246 -0.9010658965784555
245 285 -0.08842300717550033
246 247 -0.8541177739048573
246 286 0.09055789500185618
247 248 -0.08377159406340917
247 287 0.918063755007446
248 249 0.7718783950506454
248 288 -0.5742961365032033
249 250 0.4796157731244053
249 289 -0.8397761241714923
250 251 -0.19598426289655646
250 290 0.7681575627615214
251 252 0.7233302844950202
251 291 -0.9250504495283913
252 253 0.5782359810709004
252 292 0.7724688873668537
253 254 -0.5755794976639912
253 293 0.4712821889057133
254 255 0.7833982864948852
254 294 -0.07198315268776789
255 256 -0.6357483148364462
255 295 -0.1392582103060087
256 257 -0.7212961961161581
256 296 0.525299651326393
257 258 -0.7300404324737673
257 297 0.4644277874744165
258 259 0.8701341126112927
258 298 0.9237582703569995
259 260 0.8564677336283835
259 299 -0.709937579438408
260 261 0.8540595569952383
260 300 -0.7191192297375426
261 262 0.330607316542437
261 301 0.22597129608574051
262 263 0.8721062635254593
262 302 0.7873465091025391
263 264 0.4543013716137494
263 303 0.901698174571431
264 265 -0.6388691913984503
264 304 -0.8400137223697131
265 266 -0.6056985014230973
265 305 -0.022996822514165016
266 267 0.20661826897815505
266 306 0.31608803835063526
267 268 0.9445542417469839
267 307 0.8944843143326273
268 269 0.6110924227842756
268 308 0.36321929950404375
269 270 -0.6529390467386016
269 309 -0.8746728605221075
270 271 0.39687973538031507
270 310 0.3507888716500729
271 272 -0.8082575479424854
271 311 -0.5911357044495775
272 273 -0.4266835601584562
272 312 0.07907262916182045
273 274 0.173901655245434
273 313 0.09714178881038515
274 275 -0.3144359875663971
274 314 -0.29340701685663295
275 276 0.5962434575053355
275 315 -0.1872042867579835
276 277 0.8051612550579423
276 316 -0.2104415505310986
277 278 0.35506502160810305
277 317 0.07624466163307386
278 279 -0.6002898721531038
278 318 -0.9204683704469749
279 280 0.5274778178624893
279 319 -0.746095038369347
280 320 -0.4589900216028904
281 282 0.17916373042942912
281 321 0.9568538320296618
282 283 -0.12880166096726042
282 322 -0.9871434009333127
283 284 -0.5881346517408561
283 323 0.5154298944035725
284 285 0.18060798930305855
284 324 0.3720723818890357
285 286 0.42599257638394805
285 325 0.14095278799878508
286 287 0.7432182157432614
286 326 -0.9398761179797825
287 288 0.5900222432261619
287 327 -0.9829193940605003
288 289 -0.9871501601065549
288 328 0.30564379304367106
289 290 -0.16540098043593798
289 329 0.16883470770070086
290 291 -0.8274317510905247
290 330 -0.5688288302686244
291 292 0.04404424921526706
291 331 -0.8883714458212941
292 293 -0.9191103242410887
292 332 -0.5150248650596416
293 294 0.5834083130792329
293 333 0.5917849033331071
294 295 0.8330100368026543
294 334 0.6409221698574779
295 296 0.3047240549579042
295 335 -0.4091292330869958
296 297 -0.7789287295093672
296 336 -0.6496745451635897
297 298 -0.317943093496583
297 337 -0.2527410886904491
298 299 0.5422673837046856
298 338 -0.21249923439316087
299 300 0.5611059964305456
299 339 -0.4033729223608207
300 301 -0.6043582223888426
300 340 -0.1834498148495034
301 302 -0.988681515743056
301 341 -0.17275488384129356
302 303 0.4699165535365819
302 342 0.6392307062508742
303 304 -0.9706767100829659
303 343 -0.23819103283744614
304 305 0.7166620092863429
304 344 0.1396903632066011
305 306 -0.30975212542969
305 345 0.25842706422526307
306 307 0.8144344354917175
306 346 -0.44775624318864526
307 308 0.183895419364708
307 347 0.33899846749072005
308 309 0.39240780559337685
308 348 -0.8484667884759416
309 310 -0.8258766939674691
309 349 0.734936522301453
310 311 -0.29160211954944115
310 350 -0.12664587518060477
311 312 -0.29166863191383285
311 351 0.5147607928096027
312 313 0.7163925134597366
312 352 -0.9204278688024203
313 314 -0.4172458448450811
313 353 -0.8886346778029552
314 315 -0.10729057648468343
314 354 -0.5232391200542224
315 316 -0.8870388728573055
315 355 -0.10810630514481079
316 317 -0.7664373377278471
316 356 -0.3417610058385787
317 318 -0.42846693403941494
317 357 0.14282111147422416
318 319 0.6310804600553628
318 358 -0.4170022051669353
319 320 0.058464609170468584
319 359 0.6171263510456717
320 360 -0.8282002004539899
321 322 0.6901876442526222
321 361 -0.869849121885613
322 323 -0.9067402432766136
322 362 -0.16251519998817354
323 324 0.23448298751386343
323 363 0.557824164474263
324 325 -0.8538177718157012
324 364 0.12293506924807285
325 326 -0.2780836226736101
325 365 -0.4547939126998175
326 327 -0.8223491761718829
326 366 -0.3705913978633957
327 328 0.8681674449490593
327 367 -0.6876970701028353
328 329 0.719968075538385
328 368 -0.815767648435985
329 330 -0.6776344682487925
329 369 -0.009561672360270057
330 331 0.8696654528336509
330 370 -0.13685953189721678
331 332 0.8511415957173081
331 371 0.0045362199928999924
332 333 -0.2651309432248852
332 372 0.8635178401872998
333 334 -0.7492194919579944
333 373 -0.32689100404265803
334 335 0.17776304361087125
334 374 -0.5104109429254342
335 336 0.7799388227621622
335 375 -0.5985581396352562
336 337 0.11002550560214841
336 376 0.06380381000000601
337 338 -0.7893100899308718
337 377 0.8590172075035025
338 339 -0.06709846154483556
338 378 -0.04339802053059283
339 340 -0.5812038374525788
339 379 0.5692652895813672
340 341 0.42016345092188434
340 380 0.7148256283954086
341 342 -0.4139641965996508
341 381 0.5993028115955894
342 343 -0.2345264517683352
342 382 -0.2549732799593636
343 344 -0.6634776939139646
343 383 0.6944824932749369
344 345 0.8423822868436985
344 384 -0.43269361277250984
345 346 -0.7593032695698438
345 385 0.37908148573057465
346 347 0.5047519160395575
346 386 -0.4971971949670333
347 348 -0.19835016689972607
347 387 0.8820045624382107
348 349 0.9442789806782488
348 388 0.5662967001768631
349 350 -0.24362583218943046
349 389 0.855874947196605
350 351 -0.35576862003635523
350 390 -0.3412947724083446
351 352 0.9051716321484677
351 391 -0.638984729051975
352 353 -0.10175255781084735
352 392 0.14505213827898178
353 354 -0.20198563974251416
353 393 0.6385585752864409
354 355 -0.9867236437583509
354 394 0.19962593845213683
355 356 -0.7329565141007999
355 395 -0.9186076911079395
356 357 0.5770637063892297
356 396 -0.31164588042908914
357 358 -0.5188689035658103
357 397 -0.9845400053995845
358 359 -0.8766559614452536
358 398 -0.42066015571084514
359 360 0.25334414296074814
359 399 -0.3713536933980979
360 400 0.20078481956600158
361 362 -0.4105110705652688
361 401 -0.4241311180655072
362 363 0.7565317104185425
362 402 -0.13396461338300347
363 364 -0.611484673395063
363 403 -0.5080315825675497
364 365 -0.4827409706924124
364 404 -0.5576328337581964
365 366 -0.9020675987803124
365 405 -0.8269669232242647
366 367 -0.9855440307537224
366 406 -0.6290162297530704
367 368 -0.5757492320842779
367 407 -0.6666936287881944
368 369 0.923564117375848
368 408 -0.7896261488138332
369 370 0.05200082519908378
369 409 -0.22872852751602735
370 371 0.7024623452144174
370 410 0.5725742320156038
371 372 -0.93410914350438
371 411 0.6157276309217163
372 373 0.4584777960718285
372 412 0.9826587341020692
373 374 0.9147903350491826
373 413 -0.6873255428889631
374 375 0.21361005679827638
374 414 -0.8852538706850486
375 376 -0.3293627593686077
375 415 -0.5790755207282536
376 377 -0.33088888479267253
376 416 0.964159886782306
377 378 -0.42184454012309125
377 417 0.6027011706229342
378 379 -0.4332197191142295
378 418 -0.6726361546075812
379 380 0.8045141900005102
379 419 0.4797058637155993
380 381 0.6759290067595982
380 420 0.4195348557189795
381 382 0.11258362312428805
381 421 0.8291957128244392
382 383 0.9453598884264878
382 422 -0.25675414928908413
383 384 -0.12393953398053958
383 423 -0.23157549133795707
384 385 -0.9179864939668352
384 424 0.8516312775682622
385 386 -0.05854514335403338
385 425 -0.6445418112370389
386 387 -0.885756115995064
386 426 0.05219088767752811
387 388 0.7594402130621614
387 427 0.5329798236654963
388 389 -0.9947563628320706
388 428 -0.20902488526929597
389 390 0.8577668699784688
389 429 -0.4388574185791061
390 391 -0.08539953159137958
390 430 -0.47936383559877704
391 392 -0.5929193236311887
391 431 -0.6351996027212616
392 393 -0.983034188178096
392 432 0.10657016544480102
393 394 -0.7191874329506165
393 433 -0.2073331768964113
394 395 -0.7424445914514888
394 434 0.09792955606370413
395 396 -0.9677340938523049
395 435 0.9782133392263921
396 397 0.7402195384559975
396 436 -0.4073093442770275
397 398 0.3425045320938036
397 437 0.09577550962645143
398 399 0.638013588072061
398 438 -0.27961771809261626
399 400 -0.4492865215106483
399 439 -0.9701268555190394
400 440 0.7493075358492927
401 402 0.6449326782068661
401 441 0.2523660759204922
402 403 0.28692042033941045
402 442 0.13669955097679187
403 404 0.28112702369689924
403 443 -0.19978528004609775
404 405 -0.769798893964053
404 444 -0.8018881268758233
405 406 0.9903456758196394
405 445 0.2613787730218393
406 407 0.7487254609140714
406 446 -0.6254358522602674
407 408 0.7585517377094737
407 447 0.3986808843026295
408 409 -0.6825870442959328
408 448 0.7128469766328471
409 410 -0.07673442360002469
409 449 -0.34077866781450816
410 411 -0.8597916480674204
410 450 0.2552240046543679
411 412 0.5375299180209543
411 451 -0.037592078233340986
412 413 -0.18028154788294581
412 452 -0.22972517098217815
413 414 -0.4461687897678892
413 453 0.38566657153358475
414 415 0.6296598335850963
414 454 0.8335468164599587
415 416 0.22662050652439492
415 455 -0.4031119842660371
416 417 -0.23065263554168336
416 456 -0.7893266279809623
417 418 0.32543524840792304
417 457 0.6084853166450095
418 419 -0.31891731135157264
418 458 -0.6701152584324883
419 420 0.8049546518046244
419 459 -0.33705954294433615
420 421 0.4838507825848164
420 460 -0.5342523937251429
421 422 0.9043985670376713
421 461 -0.07930836663043705
422 423 -0.18545976166839662
422 462 -0.8091847643788617
423 424 0.15841254606311828
423 463 -0.5227804402491867
424 425 -0.03079421801085913
424 464 0.13530727331027315
425 426 0.7165826056875391
425 465 0.9393757181469016
426 427 -0.6166671123286074
426 466 0.6094101066368276
427 428 0.44965463639962344
427 467 -0.3303458694385024
428 429 -0.9779160958173994
428 468 0.3846086529787953
429 430 0.6904973446551592
429 469 0.8674916917550066
430 431 0.9271491516470882
430 470 -0.44351152248357195
431 432 0.5385513579994059
431 471 -0.3558678767091925
432 433 0.9049648415581384
432 472 -0.6886457067846943
433 434 0.653595543087983
433 473 -0.5583338699471656
434 435 -0.06935580229555538
434 474 -0.6160362979580543
435 436 0.5863628036331818
435 475 -0.14597661347066615
436 437 0.7812943876921785
436 476 0.2576602390978693
437 438 -0.5545326762180529
437 477 0.5788449751661009
438 439 -0.09687709978270309
438 478 -0.2677562231639621
439 440 0.009462911616931136
439 479 -0.41916927558657857
440 480 -0.7849808375798502
441 442 -0.7790445721726524
441 481 -0.9989423776614479
442 443 -0.5196361969071759
442 482 -0.4085863937883465
443 444 0.9254429391043648
443 483 0.5273359869979048
444 445 -0.5122640752135519
444 484 0.49208519215556845
445 446 0.5886585613567787
445 485 -0.9671020352773199
446 447 0.27575149979859326
446 486 0.29184810470541467
447 448 0.14582804521835624
447 487 -0.10884763989055246
448 449 -0.5302951014339834
448 488 0.4880995004878248
449 450 -0.8445283567851012
449 489 -0.8281363190200324
450 451 -0.2849473150475017
450 490 -0.8566917838809667
451 452 0.8371331334355132
451 491 -0.34830760351259626
452 453 0.4535709550307221
452 492 -0.07038687948320099
453 454 0.6325531878202615
453 493 -0.11159724532718385
454 455 0.9717799466334767
454 494 0.8884107549437077
455 456 0.441339205827634
455 495 -0.2593251294525436
456 457 -0.4653549985251293
456 496 -0.47435548555760887
457 458 -0.8437303772118021
457 497 0.3594116016281026
458 459 0.30162934477597236
458 498 0.6295698380007808
459 460 -0.031161371071799726
459 499 -0.18546654632573545
460 461 -0.689069448447791
460 500 -0.3748041472742616
461 462 0.6505607026576874
461 501 -0.9987448344268077
462 463 0.5197654654701098
462 502 0.2531160227746738
463 464 -0.01955624965403091
463 503 0.5452175187507573
464 465 0.8070075705776694
464 504 0.04365164236002417
465 466 0.628676801595397
465 505 0.794306817361434
466 467 0.42678925274700785
466 506 0.3464900215719482
467 468 0.058702611757980305
467 507 -0.9628124916538352
468 469 0.2919544037062489
468 508 -0.5363501332728469
469 470 -0.8979518769817991
469 509 -0.3528337774248411
470 471 0.6206371123170926
470 510 0.4955160800578562
471 472 0.21794395135263445
471 511 0.12402490891565465
472 473 0.11891062172682432
472 512 -0.24095324668033768
473 474 0.13009919629853783
473 513 0.9543547428878589
474 475 0.6546902546142885
474 514 0.7922810226486379
475 476 -0.23591082677033248
475 515 -0.2761304961580624
476 477 -0.08587832704545795
476 516 0.999980826751717
477 478 -0.2186638900206792
477 517 0.1783057685353211
478 479 -0.6950475731181016
478 518 -0.1994830424280274
479 480 -0.7139277913117437
479 519 0.13083579519870847
480 520 -0.6337746466928156
481 482 0.8843324657109992
481 521 -0.7169984845496205
482 483 -0.989950152548519
482 522 -0.7422129028463844
483 484 -0.6584173650929421
483 523 -0.761647388870988
484 485 0.18876506546097893
484 524 0.07353958798214366
485 486 -0.7605208460416002
485 525 -0.20952755411814472
486 487 -0.6340225156101562
486 526 0.28944304486312045
487 488 -0.28468902150602826
487 527 0.9313551947533742
488 489 0.0051447007856813
488 528 0.8538337226387986
489 490 0.0850412379979657
489 529 0.8942058192550086
490 491 0.8266384635604196
490 530 -0.06111817531944652
491 492 -0.2150138529389214
491 531 0.2678629857307582
492 493 0.7265006181843996
492 532 -0.4730248519269249
493 494 -0.45076514130897505
493 533 -0.06837190284615735
494 495 -0.9943743769763704
494 534 0.6646599855821509
495 496 0.7291584286019626
495 535 -0.3716351354651539
496 497 -0.1095554157505354
496 536 0.7160154091003503
497 498 -0.23473358545485445
497 537 -0.10731289331211946
498 499 -0.1998710648379789
498 538 -0.06740719104912007
499 500 -0.23091320382509006
499 539 -0.2042368269055146
500 501 -0.8319408181797525
500 540 -0.9829155108009349
501 502 -0.7834727996346593
501 541 0.7380763071936423
502 503 0.114588521076459
502 542 -0.8734959480772126
503 504 0.009488804773067683
503 543 0.4479865095167157
504 505 0.3277430077286958
504 544 0.48986987459172227
505 506 0.8792019272580576
505 545 -0.6296830758617118
506 507 -0.22392595586568564
506 546 0.5346122829428117
507 508 -0.748704176333064
507 547 0.32559628890103487
508 509 0.7265476875372685
508 548 0.7864338284982668
509 510 -0.23531498185991073
509 549 0.6231608136871765
510 511 0.4489619571148322
510 550 0.18388942216228488
511 512 -0.11298232624008464
511 551 0.576900274933329
512 513 -0.680876238054027
512 552 -0.14433537051325374
513 514 0.39487675857090676
513 553 0.855030536819015
514 515 -0.013885824062358498
514 554 0.24804088233663757
515 516 -0.11504209564303514
515 555 0.968365836248164
516 517 -0.5787428457576567
516 556 0.6072111871994099
517 518 -0.9274393633012761
517 557 -0.04788815932992474
518 519 0.027695074898701044
518 558 -0.1360895437824694
519 520 -0.7937193824706601
519 559 -0.6214219188548129
520 560 -0.7256183456529184
521 522 -0.15680694766768055
521 561 -0.30702111970291157
522 523 0.05831003935733081
522 562 0.294989976369761
523 524 -0.3394606937025251
523 563 0.5972438877676749
524 525 -0.24884312153792876
524 564 -0.5299790440267647
525 526 0.6881253982495219
525 565 -0.4030270711487782
526 527 -0.7203635883755688
526 566 0.35376002878744095
527 528 -0.3497310295904954
527 567 -0.49487048235568376
528 529 0.07577272147153225
528 568 -0.6488509850852193
529 530 -0.8136419457214723
529 569 0.6495793485237684
530 531 0.017214068783845127
530 570 -0.6032352264697429
531 532 0.6024815817534028
531 571 -0.14929530712123862
532 533 0.9072508850134633
532 572 -0.32790909196369933
533 534 -0.7056016784367987
533 573 -0.07412081826610128
534 535 0.19112992536266082
534 574 0.7867083626577418
535 536 -0.7636823325486226
535 575 -0.27368844805325465
536 537 0.8524892157079216
536 576 0.6571882472251955
537 538 -0.7275939880371336
537 577 -0.05393054519133189
538 539 -0.8548143910028256
538 578 0.32477197132090296
539 540 0.1276629162687044
539 579 0.035782785315569665
540 541 -0.1380624382862179
540 580 -0.5526548020969899
541 542 0.22055314836777518
541 581 0.922617190199303
542 543 -0.08235828156772929
542 582 -0.8281554426930648
543 544 -0.8783773942306958
543 583 0.4437426238721458
544 545 -0.8679794541217947
544 584 0.6527133802439855
545 546 -0.7083980205486158
545 585 -0.5386569767020577
546 547 -0.499512648780833
546 586 -0.9269550359020844
547 548 0.7011026167653838
547 587 0.9436277873954182
548 549 -0.5116746980414315
548 588 0.13308356110130615
549 550 -0.7797580412420408
549 589 -0.6024279360690543
550 551 0.17015384237589593
550 590 -0.26097905874699245
551 552 0.2404952291800435
551 591 0.1698919461612347
552 553 -0.054871251878250815
552 592 0.004487360655608619
553 554 0.6366666243540371
553 593 -0.25903154124877315
554 555 0.007527048360630895
554 594 0.22294206468592503
555 556 -0.5960266845916293
555 595 0.3061998843207663
556 557 -0.5980691964300922
556 596 0.3396600234785543
557 558 0.12619602128203344
557 597 0.6458105337538655
558 559 -0.274160004124814
558 598 -0.3848552084447949
559 560 -0.9705352660899933
559 599 0.5159531663909103
560 600 -0.424101412474728
561 562 0.739570168794363
561 601 -0.14279637529542732
562 563 -0.709276091011614
562 602 0.38277852092169007
563 564 0.2101740122419662
563 603 -0.5650116927774798
564 565 0.18162944194926278
564 604 0.6832736878358034
565 566 -0.6119047610487116
565 605 0.7423037522923173
566 567 0.8806310815269787
566 606 -0.36816502779397675
567 568 0.37945380632676806
567 607 0.7794388781608785
568 569 0.10812462066370387
568 608 0.9761686596010701
569 570 -0.5697910133643773
569 609 0.8903107775590193
570 571 0.061972799611278884
570 610 -0.13776638633919913
571 572 -0.8325183164065173
571 611 -0.45714404770475436
572 573 -0.7531867609582565
572 612 0.15473966583684495
573 574 -0.5477407353271087
573 613 -0.6793984252077667
574 575 0.4566671045935309
574 614 -0.9483198963902286
575 576 -0.05185104619511094
575 615 0.9394108597513451
576 577 0.13832051165014758
576 616 -0.9293322801963044
577 578 -0.23629849076453802
577 617 -0.9532911852729096
578 579 0.314559411002969
578 618 0.6184331984936082
579 580 -0.06750816961580464
579 619 -0.6328520343718473
580 581 0.3061774338192158
580 620 -0.5586942370033674
581 582 0.973619629085972
581 621 -0.6660255575473941
582 583 0.5689026746291932
582 622 -0.2148978835813362
583 584 0.08725138539376309
583 623 -0.728003904174719
584 585 0.17375623635852477
584 624 0.5735441243688149
585 586 -0.8347177742512397
585 625 0.11933787836758025
586 587 0.6064387531418503
586 626 -0.9450220383471688
587 588 0.5247892359804596
587 627 -0.18378659127125463
588 589 0.4951656169738399
588 628 -0.8187889718092107
589 590 -0.1621275404232816
589 629 0.1715202273648091
590 591 -0.2877722987021536
590 630 0.18913292650814206
591 592 -0.3954387003470581
591 631 -0.8946299983850954
592 593 0.06719393563758813
592 632 -0.9526751102289579
593 594 0.7220330880123411
593 633 -0.47617761143401327
594 595 -0.7691124023117191
594 634 0.6158483633573961
595 596 -0.5125657232657661
595 635 0.7461284699781201
596 597 0.7216665143357548
596 636 0.19362975730945542
597 598 0.07073251914970036
597 637 -0.2206315982789262
598 599 0.0030413460685196902
598 638 -0.5552178933900898
599 600 0.17494542680518133
599 639 -0.2424167547262599
600 640 -0.09279345269017103
601 602 0.6575029686455114
601 641 0.4357036764520765
602 603 0.21113038954126417
602 642 0.9270895601248681
603 604 -0.9424520062074326
603 643 0.02562712106761067
604 605 -0.04541221920238003
604 644 -0.8325157207248286
605 606 0.7889597322691266
605 645 0.9581692413820404
606 607 -0.8435179922900835
606 646 -0.8345030787158447
607 608 -0.1408183053808485
607 647 -0.26851825345872515
608 609 -0.044044833243521264
608 648 -0.669319053235744
609 610 -0.38312247046605696
609 649 0.9332287106860078
610 611 -0.5628768770991093
610 650 0.5515423425606705
611 612 0.17366598330784044
611 651 0.20727275191830397
612 613 0.6196601629659253
612 652 0.050156037164199585
613 614 0.6116933531117954
613 653 0.28645413132478903
614 615 0.9833140879405189
614 654 -0.9186226087573215
615 616 0.5094746711864075
615 655 -0.615017360151596
616 617 0.4025973819914732
616 656 0.4444327447699514
617 618 0.12869201166141742
617 657 -0.15688610226085387
618 619 -0.29578747665159844
618 658 -0.05996735013137244
619 620 -0.24553073193828334
619 659 0.11168356700748228
620 621 -0.571780132050862
620 660 0.201247810555103
621 622 -0.8870172435390147
621 661 0.5885284459390323
622 623 0.279514870756832
622 662 -0.9912172036528875
623 624 -0.3349555190043856
623 663 0.8534600510867254
624 625 0.5966268061785147
624 664 0.723832030362694
625 626 0.9340731568064431
625 665 0.5710280219957722
626 627 0.9011974431512639
626 666 -0.5175269513608038
627 628 -0.5641405747690091
627 667 0.2829566364236733
628 629 0.2339382881107559
628 668 -0.20031933693798032
629 630 0.5876864762752771
629 669 0.7438182626990697
630 631 0.18551296182241828
630 670 0.8652512938560633
631 632 0.6119841211485921
631 671 0.9630386564461573
632 633 0.7693845588517447
632 672 0.11889841567991066
633 634 -0.38441880970535425
633 673 -0.5875501781561363
634 635 0.49372544695089027
634 674 -0.747506968424146
635 636 0.5735571142367091
635 675 -0.9235975357362163
636 637 -0.4510793563573159
636 676 0.16020519820847512
637 638 0.5177023981868527
637 677 0.4804282634138155
638 639 -0.3453889965696737
638 678 -0.47362725572857944
639 640 0.9077334341620329
639 679 0.3372732523688218
640 680 0.984671307231334
641 642 -0.7615466116317546
641 681 0.19276834541921772
642 643 0.6857091020974857
642 682 0.036628890116833235
643 644 0.8790777152876328
643 683 0.1530973915509397
644 645 0.8664841086865698
644 684 -0.027842782975355584
645 646 -0.8327428848113401
645 685 -0.10423254313661667
646 647 0.3644509330518242
646 686 -0.018150504741360374
647 648 -0.701858138756164
647 687 -0.1884068480370802
648 649 0.9387263155915206
648 688 0.41388441400677056
649 650 0.9307940372159571
649 689 -0.6105616739732667
650 651 -0.3178189695410094
650 690 -0.8559045923186819
651 652 -0.7022879737708543
651 691 0.5947810594071747
652 653 -0.11306352263683284
652 692 -0.6567552939444994
653 654 -0.40042253662740857
653 693 -0.37438930273304716
654 655 0.006045597869996033
654 694 0.38375799972985636
655 656 0.8642710786967238
655 695 -0.8548260955487057
656 657 0.052187480635631056
656 696 -0.33427278908133107
657 658 0.862027337064156
657 697 0.5760002506827309
658 659 0.9690332275426006
658 698 0.00037214320347800367
659 660 0.7268978436426607
659 699 0.22811710873741453
660 661 0.14219246483583015
660 700 -0.5622206206631921
661 662 0.6140647251315574
661 701 0.38724655552938114
662 663 -0.5365358421482527
662 702 -0.6795278780969594
663 664 -0.08261521757177914
663 703 0.1999760232334824
664 665 -0.12579010690699088
664 704 -0.9164789788329604
665 666 -0.8358255331583544
665 705 0.6396174452942494
666 667 -0.2591127836684337
666 706 -0.71260731308326
667 668 0.005395606756513072
667 707 -0.8130733654011393
668 669 -0.5206897702592124
668 708 0.08744620259589442
669 670 -0.19596486232408838
669 709 -0.9231751952327132
670 671 0.3587711753126148
670 710 -0.4397923927862708
671 672 0.6180344973573011
671 711 -0.6090257627317139
672 673 -0.9196318345129078
672 712 0.427913427931057
673 674 -0.8286950938315807
673 713 0.9960258799911534
674 675 -0.3736364011413451
674 714 -0.2732603324962677
675 676 0.44126935725476146
675 715 -0.5840086698886249
676 677 0.009701966018881736
676 716 -0.9983201338713088
677 678 0.1933368276105487
677 717 -0.28721327014259757
678 679 0.3078812496109784
678 718 -0.3516675892162864
679 680 0.7276065207348392
679 719 -0.28768487896666617
680 720 -0.8220741162940606
681 682 -0.7404874045896401
681 721 -0.8449318165456456
682 683 0.20695041443165563
682 722 -0.8290084745783306
683 684 0.9064821667503531
683 723 -0.038626545884081986
684 685 -0.7492785035797356
684 724 0.6786788802145207
685 686 -0.545314280931239
685 725 0.6089351343732159
686 687 -0.9563864217631006
686 726 -0.08590844130558106
687 688 0.1909803633944016
687 727 0.32166238749726594
688 689 0.11676068780133497
688 728 0.12653096755369697
689 690 0.7047359504602935
689 729 -0.29648767216665806
690 691 0.8806131271346149
690 730 0.9948788925420304
691 692 -0.43736200797725666
691 731 0.6767463064889234
692 693 0.351667799061508
692 732 0.9167924383459161
693 694 0.45003705975783714
693 733 -0.09409849834246464
694 695 -0.5358020832884565
694 734 0.01595462651391899
695 696 -0.6417184893624883
695 735 0.3894333137926942
696 697 0.6901013978450647
696 736 -0.392623859968245
697 698 0.5777733750199001
697 737 -0.7733384145741107
698 699 0.27400346590005586
698 738 -0.267138047300564
699 700 0.5236320837682102
699 739 -0.9559292857572039
700 701 0.21481924459101842
700 740 -0.840328833047405
701 702 -0.30070226176221637
701 741 -0.3928138939912722
702 703 0.3107647254813053
702 742 -0.7527864842090664
703 704 -0.8490633684529283
703 743 0.0534402453744145
704 705 0.3054272198883943
704 744 -0.8075289626729785
705 706 0.7169107231100516
705 745 -0.41612836307125534
706 707 0.3836311028735033
706 746 -0.28754438359726486
707 708 0.05653269362638902
707 747 -0.39088034972263297
708 709 -0.001988584847741448
708 748 -0.3123648263939056
709 710 0.8406713562691459
709 749 -0.18360024798285823
710 711 -0.4765370756363938
710 750 0.9315860729313028
711 712 0.27736364269139613
711 751 0.2501753913528255
712 713 -0.3365648031496222
712 752 0.0961473390182499
713 714 -0.7612417253131973
713 753 -0.5898862548516308
714 715 -0.8378956946233873
714 754 0.68438046759316
715 716 -0.7304761210896309
715 755 0.9518440053478499
716 717 -0.20586253536347043
716 756 0.7059929224052994
717 718 -0.5534416939613451
717 757 0.060653747675128766
718 719 0.9597778204425693
718 758 -0.4337201687662946
719 720 0.36687127396960406
719 759 0.6413277409125462
720 760 0.38988966955206705
721 722 0.6624105113808361
721 761 -0.07122877043959508
722 723 0.9091088626985264
722 762 0.7902019097801045
723 724 0.981581791777772
723 763 -0.013503399506380243
724 725 -0.23519070789011587
724 764 -0.7826115049021158
725 726 -0.3013181148918094
725 765 -0.5609696213821316
726 727 0.7655513381330232
726 766 -0.2681974989911997
727 728 -0.48426235472356494
727 767 -0.9092184903840197
728 729 -0.20312252248614304
728 768 -0.7532995754113185
729 730 -0.6445591488714155
729 769 -0.4690359353376241
730 731 -0.7703511771499769
730 770 0.925378364192285
731 732 -0.19625428593432903
731 771 0.3118161355957565
732 733 -0.6852766418261607
732 772 0.28517519099106403
733 734 -0.8170049663941155
733 773 -0.7627650966902662
734 735 -0.9922849456943243
734 774 -0.637622416134231
735 736 0.06247149792709039
735 775 0.47128317235458583
736 737 0.8380056510049994
736 776 -0.4754598737056468
737 738 -0.7782955288683502
737 777 0.9521730369931876
738 739 -0.356712544687398
738 778 -0.12794007387093065
739 740 0.0628145552760544
739 779 -0.17945436996861774
740 741 0.768045542274671
740 780 0.5783550195279561
741 742 0.2849087856961978
741 781 0.28558791855076193
742 743 -0.04623283764554764
742 782 0.5689142907467544
743 744 -0.9092379467550102
743 783 0.6449273403493985
744 745 -0.5123705441451292
744 784 0.9597148791367975
745 746 -0.3261102857707223
745 785 0.4968961710312283
746 747 -0.1250038922837311
746 786 -0.05862616587940317
747 748 -0.7372815264034631
747 787 0.4534506087498913
748 749 0.17938515425841373
748 788 -0.9331438821648566
749 750 0.8234388062230993
749 789 -0.9112102606574184
750 751 0.575332130196472
750 790 0.2255425752773874
751 752 0.7178835096431433
751 791 -0.48755778180498655
752 753 -0.7488058643008504
752 792 0.24628846046347874
753 754 0.9182325479768787
753 793 0.9913887089736231
754 755 -0.6942146843444617
754 794 -0.8347475750058795
755 756 0.3705443395516339
755 795 -0.5223747265631373
756 757 -0.032003043402459186
756 796 0.6979797477982292
757 758 0.944252931076734
757 797 0.23044865533497405
758 759 0.5706118411960448
758 798 -0.08204080420942095
759 760 0.8748397063195206
759 799 0.5424133461305845
760 800 -0.24772381711327007
761 762 -0.6759750419945021
761 801 0.09595058418601332
762 763 0.11669435212810053
762 802 -0.43596723590234454
763 764 0.6557344320637217
763 803 -0.4474351054734287
764 765 0.9108133913656353
764 804 -0.31269920109863136
765 766 0.6157202576110861
765 805 -0.04596600194074263
766 767 -0.1417178105831669
766 806 -0.4370606227589944
767 768 -0.4347191112346849
767 807 -0.14747032787238723
768 769 -0.8955133855911823
768 808 -0.6072448194607041
769 770 0.01650773050812049
769 809 0.6926690357265288
770 771 0.06155725181371885
770 810 -0.7888909954353773
771 772 0.8215930159959959
771 811 0.8214657867326993
772 773 0.1050140222092808
772 812 0.27569455445087443
773 774 -0.4422200991205403
773 813 0.262363597061692
774 775 -0.5671831609908284
774 814 0.08985374696691073
775 776 -0.2725112638064706
775 815 0.9869965345216534
776 777 0.5948301921767885
776 816 -0.4666473048240589
777 778 0.6723152228678435
777 817 -0.7972796125909185
778 779 -0.3897509446754126
778 818 0.9615041554665977
779 780 0.15443665305464993
779 819 0.7640431079601804
780 781 -0.9856893550724879
780 820 -0.13657680413061768
781 782 -0.9734199740129459
781 821 0.3719514020792165
782 783 0.6110321280786866
782 822 -0.2758051244793238
783 784 -0.6919948730779504
783 823 -0.34117927494687517
784 785 -0.21966237995523485
784 824 -0.4569596402050915
785 786 -0.23620269983411957
785 825 0.9865376357936155
786 787 -0.45222224968725633
786 826 -0.33147998097683873
787 788 -0.7981836496253665
787 827 -0.053550386792418525
788 789 -0.3600138832502704
788 828 -0.08390528008072162
789 790 -0.13822097127012456
789 829 -0.5983022201498234
790 791 0.8912939775822508
790 830 0.5110013356642653
791 792 -0.8453179235479118
791 831 0.2736337325508367
792 793 0.5245841910656868
792 832 -0.393329053810312
793 794 0.1952270772623177
793 833 0.16730565005106257
794 795 0.9846426086291342
794 834 -0.29095295792722653
795 796 0.6112691158481278
795 835 -0.7176241091180968
796 797 -0.3161560203179721
796 836 0.48108433816063845
797 798 0.8716032137405758
797 837 -0.625837960765919
798 799 0.42385438760049565
798 838 0.5209133048092098
799 800 -0.34085657869453634
799 839 -0.168254518481179
800 840 0.47543873198350806
801 802 0.1769716436846851
801 841 0.5472263381514686
802 803 0.27877975742852734
802 842 -0.1659437858725643
803 804 -0.8643613903404501
803 843 0.442720202057834
804 805 -0.5720805170493515
804 844 -0.08268100493803154
805 806 -0.8966563271020647
805 845 -0.24207475843818838
806 807 -0.20640159720642837
806 846 -0.6406559016295874
807 808 -0.9978461897846129
807 847 -0.9139558471215465
808 809 -0.4832609048857137
808 848 -0.19055287054502168
809 810 -0.46214993654099756
809 849 -0.31527344410511127
810 811 -0.9400675906118332
810 850 -0.9847176691431987
811 812 -0.3338523864521754
811 851 -0.23806632986707
812 813 0.44406016384273883
812 852 0.3310880654607471
813 814 0.9259738848229102
813 853 0.6600985776154367
814 815 -0.5669098823607563
814 854 0.6042889757532615
815 816 0.14379106394916552
815 855 -0.26574755245092496
816 817 0.1594378732581978
816 856 -0.4443242065402908
817 818 0.03752967883587366
817 857 -0.4603564635262314
818 819 0.061639662273790696
818 858 -0.09906264188315639
819 820 -0.12894584048430735
819 859 0.5247150445215247
820 821 -0.8360394747058868
820 860 -0.4075801843824314
821 822 -0.5498201722401042
821 861 0.15872261315044156
822 823 0.28573542766016735
822 862 -0.013921178859108485
823 824 -0.2850844226744307
823 863 -0.5220338257789534
824 825 0.8592138907118689
824 864 0.740710527038803
825 826 0.6071344405356212
825 865 0.6969364274849144
826 827 0.7969836143890106
826 866 -0.5746435685202633
827 828 0.4811318437243539
827 867 -0.676503330241486
828 829 0.5056102061847014
828 868 0.4570809194119485
829 830 -0.5135030567451684
829 869 0.9685510980614431
830 831 0.6868705707818099
830 870 -0.24081936156196249
831 832 0.11386799330771735
831 871 -0.6719487100964914
832 833 0.3230381795382058
832 872 0.1955107617381615
833 834 0.16538631405630966
833 873 -0.5815625656419241
834 835 -0.4386521621164885
834 874 0.08001195044239329
835 836 0.13361819414720544
835 875 -0.44638385366208655
836 837 -0.18916779590827848
836 876 0.07346529189522766
837 838 0.7038422939402025
837 877 -0.8135046183694219
838 839 0.41252481274469877
838 878 -0.07312857073399082
839 840 -0.8663109901820896
839 879 -0.5521521332889678
840 880 0.7822492218674848
841 842 0.3116909160138066
841 881 0.11541351895684593
842 843 0.2544649995145116
842 882 -0.20713871175749676
843 844 -0.7567827340651121
843 883 0.6191327140565803
844 845 -0.9502093874381861
844 884 -0.5095578475012255
845 846 -0.022383772298748772
845 885 0.35541408199178615
846 847 -0.8165013761055846
846 886 0.866241240573532
847 848 0.7410737875852274
847 887 -0.9835024014184446
848 849 -0.07725547515229225
848 888 -0.5389549726803129
849 850 0.6130817122969532
849 889 -0.3752331796915396
850 851 -0.5231056109653982
850 890 0.32048570765609585
851 852 0.6940655957935786
851 891 -0.1047238247356077
852 853 0.7091151342889606
852 892 -0.424127744471982
853 854 -0.8542093278967304
853 893 -0.3562854731910141
854 855 -0.1430097800775214
854 894 0.9092768490728043
855 856 0.9323271123040469
855 895 0.8423456975593093
856 857 -0.3681496085461442
856 896 -0.4635390669260222
857 858 0.8929687592159337
857 897 0.9895326001615661
858 859 0.24813238818627048
858 898 -0.5076191640762604
859 860 0.8638663528205073
859 899 0.19352409025140926
860 861 -0.7554984238283988
860 900 -0.39007417213220186
861 862 0.10080763168838036
861 901 0.7663425304994074
862 863 0.5747171940185836
862 902 -0.7497583477912702
863 864 -0.7569943354339597
863 903 -0.5425567006033085
864 865 -0.9794999896156436
864 904 -0.2938369642102516
865 866 0.9063201685422124
865 905 0.8558283267623195
866 867 -0.9409278511861388
866 906 -0.22139553058971995
867 868 -0.42637363891428515
867 907 -0.9961512808451229
868 869 -0.8190007487202806
868 908 0.8960629017960129
869 870 0.850239946703687
869 909 -0.5566896538439514
870 871 0.12389653365639353
870 910 -0.18979191186356426
871 872 -0.2458966463904977
871 911 -0.3809136501442665
872 873 0.4240885293621184
872 912 0.06307243763203507
873 874 -0.15824999779781668
873 913 0.38764856285427296
874 875 0.15011021343680975
874 914 -0.14001949872006758
875 876 -0.9864801171522288
875 915 -0.6896529167341043
876 877 -0.10329293551538332
876 916 0.16860404117632588
877 878 -0.4403314392497182
877 917 0.7919543168738534
878 879 -0.7037348312405121
878 918 0.8208498895808825
879 880 0.6869109514304166
879 919 -0.25025632143796606
880 920 -0.6415820516692465
881 882 -0.6435054668597133
881 921 -0.5188329375639738
882 883 -0.396373672169281
882 922 -0.20411073545250558
883 884 0.8695844451272388
883 923 -0.3150696428946913
884 885 0.30662279983836505
884 924 -0.325246414879659
885 886 -0.40322980795091623
885 925 -0.9697267822275804
886 887 -0.0907416066427853
886 926 -0.3974415576445256
887 888 -0.9376075351563693
887 927 -0.004693090313687698
888 889 0.3659041373044132
888 928 0.5027100390427228
889 890 0.08403832912816367
889 929 -0.9061229083685785
890 891 -0.778312674994369
890 930 -0.05561162314769241
891 892 0.8833263164572918
891 931 -0.5948045870912908
892 893 -0.15274850412689633
892 932 -0.9307032360866954
893 894 0.906201402706132
893 933 0.4115939120120151
894 895 -0.6807889440135588
894 934 -0.367766419731441
895 896 -0.9016343435540284
895 935 0.875804683658141
896 897 -0.4630897298253702
896 936 0.20912601668656716
897 898 -0.753717273674944
897 937 -0.33271375980021567
898 899 0.9293609690227034
898 938 -0.6505070273298501
899 900 0.7541979155793672
899 939 0.30396858033264595
900 901 0.6705895224879137
900 940 -0.05628596465200841
901 902 0.2201048891106896
901 941 0.8303092529382006
902 903 -0.935588511899536
902 942 0.14765213823680612
903 904 0.5386792505839713
903 943 -0.8141729088061092
904 905 -0.752241427070943
904 944 0.666096135201008
905 906 0.6549883395628384
905 945 -0.5343673551130201
906 907 -0.13929507881403436
906 946 0.8016320463363116
907 908 -0.602615455980996
907 947 -0.3508042103334248
908 909 0.05259650551106487
908 948 0.21724670801307533
909 910 -0.0886924560390161
909 949 -0.13841976663844813
910 911 0.34497550289552814
910 950 -0.08691714044119836
911 912 0.6499535167581414
911 951 0.40741536573753656
912 913 0.742183317883985
912 952 -0.5400404180800529
913 914 -0.5269413179623088
913 953 -0.2513306094403167
914 915 0.8852562063543323
914 954 0.9463476690883299
915 916 -0.779809540146807
915 955 -0.13608089163200243
916 917 0.9195731179384286
916 956 -0.17533686146598537
917 918 -0.3546727352900618
917 957 0.8259254486304404
918 919 0.8037049475453246
918 958 0.13638811803459716
919 920 0.9625334939863213
919 959 0.10806748451003578
920 960 -0.18778140644071395
921 922 0.012109264737718561
921 961 -0.20650860234034196
922 923 0.6995690568377562
922 962 0.6774774069104814
923 924 -0.3747302408941553
923 963 0.20059421273495182
924 925 -0.9568807419383092
924 964 -0.4551778041843073
925 926 0.1991979991837176
925 965 0.6391698086026183
926 927 -0.5443184526036291
926 966 0.45757405507212034
927 928 -0.5521183593069401
927 967 -0.24964663875902882
928 929 0.2707202985734918
928 968 0.16840864143102485
929 930 0.28174268793646373
929 969 0.2849775079328867
930 931 -0.9471761061797663
930 970 0.9246131637141104
931 932 0.7379844219076914
931 971 -0.06982429704333648
932 933 0.6670305296912704
932 972 0.7812872321571811
933 934 0.8510513299701703
933 973 0.27574569728612874
934 935 0.3917122466737246
934 974 -0.05834466219203427
935 936 -0.7954090702077043
935 975 0.01634793518373967
936 937 -0.47162916483071204
936 976 -0.5270323324687549
937 938 0.8271778906805112
937 977 -0.3959070096239308
938 939 -0.9959620265169318
938 978 0.6309304471337567
939 940 -0.5997235143348425
939 979 -0.5492615573660635
940 941 -0.5403647189687915
940 980 0.3069097459498269
941 942 0.8735426964744064
941 981 0.5632928586638171
942 943 -0.7335250830802802
942 982 -0.9984122363821539
943 944 0.11613525721814022
943 983 -0.22032247136836425
944 945 0.12703830904008506
944 984 0.37053789044541174
945 946 0.5231783759839006
945 985 -0.9406260655369654
946 947 0.026039438027751327
946 986 0.6780928652919684
947 948 0.8022152011339896
947 987 0.2550394026249305
948 949 0.3015886586423424
948 988 0.267978435069254
949 950 -0.11887477822621251
949 989 -0.9989967868803282
950 951 -0.4264798181624292
950 990 0.4564498789895881
951 952 0.7961681712332331
951 991 0.08911722935504374
952 953 -0.7463130496666717
952 992 0.6258056556015574
953 954 -0.9080038636488221
953 993 0.5424695069957646
954 955 -0.8586171203030828
954 994 0.6623803411517173
955 956 -0.430552464989866
955 995 0.21503083598136152
956 957 -0.5479143335535477
956 996 -0.2164754182144677
957 958 0.5448256258671009
957 997 0.08735973882693027
958 959 -0.6372353424745552
958 998 0.8471455643315096
959 960 0.2968120650888253
959 999 -0.3942479108067558
960 1000 -0.9470341385493601
961 962 -0.03388962911411708
961 1001 0.9114796821763718
962 963 -0.42923932812918175
962 1002 -0.3222834452150367
963 964 0.38908271428439356
963 1003 -0.9096576744529818
964 965 0.9229782812557312
964 1004 0.42505150846722817
965 966 -0.5792249438003585
965 1005 0.2675515039473364
966 967 -0.4600526609565463
966 1006 0.4996457324488228
967 968 -0.2844004184514304
967 1007 0.8787148108122584
968 969 -0.979883024708639
968 1008 -0.3182596267713056
969 970 0.26965438532851693
969 1009 -0.33531242194547883
970 971 -0.25570052137805965
970 1010 0.20120583458325503
971 972 0.6348187351762686
971 1011 0.6805142012869667
972 973 0.5456095855035727
972 1012 0.3451564230040587
973 974 -0.05933137826383583
973 1013 0.1647568326047406
974 975 0.8802378072874555
974 1014 0.1571773552662814
975 976 0.45154016217440684
975 1015 -0.5793081073272035
976 977 0.6753433756621614
976 1016 -0.35181943825689554
977 978 -0.26041399503079576
977 1017 0.20443851712031091
978 979 -0.2552494180623879
978 1018 -0.9841177108686774
979 980 0.2639857900252711
979 1019 -0.6741771823732825
980 981 -0.299533648785268
980 1020 -0.9187540770094214
981 982 0.49687064655796576
981 1021 -0.1264326705852188
982 983 -0.924119616397258
982 1022 -0.34761370373186984
983 984 -0.25635695934479363
983 1023 -0.021554137423728914
984 985 -0.8320853298960704
984 1024 0.5887867470287718
985 986 0.3581207924397294
985 1025 0.2620841144345021
986 987 0.6438766178914859
986 1026 -0.9102202512296458
987 988 -0.11859340801297291
987 1027 -0.921406200067284
988 989 -0.5363445153974615
988 1028 0.8138083483598324
989 990 0.37483491812835057
989 1029 0.2537182530509643
990 991 -0.023430927819614533
990 1030 0.6527084302993795
991 992 0.7333805341565438
991 1031 0.17630392076032075
992 993 0.7239725718297425
992 1032 -0.7999136723130928
993 994 -0.01625081173493048
993 1033 0.21210147560996861
994 995 -0.21938024320598348
994 1034 -0.0699559488288195
995 996 -0.16749670318003385
995 1035 -0.5103733502085961
996 997 0.0717285771677374
996 1036 0.2782666693749367
997 998 -0.2545780869457406
997 1037 0.3349700666135711
998 999 -0.5039156517444536
998 1038 -0.5698359425535635
999 1000 0.4420745142554272
999 1039 0.24638884033466613
1000 1040 -0.4520678083655094
1001 1002 0.8032043856147615
1001 1041 0.011518643955030328
1002 1003 -0.03221605734322286
1002 1042 -0.23101728936573918
1003 1004 0.25347135192054115
1003 1043 -0.6490065582889346
1004 1005 0.22652584437029244
1004 1044 -0.9148122719547036
1005 1006 0.46342768135072054
1005 1045 0.9353283275056443
1006 1007 -0.6139935985108704
1006 1046 -0.1548868956599898
1007 1008 0.3905289310377682
1007 1047 0.5771442832813034
1008 1009 -0.33516834759670777
1008 1048 -0.7773933588723878
1009 1010 0.03460878475040419
1009 1049 -0.17231653085715148
1010 1011 0.23194505456523107
1010 1050 -0.8806762844490192
1011 1012 0.08955588239349344
1011 1051 0.9551879368051146
1012 1013 -0.9417223084151272
1012 1052 0.15731224642286623
1013 1014 0.2970258586915633
1013 1053 -0.5961392969914694
1014 1015 0.14422189992007084
1014 1054 0.14422650827535555
1015 1016 -0.7947732076639067
1015 1055 -0.6797666491687491
1016 1017 -0.8293629576557062
1016 1056 0.8968526817156919
1017 1018 0.1383107122454066
1017 1057 0.020245129508856152
1018 1019 0.15953158377210386
1018 1058 -0.22225323168262778
1019 1020 0.19236480074924933
1019 1059 0.09718634031025819
1020 1021 -0.12653472493830886
1020 1060 -0.205527349147701
1021 1022 0.8384733987545681
1021 1061 0.0385129940655502
1022 1023 0.8473779310921663
1022 1062 -0.4625410543937465
1023 1024 0.9596472901992403
1023 1063 0.5898721590981195
1024 1025 0.6236582699838831
1024 1064 -0.8250266195951077
1025 1026 -0.04521076758151121
1025 1065 0.22471862656706998
1026 1027 0.4209781748242525
1026 1066 -0.26955237459051795
1027 1028 -0.8934114135079254
1027 1067 0.6641665686693412
1028 1029 0.7082331464858513
1028 1068 -0.4893080878730922
1029 1030 -0.23851485412391482
1029 1069 -0.14070564227151516
1030 1031 -0.375315372090133
1030 1070 -0.512040191305275
1031 1032 0.828412445217205
1031 1071 0.7386242239069445
1032 1033 -0.2171069754797197
1032 1072 -0.34878790210678834
1033 1034 -0.93482455212484
1033 1073 -0.8923527170644086
1034 1035 -0.6010434883070146
1034 1074 -0.07130105496195505
1035 1036 -0.6105796120533684
1035 1075 -0.35189222359262007
1036 1037 0.9068654987580402
1036 1076 -0.21390541341251068
1037 1038 0.23402023134879668
1037 1077 -0.512677158655227
1038 1039 -0.895466425529891
1038 1078 -0.03060312176941382
1039 1040 0.027339667777880328
1039 1079 0.6089817774317967
1040 1080 -0.15090057884002395
1041 1042 0.6414029703258297
1041 1081 0.6554318521499622
1042 1043 -0.3424253001197197
1042 1082 0.058006363025385754
1043 1044 -0.8380678943654776
1043 1083 -0.37259793849697953
1044 1045 0.9575697815193303
1044 1084 0.09566826618145896
1045 1046 -0.8245058787204638
1045 1085 0.36643507034071665
1046 1047 0.6101979472066987
1046 1086 0.7153884503328167
1047 1048 0.002341624655471719
1047 1087 -0.9276935963193675
1048 1049 -0.12504592005088644
1048 1088 -0.4673113382686258
1049 1050 -0.2485099111025295
1049 1089 -0.4527542253011452
1050 1051 -0.8851317308137863
1050 1090 0.029450723610161766
1051 1052 0.9928034301338295
1051 1091 0.6481484022248027
1052 1053 0.5523828439149276
1052 1092 -0.07662316253067392
1053 1054 0.6371338160278206
1053 1093 -0.5069620945208577
1054 1055 -0.7140389226311301
1054 1094 0.055554240434241065
1055 1056 -0.41883400457637787
1055 1095 0.2920343107630834
1056 1057 0.9558075701888169
1056 1096 0.973906785454282
1057 1058 0.13491207112565773
1057 1097 0.5121420728791011
1058 1059 -0.17995805995393432
1058 1098 0.2097974800194775
1059 1060 -0.14064711019107556
1059 1099 0.18298091213160106
1060 1061 -0.1775323267888287
1060 1100 0.8700717863922014
1061 1062 0.07476403391578845
1061 1101 -0.5358979857576895
1062 1063 -0.7634620105015628
1062 1102 0.5044255387126886
1063 1064 -0.4680109465979718
1063 1103 -0.4181087486826611
1064 1065 0.4772410697510032
1064 1104 0.9222848728615525
1065 1066 -0.31268703064825454
1065 1105 0.11359679270647338
1066 1067 0.9015457449484965
1066 1106 0.8221289598229609
1067 1068 0.43664498468010193
1067 1107 0.4739339972742027
1068 1069 0.7925686040968629
1068 1108 -0.2899632917601842
1069 1070 0.5815093092504837
1069 1109 -0.8855802986152761
1070 1071 -0.5591858211299563
1070 1110 0.10018600147363932
1071 1072 -0.4412354438280117
1071 1111 -0.13607101245106867
1072 1073 0.9321256748825171
1072 1112 -0.9255869089119428
1073 1074 -0.7854387113141701
1073 1113 0.11848587854369907
1074 1075 -0.7352612917681105
1074 1114 -0.6540101341785922
1075 1076 0.9087127803565871
1075 1115 0.21779181414876603
1076 1077 -0.8268484912069685
1076 1116 0.4874101485378699
1077 1078 -0.7601407274873107
1077 1117 -0.5953538133348488
1078 1079 0.44938378243071475
1078 1118 0.4079367513257275
1079 1080 -0.7141453198891192
1079 1119 -0.01853531904341499
1080 1120 -0.4428549193447713
1081 1082 -0.5363333047958911
1081 1121 -0.8418890271901391
1082 1083 -0.8062300714320132
1082 1122 -0.9532401388248115
1083 1084 -0.1717526624871919
1083 1123 -0.21041627882741065
1084 1085 0.023970036871785227
1084 1124 0.6220277186439673
1085 1086 0.1367425834993481
1085 1125 -0.661451654160915
1086 1087 0.8662111962300687
1086 1126 -0.004553716126709961
1087 1088 -0.018422362216447663
1087 1127 -0.8559021638611026
1088 1089 0.742826676801678
1088 1128 0.1842647148857477
1089 1090 -0.8446201972591008
1089 1129 -0.5428841573601899
1090 1091 -0.7474365727352419
1090 1130 0.5294560886029065
1091 1092 0.6758559085277507
1091 1131 -0.46941970819028733
1092 1093 -0.32209581846869106
1092 1132 0.017197554726832598
1093 1094 -0.3186045741999626
1093 1133 -0.3284571047201146
1094 1095 -0.8430953446409983
1094 1134 -0.8120279155525032
1095 1096 -0.7006267794310435
1095 1135 -0.1492745476037114
1096 1097 0.003896845833157858
1096 1136 0.18143295765502
1097 1098 0.22204131321387455
1097 1137 -0.47711193420263776
1098 1099 0.15986738761122554
1098 1138 -0.4535135138628188
1099 1100 0.2927513964292845
1099 1139 0.06043008705435349
1100 1101 -0.18509754692086577
1100 1140 0.42531605918488014
1101 1102 0.07897960311468566
1101 1141 0.3743087883600671
1102 1103 0.8435422905958072
1102 1142 0.2613348976599539
1103 1104 -0.9339413788693254
1103 1143 -0.6034513648620281
1104 1105 0.6841507010578829
1104 1144 0.03929418195648182
1105 1106 -0.0968908299233
1105 1145 0.6006635290442159
1106 1107 0.7907291004721766
1106 1146 0.6736693971404255
1107 1108 -0.8250333432702055
1107 1147 -0.7211561923325109
1108 1109 0.20315474097066066
1108 1148 0.8191364172368139
1109 1110 -0.07682178998351397
1109 1149 -0.6648438480349401
1110 1111 -0.32837492990903994
1110 1150 -0.5009962599240194
1111 1112 0.8754269534847339
1111 1151 -0.8901471614942496
1112 1113 0.07942599367150427
1112 1152 0.6044819771150503
1113 1114 -0.7968762434679397
1113 1153 -0.27317898162022014
1114 1115 -0.27605825263104644
1114 1154 -0.23406070449004845
1115 1116 -0.2256693114461179
1115 1155 -0.06303689104446497
1116 1117 -0.9753335216702346
1116 1156 0.9173193141339209
1117 1118 -0.9300332793882908
1117 1157 0.35075094370509396
1118 1119 -0.03219512832375093
1118 1158 0.8993066483510894
1119 1120 0.0637447319265596
1119 1159 0.3073929765821406
1120 1160 -0.22032337965315452
1121 1122 -0.06847414704186705
1121 1161 0.7579516168085463
1122 1123 -0.6199226972267902
1122 1162 0.9246852891480681
1123 1124 0.44608105779844953
1123 1163 0.023249479294526143
1124 1125 0.4322952815744616
1124 1164 0.6617703198948994
1125 1126 -0.07326226402926861
1125 1165 -0.9751572745502322
1126 1127 0.43133409750851626
1126 1166 -0.16056922785487493
1127 1128 0.2947154885362082
1127 1167 -0.6209780494118697
1128 1129 -0.3114886308457554
1128 1168 -0.4963544599001637
1129 1130 -0.6054163283043743
1129 1169 -0.5042811497803459
1130 1131 -0.5310560402129096
1130 1170 0.21819234882104488
1131 1132 0.5632981524836227
1131 1171 0.3483213637761544
1132 1133 0.833932891303079
1132 1172 -0.6075636625789398
1133 1134 -0.480242591754261
1133 1173 -0.3400614317366919
1134 1135 0.17113527266793604
1134 1174 -0.2330866201255748
1135 1136 -0.31696645238060794
1135 1175 0.29904029408494526
1136 1137 -0.9797206463577228
1136 1176 0.3086399730397531
1137 1138 -0.8386809651972753
1137 1177 -0.10366641502875451
1138 1139 -0.3971653183399373
1138 1178 -0.8005058538069434
1139 1140 0.3782675474732766
1139 1179 -0.4164667232411501
1140 1141 -0.18822809881072167
1140 1180 0.7314602842554774
1141 1142 0.6565448176037363
1141 1181 0.9609626597015857
1142 1143 0.11863004095877039
1142 1182 0.2564442037180159
1143 1144 0.3754950731959821
1143 1183 0.44270731811551345
1144 1145 -0.2568430423257775
1144 1184 0.4464415985819983
1145 1146 -0.04548297879512053
1145 1185 -0.7923583870168471
1146 1147 -0.6980812821907136
1146 1186 0.9719005862825307
1147 1148 -0.8197684525016273
1147 1187 -0.8560333547339656
1148 1149 -0.9941539728653723
1148 1188 0.47328227083269603
1149 1150 -0.11689020329298705
1149 1189 0.3137604897688886
1150 1151 0.45338681420314586
1150 1190 0.9529823459774422
1151 1152 0.09801831898573066
1151 1191 0.20733095808603208
1152 1153 -0.2594041273123433
1152 1192 0.4922155635069627
1153 1154 -0.7599296551670249
1153 1193 -0.06676531568506006
1154 1155 0.32286308167038347
1154 1194 0.15449818884123312
1155 1156 -0.13400252268860013
1155 1195 0.8060721516677729
1156 1157 0.7469528838675799
1156 1196 -0.6406491719310339
1157 1158 0.4654332605332363
1157 1197 -0.8919956489259824
1158 1159 -0.7385884571509329
1158 1198 0.8729420380251909
1159 1160 0.3511720381953687
1159 1199 0.42778204693368904
1160 1200 -0.9568497419188986
1161 1162 -0.7049938825882931
1161 1201 -0.537497389378945
1162 1163 0.5219122916745196
1162 1202 0.042780891743022575
1163 1164 -0.31270874312459696
1163 1203 -0.06218343994801501
1164 1165 -0.7060798625620452
1164 1204 0.18050158114672832
1165 1166 -0.9536605122914572
1165 1205 -0.9619965102993708
1166 1167 -0.8048757570829923
1166 1206 0.025545013469189914
1167 1168 0.02642345614966546
1167 1207 -0.2850116241009124
1168 1169 -0.7012307745962232
1168 1208 -0.6226314106855235
1169 1170 -0.9128247491495642
1169 1209 -0.18157140129222538
1170 1171 0.6012494165434783
1170 1210 -0.3401915165679248
1171 1172 0.8202801850682058
1171 1211 0.2523591438893307
1172 1173 0.3800050077840633
1172 1212 0.48345795506836664
1173 1174 0.591369976713088
1173 1213 -0.48853712503317026
1174 1175 0.9712527001206948
1174 1214 -0.657349880127752
1175 1176 0.05994986689214121
1175 1215 -0.7152503302649851
1176 1177 -0.218744797971115
1176 1216 0.2298318052944115
1177 1178 0.044567985697857804
1177 1217 0.2537157127080667
1178 1179 -0.06465261151614343
1178 1218 -0.4803897687019565
1179 1180 0.15513633943446647
1179 1219 -0.6771619447944439
1180 1181 0.011053141692545454
1180 1220 -0.6538007903955794
1181 1182 0.44341464054698054
1181 1221 0.3233304778533457
1182 1183 0.05970502733375649
1182 1222 -0.13967550606776635
1183 1184 -0.5078928110272685
1183 1223 -0.9188322738984429
1184 1185 0.4955721184842674
1184 1224 0.9813566299356835
1185 1186 -0.7054325138227167
1185 1225 0.6266144278483825
1186 1187 0.09675825846619879
1186 1226 -0.867918196012887
1187 1188 0.021448083183487343
1187 1227 -0.11257176525242296
1188 1189 -0.6011329558836889
1188 1228 0.41982115721741375
1189 1190 0.626008293128314
1189 1229 -0.8632909691960882
1190 1191 -0.1891596368495998
1190 1230 -0.8602383008100756
1191 1192 0.018769545414708322
1191 1231 0.12973969555950204
1192 1193 0.030670011320405477
1192 1232 -0.9430707273326229
1193 1194 0.302395928991414
1193 1233 -0.8588927304666041
1194 1195 -0.5091439119844139
1194 1234 -0.15046622225676587
1195 1196 0.2890756462337942
1195 1235 -0.746552090151362
1196 1197 -0.5284912827941268
1196 1236 0.8045889985007824
1197 1198 -0.3419625421585688
1197 1237 0.4011039407250163
1198 1199 0.9843820387382556
1198 1238 -0.032807123857728104
1199 1200 -0.45576355840402827
1199 1239 0.9736046750112584
1200 1240 0.9586120570076155
1201 1202 0.8358916114078596
1201 1241 -0.7418729447876586
1202 1203 -0.7553055405317737
1202 1242 0.9971733621874668
1203 1204 0.09347753527226565
1203 1243 0.6697494486023081
1204 1205 0.6942273003410366
1204 1244 -0.3152087510826178
1205 1206 -0.19608431858784314
1205 1245 0.07102640702299556
1206 1207 -0.38353499012401193
1206 1246 -0.8675467889435313
1207 1208 -0.2887910052458629
1207 1247 0.9896239807377767
1208 1209 0.10778617045466388
1208 1248 -0.44985982657591506
1209 1210 -0.09022609518092883
1209 1249 0.4540483445414196
1210 1211 0.25963838342277556
1210 1250 0.2509404807764768
1211 1212 0.705389100733292
1211 1251 -0.46087029600000107
1212 1213 -0.3711223134617754
1212 1252 -0.2771175942895594
1213 1214 -0.3205550010859357
1213 1253 -0.4894020409019144
1214 1215 0.5280597244788443
1214 1254 -0.41067442315562963
1215 1216 -0.6924874007521835
1215 1255 0.7487211882267335
1216 1217 -0.6452486701850411
1216 1256 -0.09995037262943574
1217 1218 0.6623907502178461
1217 1257 0.08075079703316823
1218 1219 0.29746246475837346
1218 1258 -0.44927700226676937
1219 1220 0.3950649366893553
1219 1259 0.19978583829201124
1220 1221 -0.9706347101481478
1220 1260 0.34528568007519644
1221 1222 0.05034848152713245
1221 1261 0.47240361238893636
1222 1223 0.5932201754205291
1222 1262 0.9457618475923784
1223 1224 -0.7258932935924582
1223 1263 -0.16034079442574067
1224 1225 -0.39229441580363655
1224 1264 0.33652291486832
1225 1226 -0.4160215187254095
1225 1265 0.34888616728066535
1226 1227 -0.0013757612573854772
1226 1266 0.20453644761734857
1227 1228 0.5219407696376648
1227 1267 -0.8690498773667317
1228 1229 -0.5144000579846133
1228 1268 0.7030724307076923
1229 1230 0.9188364705859631
1229 1269 -0.16102012924714226
1230 1231 0.5164092575681141
1230 1270 -0.16420762329338356
1231 1232 0.24444657598846953
1231 1271 0.6804217792407412
1232 1233 0.9600832433627116
1232 1272 0.40468719149397425
1233 1234 -0.9789914049369339
1233 1273 0.020814040554297142
1234 1235 0.20867691758856455
1234 1274 -0.3034777848726311
1235 1236 -0.0015645532965831155
1235 1275 -0.5211443281168029
1236 1237 0.49010839196936606
1236 1276 0.43839649008322423
1237 1238 -0.9389799783090049
1237 1277 -0.6406268197390637
1238 1239 0.14841856883349958
1238 1278 -0.12078621061756056
1239 1240 0.8313469552865338
1239 1279 0.9511694118145273
1240 1280 0.972110426632447
1241 1242 0.8328154441316791
1241 1281 -0.5304048981774059
1242 1243 0.7765243036823766
1242 1282 0.9192896198559768
1243 1244 -0.3038161990758945
1243 1283 0.5663721269435542
1244 1245 -0.7102803413069336
1244 1284 -0.6327032576361378
1245 1246 -0.4748948930301242
1245 1285 0.03787884800835206
1246 1247 -0.3073994751624711
1246 1286 -0.34082427971838647
1247 1248 0.8769954742725001
1247 1287 -0.23921433673140258
1248 1249 -0.6210735227107202
1248 1288 -0.6163974264828058
1249 1250 0.04978088318127427
1249 1289 -0.7317004545798904
1250 1251 0.1063490032244554
1250 1290 -0.03800608988202092
1251 1252 -0.34866784333070044
1251 1291 -0.2692756866992334
1252 1253 0.6045072722656608
1252 1292 -0.5719604818825401
1253 1254 -0.4081077073949111
1253 1293 0.7161981484925879
1254 1255 0.25818810302249706
1254 1294 0.46418095221619304
1255 1256 0.08410064329364597
1255 1295 0.6975677633386004
1256 1257 -0.5771269145507796
1256 1296 0.9168678759454558
1257 1258 -0.39025155956068924
1257 1297 -0.5756926321801896
1258 1259 -0.2103154019466067
1258 1298 -0.3383044956339565
1259 1260 -0.7677878434669596
1259 1299 0.5206267714268507
1260 1261 -0.814128951425632
1260 1300 -0.9126515697974484
1261 1262 0.5252979795856421
1261 1301 -0.39033028445535245
1262 1263 -0.9847315745876812
1262 1302 0.11428307641198554
1263 1264 -0.3222956678131237
1263 1303 -0.13572683548374465
1264 1265 -0.9963659810397845
1264 1304 -0.3662561503127426
1265 1266 -0.8319441112539505
1265 1305 -0.6186304266786353
1266 1267 -0.503394907930123
1266 1306 -0.7637110791831214
1267 1268 -0.8253215367462223
1267 1307 0.7842465668084906
1268 1269 -0.8140865513435092
1268 1308 0.22536215731266163
1269 1270 -0.49931643455358654
1269 1309 0.7990380994542563
1270 1271 -0.5858985518755004
1270 1310 0.003932131833366492
1271 1272 -0.47733234885590825
1271 1311 0.22215874256310975
1272 1273 0.5115733795027528
1272 1312 0.8475195771340251
1273 1274 0.9799845785107277
1273 1313 -0.3582507826901282
1274 1275 0.7870079011155626
1274 1314 0.14066060996267193
1275 1276 -0.342025079910101
1275 1315 0.7912681034083628
1276 1277 0.4631793979761314
1276 1316 0.8281616298751453
1277 1278 -0.0724853068680833
1277 1317 0.6506047741624097
1278 1279 -0.10698696397192808
1278 1318 0.7629471698606818
1279 1280 -0.19764585039302962
1279 1319 0.6619458868879498
1280 1320 0.6848792451503134
1281 1282 0.23197353727900483
1281 1321 0.9031755200025284
1282 1283 0.12957089831650603
1282 1322 -0.40353419178476746
1283 1284 0.30202285023076825
1283 1323 0.7460515191074497
1284 1285 -0.6729858796207526
1284 1324 -0.14913527068194332
1285 1286 -0.04441625103580549
1285 1325 -0.41554125055211677
1286 1287 0.139297786088455
1286 1326 0.5392358791440668
1287 1288 0.024543785760714476
1287 1327 -0.7531317621106712
1288 1289 -0.28602234479046684
1288 1328 -0.7767559635201142
1289 1290 -0.10031686742311074
1289 1329 -0.8481339320612455
1290 1291 0.2688287674954688
1290 1330 0.012796760593287049
1291 1292 -0.2182685479571198
1291 1331 0.7887548513390059
1292 1293 -0.3707087233968349
1292 1332 -0.13360563848170592
1293 1294 0.9198818587180104
1293 1333 -6.0066585207740886e-05
1294 1295 0.09040180666491815
1294 1334 0.16168461522472044
1295 1296 -0.2592755139576224
1295 1335 0.8584938100243977
1296 1297 -0.8268683960164736
1296 1336 0.9655752030653477
1297 1298 0.7438769371250611
1297 1337 0.8951455260480696
1298 1299 -0.19101698969540903
1298 1338 0.6333362302081753
1299 1300 -0.14177327290546637
1299 1339 -0.17480544710904455
1300 1301 0.11211859118132583
1300 1340 0.824366159205502
1301 1302 -0.4262746275619447
1301 1341 -0.51173702357701
1302 1303 -0.15449698226494535
1302 1342 -0.0760717374291584
1303 1304 -0.9659182897129177
1303 1343 -0.9405970522477358
1304 1305 0.5883308290702922
1304 1344 -0.2906527086648423
1305 1306 -0.2416024645260897
1305 1345 -0.21089596463420324
1306 1307 0.8792634772326733
1306 1346 -0.7397496295725106
1307 1308 0.2479753102467679
1307 1347 0.3554788341586097
1308 1309 -0.09196261012129447
1308 1348 0.7932090513951953
1309 1310 0.47428952088122966
1309 1349 0.013377361169274016
1310 1311 0.5154821333354067
1310 1350 -0.07682946351971554
1311 1312 0.4302221825685646
1311 1351 0.092386614107969
1312 1313 -0.4142670247777469
1312 1352 0.33110913227199545
1313 1314 -0.49040351565833573
1313 1353 0.9670266100000371
1314 1315 -0.8045026501738621
1314 1354 -0.9069887507023713
1315 1316 -0.6612247737536352
1315 1355 0.22597462543690927
1316 1317 -0.36939806559163535
1316 1356 0.19405943961210737
1317 1318 -0.2912223834470049
1317 1357 -0.8678694329328911
1318 1319 -0.3720233036310845
1318 1358 0.9912722872396686
1319 1320 0.9572349112043148
1319 1359 0.7333497455942568
1320 1360 0.49645602413626677
1321 1322 -0.48973836055532827
1321 1361 -0.09948970331001927
1322 1323 -0.6296141650333218
1322 1362 0.5617055709373842
1323 1324 -0.178698074114523
1323 1363 -0.6316813564967347
1324 1325 0.21117701197577743
1324 1364 -0.8117580408648446
1325 1326 -0.18959889837545596
1325 1365 -0.051412651376016916
1326 1327 0.2188533571702962
1326 1366 0.08531364270561426
1327 1328 -0.3642675012270933
1327 1367 0.856527303955015
1328 1329 -0.313450350293768
1328 1368 -0.7922132487309694
1329 1330 -0.07546384306235021
1329 1369 -0.9181842358432206
1330 1331 -0.5795217557605996
1330 1370 0.30623854846830034
1331 1332 0.16447472604242175
1331 1371 0.9694869539440696
1332 1333 -0.979737842047463
1332 1372 0.44328262623730375
1333 1334 -0.1460028065868122
1333 1373 0.8772310232931866
1334 1335 -0.38463572158476467
1334 1374 -0.7828562572919633
1335 1336 0.7298573793961811
1335 1375 -0.564642935200325
1336 1337 -0.029759471647695435
1336 1376 -0.13072859285975813
1337 1338 0.8602695747121227
1337 1377 -0.7386890042488645
1338 1339 -0.1865616461572548
1338 1378 -0.7309997218090696
1339 1340 0.11835878987419446
1339 1379 0.664791270084689
1340 1341 0.8712616179364332
1340 1380 -0.30848169498909317
1341 1342 -0.19972111234502243
1341 1381 0.3888797915235298
1342 1343 0.33945375995017457
1342 1382 0.7278124817489324
1343 1344 -0.5435982618997339
1343 1383 0.9886207906576503
1344 1345 -0.5947833458074792
1344 1384 -0.6400321733587095
1345 1346 0.7580006972464219
1345 1385 0.5549764785550126
1346 1347 -0.9400347549413326
1346 1386 0.10229683133353284
1347 1348 0.6303477517115295
1347 1387 -0.09412887586409635
1348 1349 0.9696401353854602
1348 1388 0.945167531012882
1349 1350 -0.9473069412177153
1349 1389 0.5761875118937929
1350 1351 -0.12151821217172487
1350 1390 0.7659541216588479
1351 1352 0.5406298079810146
1351 1391 -0.4730842834433251
1352 1353 -0.037754655300774154
1352 1392 0.7144379352673291
1353 1354 -0.9927612299779764
1353 1393 -0.9867677752365998
1354 1355 0.09494620980558865
1354 1394 0.4045467921673431
1355 1356 0.8109571954234489
1355 1395 -0.27817951877134584
1356 1357 -0.8945568702590745
1356 1396 0.5245487426404505
1357 1358 -0.24606804682265726
1357 1397 0.015627149954293262
1358 1359 0.5189476250910574
1358 1398 0.5754965478861145
1359 1360 0.10411019665156163
1359 1399 -0.6891409806240987
1360 1400 -0.5405901462994607
1361 1362 0.9450355608529875
1361 1401 -0.5212580036767227
1362 1363 -0.6895705071919176
1362 1402 0.20223790064703806
1363 1364 -0.8136433743165137
1363 1403 0.11471829811824152
1364 1365 -0.9464229237102935
1364 1404 -0.8225690908481773
1365 1366 -0.12515762215401538
1365 1405 -0.9672503495625466
1366 1367 -0.6708397543537155
1366 1406 -0.7858195649830695
1367 1368 -0.9822143530317509
1367 1407 0.15336948687331464
1368 1369 -0.13923275403597346
1368 1408 0.727418184869004
1369 1370 0.7938181919656937
1369 1409 0.2651999839559578
1370 1371 -0.35186801793821965
1370 1410 0.8518035482831385
1371 1372 -0.316027442208644
1371 1411 0.027473610006279348
1372 1373 0.26614338220682554
1372 1412 0.13037642748894984
1373 1374 -0.36773048801386743
1373 1413 -0.11312936211489921
1374 1375 -0.33770892688581267
1374 1414 -0.07948514797975825
1375 1376 0.8972593729650244
1375 1415 0.580453188984994
1376 1377 0.42859948137070214
1376 1416 -0.3934750035835428
1377 1378 0.8354560807518532
1377 1417 -0.048186293807015
1378 1379 -0.6871186518138526
1378 1418 -0.643569370811141
1379 1380 0.8904480358386244
1379 1419 -0.026522371300147007
1380 1381 -0.252289193341809
1380 1420 -0.6198091727973256
1381 1382 0.5463945683908056
1381 1421 -0.7076173617478498
1382 1383 -0.360728227565944
1382 1422 0.6333824259275491
1383 1384 0.556557467971619
1383 1423 -0.40198491241132617
1384 1385 0.9787918201131358
1384 1424 0.3023307705361262
1385 1386 0.2215663315878167
1385 1425 0.0956761616208106
1386 1387 -0.877937848153931
1386 1426 0.5479805243469309
1387 1388 0.9390219453282893
1387 1427 -0.8008573565470951
1388 1389 -0.3691628355788017
1388 1428 0.3461264443707428
1389 1390 0.5654642457964982
1389 1429 0.8165263369716635
1390 1391 -0.37731013911677813
1390 1430 0.024110242316331076
1391 1392 0.4179289869734466
1391 1431 -0.5584818702616934
1392 1393 -0.6046877682446796
1392 1432 0.3049767578692608
1393 1394 -0.9541507684835953
1393 1433 0.5133929744377725
1394 1395 -0.1617311287522376
1394 1434 0.9174269447936036
1395 1396 -0.892675971509379
1395 1435 -0.2798053455542473
1396 1397 -0.6940087871809779
1396 1436 -0.2801795816793371
1397 1398 0.5970785694642933
1397 1437 -0.2989761238938067
1398 1399 -0.4832016271882986
1398 1438 -0.7015777310665705
1399 1400 0.16624986727993996
1399 1439 -0.7548458256399819
1400 1440 -0.9126014036351955
1401 1402 -0.6026373946107422
1401 1441 0.3758927538420551
1402 1403 0.47608004860301123
1402 1442 0.1326281979546755
1403 1404 0.9536633700920183
1403 1443 -0.40855570527683227
1404 1405 -0.456663431057752
1404 1444 -0.3155039834422426
1405 1406 0.41112343358851566
1405 1445 0.5185647098250266
1406 1407 -0.6177756044488809
1406 1446 0.449241829791319
1407 1408 -0.635512938609865
1407 1447 -0.5663671309031793
1408 1409 -0.3529876586306049
1408 1448 0.9128948431818877
1409 1410 0.27046856599612057
1409 1449 0.5449106973634792
1410 1411 -0.7078491641266411
1410 1450 0.532367299701046
1411 1412 0.09012832678873184
1411 1451 -0.9500064266904826
1412 1413 0.17884591532795313
1412 1452 -0.8292704183508299
1413 1414 0.8853829356907543
1413 1453 0.13668425305405596
1414 1415 0.08754813336212619
1414 1454 0.8284951046887594
1415 1416 0.7520207472131262
1415 1455 -0.6139039725683357
1416 1417 0.03421793510895754
1416 1456 0.3816963527704911
1417 1418 0.9468286778975947
1417 1457 -0.9164284579243023
1418 1419 0.4375189359413263
1418 1458 0.6530666710208517
1419 1420 0.14823384996349032
1419 1459 0.05691477930460587
1420 1421 0.96120569030357
1420 1460 0.4665978693211128
1421 1422 -0.24533598392333977
1421 1461 -0.4583705510661866
1422 1423 -0.941650012440997
1422 1462 0.11563163134841359
1423 1424 -0.9148296032755872
1423 1463 -0.8368215330840421
1424 1425 0.21126667759748496
1424 1464 0.600362711844654
1425 1426 0.12066583113244556
1425 1465 0.6321106824078369
1426 1427 -0.9858859540516138
1426 1466 -0.8681665251486081
1427 1428 0.07323525033187006
1427 1467 -0.5389635304338438
1428 1429 -0.22675417271164178
1428 1468 -0.6010661100510637
1429 1430 -0.16275982221826313
1429 1469 -0.9307693404426107
1430 1431 -0.5387716143018011
1430 1470 -0.3403914663545802
1431 1432 -0.5100634930424708
1431 1471 -0.12985738429579174
1432 1433 0.8223668498894088
1432 1472 0.2157814050845428
1433 1434 -0.5929123127231417
1433 1473 0.4648178320266425
1434 1435 -0.8601970791199534
1434 1474 0.4208864461624564
1435 1436 0.9408280081755078
1435 1475 0.024505914361495185
1436 1437 -0.34642639684695187
1436 1476 -0.12565555757210922
1437 1438 0.18873162650630948
1437 1477 0.6256601273236877
1438 1439 0.08959375035898542
1438 1478 0.3021951369797431
1439 1440 -0.8412436344941139
1439 1479 -0.18277607966996778
1440 1480 -0.939340298533546
1441 1442 0.6900183893381437
1441 1481 -0.09336763636638978
1442 1443 0.5887586127277917
1442 1482 0.8545200342971442
1443 1444 -0.21368181386221696
1443 1483 0.6375977726998094
1444 1445 0.5534507632188164
1444 1484 0.48725472701419825
1445 1446 -0.45512079637438174
1445 1485 -0.06872824439503256
1446 1447 -0.5143010901254139
1446 1486 0.5389748382558741
1447 1448 0.04084011695866585
1447 1487 -0.5419762012255098
1448 1449 -0.16452213265872517
1448 1488 -0.130161861498306
1449 1450 -0.8618946493069666
1449 1489 -0.24433635189659886
1450 1451 0.6479624947907274
1450 1490 0.7282552695495277
1451 1452 -0.8650540239948741
1451 1491 -0.5608283990671397
1452 1453 -0.5662881159487361
1452 1492 -0.7937380664416294
1453 1454 -0.3727354538588221
1453 1493 0.11126831446217289
1454 1455 -0.9171394586188073
1454 1494 0.9188869982339096
1455 1456 0.21684373205987062
1455 1495 -0.7134896912380353
1456 1457 -0.11043313035568136
1456 1496 0.7241610839909112
1457 1458 -0.3921406385609185
1457 1497 0.11902172047219683
1458 1459 -0.8287854395360823
1458 1498 -0.18966580183145765
1459 1460 0.7266630878039595
1459 1499 0.09016755466443449
1460 1461 0.5167152373706871
1460 1500 -0.6003503844489824
1461 1462 0.7656375608696031
1461 1501 -0.9624949680383204
1462 1463 0.06181723869302269
1462 1502 -0.010868831021678904
1463 1464 -0.3138556632730527
1463 1503 0.5958337018827515
1464 1465 0.33851370307795303
1464 1504 -0.4616006044030416
1465 1466 0.8924445100911396
1465 1505 -0.6930735107565309
1466 1467 -0.23146909292464657
1466 1506 -0.6675978287058362
1467 1468 0.8854024319338627
1467 1507 0.0034865903730192382
1468 1469 0.3211577967077872
1468 1508 -0.6207333986595334
1469 1470 0.14528949418624038
1469 1509 -0.9327505317063445
1470 1471 0.46500978785160996
1470 1510 -0.3543238505467561
1471 1472 -0.18320579964167494
1471 1511 0.38776027662008916
1472 1473 0.3165596789981753
1472 1512 -0.1931999476709465
1473 1474 0.7989752148034994
1473 1513 -0.8892939441244694
1474 1475 0.44124655180218775
1474 1514 0.16262284862408327
1475 1476 0.05139672211785995
1475 1515 0.3018133368430609
1476 1477 0.9659696538999913
1476 1516 0.5935521142912348
1477 1478 -0.6021170588101106
1477 1517 0.03880071331925472
1478 1479 -0.32610870630649513
1478 1518 0.914662184526527
1479 1480 -0.1632329183243284
1479 1519 -0.05317982714905756
1480 1520 0.8887546259283965
1481 1482 -0.7972599449260764
1481 1521 0.2456959411053281
1482 1483 -0.8382755593199109
1482 1522 -0.7669643566436113
1483 1484 -0.21197680171023325
1483 1523 0.7816502385184263
1484 1485 -0.7800450406206672
1484 1524 -0.04386207986249846
1485 1486 0.4489608098606699
1485 1525 -0.8343363381510678
1486 1487 0.3199269607748123
1486 1526 0.5875611214140684
1487 1488 0.5968056111521796
1487 1527 -0.03689839391765504
1488 1489 -0.7244092054123246
1488 1528 0.3298348378329192
1489 1490 0.3378596937634526
1489 1529 -0.29057516382688897
1490 1491 0.38282721674222886
1490 1530 -0.69495251380632
1491 1492 0.058478825920968536
1491 1531 -0.8829108567544679
1492 1493 -0.027975369311376896
1492 1532 -0.863597721452283
1493 1494 -0.996139914527677
1493 1533 0.1438458389915498
1494 1495 -0.49643566563174146
1494 1534 -0.956539660684198
1495 1496 0.6850139151096752
1495 1535 0.6181114365979883
1496 1497 0.6992223432404847
1496 1536 0.022502334260944945
1497 1498 0.864516671718953
1497 1537 -0.4264131538454068
1498 1499 0.09220363835002976
1498 1538 0.2748675952701367
1499 1500 0.28259628313632934
1499 1539 0.9002249904999222
1500 1501 -0.8690015721928954
1500 1540 -0.7878487581906628
1501 1502 -0.659238833627374
1501 1541 0.25510904222018493
1502 1503 0.5608048724819135
1502 1542 -0.6389246003422098
1503 1504 0.021153156448465715
1503 1543 0.9459793327589989
1504 1505 0.5000294944975052
1504 1544 0.2114326851402759
1505 1506 0.6345063845839221
1505 1545 0.39804945477731746
1506 1507 0.20700275829035064
1506 1546 0.8051194286006957
1507 1508 -0.08040554889394458
1507 1547 -0.3155369312110232
1508 1509 -0.6112853784162617
1508 1548 -0.4917979779752968
1509 1510 0.5217685163418186
1509 1549 0.1776378538718999
1510 1511 -0.5083790359132161
1510 1550 0.9464718050540213
1511 1512 0.6557770724710512
1511 1551 0.8639850966104758
1512 1513 0.4949367450207507
1512 1552 -0.7019380915052835
1513 1514 -0.7266870109049635
1513 1553 0.8152072924201446
1514 1515 0.37233315125709976
1514 1554 -0.47500539900720096
1515 1516 -0.9368790292058178
1515 1555 -0.8696916226744331
1516 1517 -0.9927916210468051
1516 1556 0.5450686108516101
1517 1518 0.8349215167019446
1517 1557 0.7181838621394965
1518 1519 -0.9520246224867481
1518 1558 -0.6856318498734915
1519 1520 0.14551226161599295
1519 1559 0.9429311284621271
1520 1560 -0.35343767860113773
1521 1522 -0.8330481262804306
1521 1561 -0.8934658107021249
1522 1523 -0.7723975275381361
1522 1562 -0.4241340977770722
1523 1524 -0.9397484768228508
1523 1563 0.7996234907210367
1524 1525 0.2957697061217355
1524 1564 0.6850973903655693
1525 1526 0.6982539496426252
1525 1565 0.4412983838326694
1526 1527 -0.3713006580280225
1526 1566 0.48279023154146405
1527 1528 0.4125563965666088
1527 1567 -0.2565468966589819
1528 1529 0.8883965789736106
1528 1568 -0.6249295005508522
1529 1530 -0.5763822050110714
1529 1569 -0.6834202861072147
1530 1531 -0.555360763385796
1530 1570 -0.5689454595285481
1531 1532 -0.6996717858887087
1531 1571 0.817412991955095
1532 1533 0.27435753524478645
1532 1572 0.7413358736657241
1533 1534 0.979037033546829
1533 1573 0.003080791236675262
1534 1535 -0.5218250688136052
1534 1574 0.6072240283044361
1535 1536 -0.5530215224711739
1535 1575 -0.007648869873852604
1536 1537 -0.9442278283749088
1536 1576 -0.5955893434961574
1537 1538 -0.07803310862406487
1537 1577 -0.3663275385676281
1538 1539 -0.17864564366892144
1538 1578 0.9722918263652924
1539 1540 -0.6958046554565605
1539 1579 -0.8187809333202722
1540 1541 0.08504416010194182
1540 1580 -0.6130395773255355
1541 1542 -0.2730332038996628
1541 1581 -0.3774188969410255
1542 1543 -0.6682087394201532
1542 1582 0.1651436048892414
1543 1544 -0.5630261861020274
1543 1583 -0.05121452879374799
1544 1545 0.25111027506763217
1544 1584 -0.6739145499096748
1545 1546 0.2681023627884973
1545 1585 -0.6302028086577505
1546 1547 0.3966945370835344
1546 1586 0.07023249603363513
1547 1548 0.6148761765237352
1547 1587 -0.5224894910638678
1548 1549 0.7530647971736599
1548 1588 0.36950021373050856
1549 1550 0.48261033300215583
1549 1589 -0.1446543087392811
1550 1551 -0.42237501010482315
1550 1590 0.32628023501691783
1551 1552 -0.7436850375779542
1551 1591 -0.05061776387414563
1552 1553 0.6217828366649418
1552 1592 -0.5986015909936016
1553 1554 0.638806330723414
1553 1593 -0.02070344463106011
1554 1555 -0.6978242572492022
1554 1594 -0.3044591499186051
1555 1556 0.21942857510156633
1555 1595 -0.42959643300884265
1556 1557 -0.8665174688482324
1556 1596 -0.3361387998027974
1557 1558 -0.9699856272558451
1557 1597 -0.6600039470103714
1558 1559 -0.6012108283628346
1558 1598 0.826393911034323
1559 1560 -0.7361609023303519
1559 1599 0.1816394772285299
1560 1600 -0.6326156159365499
1561 1562 -0.309043044041609
1562 1563 0.102804808412011
1563 1564 -0.4177887659846855
1564 1565 -0.22306229038708203
1565 1566 0.9809630682092392
1566 1567 0.07560016087294485
1567 1568 -0.18638532108040406
1568 1569 -0.752086968680721
1569 1570 0.8673698447536495
1570 1571 -0.6858235675603697
1571 1572 -0.029257084416610457
1572 1573 -0.095408177119783
1573 1574 0.9538539372941497
1574 1575 -0.6346870009390704
1575 1576 0.568659351334164
1576 1577 0.08191376147210594
1577 1578 0.7687658862282105
1578 1579 -0.2778031516400372
1579 1580 0.20824028444783704
1580 1581 -0.13621831511855853
1581 1582 -0.16689483510218772
1582 1583 0.8722476957042147
1583 1584 -0.6362161819353938
1584 1585 0.7485451906219407
1585 1586 0.30703784813752844
1586 1587 0.501984195059539
1587 1588 0.9730255465811117
1588 1589 -0.11749899781349304
1589 1590 -0.5037784503417442
1590 1591 0.21934425491774467
1591 1592 0.03554212432508819
1592 1593 0.7617164878669276
1593 1594 0.7029032638092572
1594 1595 -0.7730074706540524
1595 1596 -0.1534163972113194
1596 1597 0.08751130896855419
1597 1598 0.32848213614276456
1598 1599 0.14903351526211495
1599 1600 -0.6765461512239945
