1 2 -0.12801019571599248
1 41 -0.9481475363442173
2 3 0.1653697770580691
2 42 -0.9488981163006145
3 4 0.7525329034083181
3 43 -0.13522180911030524
4 5 -0.2384148325675839
4 44 -0.6433803444445596
5 6 -0.9130206041274451
5 45 -0.504898248754919
6 7 -0.5593966897606981
6 46 0.12571479783144035
7 8 -0.1070637833328969
7 47 0.5248611166054402
8 9 -0.6377571033688394
8 48 0.7508426864524935
9 10 -0.36821571063018266
9 49 -0.5286999397635617
10 11 -0.9057406455419292
10 50 0.1988001558103185
11 12 0.3452447837573265
11 51 -0.1705138316124195
12 13 0.31189453348434726
12 52 -0.94264249523318
13 14 -0.7376366067437854
13 53 0.25044094387523996
14 15 -0.8143390725246327
14 54 -0.627304939727257
15 16 0.945587634972852
15 55 0.8237168480028993
16 17 0.6975959518725148
16 56 -0.5780266005195733
17 18 -0.17960772500022526
17 57 -0.9215413891163913
18 19 0.5136595575650931
18 58 -0.0948637496577136
19 20 -0.7638876069376717
19 59 0.25108276342094826
20 21 -0.5367301591006144
20 60 0.92899141029294
21 22 -0.4705936933125423
21 61 -0.862783004359819
22 23 -0.17947457516312926
22 62 0.14955347511705597
23 24 0.19663256518214034
23 63 -0.12439597265144342
24 25 -0.20350105509530403
24 64 -0.513260148897257
25 26 0.2895755668354183
25 65 -0.5481703233114856
26 27 0.3767063546530356
26 66 -0.46700619467170457
27 28 -0.38606095239449245
27 67 -0.8379261413049466
28 29 0.4940945058969626
28 68 0.8857206077008699
29 30 0.7189143982395843
29 69 0.054306211331091925
30 31 -0.5477409457496716
30 70 -0.5060643153238853
31 32 -0.33855368754706894
31 71 -0.14559102312328287
32 33 0.18626551066014363
32 72 0.2967810184222819
33 34 -0.4011859370064921
33 73 0.8785109334878001
34 35 0.652324726871039
34 74 -0.7501593349747788
35 36 0.27801124762339025
35 75 0.11282893790380033
36 37 0.9608593528072624
36 76 0.9196026291792259
37 38 0.8129626281308664
37 77 0.12910232257204113
38 39 -0.9690411292907459
38 78 -0.039037718124842025
39 40 0.4490449602418678
39 79 -0.2193340951154399
40 80 0.7152044707556053
41 42 0.09932495575741829
41 81 -0.12935521476344625
42 43 0.32440403853665156
42 82 -0.22495314825343704
43 44 0.2392829274199293
43 83 -0.41914651413002324
44 45 0.5633188513321628
44 84 -0.05558282516839719
45 46 0.8863414453344165
45 85 0.11372033248650659
46 47 0.07892218914865334
46 86 -0.009275994391348519
47 48 0.27312683636916324
47 87 -0.6295120501738036
48 49 -0.3928284045018826
48 88 -0.4446938548250201
49 50 0.8659705415598207
49 89 0.5974252476057413
50 51 -0.03614221351788638
50 90 0.1991584234252406
51 52 -0.44179984271222184
51 91 0.785556398791621
52 53 -0.7882746981689948
52 92 0.33652700931654356
53 54 -0.577958581068239
53 93 -0.2433266463982866
54 55 0.5755326912276357
54 94 0.4484876314967299
55 56 0.5185255116929792
55 95 -0.4968721035454604
56 57 0.5843199222059008
56 96 -0.8706986701104287
57 58 0.5097482268454272
57 97 0.5913706872339475
58 59 0.547506155473604
58 98 -0.05226166044332903
59 60 -0.9909437493013711
59 99 0.6151428380595896
60 61 0.9401528540117647
60 100 -0.2864499570999386
61 62 -0.5046136432363824
61 101 -0.19197169248975254
62 63 0.04306678550633114
62 102 0.725305595880334
63 64 0.9004656863460896
63 103 0.3844729365155908
64 65 -0.7277007220305507
64 104 -0.6087629726332964
65 66 -0.5883140860685756
65 105 -0.2978389695525778
66 67 0.721466105459184
66 106 0.8457404878589623
67 68 -0.2835165641065778
67 107 0.576128476374425
68 69 -0.49330197373259255
68 108 0.5824689820035474
69 70 -0.7416140327403249
69 109 0.460142541002615
70 71 0.3305979050296983
70 110 0.8960799257487368
71 72 0.3240494093291293
71 111 0.9095775397110626
72 73 -0.5981487731860962
72 112 0.7137678016778857
73 74 0.5090580463931158
73 113 0.10858488084918805
74 75 -0.30222384497125043
74 114 -0.30255492497554615
75 76 -0.21995720204157077
75 115 0.06339125596185191
76 77 0.9820926371718603
76 116 0.7171007587691813
77 78 -0.4155851577569616
77 117 0.5750344506498173
78 79 0.6949071474247439
78 118 0.20946501266926942
79 80 0.11756681278789416
79 119 0.6153802803021218
80 120 -0.1326222483436892
81 82 -0.15926439582502194
81 121 -0.33933035799225175
82 83 -0.005852402530974743
82 122 -0.17018832525062555
83 84 0.2305091469285525
83 123 0.9073199247646453
84 85 -0.4810391911914458
84 124 0.38479849176246206
85 86 -0.2849635352895359
85 125 -0.9810992517242014
86 87 -0.3984938599932917
86 126 0.02289745067640636
87 88 0.1584039201364722
87 127 0.3084838692621672
88 89 -0.6997442072802071
88 128 -0.11063635551548079
89 90 -0.3130834443916559
89 129 -0.10033224962498322
90 91 0.5198371864968105
90 130 0.7400515537415944
91 92 0.28854862881511445
91 131 -0.5039437351616332
92 93 -0.7948599199775113
92 132 -0.8668186774342743
93 94 -0.19750244053494237
93 133 0.24889466072699684
94 95 -0.7377243212267319
94 134 0.41625727994121076
95 96 0.8011112743636926
95 135 -0.405658412204305
96 97 -0.37056384103485196
96 136 -0.6586530401586463
97 98 0.8702339592065391
97 137 0.04216633150511728
98 99 0.4524259493650111
98 138 0.5499929098219412
99 100 0.1980807290046933
99 139 -0.39426582785181985
100 101 -0.9164574196886497
100 140 0.5997489245387602
101 102 -0.9258639863795339
101 141 -0.22390586841843185
102 103 -0.9897343261990295
102 142 -0.7593338759809132
103 104 0.04201236937737485
103 143 0.12612640355180726
104 105 0.03850574269124207
104 144 -0.9524994453514894
105 106 -0.9841432350939763
105 145 0.40743678209309264
106 107 0.9738048226288836
106 146 0.47258240154715025
107 108 -0.5609891989050506
107 147 -0.9125023866984927
108 109 -0.2389767804503946
108 148 0.5600831962660422
109 110 0.40173695710185564
109 149 0.8285552471118391
110 111 0.5149812290246185
110 150 -0.7553120208493553
111 112 -0.5926791893567052
111 151 -0.4488953213538942
112 113 -0.038767387924315555
112 152 0.21879811572905505
113 114 -0.9177566765472875
113 153 0.16588044194474105
114 115 -0.8159025534577236
114 154 0.51155628273805
115 116 -0.30948145661313875
115 155 0.20912352195816397
116 117 0.24683247558062305
116 156 0.9847702282848267
117 118 0.37178110742155757
117 157 -0.30661304846379367
118 119 -0.3996412195952297
118 158 0.9489836321152634
119 120 0.6832945136416746
119 159 -0.9601130836502831
120 160 0.9653454047378718
121 122 -0.590702731924315
121 161 0.2385419327013274
122 123 -0.29825619739671905
122 162 0.10195581064883852
123 124 -0.10397056695182072
123 163 -0.5859003234933715
124 125 0.9609701579975569
124 164 -0.5074928220644204
125 126 -0.4929034655501541
125 165 -0.49154661969892643
126 127 0.572457033503107
126 166 0.625011162984427
127 128 0.18748074039123197
127 167 0.08295327798700103
128 129 -0.5370505482072978
128 168 -0.28227680651013665
129 130 -0.7977800032467
129 169 0.17875928892706838
130 131 0.006042821888985639
130 170 -0.852678005748156
131 132 0.5361874675459564
131 171 0.0736180500820176
132 133 -0.09662660769284326
132 172 -0.27051705145916216
133 134 0.9105302512262703
133 173 0.9771447235805941
134 135 0.5235563620069792
134 174 -0.6182790954258652
135 136 0.7552577237927021
135 175 -0.9172039895192903
136 137 0.9487020199037426
136 176 0.21370637889822297
137 138 -0.8668160525799524
137 177 0.853322588797981
138 139 0.7086834686356009
138 178 -0.6778314799567986
139 140 0.7817231246356127
139 179 0.6856506748720452
140 141 -0.4386807882958499
140 180 -0.8963535058028105
141 142 -0.5133376040119222
141 181 0.9805086977093311
142 143 -0.35751406556636645
142 182 0.6998162905049754
143 144 -0.7823003286057586
143 183 -0.448987118000731
144 145 0.2644253503161662
144 184 0.20635188963826656
145 146 -0.7732804337710268
145 185 -0.5330694402541067
146 147 -0.5246676600128204
146 186 0.6279211046072866
147 148 -0.17492350713261096
147 187 -0.4999959593421739
148 149 0.5691438806018598
148 188 -0.9401888760276274
149 150 -0.8515591183741604
149 189 0.36764378775881124
150 151 -0.05052524049383322
150 190 -0.907415715447236
151 152 0.9080114330036828
151 191 -0.5063964213128631
152 153 -0.7557408597439197
152 192 -0.24978043833212427
153 154 -0.09045299499797066
153 193 0.4367080999990052
154 155 -0.7341808226654241
154 194 -0.005777881213858915
155 156 -0.030859718552180393
155 195 -0.8153947499254561
156 157 -0.7156129743021933
156 196 0.12906578446232886
157 158 0.1396093406760488
157 197 -0.5604260992774215
158 159 0.9503535420194822
158 198 -0.43247412008417374
159 160 -0.4652852020809384
159 199 0.23848030962168454
160 200 0.5711887504631568
161 162 -0.4006906526509537
161 201 -0.46634544979426673
162 163 0.9458213797496497
162 202 -0.7744475695238571
163 164 -0.14926541618922706
163 203 -0.11085147047248456
164 165 0.5804876051880905
164 204 0.5246704884481177
165 166 -0.6586289479319478
165 205 -0.3100400806456176
166 167 0.06568177499169314
166 206 0.6126704288210341
167 168 0.1837581370715673
167 207 0.4179823445871558
168 169 -0.3327068464496159
168 208 0.24977513956563957
169 170 0.4578129502619619
169 209 -0.5440944101013534
170 171 0.8275279727140135
170 210 -0.8784363429909097
171 172 -0.1604620797121188
171 211 -0.8052182014801119
172 173 0.34668583232677586
172 212 -0.9193773190352912
173 174 -0.4021317660750705
173 213 -0.4709688077267935
174 175 0.3413943478880539
174 214 -0.18879886575398963
175 176 -0.8871776913810949
175 215 0.6063179735944657
176 177 -0.4421598960626536
176 216 0.8449622748703567
177 178 -0.49788138379382474
177 217 -0.7363281579830225
178 179 0.446607017545126
178 218 -0.9780391194487996
179 180 0.2634403244419665
179 219 -0.8486985869540125
180 181 -0.5109493608138711
180 220 -0.695478829568019
181 182 -0.6570175688145221
181 221 0.6887130304056164
182 183 -0.9920221393125432
182 222 0.06668446222754043
183 184 0.41159915211948594
183 223 0.9692587708519231
184 185 0.27956445795692253
184 224 0.6436696100933654
185 186 -0.8768010709320044
185 225 -0.10957260092641508
186 187 -0.5649476593229623
186 226 -0.7682363389087583
187 188 0.3043826095082931
187 227 -0.2509800950002914
188 189 -0.7302493798638903
188 228 -0.2844329961511003
189 190 -0.8316739367247259
189 229 -0.6047647613973859
190 191 0.7805863035798593
190 230 -0.5216558068485557
191 192 -0.8438752790895545
191 231 0.4813992342461546
192 193 -0.455112844376371
192 232 0.06830522741622236
193 194 0.1825132279115369
193 233 0.43406582454386733
194 195 0.937708244125544
194 234 0.7364228407554281
195 196 -0.9227487073122522
195 235 0.7877671392155792
196 197 0.7970343049787829
196 236 0.5649660473650826
197 198 0.48483325916247844
197 237 0.08249435441264308
198 199 0.9591291338468553
198 238 -0.20705313046359697
199 200 0.9218163415942824
199 239 0.02890592112519963
200 240 -0.8511163745466461
201 202 0.2422676655385898
201 241 0.05828418855407813
202 203 -0.37348294314057284
202 242 -0.9164045803693799
203 204 0.015234973343922764
203 243 0.05146649962191585
204 205 -0.759920415645172
204 244 0.6778051891180013
205 206 -0.5947018973045524
205 245 -0.8741969196383179
206 207 -0.9314490407807097
206 246 -0.6918677582009802
207 208 0.5419559473226223
207 247 -0.8218996074044913
208 209 -0.10859560582641015
208 248 0.3558868869581171
209 210 -0.11596932969922369
209 249 0.3496952020908115
210 211 0.5889425529907935
210 250 -0.7575224126122102
211 212 -0.5556770455610931
211 251 -0.7891510834566942
212 213 -0.5493764392272606
212 252 -0.42962935901917176
213 214 0.4405158996624057
213 253 0.37919898563216203
214 215 -0.8531840365750409
214 254 0.034909020558042014
215 216 -0.7865827442807916
215 255 -0.12158561534941281
216 217 0.10774583139924299
216 256 -0.28786334148640225
217 218 -0.7094791689003395
217 257 0.1823284464321464
218 219 -0.20013929863957025
218 258 0.13121690811423425
219 220 0.9296730654152594
219 259 0.23727028201432465
220 221 0.8198558876039115
220 260 -0.6101612429877594
221 222 -0.6641361157727079
221 261 0.1588338174455124
222 223 -0.9981963676204246
222 262 0.08119586833807291
223 224 -0.3942088097166334
223 263 0.9815231266672368
224 225 -0.8840189015767972
224 264 0.9304648250573588
225 226 -0.45482320311161173
225 265 0.0295827829239661
226 227 -0.7020146524164552
226 266 -0.49415293378811653
227 228 0.915470447041975
227 267 0.5118492957773852
228 229 0.06792655403177794
228 268 0.8427735101714486
229 230 0.86252410499991
229 269 0.7076239807674334
230 231 -0.13620400307280867
230 270 -0.8110629984148201
231 232 0.29516960313184826
231 271 -0.6680792812646499
232 233 -0.4537356023398571
232 272 0.15358946282280828
233 234 -0.02096943474160784
233 273 -0.6977951100488258
234 235 0.509366127792297
234 274 0.23732716286648703
235 236 -0.6489728003937605
235 275 0.742073460054004
236 237 -0.265616396361259
236 276 0.3025281878671251
237 238 -0.45171147170550685
237 277 -0.22601857380561774
238 239 -0.28245510709798927
238 278 0.025511698855281484
239 240 -0.2977355205251293
239 279 -0.25793192609101845
240 280 -0.9355782742156542
241 242 -0.7308401093101329
241 281 0.027156242531492847
242 243 0.4767995172418007
242 282 0.3150247753180879
243 244 -0.9151416162349078
243 283 -0.67116182765976
244 245 -0.07652219048693665
244 284 -0.7484372348938249
245 246 -0.8040792082274828
245 285 -0.0065449953717697795
246 247 0.4963700553373518
246 286 -0.23026020555543414
247 248 0.8269909808265596
247 287 -0.100749989884509
248 249 -0.39828626197847594
248 288 -0.35523640786675914
249 250 -0.11471297214393927
249 289 0.10109088162963942
250 251 0.8052638407579713
250 290 0.26887589335461737
251 252 0.3944587899692036
251 291 0.49526167512884633
252 253 -0.3494637753987673
252 292 -0.9841321253278876
253 254 -0.45728812197575874
253 293 0.8919542890778884
254 255 -0.014865598448271511
254 294 0.7638173950726053
255 256 -0.31368892710052587
255 295 -0.4441849522867527
256 257 0.4174385277079562
256 296 0.3499783681461637
257 258 -0.21847594911310275
257 297 0.41607843443506165
258 259 -0.9409830195891411
258 298 -0.9232183892978165
259 260 0.7879656101938177
259 299 -0.6740307791301128
260 261 0.49867738644896353
260 300 -0.7170239754006993
261 262 0.3182520422315085
261 301 0.06983056201954962
262 263 -0.04137142380969272
262 302 -0.7373447805019462
263 264 -0.2955626879143589
263 303 -0.0923527648425917
264 265 -0.011701404450091157
264 304 -0.053913374845827144
265 266 0.3491669875035841
265 305 -0.6111582112492535
266 267 0.16892704105467704
266 306 0.6204250861601617
267 268 0.42444958265830124
267 307 -0.896057695965573
268 269 -0.3561481063184353
268 308 -0.945728569088762
269 270 0.9476209917966298
269 309 -0.3350663359724919
270 271 -0.7419148678986323
270 310 -0.020988603580885945
271 272 0.2950534465127539
271 311 0.7303704168628291
272 273 -0.48258393874491046
272 312 0.215584648884946
273 274 -0.7524895286034785
273 313 -0.6540189285036186
274 275 -0.6586620891599824
274 314 0.6275483558638841
275 276 0.23492403980750787
275 315 -0.02683592495263598
276 277 0.562426312889853
276 316 -0.29010818686313367
277 278 -0.6299018489661428
277 317 0.9859952083807757
278 279 0.3870148668218636
278 318 0.954359204244815
279 280 0.1251780002666838
279 319 0.4945398426660108
280 320 -0.028767355022416785
281 282 -0.6311202687061694
281 321 0.5706702956333469
282 283 -0.5707285072000927
282 322 -0.16649311960932578
283 284 -0.09954564076525352
283 323 0.4159423412378416
284 285 0.07268694619213711
284 324 -0.40697449841074196
285 286 -0.8606788191751091
285 325 0.8703071267029767
286 287 -0.3642030196093127
286 326 0.1440176259339716
287 288 0.39324223162238936
287 327 -0.22472190166656114
288 289 0.9965590603435368
288 328 -0.5234521843615751
289 290 -0.610301487018903
289 329 0.5899963620596875
290 291 -0.3796501023999692
290 330 0.7302889777561288
291 292 -0.12850650801305963
291 331 -0.8914110214297746
292 293 0.10176572537012607
292 332 -0.9739960844822559
293 294 0.6027503788095463
293 333 -0.6027478714010666
294 295 0.12038344872199414
294 334 0.6804974637914323
295 296 -0.2758974898498099
295 335 -0.028676404313598303
296 297 0.9244849964593467
296 336 -0.8775623422110506
297 298 -0.8332640082298219
297 337 -0.9670727441107663
298 299 -0.521461206457593
298 338 -0.2897291271079765
299 300 -0.9456581444253915
299 339 -0.40158256855834007
300 301 -0.8473265195913906
300 340 -0.2570653830613625
301 302 0.8929133255740009
301 341 -0.1357944211706683
302 303 0.16901058152350013
302 342 0.24027138139868964
303 304 0.9488258382002333
303 343 0.6521988021065994
304 305 -0.6710363012417568
304 344 0.31737278664740276
305 306 -0.33612518159001503
305 345 0.12706268653134734
306 307 -0.4938648447951479
306 346 0.1172926624555477
307 308 -0.38192935397750927
307 347 -0.01279384494790814
308 309 0.721170336431826
308 348 0.4138843360156874
309 310 -0.15210246526406812
309 349 0.8657575745323025
310 311 -0.6393529988148738
310 350 0.7674512126194395
311 312 0.22834039439807619
311 351 0.7911582878282333
312 313 -0.290485548032531
312 352 -0.47774568973537335
313 314 0.8393850579150486
313 353 -0.10848209548679755
314 315 0.49403748634037714
314 354 0.49282930716360696
315 316 0.10710752288414227
315 355 -0.5624669684546346
316 317 -0.9685088930288333
316 356 -0.7116300950949701
317 318 0.7215877635486683
317 357 0.8964403096076923
318 319 -0.43854635843001843
318 358 -0.8132711659614025
319 320 0.26938746904583954
319 359 0.38309480934567675
320 360 -0.4308525771203109
321 322 0.7079505852789776
321 361 -0.011526325236144386
322 323 0.28768386829639003
322 362 0.3229626534308827
323 324 0.5551758166110672
323 363 0.5542059989392893
324 325 -0.6485516134865388
324 364 -0.8415236585984007
325 326 -0.5878047296588327
325 365 -0.07157530008190682
326 327 -0.25515896972724184
326 366 0.8190598199829242
327 328 -0.8978857024904796
327 367 0.32728251523850305
328 329 0.5257229575870059
328 368 0.39917336610672627
329 330 -0.7807746671448694
329 369 -0.058570563648352225
330 331 -0.6392188487494506
330 370 -0.5688635257652621
331 332 -0.6601269307618147
331 371 0.8898115834968119
332 333 -0.3988731229131395
332 372 0.819652192093532
333 334 -0.006898248627987602
333 373 -0.8154088638472425
334 335 -0.09348679904850776
334 374 0.4310791497161799
335 336 0.6728633645055029
335 375 0.23436742451417913
336 337 0.7544941418383189
336 376 0.3036786015749531
337 338 0.9205282390033549
337 377 -0.8184129920286587
338 339 0.4008943632561781
338 378 -0.6187997509445653
339 340 0.5674028290530122
339 379 0.6467421956051418
340 341 0.22023942133571572
340 380 0.06269821782006257
341 342 0.30160263454939185
341 381 0.7397964313927843
342 343 -0.09455693279079957
342 382 0.5954771196741453
343 344 0.05448524604649663
343 383 0.9652537696463455
344 345 0.7437038776805405
344 384 -0.8468064277196135
345 346 -0.5175063804135507
345 385 0.8300283351854285
346 347 0.7656766949431089
346 386 -0.07300337594527484
347 348 0.8041341265515092
347 387 0.9025385219597595
348 349 0.37643905394480237
348 388 -0.19036174649534887
349 350 0.8657774626047869
349 389 -0.8043003974178042
350 351 -0.45835080086103175
350 390 0.3832191088236647
351 352 0.8998513083721669
351 391 0.5944001657011411
352 353 -0.849933750061256
352 392 0.4801687043571441
353 354 0.49539700369793915
353 393 0.167795548036896
354 355 -0.63423178023495
354 394 0.8046959401858462
355 356 -0.8807028401476307
355 395 -0.9971299419478337
356 357 0.37949380065947436
356 396 -0.8068740658500329
357 358 -0.23065655446347466
357 397 0.3979591797142983
358 359 -0.41454708843983523
358 398 0.6493998804156496
359 360 -0.03701290739030494
359 399 -0.09293162835967594
360 400 0.7100470227895941
361 362 0.693122970714936
361 401 -0.840709045981878
362 363 -0.6590457330324586
362 402 0.7633044714970971
363 364 0.0055575050184428765
363 403 0.9134951866144951
364 365 -0.6022018163410017
364 404 -0.14082276188717247
365 366 -0.1706634857867262
365 405 -0.41732456313403543
366 367 -0.22605754995406357
366 406 0.6724983908345492
367 368 -0.2686788717022688
367 407 0.10555992026288918
368 369 0.29568130230622436
368 408 -0.7568768014966245
369 370 -0.41776776310708774
369 409 -0.7892202717123131
370 371 -0.34821830049593117
370 410 -0.17232989749557626
371 372 0.7838311554689292
371 411 -0.2034797948551812
372 373 -0.6836095197237513
372 412 0.27672387514713237
373 374 0.04990075581028908
373 413 0.1388228863606742
374 375 0.9397279981598139
374 414 -0.957768916634397
375 376 0.8147365323037303
375 415 0.673419087952978
376 377 -0.692910392917959
376 416 -0.18479168679376534
377 378 -0.30873355738890673
377 417 -0.962426718171723
378 379 -0.2075285258031112
378 418 0.8106502026278102
379 380 0.7788907213466958
379 419 -0.29486711024454637
380 381 0.6827961463547783
380 420 -0.1272253657731761
381 382 -0.5320576612412158
381 421 0.08393436698224743
382 383 -0.8798945920479635
382 422 -0.346661731179825
383 384 0.9735951250298667
383 423 -0.6869674613053725
384 385 -0.3800440345314464
384 424 0.5439771410748739
385 386 -0.922176859840028
385 425 -0.7005207744472446
386 387 -0.912330115778937
386 426 0.08999498650931392
387 388 -0.9930996223587418
387 427 0.24241594444652748
388 389 0.846275247182579
388 428 -0.7060542684025606
389 390 -0.9367150801091524
389 429 -0.624333488663539
390 391 -0.22860369013981163
390 430 -0.20620175988369227
391 392 0.22679998075770968
391 431 0.3854680912149795
392 393 -0.15983183425028558
392 432 -0.7353316645903665
393 394 0.9227870524233361
393 433 -0.3772875974048502
394 395 -0.7675165281777607
394 434 0.2516168629188962
395 396 0.3700265565136829
395 435 0.558438499082299
396 397 0.4989451982093682
396 436 -0.2869853825911113
397 398 -0.07781230904709013
397 437 -0.13827079246679208
398 399 0.6473256601517081
398 438 0.5885043432243087
399 400 0.34093217596800507
399 439 -0.9331140532618438
400 440 0.2811614976770547
401 402 0.010492180243407923
401 441 -0.8694269912262438
402 403 0.5560163196169365
402 442 -0.732091583656618
403 404 -0.3362525749202483
403 443 -0.03708367530793355
404 405 0.28362352725766327
404 444 -0.8252416424204072
405 406 -0.3529429703599116
405 445 -0.5768048331677205
406 407 0.20352744018844215
406 446 0.8240375548845982
407 408 -0.4668203188854443
407 447 -0.592247838656188
408 409 -0.9888553654670684
408 448 0.4911065166629045
409 410 0.7110859597943102
409 449 -0.5996073124156533
410 411 -0.5626564771938836
410 450 0.8394207750156719
411 412 -0.7171285918395227
411 451 -0.1130549252934907
412 413 -0.08692017307118038
412 452 0.8498721177821624
413 414 -0.6373289623620337
413 453 -0.8508441818389163
414 415 -0.09738702775173014
414 454 -0.1402914477901256
415 416 -0.7077378363242053
415 455 -0.15447137001135336
416 417 -0.886254270421059
416 456 0.7410212015296347
417 418 0.7669293104371961
417 457 0.6936835523066851
418 419 -0.35472089320750855
418 458 0.5313512922192358
419 420 0.6362188434993017
419 459 -0.6899583998085856
420 421 0.22331928294947745
420 460 -0.8807592425451747
421 422 0.968366297985015
421 461 0.5226678088123662
422 423 -0.039559918363369695
422 462 -0.34129882922944366
423 424 0.5741475754434178
423 463 -0.4575865875011993
424 425 -0.9227034663829248
424 464 0.16001077391929175
425 426 -0.4112921983595572
425 465 0.36209510469098394
426 427 0.8477272369062487
426 466 -0.18699089779520905
427 428 0.8435772081339807
427 467 0.4007773201889979
428 429 0.24692378027977657
428 468 0.8134038401664063
429 430 0.035151082758532626
429 469 -0.8742955725335635
430 431 -0.8547110164704044
430 470 0.34250154051968784
431 432 0.6879637864259087
431 471 -0.20654043068787398
432 433 -0.8746362147095292
432 472 0.7314538056843829
433 434 0.10990977063367935
433 473 0.8260492525524243
434 435 0.12222617356554433
434 474 -0.1254993791529111
435 436 0.2017553338328686
435 475 -0.24057809031519417
436 437 -0.2200425300590556
436 476 -0.5419271172214186
437 438 -0.9138850781616898
437 477 -0.4171813993053677
438 439 -0.23272040952073736
438 478 -0.17206298001954368
439 440 -0.5412183846257881
439 479 0.9452402616198492
440 480 0.17685350971896097
441 442 -0.14375534480522112
441 481 -0.8069381686787749
442 443 0.7378332528641576
442 482 0.497555756553709
443 444 0.49674799868207264
443 483 0.7156790368790278
444 445 0.4314611755419304
444 484 -0.7965103780732359
445 446 -0.4394634244596025
445 485 -0.7657899286068208
446 447 -0.03189285129064978
446 486 0.9170281331913674
447 448 -0.4075900923749398
447 487 0.6837352651839992
448 449 -0.8339430022152656
448 488 -0.5145617593128424
449 450 -0.06146443419550773
449 489 0.22551785366632027
450 451 -0.119175497877261
450 490 0.9036518960606585
451 452 -0.1329540417222197
451 491 -0.9609225136571176
452 453 -0.11861075139143717
452 492 -0.5946989883925686
453 454 -0.6398401508256877
453 493 -0.02439016778093439
454 455 0.5601399829559603
454 494 -0.9629230023583133
455 456 0.06602624727080841
455 495 -0.48848445600254364
456 457 -0.7995648294050415
456 496 -0.5614436673425378
457 458 0.17709957018672307
457 497 -0.6827433657613688
458 459 0.1711793718657444
458 498 -0.8933979564297039
459 460 0.09914553940795123
459 499 -0.8987158406040636
460 461 0.49047029303081935
460 500 0.39041586207599144
461 462 0.4129610802551489
461 501 -0.21685496157496242
462 463 -0.7581018051080239
462 502 -0.7707286728357576
463 464 -0.3932405091637181
463 503 -0.13555359976694126
464 465 -0.5566918043811409
464 504 0.07232108603909126
465 466 -0.8194332689720967
465 505 0.77211134825077
466 467 -0.30219348867757767
466 506 -0.032718565419033174
467 468 0.5783433060559193
467 507 -0.726363302117853
468 469 -0.9839389067949897
468 508 0.00784529064238626
469 470 0.5139643584210987
469 509 0.2258959230944979
470 471 0.17957489369319357
470 510 -0.7511257981494452
471 472 -0.7339109967175079
471 511 0.5344882707288812
472 473 -0.3817571891833047
472 512 0.11062176569473103
473 474 0.8545651816428017
473 513 -0.3473175499011196
474 475 -0.5088619404262154
474 514 0.7588225763522733
475 476 -0.2886256567869552
475 515 0.4557703869140053
476 477 0.4840368121454135
476 516 -0.3334834836810312
477 478 0.7562413596645641
477 517 -0.9495117242525339
478 479 -0.7825888490030863
478 518 0.6421079315678062
479 480 -0.8701291567866218
479 519 0.17771527119174335
480 520 -0.7791269723154131
481 482 -0.7456800565974451
481 521 0.19349061795719158
482 483 0.5971713081981618
482 522 0.08669046116780543
483 484 -0.17107988973417698
483 523 0.6973690285346468
484 485 -0.6488018581823563
484 524 0.4266431243148212
485 486 0.37850374955508803
485 525 0.28905237874891476
486 487 0.1534193209059025
486 526 -0.9445114040278249
487 488 0.8480303833479048
487 527 0.9571671752006061
488 489 0.9784552635245489
488 528 0.932228350772125
489 490 -0.4607755879686175
489 529 -0.0406727242744116
490 491 -0.4934981205108917
490 530 -0.06289466785057929
491 492 0.4379832483536994
491 531 0.31487594752294723
492 493 0.9913140746096649
492 532 0.4478869137996735
493 494 -0.888133118544469
493 533 -0.6519273404549037
494 495 0.1597057137809561
494 534 -0.4423513668050052
495 496 0.13257246823233304
495 535 0.948441728427716
496 497 0.4173595131829213
496 536 0.5219214374591523
497 498 0.6030343156454352
497 537 -0.8647162772775003
498 499 0.9455020389286035
498 538 -0.7794127500353998
499 500 0.44001840394221814
499 539 -0.2759807915813681
500 501 0.6238399374802628
500 540 -0.7915654622891815
501 502 0.7024418965972621
501 541 0.6803425358087616
502 503 0.5477147682684824
502 542 -0.46582972146026513
503 504 -0.04596161753970507
503 543 -0.7292088091287943
504 505 -0.7226777851420976
504 544 -0.2938769137113355
505 506 0.809319948649317
505 545 0.29493684274256915
506 507 0.08056417187811427
506 546 -0.83795700947774
507 508 -0.3043166302032212
507 547 -0.9147371624998415
508 509 0.6541085274399421
508 548 -0.37471650239425913
509 510 -0.2760474493505174
509 549 0.19040007840154893
510 511 0.31339045440342517
510 550 0.1429726335245145
511 512 -0.34440898991899394
511 551 -0.8076982039525815
512 513 -0.03254830216812188
512 552 0.6806329449191055
513 514 -0.5345482087545392
513 553 -0.4541896019301901
514 515 -0.22616675686344156
514 554 -0.06606928982099358
515 516 0.5006779079858634
515 555 -0.24909461063909277
516 517 -0.43813118262916095
516 556 0.019390167170094896
517 518 0.6828166691937367
517 557 -0.02842298334831117
518 519 -0.3837618619927068
518 558 0.4928733100830416
519 520 -0.7684624484482543
519 559 -0.06704378127084487
520 560 -0.589217414476003
521 522 -0.5479759987915283
521 561 -0.7861086313800341
522 523 -0.5583241698770762
522 562 0.836917293179201
523 524 -0.11085811649858157
523 563 0.4314941685727085
524 525 0.7705273488209783
524 564 0.9662767220861446
525 526 -0.37694119331403075
525 565 0.7605979123149935
526 527 0.47774169843534264
526 566 0.7228015931646616
527 528 -0.17133810526755466
527 567 0.5463731388604218
528 529 0.8426494996361864
528 568 0.16652895886911767
529 530 0.060937708858083584
529 569 -0.11036625672229738
530 531 0.6032035617682883
530 570 0.9786703691330143
531 532 0.17316897098407846
531 571 0.6138853858051558
532 533 -0.7406597039413672
532 572 0.0564130653662509
533 534 -0.6117800779624298
533 573 -0.14179230039266222
534 535 -0.0468429550566718
534 574 0.4345088480894512
535 536 -0.5495591582963846
535 575 0.5691255588321362
536 537 -0.5659331644548213
536 576 -0.6894624566347531
537 538 -0.08577610157530713
537 577 -0.36834395160749933
538 539 -0.31653073207553484
538 578 0.9038118319810107
539 540 -0.784240826131456
539 579 0.3298831828976114
540 541 -0.07602940166942185
540 580 0.30847946651941727
541 542 -0.12403151522333489
541 581 0.14125552868103397
542 543 0.32686219214413215
542 582 0.6933313375502668
543 544 0.527783958947925
543 583 -0.9342261211830154
544 545 -0.28485621092864033
544 584 -0.19489828332878933
545 546 -0.23191148101338155
545 585 -0.44347919370076716
546 547 -0.020836833309743286
546 586 -0.5195147601044059
547 548 -0.38788103029803467
547 587 0.7240950048420152
548 549 -0.09189580642404116
548 588 0.9861286359708359
549 550 0.8819056996997936
549 589 -0.8246607482817825
550 551 -0.2849332084796743
550 590 0.5455992402676231
551 552 -0.12142461383270198
551 591 -0.31503627506255527
552 553 0.0072601388662043576
552 592 -0.1609452017215771
553 554 0.8108217165212099
553 593 -0.2879468759758539
554 555 -0.04671907017919219
554 594 0.7535392277272372
555 556 -0.7552111758109405
555 595 0.13437164440315374
556 557 -0.1935648546700366
556 596 0.20521547555078667
557 558 -0.1940604583679415
557 597 0.9165039388106584
558 559 0.04215861283731681
558 598 0.7754995364688801
559 560 -0.31477785635036826
559 599 0.4170249067496987
560 600 0.6245160090163655
561 562 -0.5593875858588806
561 601 -0.30034742999340147
562 563 0.1841691553327527
562 602 -0.30752418108970714
563 564 -0.9831032728423605
563 603 -0.9495971526585021
564 565 0.30581390140242903
564 604 -0.044527293987249195
565 566 -0.22724854981087828
565 605 0.2221786006377371
566 567 -0.8028999811930984
566 606 0.9268860816891458
567 568 -0.6638937588190292
567 607 0.4885117823127574
568 569 -0.08753592659018006
568 608 -0.07532479597656327
569 570 -0.27368269284062396
569 609 -0.4879571671055185
570 571 -0.10051572005512144
570 610 -0.0599808216771327
571 572 0.6416352985616833
571 611 -0.5717061953598208
572 573 -0.3874915740277418
572 612 0.7638216263917676
573 574 0.07243108396787101
573 613 -0.2649675832848202
574 575 0.25979208128775455
574 614 -0.5076071819781314
575 576 0.9898975638109166
575 615 -0.4918866037722014
576 577 -0.9496511468551445
576 616 -0.840228468524451
577 578 0.9942707355427673
577 617 0.9554825842546477
578 579 -0.5134917155852146
578 618 0.8986530122108738
579 580 -0.14799072132344304
579 619 -0.361440997243339
580 581 -0.9833905497128084
580 620 0.7023822026000044
581 582 0.35843713616030715
581 621 0.5776801527566067
582 583 -0.4163515598932608
582 622 -0.626493657658693
583 584 0.9218778359035866
583 623 -0.46598345969223387
584 585 0.9457456454375761
584 624 -0.7299791699200473
585 586 -0.31269114203234194
585 625 0.7594465930688086
586 587 0.2984541861685215
586 626 0.05550479313666057
587 588 0.13464378052110448
587 627 0.93027819477681
588 589 0.27374110504586247
588 628 -0.8778476959564672
589 590 0.32737846138539517
589 629 0.5877610476405819
590 591 -0.23628597738239865
590 630 0.4585546637664182
591 592 -0.4999355331890585
591 631 -0.15754565276993726
592 593 -0.8376983620066236
592 632 -0.40107949187741077
593 594 -0.4018326149366367
593 633 0.5269565880915099
594 595 -0.30852194509849196
594 634 0.9245356672747995
595 596 -0.6808364636137691
595 635 0.4009560029952597
596 597 0.8016109946675729
596 636 0.17575171197802297
597 598 0.048753468854127124
597 637 -0.8430649225694449
598 599 -0.3237128965381857
598 638 0.10970096639440174
599 600 0.6328596209078665
599 639 -0.41004189756730725
600 640 0.4911097464009504
601 602 -0.06442503083539952
601 641 -0.5965135474700693
602 603 -0.47244294143996046
602 642 0.827830954330264
603 604 0.8809009870841771
603 643 -0.795724103537613
604 605 -0.8244248902300111
604 644 0.11790158939455342
605 606 0.046338652350390364
605 645 -0.3498863927797402
606 607 0.12685207220327444
606 646 0.4814038218754373
607 608 -0.15158736306771892
607 647 0.6881841783377536
608 609 -0.32052170350025255
608 648 0.934706604330112
609 610 0.812346756306733
609 649 0.018960204515967582
610 611 0.8813379157294317
610 650 -0.13559402944014587
611 612 -0.8594846529934104
611 651 -0.26244831647842615
612 613 -0.6780910607754835
612 652 0.2877872015119738
613 614 0.2907878218259823
613 653 0.8641012010465845
614 615 -0.5891879745313384
614 654 0.701312805624243
615 616 0.712122987835754
615 655 -0.6521958919917628
616 617 0.7647049107703958
616 656 -0.6417559746127108
617 618 0.6621583936604016
617 657 -0.09788231352220111
618 619 0.3210081256719286
618 658 -0.6155345606270568
619 620 -0.2700211389819833
619 659 0.5299003634659027
620 621 0.6414360285921883
620 660 0.025959821600817445
621 622 -0.10892477423100577
621 661 -0.3366148694834381
622 623 0.14660949500259246
622 662 0.601802843344925
623 624 0.4130752263548345
623 663 0.06578394899944451
624 625 -0.45455486226307285
624 664 0.34964648018205047
625 626 0.061352178610448505
625 665 0.8567563713224531
626 627 0.13583787093246413
626 666 0.5871697610917137
627 628 -0.9352805695715183
627 667 -0.01678467479136958
628 629 0.0740777675944706
628 668 0.32606656941541234
629 630 0.8345822984863265
629 669 -0.6388496479431192
630 631 -0.6344322603209178
630 670 -0.8772876130856975
631 632 -0.49072485279594713
631 671 -0.43132438691135344
632 633 0.6730767219940803
632 672 0.827959135916362
633 634 0.7634118692498622
633 673 -0.49063541893410445
634 635 0.9246507440137528
634 674 -0.1127333879029555
635 636 -0.21726795442722668
635 675 -0.10793790578357831
636 637 -0.9122796405057574
636 676 -0.6044149989023426
637 638 -0.5990636553864039
637 677 0.4816763703678164
638 639 -0.03649037316399584
638 678 0.027460350965136104
639 640 0.2744851377519326
639 679 -0.874695152924589
640 680 0.26564305851311665
641 642 0.28081345042982964
641 681 -0.033860328896496705
642 643 -0.16052907738635858
642 682 0.08038303133426172
643 644 0.3239355808794153
643 683 -0.43348251235775836
644 645 -0.6376995411827071
644 684 0.028804120942441225
645 646 0.8595808461303254
645 685 0.6964028179926076
646 647 -0.5519973639745956
646 686 0.882364991374943
647 648 -0.6059594818805443
647 687 0.6378310827845775
648 649 0.6319590971449742
648 688 0.9838504748220245
649 650 0.4026838843740046
649 689 0.06802917109004492
650 651 -0.11911042609688538
650 690 0.9062966335520524
651 652 0.7625893848970449
651 691 0.5510424634837832
652 653 0.915163364306472
652 692 0.8176575456114994
653 654 -0.5341545908786693
653 693 0.9800405648833972
654 655 0.015070918642074993
654 694 0.9591199078436006
655 656 0.8440154982108428
655 695 -0.39157234940693497
656 657 -0.19284196700858902
656 696 0.5400708600418276
657 658 0.0051997926262041805
657 697 0.10318970096779534
658 659 -0.7175017213484691
658 698 0.9640999443680109
659 660 -0.18416532744732028
659 699 0.7615034305694339
660 661 -0.3080257653869145
660 700 0.4580980428449881
661 662 -0.7201997524558028
661 701 0.44336844262489095
662 663 -0.2961419262127405
662 702 0.6757178640065085
663 664 0.6780758917528651
663 703 -0.592064413978515
664 665 -0.28807865912439934
664 704 0.8436582383490279
665 666 -0.0008271188620008196
665 705 -0.5791209317338644
666 667 0.052572970202135805
666 706 -0.42480691334479026
667 668 0.29110835146019154
667 707 -0.9913484570273163
668 669 0.5837096474773402
668 708 -0.9225999595282726
669 670 0.526178187013346
669 709 0.1898570104089996
670 671 0.7251799818027711
670 710 0.39339993460613676
671 672 0.9507128347266378
671 711 -0.7712601580681884
672 673 -0.7074031164544394
672 712 -0.5826800422104692
673 674 -0.7057437594498079
673 713 0.5024293531177684
674 675 -0.2644456207987729
674 714 -0.5314577305074335
675 676 -0.7963293080867659
675 715 0.963970078073559
676 677 -0.6262430397918068
676 716 -0.48639030364317226
677 678 0.45924111574293236
677 717 0.06041410956888216
678 679 0.11211022219845201
678 718 -0.5928874881298654
679 680 -0.03315242483838077
679 719 -0.8136994756545037
680 720 -0.5917131447730692
681 682 0.01047344003709827
681 721 -0.2262146977628814
682 683 0.21688431561009924
682 722 0.6524996568683159
683 684 -0.5983153124491092
683 723 -0.22333163577048176
684 685 0.21786029786878314
684 724 0.6664249802452085
685 686 0.6822458960398159
685 725 0.9085772731126553
686 687 0.28665691859174514
686 726 0.08663727586601211
687 688 -0.8553493537729768
687 727 0.6922154235043412
688 689 -0.39823657323402184
688 728 0.15970145071296526
689 690 -0.42787543682323714
689 729 -0.04271054418638198
690 691 -0.006224004762678259
690 730 -0.7475347035452631
691 692 -0.4892613951878608
691 731 0.46690394586202744
692 693 0.8009831505974292
692 732 0.32717772323666483
693 694 -0.33265646070832156
693 733 0.1970093435655258
694 695 0.3270414341098966
694 734 -0.5486567970587584
695 696 -0.44397935411713374
695 735 0.8094698842852106
696 697 0.966156242711516
696 736 0.745024114230272
697 698 0.118051070684003
697 737 -0.6358289232696004
698 699 -0.1033867512972424
698 738 0.46099462979867534
699 700 -0.6946219188500755
699 739 -0.2260343480482052
700 701 0.7793219040249799
700 740 -0.011070131765648084
701 702 0.4942566939760513
701 741 -0.6147263998984931
702 703 0.9605759974938879
702 742 0.30784782039309055
703 704 -0.9392827473816758
703 743 -0.6473360899807041
704 705 -0.25372815530725434
704 744 0.9285619550257067
705 706 -0.809067406529286
705 745 0.3450398170089308
706 707 -0.7867300436309561
706 746 -0.8332205596121143
707 708 -0.007464244199284709
707 747 -0.87681698145105
708 709 -0.07583485110593169
708 748 -0.06529480720531233
709 710 0.15816590218210003
709 749 0.38366946716520767
710 711 0.052324383532377894
710 750 -0.5781888001561457
711 712 -0.04869023780637316
711 751 -0.5525781534487146
712 713 0.19868062874750247
712 752 0.8438332832260651
713 714 -0.076482267227447
713 753 0.7548762743002377
714 715 0.9703467254673748
714 754 0.47602396372615097
715 716 -0.744066713759151
715 755 0.33083134594155417
716 717 0.9572768803080063
716 756 0.7100479650014977
717 718 -0.8141849218369162
717 757 -0.5324890237161939
718 719 0.3453146356306187
718 758 0.5676515013916186
719 720 -0.516034910581068
719 759 0.13811803312337734
720 760 -0.3780531128471458
721 722 0.5872749088831541
721 761 0.16000835775561328
722 723 0.24712636912426156
722 762 -0.6465756768311479
723 724 0.8518031930169985
723 763 0.14054841950143815
724 725 -0.352498835487707
724 764 0.9777241866394131
725 726 -0.9950351474638071
725 765 -0.015761799538746013
726 727 0.9227803943513462
726 766 0.11393746533331695
727 728 -0.15270212712341347
727 767 -0.7185172891659661
728 729 0.36413572231160196
728 768 -0.23274169091361707
729 730 0.6464277812819783
729 769 0.7519858700661375
730 731 0.8829129737263
730 770 0.002951582560102528
731 732 0.13332694379478882
731 771 -0.44701074381026085
732 733 -0.39390754381189885
732 772 -0.8501936219442299
733 734 -0.28215973269581474
733 773 0.3607829676079166
734 735 -0.6612776649451848
734 774 -0.3514751605735926
735 736 -0.41766601930772396
735 775 -0.55580904117483
736 737 0.8455606971162195
736 776 0.6639876479776128
737 738 -0.5974361240657129
737 777 0.41227693878545013
738 739 -0.7344936029690752
738 778 0.013562340906355663
739 740 0.7382389855075164
739 779 0.19436134025312768
740 741 0.7704466356950472
740 780 -0.7044650729950981
741 742 0.714487736081652
741 781 -0.6741243172766169
742 743 0.7880319072601596
742 782 -0.816532943667527
743 744 0.3615645331764319
743 783 0.6269388988792992
744 745 -0.6264627865595713
744 784 -0.06485160138918555
745 746 -0.41243441139343484
745 785 0.26751345218731193
746 747 -0.24681225009034535
746 786 -0.3352696323847879
747 748 0.205387645541534
747 787 0.6485623207966353
748 749 -0.5758728353844556
748 788 0.9013738909117706
749 750 -0.9366391406162513
749 789 -0.10925874510384448
750 751 -0.8589725729232138
750 790 0.6682146686527368
751 752 0.8208476469575428
751 791 0.49815394690538906
752 753 -0.8098544658119082
752 792 0.7308178181694356
753 754 -0.9354452019224995
753 793 0.14228340230213243
754 755 0.6072466069031635
754 794 0.28506661545783496
755 756 -0.32868597351152906
755 795 -0.6580810617494448
756 757 -0.24169780571447652
756 796 -0.19741351941729635
757 758 0.6336401268110192
757 797 -0.7397089998668052
758 759 -0.4847470455789762
758 798 0.3754776865720715
759 760 -0.20078471752733673
759 799 -0.28871842801227077
760 800 0.35593610918814544
761 762 -0.6754028029953723
761 801 0.4015046932143125
762 763 0.18251470530709168
762 802 -0.021467666010281716
763 764 0.833429223915765
763 803 0.4045284816394499
764 765 0.9899005199355864
764 804 0.6523016388795935
765 766 0.8758262381292075
765 805 -0.731146480353722
766 767 0.06333678389107078
766 806 -0.9104660758939502
767 768 -0.38816569820649227
767 807 0.4187238669676481
768 769 0.1683560002479334
768 808 -0.6069655633884572
769 770 0.8815908231250318
769 809 -0.568167614380817
770 771 -0.2785874128189252
770 810 0.8013959137493152
771 772 0.4412946470832808
771 811 -0.4329066726830637
772 773 -0.656287316099109
772 812 0.7871869858571454
773 774 0.7063996241234796
773 813 0.5856850562068265
774 775 0.527370108301304
774 814 -0.07948309611599824
775 776 -0.38132878131552017
775 815 0.3469298348637475
776 777 -0.3022906620220298
776 816 0.27434234209279595
777 778 0.6923250000143404
777 817 0.9190217861389667
778 779 -0.8108870790866192
778 818 -0.007723601925725632
779 780 0.44974817122952215
779 819 0.6810269507237137
780 781 -0.33839602387758805
780 820 0.43568784953815776
781 782 0.6539572718940985
781 821 -0.742066772388847
782 783 -0.2421466331951685
782 822 0.7316738370441749
783 784 -0.6818164545718461
783 823 0.15302126550212614
784 785 0.05457657499719715
784 824 0.14747789251630627
785 786 0.8616637238570835
785 825 -0.9652186812314592
786 787 -0.4009414842421124
786 826 0.49649862851693105
787 788 0.011598185544591688
787 827 0.6975487139282195
788 789 -0.8939528918645259
788 828 0.7580839536831052
789 790 -0.9174203665309433
789 829 0.8680138555358343
790 791 -0.8379337589387921
790 830 -0.886235104190602
791 792 -0.10752053946804763
791 831 0.7096491430162339
792 793 -0.9426537852442154
792 832 -0.524357279816331
793 794 0.3267977538736748
793 833 0.33829154656463745
794 795 0.7063394833624039
794 834 0.5591869204051672
795 796 -0.12645358794033035
795 835 0.8496486626115969
796 797 0.05915181745236797
796 836 0.1462527646677021
797 798 0.9479867153317529
797 837 0.6311080812323384
798 799 0.5927764922995822
798 838 0.1638850869666053
799 800 0.43202147371686284
799 839 0.6523011208381873
800 840 0.5136328734145377
801 802 0.9291021601785103
801 841 1.672234043348375e-05
802 803 0.09581556018075332
802 842 0.3990412395810963
803 804 0.0024329033741739003
803 843 0.012173667025277668
804 805 0.3883050908503667
804 844 0.46733959619395327
805 806 -0.5100117231716605
805 845 0.01012384115428211
806 807 0.09277793992858241
806 846 0.4887217786568847
807 808 -0.10743006509237629
807 847 -0.5334712823548973
808 809 -0.3722635917948507
808 848 -0.7301063358352893
809 810 -0.30956893527164997
809 849 -0.7621041177780139
810 811 -0.9657184756433819
810 850 0.8952499353877907
811 812 -0.31686069336151035
811 851 -0.5951511130300018
812 813 0.41581877457507455
812 852 -0.7912822175424521
813 814 0.24368518845745069
813 853 0.13115803301020335
814 815 0.135857367389977
814 854 0.1904116565277616
815 816 -0.9567630869629258
815 855 -0.6923672269523506
816 817 0.4145816228798198
816 856 -0.17440556083325132
817 818 0.5216906975933477
817 857 0.10966947144821226
818 819 -0.9803536193867788
818 858 -0.9164244354707103
819 820 0.050185660291862666
819 859 -0.7534951950011706
820 821 -0.2801327752304217
820 860 0.04482170972658173
821 822 0.2843222028624177
821 861 0.03946847326287539
822 823 0.4595686814634288
822 862 -0.8041790279528265
823 824 -0.8924905350244259
823 863 0.6542885748298444
824 825 -0.20167568673076652
824 864 0.0774528738440392
825 826 -0.8912720248635106
825 865 -0.33050183428314894
826 827 0.19449909264979026
826 866 0.8869425445146044
827 828 0.22737526478550607
827 867 -0.3035837152097616
828 829 -0.48837653239291745
828 868 0.2544817968125739
829 830 0.7896745397471434
829 869 0.4900032105019494
830 831 0.30419136029147986
830 870 0.013582770778377107
831 832 0.010157989984554527
831 871 -0.9449230963682609
832 833 -0.33020889402542974
832 872 0.8390367004151078
833 834 0.6239875825902266
833 873 -0.03146824674350057
834 835 -0.4453527551971488
834 874 -0.60146337411239
835 836 -0.11801108586635434
835 875 0.8062494311767825
836 837 -0.2540730457536673
836 876 0.1725755614028972
837 838 0.34360627206783234
837 877 0.9965316003033455
838 839 -0.21002779307650177
838 878 -0.2990931167053079
839 840 0.42092120217751483
839 879 0.2351063455764455
840 880 0.05086681908007007
841 842 0.7790401278922898
841 881 -0.3167726946577807
842 843 -0.5083776721917386
842 882 -0.6267457088270396
843 844 -0.5623584273412545
843 883 -0.9906729545299002
844 845 0.7505376196093252
844 884 0.9030202966914647
845 846 0.3568430196437653
845 885 -0.3344800847661016
846 847 -0.2631935399359755
846 886 0.3586520271624416
847 848 -0.5224690097670668
847 887 0.3863465060059543
848 849 0.28555741854398686
848 888 -0.3317140403776859
849 850 0.97651048344812
849 889 0.2620228299838141
850 851 -0.8249871103013078
850 890 -0.8490005784752919
851 852 0.11572201763264767
851 891 -0.10331271902212458
852 853 0.9440669554528889
852 892 0.01978493358387534
853 854 -0.6946580757984286
853 893 0.6268736980964347
854 855 -0.6508725722325328
854 894 -0.3136616041989515
855 856 -0.7781377176120905
855 895 0.046650340451327876
856 857 0.2067313843986327
856 896 0.9417312567675948
857 858 -0.8288458942968799
857 897 -0.8289306374197429
858 859 0.8281172144888536
858 898 0.7791638224568964
859 860 -0.3535368686140019
859 899 -0.4699275349456995
860 861 0.3095739041036438
860 900 0.17846249615506538
861 862 -0.7323787645464725
861 901 0.43058248640285757
862 863 -0.5360233169207975
862 902 -0.3366533468104873
863 864 -0.8199239134188041
863 903 -0.6482665140827399
864 865 -0.5246054130000066
864 904 -0.49341904814727644
865 866 -0.3840927627405326
865 905 -0.2258709352134658
866 867 -0.7324696173699587
866 906 -0.7154554826061983
867 868 0.7358365051440723
867 907 -0.03567998954450324
868 869 0.8659569727627348
868 908 0.5073956986896326
869 870 0.3802302111464477
869 909 -0.12969576619049406
870 871 -0.9945640838782028
870 910 -0.7230893929935274
871 872 0.28386577892873577
871 911 0.22318440353315072
872 873 -0.08465096575443853
872 912 0.6513514267701128
873 874 -0.9743100197497423
873 913 -0.27162399113766655
874 875 0.4362255732735365
874 914 0.8725728076544856
875 876 0.2988549067324031
875 915 0.20084226217248125
876 877 -0.4986774976418453
876 916 -0.20937479598871667
877 878 0.5975948420631159
877 917 -0.43446257502900676
878 879 0.7193472539246892
878 918 -0.9257486522818836
879 880 -0.8625392194792403
879 919 -0.7085187526346755
880 920 0.8806496588030401
881 882 0.13428825525541854
881 921 -0.1449080734077799
882 883 -0.7788337044076779
882 922 -0.45188149492789265
883 884 -0.1643275119945684
883 923 0.12675222067807024
884 885 0.7045258531951024
884 924 0.28187727955772846
885 886 -0.3872706568199855
885 925 0.5515958224430979
886 887 0.12821562376793216
886 926 -0.5840499672339448
887 888 0.29553895578868405
887 927 -0.8721498078400105
888 889 -0.15032752866114563
888 928 -0.23886744208841693
889 890 0.4097497144111002
889 929 -0.1385240894764861
890 891 0.8845185852829003
890 930 -0.0440679778553319
891 892 0.26462183966792674
891 931 -0.9789756254110216
892 893 -0.6563900099462225
892 932 -0.040791531544375204
893 894 0.966923959878704
893 933 0.26715030075429214
894 895 -0.4109926346337618
894 934 0.8725617211097678
895 896 -0.8974270996058522
895 935 0.8412978767847159
896 897 -0.3467606622157964
896 936 0.8410500657822624
897 898 -0.6948453473437226
897 937 0.41236606985334556
898 899 0.5451427683611361
898 938 0.059083955393078424
899 900 -0.6893634898912879
899 939 0.2108070833994018
900 901 -0.14360984701335022
900 940 -0.7189592434708185
901 902 0.5344105695601526
901 941 0.7815700847291336
902 903 0.2531504541733367
902 942 0.49497442800160285
903 904 0.3009172460058458
903 943 -0.06033899288833
904 905 -0.8487464445614357
904 944 0.08185923267772721
905 906 -0.11101723617151515
905 945 -0.17814788823110117
906 907 -0.2218081233452065
906 946 0.7864446456061234
907 908 0.5403478470406362
907 947 0.4815025224302232
908 909 0.8056057596033483
908 948 0.3742455165802663
909 910 0.20971912275449256
909 949 0.3563596614638693
910 911 0.6183334352333296
910 950 -0.4942006028557169
911 912 0.5227816262053764
911 951 -0.719393079653569
912 913 -0.8825689202917655
912 952 0.5879540561747554
913 914 0.35267464002417603
913 953 0.4889721166404202
914 915 0.04370695222318699
914 954 -0.9915733155707278
915 916 -0.9874385482872294
915 955 -0.1494283008733548
916 917 0.3712668114972848
916 956 0.1495564844140973
917 918 0.7082375454000369
917 957 0.4403175122298215
918 919 0.6008662860868397
918 958 0.08649156782067657
919 920 -0.7366059511803549
919 959 -0.40673227941052503
920 960 -0.9768088908571215
921 922 -0.126505473946402
921 961 0.5531183699942006
922 923 -0.9794999212008182
922 962 0.2587194456591644
923 924 0.7531237368466541
923 963 0.35516968045581887
924 925 -0.8530032305711268
924 964 0.24676942859167728
925 926 -0.9342921235431048
925 965 0.571595725043458
926 927 0.09362784624315101
926 966 -0.04802251824149084
927 928 0.6250353988445356
927 967 -0.7196316336652253
928 929 -0.8945003378721463
928 968 0.7917077015728244
929 930 -0.5128985233997305
929 969 -0.22554176298950068
930 931 -0.6405885812617997
930 970 0.9645293288042707
931 932 -0.1885314669621425
931 971 -0.9248971553776233
932 933 -0.20163556538494154
932 972 -0.5722400810911217
933 934 0.1628750581769196
933 973 -0.7028174041181923
934 935 -0.9848904474461804
934 974 0.9123575944368643
935 936 -0.06337617748907798
935 975 0.23042815661192928
936 937 0.974668486901008
936 976 0.17389940916843294
937 938 -0.44367384491257367
937 977 -0.15349662441147682
938 939 -0.6672963683044175
938 978 0.4764137218301019
939 940 -0.5725356882687334
939 979 0.7234620946187593
940 941 -0.17737056427221298
940 980 -0.5473149823329952
941 942 -0.015377845717970962
941 981 0.035932174442936615
942 943 -0.0348499132660014
942 982 -0.9458360114283948
943 944 -0.45109792735688536
943 983 0.8855601288672328
944 945 -0.02232270330836328
944 984 0.9357765954255821
945 946 -0.8087570184689361
945 985 -0.3337293739846783
946 947 0.5691326014091633
946 986 -0.08087898650700498
947 948 -0.10592604612585954
947 987 0.0163638039471925
948 949 0.31187879893531845
948 988 0.10929374702024264
949 950 -0.8860578404063706
949 989 0.8752669371468633
950 951 0.4327189002090037
950 990 -0.8912843479627959
951 952 0.885283344724928
951 991 -0.23262483219826424
952 953 -0.2520004084803604
952 992 0.8754946092573537
953 954 0.7695575313148209
953 993 0.09969212369090652
954 955 -0.20439772291434077
954 994 -0.20824997928693878
955 956 -0.14390001280200648
955 995 -0.4379240096044035
956 957 0.8698366828575552
956 996 -0.6137244740477954
957 958 0.7221820723507972
957 997 -0.33937207313882745
958 959 -0.5459279271051116
958 998 0.3682261975897694
959 960 0.8833355717145106
959 999 -0.4292021748237955
960 1000 0.30261063752987605
961 962 0.07120834699531264
961 1001 0.9074844538897333
962 963 -0.40965538956051506
962 1002 -0.6254269105962045
963 964 0.6846660922069425
963 1003 0.8523225738498399
964 965 -0.2935722164289629
964 1004 -0.6704427535514073
965 966 -0.14291943707958144
965 1005 0.25801891433712076
966 967 -0.3245607585876862
966 1006 0.3252704012697625
967 968 -0.5188715111768747
967 1007 -0.972192349630632
968 969 0.4549493469199135
968 1008 -0.35193360892452197
969 970 -0.4226232966719554
969 1009 0.06480802817826126
970 971 -0.3295678149895984
970 1010 0.8826786918939014
971 972 -0.38989394407130007
971 1011 -0.8274671227617534
972 973 0.2658739628871576
972 1012 0.052187734322943546
973 974 -0.44665316729908056
973 1013 -0.27895459986964766
974 975 -0.7176358993345122
974 1014 0.08826465974502584
975 976 -0.5986483938670759
975 1015 0.3917088823494326
976 977 0.8300969414495538
976 1016 0.4873336939246302
977 978 -0.6951587705163067
977 1017 -0.5263579693588822
978 979 -0.5718020881534802
978 1018 -0.8839678392742902
979 980 -0.08982305868195861
979 1019 0.605056045004343
980 981 0.6250618140003725
980 1020 0.5800773149978709
981 982 0.3090700715549397
981 1021 0.8136583287171972
982 983 0.745073568232677
982 1022 0.8626320605299895
983 984 0.12136115095220879
983 1023 -0.678901293751806
984 985 0.5722697863089108
984 1024 0.387544944996876
985 986 -0.7592818855632848
985 1025 -0.5841413222767315
986 987 0.9333893864522775
986 1026 -0.6676815341330351
987 988 0.26918720394987616
987 1027 0.7763068032180929
988 989 0.4762036832873593
988 1028 -0.8211346394705614
989 990 0.650448751939338
989 1029 -0.8633439245774994
990 991 0.46007022470735115
990 1030 -0.4360901039237912
991 992 -0.037151094330786893
991 1031 -0.21515605461659737
992 993 0.8039255198492559
992 1032 -0.13269870446173804
993 994 -0.5241934029421764
993 1033 -0.7501837989169284
994 995 0.04244425994437484
994 1034 0.9004308690895173
995 996 0.1624167087398456
995 1035 0.38975840114264293
996 997 -0.5701343174274811
996 1036 -0.49512587158707944
997 998 -0.061989244799431464
997 1037 0.49439464208140915
998 999 -0.48401291448666983
998 1038 -0.74954897509416
999 1000 0.08848525030759546
999 1039 0.7308184043003987
1000 1040 0.5451448154252774
1001 1002 0.08841632029620428
1001 1041 -0.8358101554499504
1002 1003 -0.8094238954783926
1002 1042 -0.4324883850694907
1003 1004 0.8822317472672445
1003 1043 0.632038303848788
1004 1005 0.7863323731340868
1004 1044 0.6497809624133588
1005 1006 0.41100604981359945
1005 1045 -0.8030627411571647
1006 1007 -0.8776924628133387
1006 1046 -0.2544571487615457
1007 1008 0.012509670678667595
1007 1047 0.7018640976576105
1008 1009 0.7973986388570755
1008 1048 0.35124644382596615
1009 1010 0.6324418415867632
1009 1049 0.6635671659288616
1010 1011 -0.08101760653723944
1010 1050 -0.26413337202734954
1011 1012 0.09107896005479743
1011 1051 0.8408931212030888
1012 1013 -0.4517650235913093
1012 1052 0.6055445168298141
1013 1014 -0.6165799225366599
1013 1053 0.9807874570012423
1014 1015 -0.47488624752844877
1014 1054 -0.39116674136852847
1015 1016 -0.9520418357115166
1015 1055 -0.8429769296348861
1016 1017 0.4374833162516871
1016 1056 -0.7737104290510404
1017 1018 -0.25829074516418804
1017 1057 0.22686309668757598
1018 1019 -0.36863847690203366
1018 1058 0.171052667335718
1019 1020 0.6927064682467954
1019 1059 0.3204395383875931
1020 1021 -0.5690888819755753
1020 1060 0.1661511031428511
1021 1022 -0.2367606946664178
1021 1061 0.35766228881255047
1022 1023 -0.27794443789991496
1022 1062 0.6198019251060607
1023 1024 -0.1553329468866309
1023 1063 0.4152523985447114
1024 1025 -0.43017165149420244
1024 1064 -0.5525262269836948
1025 1026 0.18897448640319747
1025 1065 -0.9011887706887263
1026 1027 0.3863405864270564
1026 1066 0.7903353782453661
1027 1028 -0.6509013955874441
1027 1067 0.9894660534932285
1028 1029 -0.5491223288971867
1028 1068 -0.25220655256260294
1029 1030 0.1285427755306079
1029 1069 0.2606576716796747
1030 1031 0.3292116095272821
1030 1070 0.3452432104844654
1031 1032 0.9887767977947486
1031 1071 -0.500071376163048
1032 1033 0.06264835583577377
1032 1072 0.8332195667240263
1033 1034 0.870108266304032
1033 1073 -0.12996273741319553
1034 1035 0.3017190281276254
1034 1074 -0.7837795497266724
1035 1036 -0.20692217356857823
1035 1075 -0.32982465412182327
1036 1037 -0.2934392237869319
1036 1076 0.3300911931936541
1037 1038 -0.1806336009167575
1037 1077 -0.9602361176907517
1038 1039 0.15482461979339002
1038 1078 -0.11729546509366617
1039 1040 -0.608991288179713
1039 1079 0.5850561343379401
1040 1080 0.633130596433064
1041 1042 -0.2673151966499592
1041 1081 0.7017010080090034
1042 1043 -0.5701512317386095
1042 1082 -0.42879253217819535
1043 1044 -0.7372107890411124
1043 1083 -0.30673997001947195
1044 1045 0.05327684770566665
1044 1084 -0.07310148769285507
1045 1046 0.8076923297497731
1045 1085 0.6446249372354917
1046 1047 -0.13178130622906803
1046 1086 0.947735242914348
1047 1048 0.8594741682781333
1047 1087 -0.0733804511136742
1048 1049 0.9833422544985091
1048 1088 -0.07357407632275015
1049 1050 -0.42755958329887855
1049 1089 -0.644835852083594
1050 1051 0.14667151807556023
1050 1090 0.8210437824085168
1051 1052 0.7087093706838699
1051 1091 -0.017487345374616492
1052 1053 0.07761809689258814
1052 1092 -0.3211289141452469
1053 1054 0.8465380587343803
1053 1093 -0.25584926221558657
1054 1055 0.5253296584163516
1054 1094 0.38211127903806896
1055 1056 0.8252517645401152
1055 1095 -0.5699008440468791
1056 1057 0.4925610597858867
1056 1096 -0.6420879639910329
1057 1058 0.9554146381790294
1057 1097 -0.7456265091493284
1058 1059 0.1636545796836788
1058 1098 0.6624990057062088
1059 1060 0.6378770844204333
1059 1099 0.5789675710479028
1060 1061 0.31994327833281155
1060 1100 -0.14427854708844068
1061 1062 0.1855176263690479
1061 1101 -0.6386621569889146
1062 1063 0.04405687593893348
1062 1102 -0.04692682958483929
1063 1064 -0.08519989288749064
1063 1103 -0.7884300094319421
1064 1065 0.38108366149208006
1064 1104 -0.5568121651069897
1065 1066 -0.4213545869791526
1065 1105 0.19607464954134568
1066 1067 0.7860445413338557
1066 1106 -0.6849448828874019
1067 1068 -0.7873893878432912
1067 1107 -0.7188483317024135
1068 1069 -0.8995857868602104
1068 1108 -0.6804285222543018
1069 1070 -0.7828253658901154
1069 1109 -0.6959174719316532
1070 1071 -0.15169714217458163
1070 1110 -0.1391083976566181
1071 1072 0.5721725923452807
1071 1111 0.9064716141734379
1072 1073 -0.7936065969041315
1072 1112 -0.6395056077105481
1073 1074 -0.9628377065869931
1073 1113 -0.562433082338057
1074 1075 -0.007429263629147975
1074 1114 0.04259505311348355
1075 1076 -0.613332671735195
1075 1115 -0.9744962475288617
1076 1077 -0.5739321774909061
1076 1116 0.6144933935543144
1077 1078 -0.34803612518570626
1077 1117 -0.8052864865446616
1078 1079 -0.6654969755023363
1078 1118 -0.5383530379166039
1079 1080 -0.5168127764083508
1079 1119 0.9237713283890094
1080 1120 -0.4782010385417794
1081 1082 -0.18744991390409838
1081 1121 -0.9455952682103008
1082 1083 -0.05718028506064199
1082 1122 0.09899364217681605
1083 1084 -0.582995010948955
1083 1123 0.7347630743130469
1084 1085 -0.021397423745748823
1084 1124 -0.47855996056109595
1085 1086 -0.24923712549250032
1085 1125 -0.6104113430082816
1086 1087 0.3963987091407062
1086 1126 0.2515772402588874
1087 1088 -0.7945014490258104
1087 1127 -0.05138976849050114
1088 1089 -0.7807842511055696
1088 1128 -0.7568029799330793
1089 1090 0.4462517803827779
1089 1129 -0.1659469572716683
1090 1091 0.9601723663470652
1090 1130 0.39145389539457787
1091 1092 -0.31162986680054217
1091 1131 -0.9955819201063196
1092 1093 -0.6843734266639341
1092 1132 -0.0010851343066871078
1093 1094 -0.7096887390049007
1093 1133 -0.20885301705247472
1094 1095 0.5307922138718297
1094 1134 -0.6219064375845365
1095 1096 -0.019352341385501903
1095 1135 0.046227750817894986
1096 1097 0.5140074503299601
1096 1136 -0.8804401299392373
1097 1098 -0.4134483348256255
1097 1137 0.9932095423966862
1098 1099 -0.21610123282170401
1098 1138 -0.7007545223261058
1099 1100 0.1585462003647733
1099 1139 -0.3454948879397379
1100 1101 -0.8281921053201278
1100 1140 0.45156068935428717
1101 1102 0.37224880253698944
1101 1141 0.7051545122408516
1102 1103 0.8683969035506873
1102 1142 -0.9838260168287518
1103 1104 -0.6529052051743172
1103 1143 -0.5007731081339486
1104 1105 -0.8512042318923894
1104 1144 -0.3348238797182541
1105 1106 -0.4671246478778426
1105 1145 0.04127866219536247
1106 1107 -0.5738299604394335
1106 1146 0.8755820231965041
1107 1108 -0.9643714567059758
1107 1147 -0.6388448224411436
1108 1109 0.44832854771689035
1108 1148 -0.23613920044243608
1109 1110 0.7404334766779241
1109 1149 -0.20409577988381855
1110 1111 0.7252606146159839
1110 1150 -0.047274424312178986
1111 1112 -0.030751830726807983
1111 1151 -0.01829793236901045
1112 1113 -0.7893038538953985
1112 1152 0.6503114944429986
1113 1114 -0.2333292845844388
1113 1153 0.19345497401989986
1114 1115 -0.10409856908787618
1114 1154 0.9558080065853947
1115 1116 0.04360411122274588
1115 1155 -0.8979600768219103
1116 1117 -0.4867176454597206
1116 1156 0.6545124154354902
1117 1118 0.17260709009481623
1117 1157 0.6722968341900213
1118 1119 0.04858766716099372
1118 1158 -0.4605966774099197
1119 1120 0.9571782616183164
1119 1159 0.5654080924502192
1120 1160 0.2949767509430683
1121 1122 -0.5056455220052933
1121 1161 -0.8657112585260907
1122 1123 0.6902262311494032
1122 1162 0.9770194015683287
1123 1124 0.5846604386125158
1123 1163 -0.30199671863228117
1124 1125 -0.19472415373370522
1124 1164 -0.12666024054594005
1125 1126 -0.8743891238883212
1125 1165 -0.38278214771957053
1126 1127 -0.6881109750779713
1126 1166 -0.12981514721866994
1127 1128 -0.41908345787386647
1127 1167 -0.38120543892352465
1128 1129 0.4929432142473775
1128 1168 0.15749540894104963
1129 1130 -0.636096844539165
1129 1169 0.20869387459168554
1130 1131 -0.2633884717612627
1130 1170 0.7271883613260455
1131 1132 0.2892206962166135
1131 1171 -0.3559446562604356
1132 1133 -0.6920732192109451
1132 1172 0.8311502613462045
1133 1134 -0.6713910553140305
1133 1173 0.0764379902530965
1134 1135 -0.5944782237614255
1134 1174 0.5154279557968977
1135 1136 -0.6292622302517479
1135 1175 0.17899442762341056
1136 1137 0.7520493735929128
1136 1176 -0.6261902475360954
1137 1138 0.7662587069333593
1137 1177 0.9110438039006747
1138 1139 -0.920518397307452
1138 1178 -0.603973023652514
1139 1140 -0.17546630264752183
1139 1179 -0.392857767263989
1140 1141 -0.8293442362654437
1140 1180 0.36247810816128223
1141 1142 -0.0584344365956162
1141 1181 0.9013391521373411
1142 1143 -0.16408735167047417
1142 1182 -0.5286549096055713
1143 1144 0.09301126365839774
1143 1183 0.2707285649715665
1144 1145 0.10177494651004104
1144 1184 -0.5996004991738113
1145 1146 -0.11456344990104927
1145 1185 0.23416220486529649
1146 1147 0.9322598566927953
1146 1186 -0.056362507589236
1147 1148 0.5393631218657466
1147 1187 0.4551890039656521
1148 1149 -0.238008094865783
1148 1188 0.4350164551026052
1149 1150 -0.02165893414546538
1149 1189 0.32459035700199923
1150 1151 -0.2554481232790913
1150 1190 0.7973187827230463
1151 1152 -0.721852944028119
1151 1191 0.2982019216888607
1152 1153 -0.9023593521269111
1152 1192 0.34556662421531636
1153 1154 -0.9079825336858405
1153 1193 0.031443905924930515
1154 1155 -0.6467242370887001
1154 1194 -0.475862072574305
1155 1156 -0.6377330092838573
1155 1195 0.7680002432665158
1156 1157 0.05026474928178204
1156 1196 -0.5131266912897323
1157 1158 -0.9825662656038952
1157 1197 0.7538482569155127
1158 1159 0.6781250332434958
1158 1198 -0.043479218189155455
1159 1160 0.4665303536293859
1159 1199 -0.9090184011239542
1160 1200 0.08706130534443246
1161 1162 0.9877040228425458
1161 1201 0.9411606267543471
1162 1163 -0.9022638275412973
1162 1202 -0.5357634971276721
1163 1164 0.13828106411127083
1163 1203 0.6102630805114031
1164 1165 -0.9698877315032599
1164 1204 0.7858117661574315
1165 1166 0.42638392120411206
1165 1205 0.626363432359786
1166 1167 -0.2575298022112471
1166 1206 0.8807951003692267
1167 1168 -0.5140818197921362
1167 1207 0.9073830978264708
1168 1169 -0.5663810211180862
1168 1208 0.09519179699443714
1169 1170 -0.774929063384517
1169 1209 -0.8089647889067462
1170 1171 0.8486388722024587
1170 1210 0.0858458166876821
1171 1172 -0.21799607551511957
1171 1211 0.2443704924915262
1172 1173 -0.010157578190610694
1172 1212 0.8254616205483882
1173 1174 -0.6432914300813704
1173 1213 -0.9019113062711817
1174 1175 -0.7574293652079249
1174 1214 0.8144005890057122
1175 1176 -0.47744062675025156
1175 1215 0.31144992810047567
1176 1177 0.7163068739950369
1176 1216 0.7910477559941724
1177 1178 0.058289406472269434
1177 1217 -0.5284563326199603
1178 1179 0.8684364608858754
1178 1218 -0.9255617719791356
1179 1180 -0.03212184447783595
1179 1219 -0.19455147345661294
1180 1181 -0.8392750247363872
1180 1220 0.18209302688013396
1181 1182 0.10088216420340945
1181 1221 0.7659566988353679
1182 1183 -0.06355377637156745
1182 1222 -0.06331938066575438
1183 1184 -0.047497185614197246
1183 1223 -0.5756255008210669
1184 1185 -0.7764252041184583
1184 1224 0.7300502848791106
1185 1186 0.6884450499071708
1185 1225 -0.43545657854774444
1186 1187 -0.7855293588648629
1186 1226 0.7266130396160664
1187 1188 0.7794238689922199
1187 1227 0.39014503211908735
1188 1189 -0.16579838300106653
1188 1228 0.8250219067361075
1189 1190 0.35516995638372717
1189 1229 -0.39473698368863563
1190 1191 0.40722045765523296
1190 1230 -0.16731318453473887
1191 1192 0.29589374630335175
1191 1231 0.4827241090792287
1192 1193 0.4241201777032457
1192 1232 0.7582524770319805
1193 1194 0.36547873009705345
1193 1233 0.9765972672560832
1194 1195 -0.294712426066398
1194 1234 0.6238534031152396
1195 1196 -0.04310026081999596
1195 1235 0.9619735090737709
1196 1197 -0.963942174560666
1196 1236 -0.7784769803804059
1197 1198 -0.7398826152429316
1197 1237 -0.5618145924290339
1198 1199 -0.11760247048578032
1198 1238 0.8186823878304694
1199 1200 0.1669693409635884
1199 1239 -0.14130115690642597
1200 1240 -0.1605581301452772
1201 1202 0.6005167022651736
1201 1241 0.20363424281093478
1202 1203 0.2866228544964704
1202 1242 -0.6770668742166466
1203 1204 0.6663224894679525
1203 1243 -0.588412646099856
1204 1205 -0.9417013643049765
1204 1244 -0.2542142319765477
1205 1206 -0.34682339756552105
1205 1245 -0.559420226784358
1206 1207 -0.0943647376358463
1206 1246 0.7101999738448943
1207 1208 -0.20517934145114114
1207 1247 -0.9928531330698618
1208 1209 0.05960775744413982
1208 1248 0.7155526671415751
1209 1210 -0.9758976040782881
1209 1249 -0.585826696612975
1210 1211 0.42310160963106
1210 1250 0.7429978058591551
1211 1212 -0.6309914708616193
1211 1251 0.1222633943283058
1212 1213 -0.3602481240444402
1212 1252 -0.07949002676864758
1213 1214 0.22867844153197958
1213 1253 -0.23798902978704994
1214 1215 0.8474557371097875
1214 1254 0.010289137992719022
1215 1216 -0.4855267272076025
1215 1255 -0.13499594079178157
1216 1217 -0.7951260672612042
1216 1256 -0.7683421684645673
1217 1218 -0.5970725810028479
1217 1257 0.6077527760996269
1218 1219 0.27652403852349394
1218 1258 -0.127071964399321
1219 1220 -0.33497889240533163
1219 1259 -0.7763786592202009
1220 1221 -0.4455452214926501
1220 1260 -0.1917367882985641
1221 1222 0.5177734877140769
1221 1261 -0.1759162185908698
1222 1223 -0.6145411215615195
1222 1262 0.15351890308310256
1223 1224 -0.31304635270256664
1223 1263 0.7416197658983681
1224 1225 -0.08305994184653032
1224 1264 -0.9914973597891623
1225 1226 0.7658191341138676
1225 1265 0.2928441469644987
1226 1227 0.9242263251459792
1226 1266 -0.73818252398409
1227 1228 0.044266717109151754
1227 1267 -0.5896364215901206
1228 1229 -0.4675141009115411
1228 1268 0.48384522468391333
1229 1230 -0.20731033550304345
1229 1269 -0.3625485384372398
1230 1231 -0.24218269249143587
1230 1270 0.4705106933745211
1231 1232 0.6799905595880902
1231 1271 0.9983414729348652
1232 1233 0.2063030039865943
1232 1272 0.7937590886029255
1233 1234 -0.5735245661006325
1233 1273 0.2759986721372134
1234 1235 0.15234917609987475
1234 1274 -0.15036879528106595
1235 1236 0.563541382262225
1235 1275 -0.9711769647714279
1236 1237 -0.7899858843913665
1236 1276 -0.9408655177162653
1237 1238 0.46375092708774224
1237 1277 -0.48870983919887623
1238 1239 0.34495781148687166
1238 1278 0.10444567389845716
1239 1240 -0.8779366450474271
1239 1279 0.3935276684688134
1240 1280 0.8486439882929004
1241 1242 0.529919720903363
1241 1281 -0.6615491068316441
1242 1243 0.740291786738003
1242 1282 -0.5651951473899481
1243 1244 0.4613604010522312
1243 1283 0.606828328318898
1244 1245 -0.8082533706144557
1244 1284 -0.606071359299923
1245 1246 -0.34521163270691835
1245 1285 0.928733672611497
1246 1247 0.3072237028260123
1246 1286 0.7585739108343088
1247 1248 -0.009475675082245338
1247 1287 0.40039549429550325
1248 1249 -0.8938475113745137
1248 1288 -0.7738972928210279
1249 1250 -0.041983491403344564
1249 1289 -0.6753807999655941
1250 1251 0.3689626603050813
1250 1290 0.300864660060449
1251 1252 -0.10052211138161882
1251 1291 -0.24690652999338125
1252 1253 0.04273106603706678
1252 1292 0.7966879294196312
1253 1254 0.3669497850412109
1253 1293 0.04500644924415065
1254 1255 0.4065883074407992
1254 1294 -0.3310246569765847
1255 1256 0.0015194868528858319
1255 1295 -0.9612278365403049
1256 1257 0.9502138628332328
1256 1296 0.9684328751893907
1257 1258 0.8628300417452057
1257 1297 0.2337999550301606
1258 1259 -0.6259023141173181
1258 1298 0.3473867487576694
1259 1260 -0.1731670951909079
1259 1299 -0.7205557838598455
1260 1261 0.9717996692638073
1260 1300 0.9005637074390569
1261 1262 -0.38671625909504104
1261 1301 -0.2076482845909995
1262 1263 -0.2191363584051964
1262 1302 0.871830794023321
1263 1264 -0.5156271641053969
1263 1303 0.3205558871786236
1264 1265 -0.5041249875930394
1264 1304 -0.9097035445027626
1265 1266 -0.17816210850599967
1265 1305 0.5989530131487992
1266 1267 -0.9857649434530251
1266 1306 0.19712231725969143
1267 1268 0.5331271691424759
1267 1307 0.5805243755687945
1268 1269 0.4150057734984962
1268 1308 0.874684110792527
1269 1270 -0.5450888953348136
1269 1309 0.7497403190342258
1270 1271 -0.8211159145583711
1270 1310 -0.5650901310336085
1271 1272 0.30977512900525217
1271 1311 0.47449425961146985
1272 1273 0.8280502240216725
1272 1312 0.010111208227407298
1273 1274 -0.09714650112040935
1273 1313 0.40066081054945224
1274 1275 0.600035196384217
1274 1314 -0.5013354652371014
1275 1276 0.29394877936477815
1275 1315 -0.8494244954374008
1276 1277 0.13913257187685368
1276 1316 -0.5040955385939447
1277 1278 0.9827903509061582
1277 1317 -0.9286114173834856
1278 1279 -0.3972324840312047
1278 1318 -0.7419320779228451
1279 1280 0.2749297364921357
1279 1319 0.017105267624435427
1280 1320 -0.11993151556130432
1281 1282 -0.4139535363611204
1281 1321 0.04813375060072844
1282 1283 0.4835100777668979
1282 1322 0.3060410264622022
1283 1284 -0.9137419272932745
1283 1323 -0.7856251915368402
1284 1285 0.8848412247942863
1284 1324 -0.2574576566642073
1285 1286 -0.8078185996459382
1285 1325 -0.675633104712122
1286 1287 -0.9933291104018456
1286 1326 0.8495764725534358
1287 1288 0.6305406324697391
1287 1327 0.5067736586841662
1288 1289 -0.11479780817395047
1288 1328 -0.7211658134876784
1289 1290 -0.8626248897932287
1289 1329 -0.014977031535885699
1290 1291 -0.23856565677836872
1290 1330 0.20081909899034
1291 1292 0.6755476271009042
1291 1331 0.46219076363818923
1292 1293 -0.746103087344046
1292 1332 -0.20275096823015448
1293 1294 0.2552621468453873
1293 1333 -0.3630149761849215
1294 1295 0.2735445211557046
1294 1334 -0.949958359951981
1295 1296 -0.7826933083381769
1295 1335 -0.8231160620686373
1296 1297 -0.8074170459884675
1296 1336 0.27201820233926743
1297 1298 0.3728205248754033
1297 1337 0.7673930282146988
1298 1299 0.189647779385679
1298 1338 -0.8663081686838798
1299 1300 -0.27223260557826556
1299 1339 -0.784813409550341
1300 1301 0.1550311515442362
1300 1340 0.37748293218888773
1301 1302 -0.3111655452322959
1301 1341 -0.9061103553873189
1302 1303 0.8722298637583528
1302 1342 -0.2354152279796029
1303 1304 -0.23148696999211338
1303 1343 0.9175900752436352
1304 1305 -0.49040556801928137
1304 1344 -0.1505789724657287
1305 1306 -0.13275547539510368
1305 1345 0.3403234344896886
1306 1307 0.8877032078596203
1306 1346 -0.2266619007178532
1307 1308 -0.3218945514088496
1307 1347 -0.15372250195090542
1308 1309 -0.4892513279789452
1308 1348 0.918310037352039
1309 1310 0.023586036258728793
1309 1349 0.4414750784530246
1310 1311 0.09690781447358976
1310 1350 0.28475326497130693
1311 1312 0.5810312731926996
1311 1351 -0.707429049834859
1312 1313 0.852573251714825
1312 1352 -0.1373782659023277
1313 1314 -0.2545253225232542
1313 1353 0.33407846718095024
1314 1315 -0.9853472762235365
1314 1354 -0.5464927338288819
1315 1316 -0.732631610074632
1315 1355 -0.915957696669204
1316 1317 0.1504256855440378
1316 1356 0.22302700997236724
1317 1318 0.015594029806174525
1317 1357 -0.8251621319922675
1318 1319 -0.9866555273352742
1318 1358 -0.4588946058900347
1319 1320 0.9584347065103189
1319 1359 0.3125016046579425
1320 1360 -0.6834595221949182
1321 1322 -0.2867514377544822
1321 1361 -0.9086420695091999
1322 1323 0.5977710230092592
1322 1362 -0.9375048754694768
1323 1324 -0.12983270028234473
1323 1363 -0.5582375562785118
1324 1325 0.45800160364295395
1324 1364 -0.747679782741957
1325 1326 0.38847823790552094
1325 1365 -0.7204730019044687
1326 1327 0.9025875085596191
1326 1366 -0.6901289666132959
1327 1328 0.404324531899517
1327 1367 -0.6038087437011324
1328 1329 0.9774848877541955
1328 1368 -0.6034948504951481
1329 1330 0.806290902692351
1329 1369 -0.9769982106009119
1330 1331 -0.5136354611328331
1330 1370 -0.7602387059534728
1331 1332 -0.6837210083650083
1331 1371 0.8232561685064299
1332 1333 -0.8312597641920463
1332 1372 0.8286743253586082
1333 1334 0.16445536840609143
1333 1373 -0.010854015606344802
1334 1335 -0.5614383372149421
1334 1374 -0.09258306941760042
1335 1336 -0.0992602546638166
1335 1375 0.07504643072748185
1336 1337 -0.2614148369913236
1336 1376 -0.8820538015352575
1337 1338 -0.4852826145528044
1337 1377 0.16295036855855138
1338 1339 0.32782193767381496
1338 1378 -0.8471995327807971
1339 1340 -0.23352620420913284
1339 1379 0.07538428381077988
1340 1341 0.6098516204120135
1340 1380 0.43809074170429785
1341 1342 -0.9567447833351559
1341 1381 -0.19939687691569374
1342 1343 0.5108484594329219
1342 1382 0.2450024359323586
1343 1344 -0.9836931221851213
1343 1383 -0.36975081563782064
1344 1345 -0.7127444244503731
1344 1384 0.8739540994037609
1345 1346 0.7475036339550158
1345 1385 -0.35528586688347974
1346 1347 -0.470167684349436
1346 1386 -0.033904610984308414
1347 1348 0.07063103847610952
1347 1387 -0.9107722187485363
1348 1349 -0.27630136254647963
1348 1388 -0.9893325998225715
1349 1350 0.5263279806783483
1349 1389 0.31699171219334366
1350 1351 -0.3701244785594733
1350 1390 0.475489071551054
1351 1352 -0.24610288708358197
1351 1391 -0.3082512489182401
1352 1353 0.3609443640836554
1352 1392 0.25347190994631297
1353 1354 0.4234928919352008
1353 1393 0.14718069574396608
1354 1355 -0.933225520658425
1354 1394 -0.9339896637016234
1355 1356 -0.9263712278068643
1355 1395 0.673203568284523
1356 1357 -0.23010437847502585
1356 1396 -0.19589678074375394
1357 1358 0.90976034285706
1357 1397 0.4818001532952778
1358 1359 -0.4934272634280312
1358 1398 0.6232416667500387
1359 1360 0.9944997041783432
1359 1399 -0.5682237975873181
1360 1400 0.4708707007734205
1361 1362 0.9663068907144254
1361 1401 -0.11729016129030656
1362 1363 -0.5408519425113096
1362 1402 0.4092549982409184
1363 1364 0.7612441323313615
1363 1403 0.4393750754488226
1364 1365 -0.4974341565855813
1364 1404 0.762470594242463
1365 1366 -0.4667482147404107
1365 1405 0.6063517449161535
1366 1367 -0.8685786478820365
1366 1406 -0.3654332850179054
1367 1368 -0.2997892451478088
1367 1407 -0.08105587461744279
1368 1369 0.2392659789078424
1368 1408 -0.11268603198828564
1369 1370 -0.5438436138901093
1369 1409 0.8026402244129907
1370 1371 -0.4829351104135746
1370 1410 -0.10752554960026517
1371 1372 -0.9961521150675303
1371 1411 -0.513635047054543
1372 1373 0.6331117429293527
1372 1412 -0.19887422253159648
1373 1374 0.18863401668376545
1373 1413 -0.9846326359116311
1374 1375 -0.019563221584474988
1374 1414 0.9714640817732283
1375 1376 0.9535465374888319
1375 1415 -0.31010932196767227
1376 1377 0.703546198811996
1376 1416 0.3271651503807922
1377 1378 0.13330890373835214
1377 1417 0.8457801234323972
1378 1379 -0.5525248683073296
1378 1418 0.13926260178094507
1379 1380 -0.8509684419256922
1379 1419 -0.4862930254296871
1380 1381 -0.7395711070278319
1380 1420 -0.08458600297252472
1381 1382 -0.6241782577895354
1381 1421 0.70014523879498
1382 1383 -0.2562627842491034
1382 1422 -0.4747379625590187
1383 1384 0.5168270790025722
1383 1423 -0.943962044017838
1384 1385 -0.07507928971002564
1384 1424 0.7203570582265137
1385 1386 -0.05817916114479904
1385 1425 -0.1969881542466314
1386 1387 -0.16503737411879005
1386 1426 -0.40177723192406956
1387 1388 0.4958454479738874
1387 1427 0.08333554922548014
1388 1389 -0.412479196679318
1388 1428 -0.6512426277813332
1389 1390 0.8885626049753357
1389 1429 0.19804100977887917
1390 1391 -0.3461268063746019
1390 1430 0.9149219170076661
1391 1392 0.49727693072653123
1391 1431 0.9161171990399954
1392 1393 0.8055752083141774
1392 1432 0.5326568152878377
1393 1394 -0.2966477079215639
1393 1433 0.3896209610068284
1394 1395 -0.7200162606498421
1394 1434 0.6276449556201913
1395 1396 -0.04480594923357484
1395 1435 -0.12461777725471945
1396 1397 -0.050351234812829215
1396 1436 -0.12278869216461419
1397 1398 -0.9004830604443375
1397 1437 0.6238195196918512
1398 1399 -0.6453163354305138
1398 1438 0.28306752361517384
1399 1400 -0.623718417349657
1399 1439 -0.6552009568283952
1400 1440 -0.1450616252029724
1401 1402 0.008000878758305241
1401 1441 -0.35291736493060233
1402 1403 -0.8248749819977543
1402 1442 -0.9388210336113614
1403 1404 0.426014587093962
1403 1443 0.539719313985404
1404 1405 0.8065923009780309
1404 1444 -0.42472948356822404
1405 1406 -0.3987764322832674
1405 1445 0.19403309774250954
1406 1407 0.17111089975515714
1406 1446 0.04826269008976736
1407 1408 -0.7260753030264868
1407 1447 -0.14524506116409097
1408 1409 0.5633487142052862
1408 1448 -0.8947408629963967
1409 1410 0.2684775516878357
1409 1449 0.6609461023827699
1410 1411 -0.3108719969171474
1410 1450 0.4039546812713586
1411 1412 -0.7258586128863282
1411 1451 -0.31725381724682955
1412 1413 0.33767947073074955
1412 1452 0.0860774817204657
1413 1414 0.9297958232704517
1413 1453 -0.5297849123610743
1414 1415 0.9978028642097583
1414 1454 -0.7538053077700853
1415 1416 -0.6422893158288199
1415 1455 0.934385625961043
1416 1417 -0.8789056555458912
1416 1456 -0.09337261532423757
1417 1418 -0.35247329817403705
1417 1457 -0.7239948268824665
1418 1419 0.4326436156602247
1418 1458 0.15663312539546648
1419 1420 -0.14690786759026375
1419 1459 -0.45472265275761736
1420 1421 0.6671303841749054
1420 1460 0.49552691870456855
1421 1422 0.9273862357475204
1421 1461 -0.42550743512865696
1422 1423 0.8452723517529073
1422 1462 -0.6215827836774157
1423 1424 -0.23003809182481594
1423 1463 0.9075996199983112
1424 1425 0.6473656052876908
1424 1464 -0.7665639441590308
1425 1426 -0.7678930979393979
1425 1465 -0.7916406149428836
1426 1427 0.6649531891329998
1426 1466 0.8121045935945348
1427 1428 -0.9554144760739314
1427 1467 -0.4779551424765065
1428 1429 0.060691669175543694
1428 1468 -0.9411256179219876
1429 1430 0.12009885977676893
1429 1469 -0.09840775264760704
1430 1431 0.8953317881985559
1430 1470 0.32852369774255497
1431 1432 -0.7286406846120508
1431 1471 0.8138044590342834
1432 1433 0.80969129961838
1432 1472 -0.6261862223098551
1433 1434 -0.7116524135242224
1433 1473 0.7663302458522003
1434 1435 -0.18183783977012524
1434 1474 0.3364336572814699
1435 1436 0.8723358327158988
1435 1475 -0.2421815958064244
1436 1437 -0.23029785773803857
1436 1476 -0.351718213817795
1437 1438 -0.4833030250399919
1437 1477 0.019999206140505876
1438 1439 0.48508402397316
1438 1478 0.5663484814747037
1439 1440 -0.40109891018431143
1439 1479 -0.7420322608275789
1440 1480 0.5663924717764182
1441 1442 -0.4805104945057259
1441 1481 -0.2262202293584752
1442 1443 -0.28573013260087854
1442 1482 0.1795639829435276
1443 1444 -0.33850594766119046
1443 1483 -0.5427794963338022
1444 1445 0.9342262630245926
1444 1484 0.33619867125038194
1445 1446 0.1456245755307135
1445 1485 -0.4691130568426618
1446 1447 -0.12975476250965579
1446 1486 0.8253543050284193
1447 1448 -0.7970236869078573
1447 1487 -0.8254887695877942
1448 1449 -0.3512098719664398
1448 1488 -0.060454767849796864
1449 1450 0.8186189370924928
1449 1489 -0.562506390404486
1450 1451 -0.23494440032779518
1450 1490 0.009723210176705521
1451 1452 -0.7040216958808054
1451 1491 -0.4376530750026115
1452 1453 0.22356866979965173
1452 1492 0.7043667525829236
1453 1454 -0.8466287556353369
1453 1493 -0.4103550974041359
1454 1455 -0.4476895946479813
1454 1494 -0.8348283304121729
1455 1456 0.07120278164166827
1455 1495 0.9253125677710246
1456 1457 -0.1864010985000326
1456 1496 0.9699860853370335
1457 1458 -0.7924522578184656
1457 1497 -0.4337878176548726
1458 1459 0.7953363412677823
1458 1498 0.4007550253738412
1459 1460 0.12625477381025396
1459 1499 0.6222797396671074
1460 1461 -0.524581587943969
1460 1500 0.7258230222625739
1461 1462 0.43177958375004133
1461 1501 -0.26702559936695947
1462 1463 0.5795027690566286
1462 1502 0.5084737288884071
1463 1464 0.35031208588734675
1463 1503 -0.7782267257871274
1464 1465 -0.8181737728369409
1464 1504 0.12548594412652392
1465 1466 -0.791187213925586
1465 1505 0.7483384569453484
1466 1467 -0.5879282793365066
1466 1506 -0.9409354872992413
1467 1468 -0.3043453935160916
1467 1507 0.5101175009727477
1468 1469 -0.6911608150185815
1468 1508 0.9070784544692982
1469 1470 -0.7360273031036344
1469 1509 0.6535466293017087
1470 1471 0.9790548470312326
1470 1510 0.7215736278720304
1471 1472 0.40685249398061485
1471 1511 0.11378476866769516
1472 1473 0.1460386399166944
1472 1512 0.7819470335742718
1473 1474 -0.3583210954600118
1473 1513 -0.26219069274408136
1474 1475 0.7768979602179873
1474 1514 0.5107960702424499
1475 1476 0.5592875116520133
1475 1515 0.2500839871812395
1476 1477 -0.7807147136041925
1476 1516 0.7828814244870457
1477 1478 0.7816272372328401
1477 1517 -0.5245310657148505
1478 1479 -0.5569838138507472
1478 1518 -0.25676582554909144
1479 1480 0.13456071247560653
1479 1519 -0.20733201558411585
1480 1520 -0.3735670899982555
1481 1482 0.6640337992690017
1481 1521 0.4734941125742258
1482 1483 -0.8955545452316795
1482 1522 -0.8686726675872449
1483 1484 0.25268791840205274
1483 1523 -0.17104150094922166
1484 1485 0.006013547068653091
1484 1524 -0.243995182702889
1485 1486 -0.5025314222147395
1485 1525 -0.4206490186759675
1486 1487 0.13995330398510042
1486 1526 0.8682734973885626
1487 1488 0.6723714553958726
1487 1527 -0.6621048831641219
1488 1489 -0.772732150609037
1488 1528 0.28235461886068447
1489 1490 0.4790692504796268
1489 1529 -0.47796714159285125
1490 1491 -0.4182884418913009
1490 1530 -0.8219476159029762
1491 1492 -0.19909158788247505
1491 1531 -0.053228086903337024
1492 1493 0.9729572415811711
1492 1532 -0.8382204230949242
1493 1494 0.3858692942294575
1493 1533 0.8654669441141203
1494 1495 -0.31716616267403097
1494 1534 0.8978359987229387
1495 1496 -0.29658175498584094
1495 1535 -0.8510736551669675
1496 1497 0.9891026550296429
1496 1536 -0.5467863196931959
1497 1498 -0.870028104974097
1497 1537 -0.38731021857021575
1498 1499 0.9400466746014113
1498 1538 -0.4513435138991855
1499 1500 0.5649823113658106
1499 1539 -0.5829002827703591
1500 1501 0.22565557860197427
1500 1540 -0.4283073451671422
1501 1502 0.7265105606824469
1501 1541 -0.11389243129906879
1502 1503 -0.5835427507998991
1502 1542 -0.2541201192071376
1503 1504 -0.8137698317404487
1503 1543 0.8842471031444317
1504 1505 -0.938092857190608
1504 1544 0.5793444379393418
1505 1506 0.7910944890984937
1505 1545 -0.3202098918790104
1506 1507 0.13538519223670398
1506 1546 0.1964146069255175
1507 1508 -0.47335977125352047
1507 1547 0.7272683415969163
1508 1509 0.1775523986385461
1508 1548 0.18514916582757612
1509 1510 0.3977627946231608
1509 1549 -0.8162948388576241
1510 1511 -0.7548187134569799
1510 1550 -0.050102991608791614
1511 1512 -0.7069012534990142
1511 1551 0.13737408894252523
1512 1513 0.28918996230089
1512 1552 0.8549470118714995
1513 1514 -0.5369252804099078
1513 1553 0.20124307749888204
1514 1515 0.6592436758432136
1514 1554 -0.8667189726161781
1515 1516 0.12039186215462361
1515 1555 0.694500188195595
1516 1517 0.0676745598490005
1516 1556 0.3686897932411741
1517 1518 0.8613150109512204
1517 1557 -0.9899630308113601
1518 1519 0.13542588733273764
1518 1558 0.9638794288473
1519 1520 -0.8242626853552921
1519 1559 0.024313471678383713
1520 1560 -0.36151615090032707
1521 1522 -0.24157886611672508
1521 1561 -0.9739653266108987
1522 1523 -0.9129976278805687
1522 1562 -0.2096984830649924
1523 1524 0.8735621444683719
1523 1563 0.2849048378055845
1524 1525 -0.32526341140708337
1524 1564 0.9040214101660022
1525 1526 0.7518801448480625
1525 1565 -0.9624837064584704
1526 1527 0.1523087081121377
1526 1566 -0.6296396117009346
1527 1528 -0.05426317581954909
1527 1567 0.2498247963218505
1528 1529 0.06842931335596036
1528 1568 0.6536172206992124
1529 1530 0.8768620527203064
1529 1569 0.9142990413392276
1530 1531 0.4335908037193523
1530 1570 -0.5517791437622297
1531 1532 -0.4603023623416411
1531 1571 -0.8640436779461791
1532 1533 0.13577991722363558
1532 1572 0.8065099430095541
1533 1534 0.688301882238157
1533 1573 -0.3466127505153631
1534 1535 0.13956521460048532
1534 1574 -0.9200929576481123
1535 1536 -0.09198244545031709
1535 1575 0.9578123507645122
1536 1537 0.5261585383981253
1536 1576 0.3254726922835329
1537 1538 0.15701058016689484
1537 1577 -0.1081014144423893
1538 1539 0.9696596837794278
1538 1578 -0.610881167395662
1539 1540 -0.6026753558316045
1539 1579 0.11617282445963406
1540 1541 -0.8853698126940857
1540 1580 0.4841399353726048
1541 1542 0.8793431850429727
1541 1581 0.31780873514082075
1542 1543 -0.10591190901538483
1542 1582 0.00010204721140705253
1543 1544 0.8436322864936887
1543 1583 -0.6609062499851255
1544 1545 -0.34166039931861847
1544 1584 0.43777843980736497
1545 1546 0.7690162642182563
1545 1585 0.880890050665537
1546 1547 -0.591942278854481
1546 1586 -0.8689775181296071
1547 1548 -0.851372230948346
1547 1587 -0.8309816417314624
1548 1549 0.16846665369492264
1548 1588 0.4374060756828406
1549 1550 0.4019694544585726
1549 1589 -0.8211794744305223
1550 1551 -0.3594194251038312
1550 1590 0.4454757935512996
1551 1552 0.904760831334906
1551 1591 -0.10638299032150678
1552 1553 -0.9021671031828009
1552 1592 0.029526008008742277
1553 1554 0.14356230404776915
1553 1593 0.31163174389090953
1554 1555 0.8928025262509813
1554 1594 -0.7678287071229359
1555 1556 0.89556635157818
1555 1595 0.2312535126398667
1556 1557 -0.8686354613281191
1556 1596 0.11978979268806556
1557 1558 0.6021985378283676
1557 1597 -0.8726620170594561
1558 1559 0.2892429665816356
1558 1598 -0.38732631030162934
1559 1560 -0.2208075486384451
1559 1599 0.6713010359648057
1560 1600 0.4237235607253014
1561 1562 0.5948098780651871
1562 1563 0.33685409203211547
1563 1564 -0.2261993139752636
1564 1565 0.38666765717844576
1565 1566 -0.8167271757753942
1566 1567 0.9641574177733763
1567 1568 0.8779377679409412
1568 1569 -0.11542988904213969
1569 1570 -0.6795752033502855
1570 1571 -0.06911717094527203
1571 1572 0.08111792650745131
1572 1573 -0.206959077202566
1573 1574 0.6643418431658243
1574 1575 0.04126212765574744
1575 1576 -0.8569160253456118
1576 1577 -0.13135298648680327
1577 1578 0.29048533816644584
1578 1579 -0.6147073163475234
1579 1580 -0.26653614793347646
1580 1581 -0.13062238941114712
1581 1582 -0.7861750872237041
1582 1583 0.2005271406745328
1583 1584 0.7326269100047882
1584 1585 -0.615502881361119
1585 1586 0.5191666305600975
1586 1587 -0.723642481551763
1587 1588 0.9636413236652579
1588 1589 -0.4317678309606485
1589 1590 -0.515650374065145
1590 1591 0.43990460758146943
1591 1592 0.11463467935078686
1592 1593 0.8380443852253336
1593 1594 -0.13874211559652272
1594 1595 -0.24028615088713567
1595 1596 -0.5870931226449594
1596 1597 0.9116189935053394
1597 1598 -0.09482986446842268
1598 1599 0.990191319500612
1599 1600 -0.06954860386024242
