1 2 0.5554048211476403
1 41 -0.5249175599301754
2 3 0.9178694639665943
2 42 -0.09352133355280023
3 4 0.6888285129754392
3 43 -0.21560290650386138
4 5 0.0031255425931868697
4 44 0.741282333724361
5 6 -0.5785993482621901
5 45 -0.061596842998719925
6 7 0.24319033774368415
6 46 0.7167768011823472
7 8 -0.5605988457118671
7 47 -0.3088011025246775
8 9 0.6326198546847432
8 48 -0.2521445838209144
9 10 0.35812009274504897
9 49 -0.1339819661710968
10 11 0.256182994331823
10 50 -0.21286515661569494
11 12 -0.17423984587352037
11 51 0.5903131019871584
12 13 0.4445990122845269
12 52 0.831330656891911
13 14 0.31133527750421996
13 53 0.10323896670988919
14 15 -0.4956877519772891
14 54 -0.010192583027809343
15 16 -0.3436806924421063
15 55 -0.03029376779786852
16 17 -0.47071709857668265
16 56 0.2651937449752042
17 18 0.5907091344196451
17 57 0.3334772755991
18 19 -0.8899368596595023
18 58 -0.4849391066846127
19 20 -0.7284008050907695
19 59 -0.1753763033115836
20 21 -0.6072290708024426
20 60 0.04007898287813294
21 22 -0.6366284814813472
21 61 -0.7134180055225838
22 23 0.38000426196957604
22 62 -0.5477647562487769
23 24 0.9133531000485586
23 63 -0.5970925754095724
24 25 0.7877392924535118
24 64 -0.4421421065703184
25 26 0.6289488767152873
25 65 0.11576258017453611
26 27 -0.006208121896650098
26 66 -0.11551926404196267
27 28 0.23763957521640422
27 67 -0.9034625206657247
28 29 -0.012652374960155921
28 68 -0.32363938620687516
29 30 0.28822420967855567
29 69 -0.19954549431737245
30 31 0.7627957815894022
30 70 -0.9893076280899948
31 32 0.35543599009241955
31 71 -0.6042395007757306
32 33 0.6726275704193989
32 72 -0.5609789651082193
33 34 -0.9749444678868067
33 73 0.41382718251943595
34 35 -0.22145270093339553
34 74 0.7986624868607639
35 36 0.5688021209387444
35 75 -0.3063150583633514
36 37 0.042110081195374516
36 76 0.6743444553695075
37 38 -0.45474216722803495
37 77 0.25905776255657353
38 39 -0.6056714639803724
38 78 0.6476540010373657
39 40 0.6337924906728833
39 79 -0.4059951466542848
40 80 -0.9002476159460737
41 42 0.648557065322737
41 81 0.9314983960859995
42 43 -0.7420838508429191
42 82 0.52113535353478
43 44 -0.6608750426822338
43 83 0.6023581368410016
44 45 0.6563211938333171
44 84 -0.4044925194152691
45 46 -0.3529662500363422
45 85 -0.09744868641796356
46 47 0.9003453556066017
46 86 0.6110571458786616
47 48 0.1495991994396566
47 87 -0.7456919365688781
48 49 0.32417767862517355
48 88 0.9939968332118725
49 50 -0.5096682664653076
49 89 0.3192821651495945
50 51 0.9889232422856762
50 90 -0.91976030358412
51 52 0.32005534846732164
51 91 0.14909845498658947
52 53 -0.6566935121469051
52 92 -0.248182728925729
53 54 -0.5605466157891663
53 93 -0.4222420903969142
54 55 -0.7552234549470092
54 94 -0.14178977596507147
55 56 0.5967711849494102
55 95 -0.6001346020560463
56 57 -0.9955648516722473
56 96 0.12406850460102836
57 58 -0.6942311204884042
57 97 -0.13873697322646206
58 59 -0.8245584893271738
58 98 0.23330288971527247
59 60 -0.7116582336253956
59 99 0.5202252752735681
60 61 0.42412956477635655
60 100 0.44039183176785324
61 62 0.5647875780017741
61 101 0.7093799752406673
62 63 -0.8229062249963899
62 102 -0.38918480997745
63 64 0.6279641307428481
63 103 0.672288947969365
64 65 0.48133016728354017
64 104 -0.7161338034613667
65 66 0.7725070962736933
65 105 -0.40769661312368277
66 67 0.4065885126508406
66 106 -0.4416372096816503
67 68 0.4268416723374724
67 107 0.3395293145025149
68 69 0.992645313780403
68 108 -0.08692276121011933
69 70 0.287715433340459
69 109 -0.3889618476784167
70 71 0.5893515993159564
70 110 -0.6028920649850227
71 72 0.35213813427528096
71 111 -0.06208119840441739
72 73 -0.899148536111775
72 112 -0.9755842040655105
73 74 0.7872949027761111
73 113 -0.28528688186318396
74 75 -0.8781074857573956
74 114 -0.42131048517446623
75 76 0.7447285737273943
75 115 0.4655438780614871
76 77 0.7850414918999014
76 116 -0.7277795425138476
77 78 0.6925536411427244
77 117 0.13672847931899335
78 79 0.3421429125070665
78 118 0.8254287376871765
79 80 -0.5508499369885176
79 119 0.9615684488701921
80 120 -0.6927623169082597
81 82 0.9452022278097867
81 121 -0.09310150516537563
82 83 -0.5967318497717695
82 122 -0.6485402735736367
83 84 0.820257260123098
83 123 0.659154954173071
84 85 -0.9418118070803543
84 124 0.2863605778971563
85 86 0.4548501015857367
85 125 0.44976488208403653
86 87 0.7500998875085709
86 126 -0.3104244860166898
87 88 0.5125133138624687
87 127 -0.13441279948217488
88 89 0.08055583775950304
88 128 -0.07115566453028732
89 90 -0.4469185370836153
89 129 0.3658179487848656
90 91 -0.9362922794729065
90 130 0.31431910711689537
91 92 -0.7304546794054896
91 131 -0.50291147157447
92 93 0.5591175261962069
92 132 0.6783301004845117
93 94 0.7399401080365562
93 133 -0.5236844724054486
94 95 -0.722693070413096
94 134 0.48530457990675924
95 96 -0.5175177997330056
95 135 0.33363860242484433
96 97 -0.23093876965483418
96 136 -0.875220495568054
97 98 0.057275335253167414
97 137 -0.7717380112628376
98 99 -0.1694999124597132
98 138 0.378507973379028
99 100 0.7892811490711245
99 139 -0.33110048110216295
100 101 0.6866242517559293
100 140 -0.49829484105639366
101 102 0.08541312991476024
101 141 0.3611245135834358
102 103 -0.30699861961516506
102 142 0.6015060888718449
103 104 0.5971142218530128
103 143 -0.6062801088333194
104 105 0.24819193011899543
104 144 -0.13233087018033074
105 106 -0.4105256542281317
105 145 0.4333233508626917
106 107 0.5964792786865971
106 146 0.5692601264367048
107 108 -0.38595832523023277
107 147 0.15007828166172366
108 109 -0.04829656184133668
108 148 0.008109038173779615
109 110 0.4378092006483534
109 149 -0.6149257607348195
110 111 0.9452258326289857
110 150 -0.2887518629828516
111 112 -0.1269327550843009
111 151 0.31731788643725234
112 113 -0.6952593524778552
112 152 0.2652046753410404
113 114 -0.7350156292085901
113 153 -0.08556683329184644
114 115 0.44501457007303924
114 154 0.370764693939275
115 116 0.07496974879501872
115 155 0.5769130919523326
116 117 -0.060542352615800654
116 156 0.4626398886090266
117 118 0.6631619799935118
117 157 0.3464791433214185
118 119 0.11693746431699026
118 158 -0.034544237392471144
119 120 0.8327700844022321
119 159 -0.3372266328486875
120 160 -0.5977240516854638
121 122 0.21808492552255587
121 161 0.5510530292096933
122 123 -0.12576397469837786
122 162 -0.31947839430437486
123 124 0.42810185206711315
123 163 -0.8012646920232533
124 125 0.7383778463955166
124 164 0.7010749124816023
125 126 0.2745395507834949
125 165 -0.3215969572999824
126 127 -0.36215380805306907
126 166 0.7633084704161817
127 128 0.5029241094549488
127 167 0.35074784716116425
128 129 0.47098811447984823
128 168 0.476843530973293
129 130 0.8436157872651173
129 169 0.3561421570220591
130 131 -0.7037450525027216
130 170 0.3745258824607869
131 132 -0.2602496684385558
131 171 -0.30267225216191096
132 133 0.24478028681735564
132 172 0.016178605945454283
133 134 0.16047666921890125
133 173 0.25847963160056486
134 135 0.854948902352187
134 174 -0.8193677330418832
135 136 -0.33277956603952563
135 175 -0.9548540410179307
136 137 -0.174996242166634
136 176 0.35401683620984725
137 138 -0.5097439908274828
137 177 -0.01701375643910752
138 139 -0.8336240857712343
138 178 -0.5554250072225702
139 140 0.07221232025820457
139 179 -0.2983737885438593
140 141 -0.7406757987734751
140 180 0.5747415520288346
141 142 0.5037502559578126
141 181 0.6290169192999597
142 143 0.20195270867308546
142 182 -0.2518505194627221
143 144 0.39019869235507
143 183 0.35764917885018144
144 145 0.7189964153979509
144 184 -0.9746290554581076
145 146 -0.36603755387060155
145 185 0.06906229069871372
146 147 0.3442432239032409
146 186 0.3118302149976693
147 148 0.3916437927820353
147 187 0.49340109127699283
148 149 0.049531383298810905
148 188 0.12015442274911403
149 150 -0.2258234475874472
149 189 0.19761991637686505
150 151 -0.6852325140864535
150 190 0.44105542158241184
151 152 -0.11541449982903074
151 191 -0.1966113729974912
152 153 0.39240915663924136
152 192 -0.6004912309825019
153 154 -0.616522941067325
153 193 -0.3083502829817426
154 155 0.9682713888254417
154 194 0.35291325363195836
155 156 0.4466047491345899
155 195 0.23140660966625282
156 157 -0.08328503981805335
156 196 -0.4050650002454079
157 158 0.39070578435482806
157 197 0.17909864983421397
158 159 0.6885740705336754
158 198 0.6267553931036842
159 160 0.3028416489738399
159 199 0.8616335718949857
160 200 0.07888228018256549
161 162 0.28322668951813834
161 201 0.4440364590338943
162 163 0.9345062171211387
162 202 -0.7139478458248569
163 164 0.826602488053755
163 203 0.1559586923315328
164 165 -0.9704265293809158
164 204 -0.6970381719483036
165 166 -0.5516739486370803
165 205 -0.06457847387596116
166 167 0.85156792920803
166 206 -0.24130124419534593
167 168 0.9977289281578732
167 207 -0.2481649845729017
168 169 0.8583426047534028
168 208 -0.18552036466894783
169 170 -0.7324693003777378
169 209 -0.4467501765729365
170 171 -0.028840987014278285
170 210 -0.31071384845715166
171 172 -0.7924482153767376
171 211 0.9096320086355272
172 173 -0.8443137153495612
172 212 -0.3726316649640715
173 174 0.5611631463188407
173 213 0.003511633495727029
174 175 0.787905143390826
174 214 0.521828480888243
175 176 0.3337518258054588
175 215 -0.24779096292654512
176 177 -0.22318579496098656
176 216 0.13152863485427346
177 178 0.8284404765409903
177 217 0.9064996402252128
178 179 -0.5816475810372965
178 218 -0.8922947535394612
179 180 0.2171169393182213
179 219 0.9519067773384984
180 181 -0.5519658141578494
180 220 -0.29328845636108936
181 182 0.994610307600776
181 221 -0.524817667113598
182 183 0.9641137707194423
182 222 -0.8216464895985933
183 184 0.27003374492846133
183 223 -0.009840499447726803
184 185 -0.04476554269727684
184 224 -0.5617978550494565
185 186 -0.36164977226084405
185 225 -0.29963918211370055
186 187 0.8856753158930857
186 226 0.6201158400230526
187 188 -0.8558363446586983
187 227 -0.48572403806006936
188 189 0.419466010410406
188 228 0.6900158142173307
189 190 -0.9229100848481597
189 229 0.5668879109213896
190 191 -0.7504307700773685
190 230 0.7060533391781469
191 192 -0.8061710032254645
191 231 0.2653174674576957
192 193 0.2316145505825411
192 232 -0.9808427952071714
193 194 -0.2642417710825389
193 233 -0.8704567671267327
194 195 -0.607786922258424
194 234 0.5876167830079142
195 196 -0.19228839918231788
195 235 -0.4525336070121255
196 197 0.5013639670360108
196 236 -0.5946728039013707
197 198 0.2946594796592863
197 237 0.9523495962536774
198 199 0.41025243773350173
198 238 0.6085351495001061
199 200 0.6501721186948766
199 239 0.6980120643151257
200 240 -0.7719043109642842
201 202 -0.9299269517971254
201 241 -0.4031010582216412
202 203 0.6891170656122361
202 242 0.3388122799613258
203 204 0.8005509035011167
203 243 0.127140343738116
204 205 -0.6352961131995591
204 244 -0.4361565555335143
205 206 0.4974435278817768
205 245 -0.6331515158008354
206 207 -0.5177835788788647
206 246 -0.49019604890752166
207 208 -0.7992061006778655
207 247 0.7443485469525746
208 209 0.3267774361066915
208 248 0.8357557633576334
209 210 0.8127013929639959
209 249 0.45309580256256377
210 211 -0.05366984856584067
210 250 -0.8548348169910935
211 212 -0.18245733752906124
211 251 0.2204270668973456
212 213 0.04846671741732389
212 252 0.022601833868777454
213 214 -0.9014822567800056
213 253 -0.8297486801175138
214 215 -0.35678735564184105
214 254 0.4845378044684894
215 216 -0.7685364389496192
215 255 -0.7156964072308876
216 217 -0.561519651866994
216 256 -0.7080730031191667
217 218 0.41464530006023126
217 257 0.3360327321394181
218 219 -0.7738433567055114
218 258 0.32817007156085554
219 220 0.8939242737892188
219 259 -0.6683697225431842
220 221 0.47146926472519657
220 260 -0.31161957673509577
221 222 -0.9505188147595784
221 261 -0.6349850571072682
222 223 -0.6579485512572645
222 262 -0.30910990751239
223 224 0.19756390364115206
223 263 -0.4850150708759029
224 225 -0.37727427995840523
224 264 -0.3846424737641989
225 226 -0.5048678508458437
225 265 0.4583592304011048
226 227 -0.6467635243084895
226 266 0.9633646720571643
227 228 -0.0878594965188173
227 267 -0.21155665373070898
228 229 -0.117627425542016
228 268 -0.7811509443217421
229 230 0.4668158050599056
229 269 -0.8819450266206765
230 231 -0.4682748469546363
230 270 -0.6268443715597214
231 232 -0.4119394873355884
231 271 0.3212486293181951
232 233 -0.11044259284936664
232 272 -0.35271274202886693
233 234 0.692536950835686
233 273 0.3588190333038386
234 235 -0.4683255124833867
234 274 0.6629193327442229
235 236 -0.19303332155696773
235 275 -0.11759594704521303
236 237 -0.4311494086062757
236 276 -0.059979197605414036
237 238 0.026811826778606607
237 277 -0.08342671424377257
238 239 -0.1929084158232297
238 278 0.59467087457809
239 240 0.8263630504996169
239 279 -0.056431573012324376
240 280 -0.6190683655559734
241 242 -0.8829750162358505
241 281 0.7141218851743978
242 243 -0.7813901838409087
242 282 -0.823492919941452
243 244 -0.980309118400623
243 283 0.9884787255931844
244 245 -0.36512957317119055
244 284 -0.8366841272581509
245 246 -0.9516820857696728
245 285 -0.7899410165664542
246 247 0.3568929387248827
246 286 0.36410315826120865
247 248 -0.7359312590850329
247 287 -0.11109944902055569
248 249 0.15163487248910656
248 288 -0.5155753562625249
249 250 0.9089658725624281
249 289 0.3585565750397628
250 251 -0.5105644086841099
250 290 0.036193580414312976
251 252 0.8419034915685881
251 291 -0.052149288393354976
252 253 -0.23347748315484962
252 292 -0.8769279696601047
253 254 0.6565601653957951
253 293 0.6599067561961136
254 255 0.8815820562643695
254 294 0.7879481138189273
255 256 0.5862720820362914
255 295 0.15442768784130823
256 257 0.39752297749462695
256 296 0.4347108613654589
257 258 0.9771806014813531
257 297 -0.006288940239345342
258 259 -0.5309479936179988
258 298 -0.7175934716968733
259 260 0.41622228909336556
259 299 0.8334126675622688
260 261 0.17961975011440612
260 300 0.7516299493731071
261 262 -0.8000904175337802
261 301 -0.8342138640740289
262 263 0.6257673748122925
262 302 -0.16871609108120644
263 264 -0.27334587727772486
263 303 0.9533154754585049
264 265 0.6392770081353993
264 304 0.17175346543719172
265 266 -0.2169731215442452
265 305 0.37329837229837093
266 267 0.5867148550888892
266 306 -0.17628037458914858
267 268 0.39009536299364034
267 307 0.1959182587774726
268 269 0.09981839449101804
268 308 0.26713836157218607
269 270 -0.24763418982647223
269 309 -0.5585794053199171
270 271 0.844499624869895
270 310 0.5969878718310102
271 272 0.08447422318130737
271 311 -0.9069645627294138
272 273 0.8260183605504035
272 312 0.5103022290291628
273 274 -0.10244629880349576
273 313 -0.6282383349979372
274 275 0.8414043784504548
274 314 -0.6134028773452298
275 276 -0.2487922317598359
275 315 -0.9849634766643107
276 277 -0.05983858299181466
276 316 -0.4915215199688181
277 278 -0.037886065992938756
277 317 0.5758471551996449
278 279 -0.679017372673872
278 318 0.8694033446834806
279 280 -0.7227235676339887
279 319 0.11849918474004406
280 320 -0.19731010973630614
281 282 -0.25429194425038504
281 321 0.35969590315619393
282 283 0.9329240825547807
282 322 -0.611405029573987
283 284 -0.7352043272358575
283 323 0.38527251548263486
284 285 -0.2676629342819128
284 324 0.8079474385831771
285 286 -0.7420896249774498
285 325 -0.07098848113669853
286 287 0.5322860299539958
286 326 -0.06584769810646263
287 288 -0.07155883553721143
287 327 -0.5157313860620971
288 289 -0.9887918202016026
288 328 0.41460967899852763
289 290 -0.057447497171902784
289 329 -0.5768069216272274
290 291 0.49717860382716106
290 330 -0.501288868139995
291 292 -0.3692693013420498
291 331 0.9349813905090605
292 293 0.5563336139083295
292 332 -0.7437691741553976
293 294 -0.8292508839022319
293 333 -0.09750411928480274
294 295 -0.12642859427605568
294 334 0.108129146509369
295 296 0.2100683480971124
295 335 -0.2408291138535097
296 297 -0.7855843403240441
296 336 -0.7132302370906678
297 298 -0.7430763502002549
297 337 0.2344509965258752
298 299 0.37954601300771507
298 338 -0.5301162586707469
299 300 -0.4755243900968209
299 339 0.10745288507007311
300 301 0.1671202531611189
300 340 0.6433064707770131
301 302 0.734956817998264
301 341 0.031695906807405194
302 303 -0.7082809314032372
302 342 0.36069613399471057
303 304 0.9846517293040828
303 343 0.25703221919333363
304 305 0.3404193480121147
304 344 -0.7589177199874504
305 306 -0.553049761526563
305 345 -0.25763263107933865
306 307 0.10498942689262503
306 346 0.31963269532823957
307 308 -0.5739415366709337
307 347 0.9559212866304556
308 309 0.07628726646566819
308 348 0.8513458118441233
309 310 -0.3323058573062725
309 349 0.344753321664673
310 311 0.6356591362949753
310 350 -0.114810901750797
311 312 -0.27434000023293015
311 351 0.36706811000633977
312 313 -0.8102342212749476
312 352 -0.7660055065748814
313 314 -0.7430661441934439
313 353 -0.9253220017842505
314 315 -0.770522348305716
314 354 -0.11491090257171055
315 316 0.6658140833417674
315 355 -0.061903715258014635
316 317 0.03995377240213549
316 356 0.5133437432884322
317 318 0.7370862921279566
317 357 -0.13217107071222833
318 319 -0.5506495114443124
318 358 0.2977486545393666
319 320 -0.42743251842063734
319 359 -0.13014548290240668
320 360 0.5108065021892711
321 322 -0.48744010134673976
321 361 -0.3048375696950161
322 323 -0.8361998799633097
322 362 -0.4612306094402727
323 324 -0.3314234952387545
323 363 -0.639592484781514
324 325 -0.7545568475193516
324 364 0.5647535586388501
325 326 -0.2873893338967426
325 365 0.8389192458166228
326 327 0.3438209439175328
326 366 0.7198404451001239
327 328 0.9985524725174706
327 367 0.8266604156814457
328 329 0.7616475965977572
328 368 0.20500367253313923
329 330 -0.00010279689927483737
329 369 -0.7456174355574976
330 331 -0.04914963404144457
330 370 0.6151649325972997
331 332 0.7793887419274488
331 371 0.5664970358409207
332 333 -0.4713571010050339
332 372 0.5746982583598377
333 334 -0.7964415805689877
333 373 -0.13438852889158936
334 335 -0.2676270915755983
334 374 -0.6472848648775797
335 336 0.9439433684328495
335 375 0.885550828413519
336 337 0.9234003921056302
336 376 0.22787388103559914
337 338 0.9684447841551116
337 377 -0.1056408876278443
338 339 0.7271806806943382
338 378 0.9443430420508809
339 340 0.2654962944629453
339 379 -0.8889832671729916
340 341 -0.5438568095107215
340 380 -0.8923090347691169
341 342 0.5254570908146303
341 381 -0.7029323670499548
342 343 0.2182261750022747
342 382 0.008284273180814816
343 344 -0.9123830872168162
343 383 -0.0938235425172882
344 345 0.6518383537261536
344 384 -0.4707418662670628
345 346 0.677654536677651
345 385 -0.8238057408360608
346 347 -0.12448124303197505
346 386 -0.6606863851982694
347 348 -0.8212993328330533
347 387 0.04663942641180663
348 349 0.7695521310781219
348 388 -0.9273276119855207
349 350 -0.527489175114203
349 389 -0.1472715754805729
350 351 -0.6715929662347424
350 390 -0.6180201934545584
351 352 -0.08016165913549544
351 391 0.9543384118854148
352 353 -0.9080870440722049
352 392 0.5562487433923631
353 354 0.7894713899745238
353 393 -0.10367526048635134
354 355 -0.7085790098388387
354 394 0.814574797914609
355 356 0.7207168381099962
355 395 -0.9912346115600015
356 357 -0.2119582119113408
356 396 0.10736880672148041
357 358 -0.25452625075577506
357 397 -0.5906389784065604
358 359 0.35716573084274206
358 398 0.031348288777896194
359 360 -0.8126238235593977
359 399 -0.16627725905163726
360 400 -0.5839207131714981
361 362 -0.9811744598380612
361 401 -0.2833324345900605
362 363 0.30026103602626675
362 402 0.09355449068932109
363 364 -0.7188046696564909
363 403 0.3384948212788945
364 365 -0.8862942888027061
364 404 -0.8734972385025814
365 366 -0.5837239392746987
365 405 -0.2384935041594307
366 367 -0.6189164897250385
366 406 -0.953447820248229
367 368 0.3150091518946432
367 407 0.3195997815982059
368 369 0.5101308228596368
368 408 0.7897311111524534
369 370 0.8563755387142518
369 409 -0.7574257476996662
370 371 0.9318790135834398
370 410 0.27811055479750535
371 372 0.7574689916618178
371 411 -0.02301953638978671
372 373 -0.7821700944464733
372 412 -0.1754732312223355
373 374 -0.11133152369838606
373 413 -0.2932189358490396
374 375 -0.16118912005429142
374 414 -0.15275011172116804
375 376 0.8152124702043597
375 415 -0.627595732405803
376 377 -0.8267109319869246
376 416 -0.7915042851470355
377 378 -0.6303413031936467
377 417 -0.08214840533798262
378 379 -0.8077590146958689
378 418 0.6464106292520833
379 380 0.2157274685400894
379 419 -0.9611759366694603
380 381 0.8117483511073809
380 420 -0.33891309514165946
381 382 -0.1512774894564084
381 421 -0.9244435875909331
382 383 0.4540723097301558
382 422 0.3262282071786955
383 384 -0.7335282777724521
383 423 0.6507244363059272
384 385 0.9123663364540286
384 424 -0.8837062307637211
385 386 -0.9243344620159675
385 425 0.16992232712852284
386 387 -0.8863476005831818
386 426 0.14349984565495566
387 388 -0.45021895839210746
387 427 -0.8981444634079452
388 389 0.8641944640566346
388 428 -0.44935878804345597
389 390 0.21379839070557227
389 429 -0.6489269516028091
390 391 0.44103347403070625
390 430 0.2961983167085893
391 392 -0.8867650301772978
391 431 0.30626035253981265
392 393 -0.1523393416655594
392 432 -0.8611574361208831
393 394 0.13858721676465025
393 433 0.8881585685020479
394 395 0.58286693813728
394 434 -0.23336755611056548
395 396 0.8805466795637542
395 435 -0.5292156306196085
396 397 0.5324138137737564
396 436 0.8188574935195041
397 398 0.22262783365579097
397 437 -0.15956573908754934
398 399 0.24943812313719027
398 438 0.10676502769226293
399 400 -0.47883295075952215
399 439 0.10962147876926531
400 440 0.44954592888638367
401 402 0.8981883633564207
401 441 -0.5642019817366222
402 403 0.3934496877065019
402 442 0.9261961554058573
403 404 -0.3922914543379239
403 443 0.22730906779640336
404 405 -0.142098440568585
404 444 0.9331189031984184
405 406 -0.9572046531737117
405 445 -0.8803115792616454
406 407 0.674185765211883
406 446 -0.4445743340575121
407 408 0.08185830715801523
407 447 -0.49017839115750905
408 409 -0.36914110935381683
408 448 -0.9659654146064589
409 410 -0.36163996457454695
409 449 -0.45637242858169014
410 411 0.17753604830443215
410 450 0.018446682554662308
411 412 0.7411637645176863
411 451 0.8136703544323467
412 413 0.6080233017596539
412 452 0.9410922742116545
413 414 -0.09119731387709185
413 453 0.599482148642527
414 415 -0.4370589504578519
414 454 0.07639467475341921
415 416 -0.6262717224204357
415 455 0.16087054693954217
416 417 -0.21988895712044587
416 456 -0.16433901624795832
417 418 -0.21024285915244967
417 457 -0.4540510381584628
418 419 0.8069376238856989
418 458 -0.1507737794494326
419 420 -0.9440886938076123
419 459 0.7936748045107596
420 421 -0.8906619095758042
420 460 -0.44394652274651514
421 422 -0.22118309477285458
421 461 -0.2783049426594033
422 423 0.6432875117069856
422 462 0.8846021399241235
423 424 -0.5556125953779771
423 463 -0.7735709776722379
424 425 0.032375613924366275
424 464 -0.16732367793097214
425 426 0.9031792379431551
425 465 -0.2810092324279312
426 427 0.3998371950810917
426 466 -0.24542978320596665
427 428 0.799751312145115
427 467 -0.5379469456936916
428 429 -0.5137294670452508
428 468 -0.9374409088230775
429 430 -0.3504095153510265
429 469 0.2847076752282829
430 431 0.6835749874676311
430 470 0.2637713164423987
431 432 -0.041435920483237076
431 471 -0.9575220182496895
432 433 -0.8532860615027749
432 472 0.7121686013340411
433 434 0.8743761920817343
433 473 -0.7250272077954414
434 435 -0.9487710061765884
434 474 -0.0005918613032405151
435 436 -0.551132176016006
435 475 0.7166216012757987
436 437 -0.17552421812207664
436 476 0.8706809873306449
437 438 -0.6193118172840231
437 477 0.3716404262438302
438 439 -0.6802399591906605
438 478 -0.4629133749881926
439 440 -0.6996971870260262
439 479 -0.8763264087285767
440 480 -0.30848600845545926
441 442 -0.36121726723927083
441 481 0.8355447720011748
442 443 -0.4445569405371588
442 482 -0.5327470763040663
443 444 0.871198770563834
443 483 -0.5941902142234134
444 445 -0.5664981446514021
444 484 0.8961459032545869
445 446 0.6755486449913803
445 485 0.40433876383962564
446 447 0.9488557938254101
446 486 0.5164344669512608
447 448 -0.5620333567706277
447 487 0.4053236469609729
448 449 -0.5668054377981158
448 488 0.06422781475819828
449 450 -0.3286622553898144
449 489 -0.6193441348083837
450 451 -0.15361309657098188
450 490 0.42085274342126566
451 452 -0.14063101455147264
451 491 -0.5959472482593866
452 453 0.40206422337739833
452 492 -0.9730985591220565
453 454 -0.9587159125079101
453 493 0.6920368194273501
454 455 0.5063562112811177
454 494 -0.5160992426129201
455 456 0.5910649697213606
455 495 0.016147067040851892
456 457 0.09672959122799107
456 496 0.03798594756493334
457 458 0.8096795915034483
457 497 0.8807461860724941
458 459 0.27695637316360044
458 498 0.5831683905696461
459 460 0.3470323301966114
459 499 -0.18754019809513855
460 461 -0.5982781129169876
460 500 0.3912073611905911
461 462 0.2989796366814532
461 501 0.7126691013344577
462 463 -0.3021142332501945
462 502 -0.9068862289429935
463 464 0.7355906619638355
463 503 -0.4189492814297333
464 465 -0.5192473693862967
464 504 -0.7855897986271854
465 466 -0.8735942201175269
465 505 -0.04587068887708656
466 467 -0.7997189050201232
466 506 -0.5598032894551688
467 468 -0.01998732566543482
467 507 -0.7258970619464318
468 469 0.3008413503455145
468 508 0.2955482853418405
469 470 0.5521037758175653
469 509 0.652469342691085
470 471 0.9953273759989427
470 510 0.021782643175904726
471 472 -0.6836102916416078
471 511 0.057167245204452266
472 473 0.360978522778034
472 512 0.7351367376583471
473 474 -0.046440199449749864
473 513 -0.8189520046932466
474 475 -0.03783749888181154
474 514 0.6567160586680585
475 476 0.2961997360614681
475 515 0.31657060925440494
476 477 -0.8077473541061364
476 516 0.6343757913793318
477 478 0.14719913742229518
477 517 0.826716391140986
478 479 -0.5664848631875439
478 518 0.171481994675448
479 480 -0.264200181093714
479 519 0.6511151038179717
480 520 0.31059161830833326
481 482 -0.9361926671202105
481 521 -0.869830925914971
482 483 0.6913441089582895
482 522 -0.5515750587504378
483 484 -0.7607797076884428
483 523 -0.2156186741741566
484 485 -0.9138467438108082
484 524 0.7763419799936362
485 486 -0.8134626536693168
485 525 0.5826853512976276
486 487 -0.12287203340032615
486 526 -0.921901570443191
487 488 -0.8781037152785205
487 527 0.02127633385504013
488 489 -0.02502965244611577
488 528 -0.42092054777036036
489 490 -0.5085074566964394
489 529 -0.7830801819707427
490 491 -0.6896935118770136
490 530 0.7892244471662309
491 492 -0.43133314967050995
491 531 -0.00220496477006904
492 493 -0.6901473311634567
492 532 0.684673598451889
493 494 0.09088406974069096
493 533 -0.615272879640079
494 495 -0.22228268618233749
494 534 0.6595701800668368
495 496 -0.5732586796655355
495 535 0.2675520938159155
496 497 -0.2848132745058418
496 536 0.661535830218406
497 498 -0.5458814418047171
497 537 -0.4975348130100976
498 499 0.9559773872545685
498 538 0.8919987493098327
499 500 0.8932365608725856
499 539 -0.012719697761363724
500 501 -0.7999426385221808
500 540 -0.9779235951699605
501 502 -0.11657104523203565
501 541 0.8408924465034937
502 503 -0.047446510324674396
502 542 0.32119224705927496
503 504 -0.04066018185301923
503 543 0.6551293130936233
504 505 -0.4994753748201475
504 544 -0.8680939615164127
505 506 0.06462540992132237
505 545 -0.6885122890443129
506 507 -0.5663739868923412
506 546 0.4847592268994103
507 508 0.6634541691532942
507 547 0.29836036661031473
508 509 -0.3796123066398107
508 548 0.415690166624078
509 510 0.06270190480741733
509 549 -0.3516772093986602
510 511 0.8342586459596684
510 550 0.029771693930428222
511 512 0.6920268238269678
511 551 -0.7146448565563046
512 513 0.40415153943514115
512 552 0.5154209294431087
513 514 -0.35619244776778536
513 553 -0.27975437947202475
514 515 -0.551623780016179
514 554 0.2005285131569159
515 516 0.11294277292328725
515 555 0.10930951385596077
516 517 -0.040140862313625014
516 556 -0.18315214689477144
517 518 -0.9377473587263818
517 557 0.39432064815063916
518 519 0.7293976197217262
518 558 0.36791192876622647
519 520 0.9611293114761974
519 559 -0.9153030500082413
520 560 -0.8973421532075221
521 522 0.25965799821564595
521 561 0.7476268865590774
522 523 0.37781259911737863
522 562 -0.6930107260432545
523 524 0.3890784532846987
523 563 0.8899340662680388
524 525 0.1306423797781875
524 564 0.6444836198022741
525 526 -0.20723090811006428
525 565 -0.7094104472476188
526 527 0.5602939395270723
526 566 -0.28610170975382876
527 528 0.7807981546839078
527 567 0.5981585365614839
528 529 0.9289589724081728
528 568 0.8988653812369085
529 530 0.8006882011512149
529 569 -0.702440720374526
530 531 0.6750484216311612
530 570 -0.16698408406361698
531 532 0.9117971010350228
531 571 -0.6379444046038045
532 533 -0.4114401372048566
532 572 0.8508926010720779
533 534 -0.004619591521359601
533 573 0.2259564156627778
534 535 0.5591008010143717
534 574 0.5139037763747036
535 536 0.21439635331417972
535 575 -0.30181399577437773
536 537 -0.3791384111796152
536 576 0.10939313517203342
537 538 -0.047854966872185045
537 577 -0.2758099644742249
538 539 0.923583709638784
538 578 -0.792014078901492
539 540 -0.4227828024352527
539 579 0.6513189965104482
540 541 0.19627149657564424
540 580 0.5107321784748782
541 542 0.5300793570510018
541 581 -0.550611880444186
542 543 0.6706275740024885
542 582 0.373596362499899
543 544 0.48526889375017634
543 583 0.10927758292183709
544 545 -0.5274961797065147
544 584 0.8612295159800976
545 546 -0.9434471747497961
545 585 0.7556812126579637
546 547 0.035590622031198116
546 586 0.3489736113730668
547 548 -0.6321637913461398
547 587 -0.28635602106648017
548 549 0.9620894646460931
548 588 -0.42775641694965993
549 550 -0.29823549745761935
549 589 -0.28451033817348526
550 551 0.32179873917413726
550 590 0.9446845918893068
551 552 -0.36624789478385256
551 591 0.6858381760679606
552 553 -0.6377697252907697
552 592 0.3586618000616346
553 554 -0.5874567474914669
553 593 0.6042063131212834
554 555 -0.19940389103039768
554 594 -0.1794433342966335
555 556 -0.6815763545807851
555 595 0.6788679187486739
556 557 0.8029762238255862
556 596 -0.2615233103494883
557 558 0.8845319607649633
557 597 -0.7687245649280199
558 559 0.9102154531737363
558 598 -0.3058186796711968
559 560 0.14188723190927433
559 599 -0.17745121943644082
560 600 -0.3876196921530026
561 562 -0.9825685353924303
561 601 0.49315447398787504
562 563 -0.5928037276888396
562 602 -0.8648022127928461
563 564 -0.6732350111907079
563 603 -0.0825733885481108
564 565 -0.03637022751658647
564 604 -0.4971758393478938
565 566 0.9698545440057444
565 605 -0.7620030175775927
566 567 0.13936777282674684
566 606 0.9851615705065473
567 568 -0.9654111782472945
567 607 -0.5752225392519612
568 569 -0.7883349717334571
568 608 -0.6171141848435215
569 570 -0.6599390505843052
569 609 0.24460102736959666
570 571 0.6872193989552096
570 610 -0.8341990016468888
571 572 0.9111573202452572
571 611 -0.8544720529212837
572 573 0.8383853971276185
572 612 0.6798011167120632
573 574 0.043584429689170756
573 613 0.17704724420736606
574 575 -0.43873180995231675
574 614 0.7991624531675818
575 576 -0.7541878542077511
575 615 -0.3036277396422198
576 577 -0.8280367104556894
576 616 -0.49461629042585287
577 578 -0.9705236192150257
577 617 0.4227328694068726
578 579 -0.9682818304082739
578 618 0.9554415666061022
579 580 -0.6030516818540972
579 619 -0.30617747353496494
580 581 0.7023920323099972
580 620 -0.37128014061292225
581 582 -0.3423565747930617
581 621 0.47448393995006555
582 583 -0.11331393618990648
582 622 0.8364776905675835
583 584 0.42313274300032
583 623 -0.5967301391588955
584 585 0.5090201197438693
584 624 0.9757373113861214
585 586 0.17540957268670465
585 625 0.24968793361271624
586 587 -0.5780501438737176
586 626 0.1622700104473549
587 588 -0.9384625080143831
587 627 -0.09900172376826188
588 589 0.10172433735613406
588 628 -0.9878241611218423
589 590 -0.30667929265472127
589 629 -0.38228403636742936
590 591 -0.4513455848022756
590 630 -0.4496665457390896
591 592 -0.17081230995693675
591 631 0.1470886461196299
592 593 -0.6546661382887182
592 632 -0.7094583013279707
593 594 0.48049420161495027
593 633 -0.489886457937605
594 595 -0.4342050509717823
594 634 0.025019268832337627
595 596 0.7770270716329599
595 635 -0.03153678622360312
596 597 0.9419707100381189
596 636 0.030634205732437136
597 598 0.2869144894864064
597 637 0.05499763326008478
598 599 0.450657693533133
598 638 -0.7436770330063318
599 600 -0.801489244710065
599 639 -0.23996892039812878
600 640 0.6810386562460955
601 602 0.6256823420052469
601 641 -0.8485651076554666
602 603 0.49897139086994935
602 642 -0.6398412091639691
603 604 -0.44227289738717834
603 643 -0.590799852008443
604 605 0.6882083397616432
604 644 -0.31808788453993486
605 606 -0.7179914836002317
605 645 0.7078388508775901
606 607 0.1825130806114892
606 646 0.049798964356381425
607 608 -0.31618689764686403
607 647 -0.9182123432853753
608 609 0.4551805936499418
608 648 -0.7043913104784492
609 610 -0.20275763108966238
609 649 0.5250226330953391
610 611 0.6147196478968882
610 650 0.3799083580724374
611 612 0.8986958580677398
611 651 -0.6283355137932156
612 613 -0.5074788967321922
612 652 0.05607024283775597
613 614 0.07167664877561841
613 653 -0.35081420451436096
614 615 -0.38497756549843665
614 654 -0.2614611732206604
615 616 -0.6541694007849082
615 655 -0.4577658257696564
616 617 0.7012632764071933
616 656 0.9690705060980023
617 618 -0.32010701434001687
617 657 -0.8347161018947868
618 619 0.9245671976562579
618 658 0.2155821311825239
619 620 0.600218615939033
619 659 0.18404627464015144
620 621 -0.37827813724774306
620 660 -0.2975276992715006
621 622 -0.06295934054623231
621 661 -0.31047063803636377
622 623 0.8789522926064606
622 662 0.9815818218372487
623 624 0.6801271320918634
623 663 -0.6099897216132795
624 625 0.9686042536911774
624 664 -0.5898381275521092
625 626 -0.8783690802970094
625 665 0.25624367454431884
626 627 0.646823665651056
626 666 -0.4029270269713783
627 628 -0.812476165798315
627 667 -0.3941908567304595
628 629 0.4835085715337546
628 668 -0.5274203336475822
629 630 0.9007996069315569
629 669 -0.6290371180598802
630 631 -0.9636668170447862
630 670 -0.16621409413033184
631 632 -0.19121745135047474
631 671 -0.36513288051757486
632 633 -0.9727310855463442
632 672 0.9694697304075222
633 634 0.13709880853251466
633 673 0.0015485520148588172
634 635 0.5654041752025318
634 674 0.2361805481559982
635 636 -0.04465246102285492
635 675 -0.29213380813380696
636 637 0.582585298615774
636 676 -0.6156786168046866
637 638 0.2722823321602552
637 677 -0.06892260012080009
638 639 0.8593764056143454
638 678 0.31200317006761
639 640 -0.2746821368423933
639 679 -0.008759970148694673
640 680 0.5621849319461927
641 642 0.31291066919391564
641 681 0.01852440016703638
642 643 -0.7514785795001526
642 682 -0.5503854521824072
643 644 -0.383327939998936
643 683 0.5912191408228418
644 645 0.460714303313565
644 684 0.9102474832527265
645 646 0.4550808880145021
645 685 -0.8617413498721009
646 647 -0.3470814481935489
646 686 0.23812990246646626
647 648 0.14311131289875134
647 687 -0.8771222216783405
648 649 0.7375810102883553
648 688 0.9857599210424126
649 650 0.08288302274993775
649 689 -0.789448644758795
650 651 -0.5725477818673697
650 690 0.4876537474158489
651 652 -0.19032842071520784
651 691 -0.8635142470617136
652 653 0.9993685772905447
652 692 -0.39431211546166844
653 654 0.06963292106862173
653 693 0.2619338364011494
654 655 0.9044229219891846
654 694 0.736820910632457
655 656 -0.09960193520670013
655 695 -0.5468899680446455
656 657 0.13454955998741713
656 696 0.6063575765229168
657 658 0.16568464357672674
657 697 -0.5429600228066189
658 659 0.3530988564397417
658 698 -0.788064034560128
659 660 -0.4882946919794251
659 699 0.22718851766256143
660 661 0.8425798402837066
660 700 -0.42777208060237637
661 662 -0.5534102643818262
661 701 0.003156902638166592
662 663 -0.26616326007303526
662 702 0.7049968744733186
663 664 0.40423764898259495
663 703 0.9656575099060334
664 665 -0.4524335843658842
664 704 -0.11436477456120953
665 666 0.21832970342252178
665 705 0.7533899125838781
666 667 -0.5886215070481913
666 706 0.7989136475602188
667 668 -0.9008628964320518
667 707 0.06361953575582957
668 669 0.16802915385491834
668 708 -0.05285683271097841
669 670 0.8497293479084616
669 709 -0.3955288593347377
670 671 -0.2653927563712548
670 710 0.7122354220125624
671 672 0.6899588217938775
671 711 -0.08129176367580193
672 673 -0.5273719786756441
672 712 0.6174480496214865
673 674 0.16816276271746688
673 713 0.30116927917889424
674 675 -0.9482389861507421
674 714 -0.8315167772030687
675 676 -0.3392317078157696
675 715 0.7053593765473698
676 677 0.7637497892738789
676 716 0.5975348735442927
677 678 -0.589560057419827
677 717 -0.8090109510766044
678 679 -0.25191270950710587
678 718 -0.18706827167486373
679 680 -0.6792434283615598
679 719 -0.4311833577336257
680 720 -0.2543805118773135
681 682 -0.0402332170072337
681 721 0.9111482898621326
682 683 -0.44108089270275164
682 722 -0.9323565379124217
683 684 -0.8143079361867347
683 723 0.7380383562841335
684 685 0.8298745296882468
684 724 0.019208432291081268
685 686 0.24286005834014324
685 725 -0.13402014932271178
686 687 0.9882529630942882
686 726 0.12811910120448222
687 688 -0.971020678966183
687 727 -0.886666616123281
688 689 -0.26722843478984326
688 728 -0.5772944910764
689 690 -0.5991783882524382
689 729 -0.5452206928814991
690 691 -0.3168406500030607
690 730 -0.26816868032063246
691 692 -0.17977489904873512
691 731 0.469897605312098
692 693 0.9827467949038085
692 732 -0.9489813912303324
693 694 0.2818955679850246
693 733 -0.6386784650809554
694 695 0.19514220839952645
694 734 0.5420344352767343
695 696 -0.5436581826189926
695 735 0.07989307094831188
696 697 -0.3945484692220038
696 736 0.28856968378322234
697 698 0.6918827643885295
697 737 0.7411357428533534
698 699 -0.09669004956771432
698 738 -0.20783241481536696
699 700 0.4153424460928914
699 739 0.37928216608084653
700 701 0.7974367494221728
700 740 0.6949657135841407
701 702 0.2749426094385077
701 741 -0.5631829463485429
702 703 0.3049824847823117
702 742 -0.6474279102618836
703 704 -0.9614421112696578
703 743 0.7383442810050502
704 705 0.3260880684291909
704 744 0.7608044799416727
705 706 -0.5407966382249905
705 745 -0.7012045516378858
706 707 0.81002200393992
706 746 -0.4655002520137139
707 708 -0.32044047167663625
707 747 0.8674692350961639
708 709 0.5985598280950126
708 748 0.8230911603868107
709 710 0.5656124159010631
709 749 -0.9584804852445503
710 711 -0.24233389980135955
710 750 0.889237748608618
711 712 0.6585943549384783
711 751 0.6291112536369159
712 713 -0.1880167166921407
712 752 -0.6193765934382585
713 714 -0.9276038484272917
713 753 -0.1147633344818586
714 715 -0.8301885484195242
714 754 0.5277899207996444
715 716 -0.16478125320486492
715 755 -0.9207745166411454
716 717 -0.7785679264478644
716 756 0.9322474341408078
717 718 -0.39575217663350815
717 757 0.9578774973411863
718 719 -0.07863145725748266
718 758 -0.5794130628135603
719 720 0.5168432043303584
719 759 -0.2406548622050304
720 760 0.08019644481491994
721 722 -0.9999759328610298
721 761 -0.5060425980161674
722 723 -0.49120162991724814
722 762 0.33770941284255285
723 724 0.6674307621734346
723 763 0.36358710641806913
724 725 -0.5191820873506421
724 764 0.5826235234260166
725 726 0.774761890171545
725 765 0.23601982462644044
726 727 0.7256362872518893
726 766 0.7341827717537166
727 728 0.010569602105915177
727 767 -0.07102424566321464
728 729 0.006305008529186029
728 768 0.8827550476644044
729 730 -0.5863722486585012
729 769 -0.005877246025657312
730 731 -0.7185545202659573
730 770 0.7164681772110697
731 732 -0.2997799432059336
731 771 0.5404712071642637
732 733 -0.4856702787760909
732 772 -0.7334183350156083
733 734 -0.6263185032765279
733 773 -0.8495878331388913
734 735 -0.8590138925602779
734 774 0.9690515353182301
735 736 -0.4192177202383096
735 775 0.486537009412763
736 737 -0.8013135636667506
736 776 -0.25469785573461956
737 738 0.8517361434652153
737 777 -0.0933252355695926
738 739 -0.3999648776233664
738 778 0.14595605271283274
739 740 -0.4834603789417564
739 779 0.07285885470050357
740 741 -0.6306556860442787
740 780 -0.31854552824148974
741 742 0.2550920799374303
741 781 0.19988075660155125
742 743 -0.9169729100383046
742 782 0.2163109644673764
743 744 0.4498878064430061
743 783 0.21936186221834597
744 745 0.8492469974629022
744 784 -0.8499718528150977
745 746 -0.6069539133429775
745 785 -0.35649996044494925
746 747 0.15175045511101115
746 786 -0.16719166410559194
747 748 0.4128302055415143
747 787 -0.170990840586692
748 749 0.2393237222364446
748 788 0.9165642057431327
749 750 -0.36784406779251744
749 789 0.24284370616439244
750 751 -0.3824385680297673
750 790 -0.33970371906518615
751 752 -0.6528473335140197
751 791 0.9246789669487947
752 753 -0.1016843810233834
752 792 -0.4908722827266496
753 754 0.6195630167857418
753 793 0.9409614895269218
754 755 -0.6127248251658051
754 794 0.5199865454687091
755 756 -0.5538835365368453
755 795 -0.22354185357860867
756 757 -0.6650167196468253
756 796 0.9423435231374859
757 758 -0.13565209478221907
757 797 -0.6262791623563249
758 759 0.7772114900780986
758 798 -0.08913338017984951
759 760 0.10989726590578952
759 799 0.06689099163613954
760 800 -0.47021436835814945
761 762 0.424465355823167
761 801 -0.35083590042657375
762 763 0.5198381612414829
762 802 -0.5479711714667663
763 764 -0.40837148501253817
763 803 -0.6677604066854192
764 765 -0.9089347086907902
764 804 0.7999375227176257
765 766 0.3216209630076883
765 805 -0.05110001871556791
766 767 0.9694336063197324
766 806 -0.4174655428651244
767 768 -0.38891405207171537
767 807 0.3057721524797168
768 769 0.4108489847616257
768 808 -0.6452625541401915
769 770 -0.41034106225935907
769 809 0.2081519055104124
770 771 0.47659500754389406
770 810 -0.7080210407975489
771 772 -0.1001311720645055
771 811 0.45566156180661777
772 773 -0.7359063326283655
772 812 0.14589216461454968
773 774 -0.25452807399496447
773 813 0.24565405940702756
774 775 -0.5027685385868352
774 814 -0.8548362440732566
775 776 0.8044103533719609
775 815 0.25038605366586975
776 777 0.2634419056478823
776 816 0.7713957742526452
777 778 0.4480227378965449
777 817 -0.6000220414744375
778 779 0.8780789691867719
778 818 0.21697883847699706
779 780 -0.11441502882486021
779 819 -0.30805676967126594
780 781 0.061801985628175515
780 820 0.2809688382632709
781 782 0.8117461620243178
781 821 -0.4194208671643538
782 783 -0.6897988056703559
782 822 0.0023290777483484515
783 784 0.6268315610875155
783 823 -0.4246199670944646
784 785 -0.35660512716081016
784 824 -0.6777172125337139
785 786 -0.8963717255407357
785 825 -0.2510532826466356
786 787 0.40886862558206505
786 826 0.4066655484926076
787 788 0.10610448170011
787 827 0.9269947120544686
788 789 -0.17589701366186095
788 828 -0.8139620795434932
789 790 -0.6830825062900372
789 829 0.827499593545715
790 791 0.22536070421597243
790 830 -0.9344924039440667
791 792 -0.7616354354300832
791 831 0.054491522986829244
792 793 -0.14026264909065955
792 832 0.15244943568310987
793 794 -0.014056751563239267
793 833 0.2539440613435633
794 795 0.1057064624377293
794 834 0.5542101802760531
795 796 0.7466473083260008
795 835 -0.6104336148529375
796 797 0.4563576288824778
796 836 -0.8618633179396982
797 798 -0.8782822571913638
797 837 0.1136595522680901
798 799 0.9229029827836215
798 838 -0.7192554657797865
799 800 0.6432153053942216
799 839 0.8263591528725684
800 840 -0.8760995880303393
801 802 -0.44600728723238103
801 841 0.3908909051069491
802 803 0.22369917865108224
802 842 0.8245121686372381
803 804 0.8378825812096329
803 843 -0.8571497325627411
804 805 0.13142331403387364
804 844 -0.9676819277338238
805 806 -0.9897568208028946
805 845 -0.2313234916319844
806 807 -0.6357749245734441
806 846 -0.37046772769736647
807 808 -0.903821880052899
807 847 -0.755432983032509
808 809 0.8666449792262321
808 848 -0.6610348586973762
809 810 0.47344760880408954
809 849 -0.49190609951270314
810 811 0.3209507133811791
810 850 -0.07862753153340507
811 812 0.07768353925856197
811 851 0.02834919319355156
812 813 0.6491071102130688
812 852 -0.3371454535350735
813 814 0.8310137154507589
813 853 0.4432672356966052
814 815 0.5372735755956082
814 854 0.4558543671555917
815 816 0.43620898485396253
815 855 0.24879105507110966
816 817 0.7349237853813753
816 856 0.775510713216983
817 818 -0.8952012792851816
817 857 0.48235572001305194
818 819 -0.8295763164861656
818 858 -0.7968238435792201
819 820 -0.7027196823678961
819 859 -0.7376524262793487
820 821 -0.16388590617844923
820 860 -0.797067502485143
821 822 -0.8034561010346191
821 861 -0.053521669405192984
822 823 0.8003243959483619
822 862 0.9396967777948353
823 824 0.6856243569307825
823 863 -0.10602018549404124
824 825 -0.3421114069779707
824 864 -0.07340703405505056
825 826 0.9160265490044639
825 865 0.5118138579142231
826 827 0.9939923235780608
826 866 0.1366261352769247
827 828 -0.8277461547663973
827 867 0.5656226934558735
828 829 0.678241451370305
828 868 -0.9804135480169733
829 830 -0.1947274123232836
829 869 0.3323836146767356
830 831 0.3279608068658395
830 870 -0.4085827026174367
831 832 0.15724654777079783
831 871 0.3286717929993255
832 833 -0.2303524492593163
832 872 0.25122481191868684
833 834 -0.9838314450592596
833 873 -0.9521762487476206
834 835 -0.8242820575652361
834 874 -0.6671458756259943
835 836 0.8271958495060396
835 875 0.7975457151008649
836 837 0.5186550104781946
836 876 0.7854749844451396
837 838 0.6071333723981491
837 877 -0.2832270588218928
838 839 0.8290564485247687
838 878 0.7189508562164466
839 840 -0.4433770234006915
839 879 -0.8329433709751553
840 880 -0.8817342037756848
841 842 0.8371034962918975
841 881 -0.5110485956040194
842 843 0.08322125656002721
842 882 -0.252109820847608
843 844 -0.05106385782098122
843 883 -0.2795411604617859
844 845 0.03981879416696166
844 884 -0.012491576926825676
845 846 -0.40730898739745935
845 885 0.09908519741167132
846 847 -0.9507666902622915
846 886 -0.5618260815788321
847 848 0.8627625311249747
847 887 -0.2850802307854612
848 849 -0.7286329495230279
848 888 0.18879420714301065
849 850 0.12385278939326572
849 889 0.7989022694408496
850 851 -0.07917587302473117
850 890 -0.5308152937692683
851 852 0.8390802528813255
851 891 -0.7620667025655716
852 853 -0.6989662505095664
852 892 0.49795199642084564
853 854 -0.16491936909329508
853 893 0.6722478003150938
854 855 -0.735260486609157
854 894 -0.054996267577383184
855 856 -0.11798976693218988
855 895 -0.10350405323239986
856 857 -0.351869767435826
856 896 0.029473661220379643
857 858 -0.8673454303884378
857 897 0.3289390462428734
858 859 -0.7631692690640317
858 898 -0.09340115982759345
859 860 0.1023676965185083
859 899 -0.5159282738945203
860 861 0.05383323533761142
860 900 0.753935329597325
861 862 0.6949855641386424
861 901 -0.437955827053486
862 863 0.6405699813818984
862 902 0.23742292402338516
863 864 0.6656351665087745
863 903 -0.9576408781727483
864 865 0.9269889527586068
864 904 -0.09637869244581654
865 866 -0.8911156328224901
865 905 0.349663401009072
866 867 0.09136191339053634
866 906 -0.443839621630995
867 868 0.9743229445637807
867 907 -0.2323551202888947
868 869 -0.20406031944464598
868 908 0.19775598457966526
869 870 0.09072992125593338
869 909 -0.345760853605694
870 871 0.6095581526916376
870 910 0.45500140355236485
871 872 -0.15736461242501898
871 911 -0.8705402112888223
872 873 -0.10838501916153476
872 912 -0.8528427944109298
873 874 -0.00289424480427547
873 913 -0.3694364295985879
874 875 -0.2433602070489984
874 914 0.8204101282250162
875 876 -0.6961773486863103
875 915 0.997156118663685
876 877 -0.005982738099680862
876 916 -0.0777157988486954
877 878 0.7218137547533654
877 917 -0.555604652008991
878 879 -0.8558721129946063
878 918 -0.41722700565210746
879 880 0.21056108496703763
879 919 -0.8755836122501095
880 920 0.6968550847247139
881 882 -0.08382836544647265
881 921 -0.4940146343569871
882 883 -0.9735987488702009
882 922 0.6586353890426431
883 884 -0.6805378349884474
883 923 0.9358315185926991
884 885 -0.574196059055583
884 924 0.23623417593298646
885 886 -0.03905158464295577
885 925 0.7788103603364935
886 887 0.16971079892937513
886 926 0.3746530902617202
887 888 -0.5464933456520764
887 927 -0.5629583137042735
888 889 0.26821425511438424
888 928 -0.8537344633767947
889 890 -0.8782926493873799
889 929 -0.9393951118438506
890 891 0.2656365390961095
890 930 0.14929287820870685
891 892 0.3642085469087921
891 931 0.24958851706501406
892 893 -0.9742981483322528
892 932 -0.025036371874136876
893 894 -0.9948164642617205
893 933 0.45203094888455597
894 895 -0.40289562047831073
894 934 0.7191927299006857
895 896 -0.1694122332818646
895 935 -0.42425558691977905
896 897 -0.07923515463871844
896 936 0.43092262235272516
897 898 -0.7953822300829811
897 937 0.030543688217586684
898 899 0.3003155585886317
898 938 0.1261120279300576
899 900 0.3100999007312235
899 939 0.28252930532208786
900 901 0.13409171014969434
900 940 -0.05681032286837362
901 902 -0.3736092717873829
901 941 -0.6076452640016254
902 903 -0.16300885667935194
902 942 -0.3227632338777606
903 904 -0.6937138248996717
903 943 0.9074759544791966
904 905 -0.9808471673023977
904 944 -0.16253316654973804
905 906 0.08998266134920585
905 945 -0.5651607565657135
906 907 0.8570356550337419
906 946 0.7521867444118318
907 908 -0.32701397641347185
907 947 -0.0898846258659014
908 909 0.6201100957881192
908 948 -0.23613142547444954
909 910 -0.7481574828703421
909 949 0.8425953276099385
910 911 0.8761301889327173
910 950 0.1500062112229965
911 912 0.8311660790479642
911 951 -0.032923605787732235
912 913 0.9098963754826352
912 952 -0.8876938754617514
913 914 0.8748549990798158
913 953 0.32189333327367753
914 915 0.25409564757546943
914 954 0.33703129946305155
915 916 0.9465429069952702
915 955 -0.9102292497037829
916 917 0.9537058627606732
916 956 0.5608178052550394
917 918 0.9418303165386017
917 957 -0.10965775823821633
918 919 0.9732165616726915
918 958 0.3440067123241868
919 920 -0.6578475444401706
919 959 0.479707637359305
920 960 -0.9964218953838813
921 922 -0.24133341703386768
921 961 0.2090776572634221
922 923 0.6331230554271561
922 962 -0.8405597644875604
923 924 -0.5620970429461143
923 963 0.4235608127654993
924 925 -0.9968536827980037
924 964 -0.5321191576000064
925 926 -0.7049119815608771
925 965 -0.859957509133924
926 927 0.2947137029463782
926 966 0.7104908693575498
927 928 0.8682819581272117
927 967 -0.07562867890578628
928 929 -0.7815725252580112
928 968 -0.5798312147491089
929 930 -0.1632330508274895
929 969 -0.4487601642539145
930 931 0.2577431857182182
930 970 -0.7450956345549558
931 932 -0.932790231392244
931 971 -0.817335953273524
932 933 -0.8460789624228588
932 972 -0.8177698990794429
933 934 0.5181458248752446
933 973 -0.546812032408063
934 935 0.2379561088938944
934 974 -0.27121771760386637
935 936 -0.6335888814892048
935 975 0.19224495468555558
936 937 0.878898121736883
936 976 -0.532130486248497
937 938 0.9198811348705078
937 977 0.4654778762553218
938 939 -0.5616020309546814
938 978 -0.83808251846142
939 940 0.461674928827597
939 979 0.41287789466284464
940 941 -0.18337634051795537
940 980 0.24244682172709275
941 942 0.7366661915055228
941 981 0.9055935862699265
942 943 -0.5899503285816081
942 982 -0.2822347950003308
943 944 0.38540271676184457
943 983 -0.36134485343123646
944 945 -0.17388131035341425
944 984 -0.3878148253990197
945 946 -0.16289072850912367
945 985 0.2429958548450981
946 947 -0.6898981175833712
946 986 0.7797177359634144
947 948 0.6635117704331381
947 987 0.5127940779514168
948 949 -0.0009701699862199042
948 988 -0.14598128144516265
949 950 -0.7068072202697164
949 989 -0.9843349736765357
950 951 -0.4056039293707707
950 990 0.10910815696185772
951 952 0.5104472876670041
951 991 0.5033367465310379
952 953 -0.6000700119972486
952 992 -0.7771804137444998
953 954 0.0952742809251641
953 993 -0.08139155021934963
954 955 0.7818443249055507
954 994 -0.10167244114650353
955 956 0.8958605695477855
955 995 0.8845253047009933
956 957 0.47420733104986734
956 996 0.5683752411679741
957 958 -0.8468369127476023
957 997 0.1884477472149404
958 959 -0.14622981213274944
958 998 0.24893400336061067
959 960 -0.006920697595219183
959 999 0.3108108248717776
960 1000 0.09580642173923892
961 962 0.544757519361116
961 1001 -0.864165006411171
962 963 -0.6566494046456703
962 1002 0.6762980644419998
963 964 0.7581509873932863
963 1003 0.33780758619357165
964 965 0.05392286005426761
964 1004 -0.6017141614628749
965 966 -0.041679068541474074
965 1005 -0.750465733738394
966 967 0.40221419818372817
966 1006 0.6629207112059505
967 968 0.10147559647192206
967 1007 -0.6033080189012479
968 969 -0.1487269883302471
968 1008 -0.029600612487269196
969 970 -0.514864008879347
969 1009 -0.49115649608921674
970 971 -0.31836398778634445
970 1010 0.11776921572086785
971 972 0.3565840568438101
971 1011 -0.6028968656740781
972 973 -0.7184212905816711
972 1012 0.6457418257602268
973 974 0.09472374114164772
973 1013 0.9497439886591088
974 975 0.07201092504501161
974 1014 0.4065260926959309
975 976 -0.2979291808514555
975 1015 -0.5882763546593297
976 977 0.19245979267148106
976 1016 0.0024160820823333484
977 978 -0.5214075227299086
977 1017 -0.8343287263207828
978 979 -0.264602889123263
978 1018 0.21198502333615754
979 980 0.11897681226091072
979 1019 0.7253733214929181
980 981 -0.6889900989971147
980 1020 -0.7917034932573641
981 982 -0.8946184600562908
981 1021 -0.024524700304763947
982 983 0.5604619508309425
982 1022 0.10124265967396529
983 984 0.12142735515637271
983 1023 0.10336673167340105
984 985 -0.17399698920661755
984 1024 -0.4012360481410415
985 986 -0.7474379981480801
985 1025 0.3653208883801877
986 987 -0.06877482775147015
986 1026 0.4969366758482534
987 988 0.32156377252300294
987 1027 -0.7996119544165075
988 989 0.4220874369195424
988 1028 -0.45150686100569115
989 990 0.6520521698435069
989 1029 0.29182908024001875
990 991 0.3849338334807537
990 1030 -0.14912895884551092
991 992 0.7843366259434505
991 1031 -0.6239927341993494
992 993 0.6242769903424645
992 1032 0.2858336879428174
993 994 0.7932399982849252
993 1033 0.3413239587803747
994 995 -0.4133819470302049
994 1034 0.8694242051099272
995 996 0.22721750581259448
995 1035 0.17887777782853864
996 997 0.9831464153041622
996 1036 0.6177492678220096
997 998 0.7372923826721407
997 1037 0.7394469668704333
998 999 0.5924558704135827
998 1038 -0.7337598645603629
999 1000 -0.5930765185910609
999 1039 0.15718121969335264
1000 1040 -0.4022893455356844
1001 1002 0.37217015837462686
1001 1041 0.09652019479165053
1002 1003 0.12832055772362216
1002 1042 -0.3004355727979371
1003 1004 -0.7129589032629398
1003 1043 0.5857759618603282
1004 1005 -0.5125949440140398
1004 1044 -0.1271935246210616
1005 1006 0.4421687911619425
1005 1045 -0.5688581463407734
1006 1007 -0.9721354641315036
1006 1046 -0.769244794516261
1007 1008 -0.543128420803638
1007 1047 0.21084291155952295
1008 1009 0.49682597771746395
1008 1048 0.7762067024540027
1009 1010 0.28390335472633366
1009 1049 -0.8819151377405317
1010 1011 0.1858809309410483
1010 1050 0.8193285761382159
1011 1012 -0.16987043448871364
1011 1051 0.8407848192944853
1012 1013 0.7919767430366542
1012 1052 0.918418822392453
1013 1014 -0.9889600166189942
1013 1053 -0.9079508246055281
1014 1015 -0.9867618191366254
1014 1054 0.7714640137451447
1015 1016 0.2816845353174937
1015 1055 -0.09354903215496102
1016 1017 0.5161210781929162
1016 1056 -0.9531662124996341
1017 1018 0.4987376900398939
1017 1057 0.9424201762227806
1018 1019 -0.1622728183677986
1018 1058 0.3959414493214839
1019 1020 0.3097670551663714
1019 1059 -0.1353968211927019
1020 1021 0.43616318496850837
1020 1060 0.5042044661048473
1021 1022 -0.20087092909971216
1021 1061 -0.6939800628316921
1022 1023 -0.5149544198951077
1022 1062 0.9527527245281306
1023 1024 0.053720131603303134
1023 1063 0.6745615515575261
1024 1025 0.9799735344864229
1024 1064 -0.299823504439237
1025 1026 -0.9811498808938182
1025 1065 0.31908612118662383
1026 1027 -0.37290696636589105
1026 1066 -0.18456533818497034
1027 1028 0.15730459000809582
1027 1067 -0.8746183384208803
1028 1029 -0.33032778072817837
1028 1068 -0.23251008262057415
1029 1030 0.8573446785792678
1029 1069 0.8837287515663357
1030 1031 0.3628585130713329
1030 1070 0.9614453389419968
1031 1032 0.8343923641888755
1031 1071 -0.6358680165929498
1032 1033 0.2706554753175623
1032 1072 0.9953340399782897
1033 1034 0.7207801218499092
1033 1073 0.716872326587302
1034 1035 0.007397302091993074
1034 1074 -0.8072711383498152
1035 1036 -0.844577747372609
1035 1075 0.4079909851333814
1036 1037 0.47173961425656796
1036 1076 -0.6799611149143117
1037 1038 0.7611806471722748
1037 1077 0.3252875030209281
1038 1039 0.6221734481512631
1038 1078 0.43884999158075155
1039 1040 0.602393843731555
1039 1079 0.8715226473690745
1040 1080 0.006430886170711858
1041 1042 -0.7240278944834855
1041 1081 -0.8024935615901632
1042 1043 -0.7099940742890665
1042 1082 -0.8029618481659466
1043 1044 -0.5689746056964919
1043 1083 0.911900061375845
1044 1045 -0.8887155827145823
1044 1084 -0.583603238923345
1045 1046 -0.5140892690537648
1045 1085 0.22451748283036888
1046 1047 -0.6228445068058648
1046 1086 0.7607236805570574
1047 1048 0.5865291224351228
1047 1087 0.06031424032407484
1048 1049 -0.4413280349164943
1048 1088 -0.03371263975755223
1049 1050 0.047076995567398194
1049 1089 0.8984276880731707
1050 1051 0.7001428546884505
1050 1090 -0.2820578407511236
1051 1052 -0.20024564545129486
1051 1091 0.9868118620561217
1052 1053 -0.6763864012074361
1052 1092 -0.9603160963731667
1053 1054 0.40588374124036974
1053 1093 0.9393348585384409
1054 1055 0.817306191977093
1054 1094 0.8921563902858258
1055 1056 0.29499121430846986
1055 1095 -0.19071219394326833
1056 1057 0.07245679175196895
1056 1096 0.5366219982925866
1057 1058 0.6152512759128728
1057 1097 -0.7693499802483816
1058 1059 -0.032508041244596164
1058 1098 0.5875961522134421
1059 1060 -0.6129170244275002
1059 1099 -0.9100679179762781
1060 1061 0.8805296008814827
1060 1100 -0.9534724825558432
1061 1062 0.1591147888417923
1061 1101 0.6235470948458557
1062 1063 0.7471765960037386
1062 1102 0.6979510002692255
1063 1064 0.6305332647358863
1063 1103 -0.3747366526088416
1064 1065 0.13108066152650744
1064 1104 0.006323221721650674
1065 1066 0.16004681876046223
1065 1105 0.017051500122143626
1066 1067 0.5868455765684322
1066 1106 -0.5916480549109076
1067 1068 -0.8202320555716154
1067 1107 0.27731712763769667
1068 1069 0.47626931050104515
1068 1108 -0.08699743596455178
1069 1070 -0.8124939565739502
1069 1109 0.7112134095022948
1070 1071 0.44514322225925573
1070 1110 -0.6882191150578618
1071 1072 0.8000097867843117
1071 1111 -0.31071349483046773
1072 1073 -0.1462717631693653
1072 1112 0.4507626118022403
1073 1074 0.3684952256361087
1073 1113 0.6759725905779674
1074 1075 0.25450592448576015
1074 1114 -0.25679572759992086
1075 1076 0.13894114431947102
1075 1115 -0.19351965338528276
1076 1077 0.600306297459476
1076 1116 -0.6476056106967489
1077 1078 0.49843698022758653
1077 1117 0.1022589799518614
1078 1079 -0.2732171877007108
1078 1118 0.903608028142628
1079 1080 0.6440209511680386
1079 1119 0.6346459746556217
1080 1120 0.5074714628540504
1081 1082 -0.5088817893506887
1081 1121 -0.6964266748310548
1082 1083 0.12036283663216141
1082 1122 0.4201317801261275
1083 1084 -0.834283979758728
1083 1123 0.2820601693002385
1084 1085 -0.8527177449807819
1084 1124 0.596851505256295
1085 1086 0.5775137390661844
1085 1125 0.3636031468679346
1086 1087 -0.41303306813593377
1086 1126 -0.566907430380561
1087 1088 -0.9931339544757021
1087 1127 -0.031975760279422394
1088 1089 -0.06484619505893763
1088 1128 -0.9544660938240077
1089 1090 -0.11429301631283151
1089 1129 -0.7434291134657145
1090 1091 -0.8652527993155699
1090 1130 0.111579495136229
1091 1092 -0.7052343573607385
1091 1131 0.20248345886113883
1092 1093 0.9023630512147973
1092 1132 -0.7041299430617631
1093 1094 0.7155689392152333
1093 1133 -0.2944451676093274
1094 1095 -0.9194110870808709
1094 1134 -0.3791563996214913
1095 1096 0.8926310358629903
1095 1135 0.8590782230234071
1096 1097 -0.5005759597328674
1096 1136 0.2805778731172097
1097 1098 -0.5748787986878239
1097 1137 0.28247530526454434
1098 1099 0.5337540711225588
1098 1138 0.21595332477737328
1099 1100 -0.10332840827079792
1099 1139 0.09363724573286625
1100 1101 -0.1835369329169061
1100 1140 -0.875326104141291
1101 1102 -0.9572264715922758
1101 1141 -0.5424525545438441
1102 1103 0.6085101940341289
1102 1142 0.06469356991244668
1103 1104 -0.4790294862821771
1103 1143 0.1794618450993528
1104 1105 -0.2803856171104644
1104 1144 -0.9414182190573657
1105 1106 -0.2699474831880706
1105 1145 0.5989872903363489
1106 1107 -0.17447461479157944
1106 1146 -0.24264212294619547
1107 1108 0.6399584676327905
1107 1147 -0.5700187617400316
1108 1109 0.25152398172991663
1108 1148 -0.9106337772872481
1109 1110 0.48333969865024473
1109 1149 0.37478584012448146
1110 1111 0.28762285527585374
1110 1150 0.8337639121943983
1111 1112 -0.8288257665126093
1111 1151 0.38742284942166716
1112 1113 0.9999603194489985
1112 1152 -0.09069512553591386
1113 1114 0.21644945579230823
1113 1153 0.6543782418710187
1114 1115 0.29773330271939047
1114 1154 -0.09585752931613944
1115 1116 0.6887796513564335
1115 1155 0.8294244837503646
1116 1117 0.24245346960275826
1116 1156 -0.8220672291137432
1117 1118 -0.28235523954432673
1117 1157 0.23132809893589745
1118 1119 0.44739965708688323
1118 1158 -0.1926484438852314
1119 1120 0.454004576454371
1119 1159 -0.23334547678992235
1120 1160 -0.1815634290240553
1121 1122 0.8519889589804357
1121 1161 0.3602100312092842
1122 1123 0.9017420652522907
1122 1162 0.4961026642523749
1123 1124 0.22689249081203577
1123 1163 -0.039856367921267344
1124 1125 0.004983700227657817
1124 1164 -0.47691371943201166
1125 1126 0.06379012127664829
1125 1165 -0.12205575916771738
1126 1127 -0.8227654801725446
1126 1166 -0.028625789032957094
1127 1128 -0.2053354358528079
1127 1167 0.5090157811882514
1128 1129 -0.44177440413580515
1128 1168 -0.8784828678193348
1129 1130 0.887169095117383
1129 1169 0.07062242713864064
1130 1131 -0.2363722306513143
1130 1170 0.5220483548163652
1131 1132 -0.6188738990413318
1131 1171 -0.22623947158541413
1132 1133 0.10681311581852215
1132 1172 -0.7957781879177972
1133 1134 0.24983670353953613
1133 1173 -0.044501066474176065
1134 1135 -0.8070297066462173
1134 1174 0.6003521849245843
1135 1136 -0.8196990538307796
1135 1175 -0.6904042178077292
1136 1137 0.5271595032668659
1136 1176 -0.5241767572970435
1137 1138 0.9960569813130302
1137 1177 0.6973447608614463
1138 1139 0.3839562997416144
1138 1178 -0.30708167502776895
1139 1140 0.1503939159270773
1139 1179 0.6141949246503648
1140 1141 0.6580894369492778
1140 1180 -0.526900120781761
1141 1142 0.28962372050375573
1141 1181 -0.7492058324767712
1142 1143 0.8854353102805983
1142 1182 0.3162815713698155
1143 1144 0.3054463345110745
1143 1183 -0.5766781542245882
1144 1145 -0.5428168118388688
1144 1184 -0.7086596664532872
1145 1146 -0.9649815566761077
1145 1185 0.38741148163722294
1146 1147 -0.5086984433920574
1146 1186 0.3455126132135342
1147 1148 -0.4343990328343379
1147 1187 -0.18822756466113733
1148 1149 0.8355117732063129
1148 1188 -0.8783514669518058
1149 1150 -0.32601770377189454
1149 1189 -0.7118897689435777
1150 1151 -0.9416756599359541
1150 1190 -0.5542543489409097
1151 1152 0.850940190508743
1151 1191 -0.5726072958673158
1152 1153 0.930456000185055
1152 1192 0.7648801407477825
1153 1154 -0.08767339506696925
1153 1193 0.43271282382787923
1154 1155 -0.15968344029866555
1154 1194 -0.1376976633392628
1155 1156 0.9277098922055613
1155 1195 0.07764453990462017
1156 1157 -0.02552457144351883
1156 1196 -0.7753307651716728
1157 1158 -0.09278382935870977
1157 1197 -0.045482038768007715
1158 1159 -0.8834806921678959
1158 1198 -0.7488660081871439
1159 1160 -0.5571982166855713
1159 1199 -0.038914682462795724
1160 1200 0.4646590024180832
1161 1162 -0.5246821562406334
1161 1201 0.13777050511312083
1162 1163 -0.25550797515176393
1162 1202 0.5169546111964074
1163 1164 -0.6696138067004529
1163 1203 -0.4960296895808487
1164 1165 0.5935575118866361
1164 1204 -0.689842422060932
1165 1166 0.9783605555062689
1165 1205 0.24566440207639184
1166 1167 -0.7388017909286617
1166 1206 0.29277973135480195
1167 1168 0.6298888595116459
1167 1207 -0.07638861767551486
1168 1169 0.06642442643157853
1168 1208 -0.25462292004516307
1169 1170 -0.48662052186840166
1169 1209 -0.5931649203735319
1170 1171 -0.14262004932008754
1170 1210 0.07804739660612237
1171 1172 0.22075975654610014
1171 1211 -0.44230850718562986
1172 1173 0.20235756268396843
1172 1212 -0.45929654604021963
1173 1174 0.6020528816770911
1173 1213 -0.11355240422352475
1174 1175 -0.7330376612356544
1174 1214 -0.5438301373229188
1175 1176 -0.023572680030294446
1175 1215 0.28777991183770846
1176 1177 -0.4160973560354091
1176 1216 -0.8187540946203677
1177 1178 -0.2363299254250033
1177 1217 0.03242709694192181
1178 1179 0.8954351074173712
1178 1218 -0.03358092841508409
1179 1180 0.4686805934061198
1179 1219 -0.16174471345372154
1180 1181 0.06467761883810597
1180 1220 0.3641233263379198
1181 1182 0.6754447362336977
1181 1221 -0.5831357263844617
1182 1183 0.6314758337404516
1182 1222 -0.67608285811703
1183 1184 0.9358032528763196
1183 1223 -0.4292660014907712
1184 1185 -0.38843973735985426
1184 1224 0.599602457006658
1185 1186 -0.4742255347121853
1185 1225 -0.6831520230010453
1186 1187 -0.9965274245406377
1186 1226 0.5838600031968697
1187 1188 -0.041592070417963756
1187 1227 -0.4193197994017688
1188 1189 -0.7995069519818676
1188 1228 0.20095643391609985
1189 1190 0.36847724663090053
1189 1229 -0.8039624408607597
1190 1191 0.22044829098384722
1190 1230 0.047850473597050414
1191 1192 -0.6874639419440922
1191 1231 0.6901690122159108
1192 1193 -0.22939355483681156
1192 1232 -0.1395287486078034
1193 1194 -0.49785996219542006
1193 1233 -0.5990223270419228
1194 1195 0.17731460156407408
1194 1234 -0.2700856626892836
1195 1196 0.39408297992375485
1195 1235 0.7330218578474212
1196 1197 0.8023314153557939
1196 1236 0.5657953344012636
1197 1198 -0.9482830634376438
1197 1237 0.5085759484696377
1198 1199 0.7431527377656757
1198 1238 -0.08368841662367665
1199 1200 0.0442472815213133
1199 1239 -0.6151362256892516
1200 1240 -0.28362072965852514
1201 1202 0.11326410286880528
1201 1241 -0.8545255782313044
1202 1203 -0.8578529750751838
1202 1242 0.24369073790195683
1203 1204 0.4608346651197557
1203 1243 0.9174013628052602
1204 1205 0.7319554396629857
1204 1244 -0.07795354481956229
1205 1206 0.8373833022191941
1205 1245 -0.7012556513606876
1206 1207 -0.4581272956677731
1206 1246 0.2603633393843352
1207 1208 -0.17934079808712378
1207 1247 0.2943229244083496
1208 1209 0.6365903110213091
1208 1248 0.5515750730980318
1209 1210 -0.4686187622367701
1209 1249 -0.29893865924977736
1210 1211 -0.2397885827422206
1210 1250 0.7544029963523318
1211 1212 0.32166498629642515
1211 1251 -0.7642956882173082
1212 1213 -0.824747754863802
1212 1252 -0.6280904232574238
1213 1214 0.27506890331306444
1213 1253 0.6044959754055885
1214 1215 0.9803243560403603
1214 1254 0.3121148634655113
1215 1216 -0.6017181864447476
1215 1255 -0.7671870784248211
1216 1217 -0.22280278206125437
1216 1256 -0.47451512201955737
1217 1218 0.22026962627606905
1217 1257 -0.1276623862774744
1218 1219 -0.8463138359960989
1218 1258 -0.9589143184936897
1219 1220 -0.18090585453333707
1219 1259 -0.8245122179281474
1220 1221 0.4643331516513871
1220 1260 -0.04426469909325759
1221 1222 0.540615593851044
1221 1261 0.8924677633132299
1222 1223 0.42759147613770687
1222 1262 -0.2775208895722243
1223 1224 -0.5823897203489585
1223 1263 -0.008916316806935498
1224 1225 0.9158975376261589
1224 1264 -0.07131063522771885
1225 1226 -0.4481818644689368
1225 1265 0.7727517299425313
1226 1227 -0.8923961959518691
1226 1266 0.45026739648131753
1227 1228 0.04308410096972848
1227 1267 0.48062406554141424
1228 1229 -0.45181392292640754
1228 1268 -0.8620935888428216
1229 1230 0.5244158518637221
1229 1269 -0.2354223427462503
1230 1231 -0.1828552301497377
1230 1270 -0.2541971865617343
1231 1232 0.9001373084026372
1231 1271 -0.2741388286232589
1232 1233 -0.7347097222939794
1232 1272 -0.20759772119023379
1233 1234 0.48281081689018235
1233 1273 0.4514848673322498
1234 1235 0.34017882210040584
1234 1274 -0.4008429539906364
1235 1236 -0.7645460529313528
1235 1275 -0.7526304872224308
1236 1237 0.46986045496373796
1236 1276 0.10239874133891114
1237 1238 0.06560444087293815
1237 1277 -0.668523471142445
1238 1239 -0.3324724950989686
1238 1278 -0.5333850915572877
1239 1240 -0.09170868357062534
1239 1279 0.9775612727511251
1240 1280 0.4252930987721808
1241 1242 0.6794170208321417
1241 1281 -0.18936101460373722
1242 1243 0.4414280612462895
1242 1282 -0.9163827617575409
1243 1244 0.8516041853470926
1243 1283 0.4747997976721374
1244 1245 0.12349048255714523
1244 1284 -0.37550746835088367
1245 1246 0.5901388117590292
1245 1285 0.47421011320081674
1246 1247 0.6257418177401162
1246 1286 0.16153382738418753
1247 1248 0.8688680060208767
1247 1287 -0.3441354171691473
1248 1249 0.09596484497197588
1248 1288 0.6611052690618293
1249 1250 -0.8359105013215637
1249 1289 0.23084603779302215
1250 1251 0.5312313427160065
1250 1290 0.8093807923791945
1251 1252 0.15643575645735486
1251 1291 0.2633741797920721
1252 1253 0.42941338257961714
1252 1292 0.47708038818332654
1253 1254 0.6950743924911473
1253 1293 -0.030306159944212485
1254 1255 -0.8289586267774778
1254 1294 0.7495716181314536
1255 1256 -0.5272958387980917
1255 1295 -0.5749823214769174
1256 1257 -0.5254777454701685
1256 1296 -0.6494627398141364
1257 1258 0.9118702359763964
1257 1297 0.9746023699528781
1258 1259 -0.8625950687493169
1258 1298 -0.4551429010338992
1259 1260 0.6381513356977804
1259 1299 0.029632035586260486
1260 1261 -0.8746046334387068
1260 1300 0.17072316667297005
1261 1262 -0.6898180481891387
1261 1301 0.016921742822827213
1262 1263 -0.41508572493237184
1262 1302 -0.4731635010755275
1263 1264 -0.3586825429418039
1263 1303 -0.613628967961334
1264 1265 0.2062653217054906
1264 1304 -0.08912181619184234
1265 1266 0.21327252979837175
1265 1305 -0.7099250637530088
1266 1267 -0.48857121258727343
1266 1306 0.49283369747992256
1267 1268 0.6186381104400889
1267 1307 0.4001782242427758
1268 1269 0.002106595507162634
1268 1308 0.9310373430685548
1269 1270 0.6838852535562172
1269 1309 0.5072359465706651
1270 1271 0.1891962318694964
1270 1310 0.2977364048048372
1271 1272 0.23303922884372974
1271 1311 -0.0766410430722555
1272 1273 -0.27505067564920327
1272 1312 -0.03852945480466019
1273 1274 -0.5885539214387225
1273 1313 -0.5187149453836304
1274 1275 -0.8222149281449351
1274 1314 0.8873361152597405
1275 1276 0.8967818651187036
1275 1315 -0.4390848450812568
1276 1277 0.7409680141611339
1276 1316 -0.4854194845292199
1277 1278 0.7231794690862661
1277 1317 -0.8116199745896846
1278 1279 0.2797123771634551
1278 1318 -0.007682410467172218
1279 1280 0.38011643273320384
1279 1319 0.4612240142775683
1280 1320 0.9766865658323216
1281 1282 -0.7102580219073498
1281 1321 -0.6181598826668127
1282 1283 -0.20951636347273506
1282 1322 -0.6773223530896166
1283 1284 -0.5326362803573534
1283 1323 0.5290055543933327
1284 1285 -0.5138404638745304
1284 1324 -0.4466309454148685
1285 1286 -0.691950582779697
1285 1325 0.8488073165981895
1286 1287 -0.9877601004283909
1286 1326 -0.5966062990645369
1287 1288 0.2147138644758566
1287 1327 0.5939053650776509
1288 1289 -0.31443385829256876
1288 1328 -0.9823850155372449
1289 1290 0.5244493673549107
1289 1329 0.579603167729243
1290 1291 -0.3995578150080368
1290 1330 0.5075876493761562
1291 1292 -0.3286590087070267
1291 1331 -0.8341929677967934
1292 1293 -0.05609313023060136
1292 1332 -0.6228945413591025
1293 1294 -0.8157393628402225
1293 1333 0.20460765020953753
1294 1295 -0.4887416708682193
1294 1334 -0.4816647916253012
1295 1296 0.13004374565688348
1295 1335 -0.5869349664512857
1296 1297 -0.03227474786717277
1296 1336 0.4479290370049889
1297 1298 -0.1463100703891933
1297 1337 0.8880044503345932
1298 1299 -0.119942991308992
1298 1338 -0.5740092305569613
1299 1300 0.42154940114110384
1299 1339 -0.8013925537830398
1300 1301 -0.4910859716557472
1300 1340 -0.7861651848571087
1301 1302 0.3261298745570975
1301 1341 -0.840700207998339
1302 1303 -0.7930580563937186
1302 1342 0.2865140525087817
1303 1304 0.5369030570381805
1303 1343 0.503984983071045
1304 1305 0.27464644800562454
1304 1344 -0.8914718623546727
1305 1306 -0.08375694774934117
1305 1345 -0.2633186968752108
1306 1307 -0.8119562694147788
1306 1346 -0.009873199808171584
1307 1308 0.5865557978892308
1307 1347 0.041436565822718485
1308 1309 -0.9739187341029041
1308 1348 0.9603231446102101
1309 1310 0.9216536414600804
1309 1349 0.6473221117529475
1310 1311 0.41511595163895487
1310 1350 -0.12415144282769686
1311 1312 0.4043614669753832
1311 1351 0.7549194177118319
1312 1313 0.7255974378911489
1312 1352 0.9624404458146145
1313 1314 0.9335288890972027
1313 1353 -0.2963974309361028
1314 1315 -0.6504784563055941
1314 1354 0.9040637366050082
1315 1316 -0.39617771423192405
1315 1355 0.23687124420810002
1316 1317 0.7794180023442161
1316 1356 -0.3288868991837315
1317 1318 -0.8745544001384118
1317 1357 -0.9054454925535826
1318 1319 0.2708703049536392
1318 1358 0.35877554653048294
1319 1320 -0.2219749533060973
1319 1359 0.40919737067975914
1320 1360 0.04166669940089518
1321 1322 -0.018719725869678294
1321 1361 0.4240487484995066
1322 1323 -0.4478338300446829
1322 1362 -0.5469933533737108
1323 1324 -0.4053755608726355
1323 1363 -0.4372841155011167
1324 1325 -0.2801530996495485
1324 1364 0.1399446763982637
1325 1326 0.9882634500454077
1325 1365 -0.5664781542677222
1326 1327 -0.3987021855838524
1326 1366 0.6636982396600084
1327 1328 0.6253323173643497
1327 1367 -0.4680389859239158
1328 1329 -0.30332956566734426
1328 1368 0.31704923917293115
1329 1330 0.468763874801569
1329 1369 -0.8755174010727509
1330 1331 -0.8499563225974847
1330 1370 -0.47041703029591564
1331 1332 0.02136617877754965
1331 1371 -0.9024379473800346
1332 1333 0.2240247175575969
1332 1372 0.7850229714740173
1333 1334 0.8739541150839432
1333 1373 0.3206469580965581
1334 1335 -0.2670598884411397
1334 1374 -0.8672505668229313
1335 1336 -0.8132260112635084
1335 1375 0.7829742261318593
1336 1337 -0.8052643481403368
1336 1376 0.854033131557949
1337 1338 -0.06514727051266633
1337 1377 0.15253684514956856
1338 1339 -0.519193687076682
1338 1378 0.4289992983150299
1339 1340 0.6269344682124276
1339 1379 -0.6527865806668427
1340 1341 0.5032228673034134
1340 1380 0.3719680381180914
1341 1342 -0.7696367795798773
1341 1381 0.5648899835414958
1342 1343 -0.8855367127408025
1342 1382 0.9854366152668268
1343 1344 0.09969535722987666
1343 1383 0.882895642374476
1344 1345 -0.19148057139012198
1344 1384 0.5738928786974535
1345 1346 -0.2687910047477502
1345 1385 -0.9809399943151909
1346 1347 -0.1385611749123432
1346 1386 0.6060155275616903
1347 1348 -0.013197739064213065
1347 1387 -0.44887431625123986
1348 1349 -0.4681348933273164
1348 1388 -0.06305778713125032
1349 1350 -0.6514965237465382
1349 1389 -0.6020242799599644
1350 1351 0.9704850336675501
1350 1390 0.7890107661664332
1351 1352 -0.04255835321820545
1351 1391 0.7550726293264745
1352 1353 0.43482627895300463
1352 1392 0.4076500346588785
1353 1354 0.5628004399252255
1353 1393 0.934775775831322
1354 1355 0.8923525719427423
1354 1394 0.5703818721587497
1355 1356 0.7516762134040891
1355 1395 0.568241609374295
1356 1357 -0.6863779568353643
1356 1396 0.4215354608765405
1357 1358 0.8734622398540595
1357 1397 0.7037532747721824
1358 1359 0.1788228032444854
1358 1398 -0.28118010907455226
1359 1360 0.28764958161970045
1359 1399 -0.061115230179163094
1360 1400 -0.4745294330028451
1361 1362 0.9698769154020161
1361 1401 0.7495730034700889
1362 1363 -0.390632139389836
1362 1402 -0.7275332377560975
1363 1364 0.5348030102373464
1363 1403 0.3715751980197253
1364 1365 -0.938506483227157
1364 1404 -0.22849077090205427
1365 1366 -0.6099151446449407
1365 1405 -0.9040395487963402
1366 1367 -0.5806015594102876
1366 1406 0.9743227345693324
1367 1368 0.018155133493403364
1367 1407 -0.28544877446569283
1368 1369 -0.3461624949047042
1368 1408 0.8176305078844985
1369 1370 0.09298400732732337
1369 1409 -0.9245958945399584
1370 1371 0.03047487285107886
1370 1410 0.9373530628247968
1371 1372 -0.592937230134273
1371 1411 -0.9630744040048069
1372 1373 0.4444294363824357
1372 1412 0.8568513649602838
1373 1374 -0.9467085538484574
1373 1413 0.48821204474146085
1374 1375 0.948133925557265
1374 1414 0.12483820306001725
1375 1376 -0.5005535273001396
1375 1415 0.4820615667422714
1376 1377 0.7207766090010721
1376 1416 0.0542073228592701
1377 1378 -0.9447114814856199
1377 1417 0.3891382337463136
1378 1379 0.24800766784633899
1378 1418 0.5329411661488861
1379 1380 0.2257233408560786
1379 1419 0.26504279155604626
1380 1381 0.33732774657756615
1380 1420 0.3725125885545082
1381 1382 -0.7037091768969321
1381 1421 0.29746764768346945
1382 1383 0.5793965079399799
1382 1422 0.6092807113250809
1383 1384 -0.6119597946296396
1383 1423 0.7826793550945295
1384 1385 -0.9424756963391696
1384 1424 0.7328375693719607
1385 1386 -0.1631215768601173
1385 1425 0.5559239072336528
1386 1387 -0.1545512035321619
1386 1426 0.37161855216503037
1387 1388 0.13690099737503902
1387 1427 0.5678074313483479
1388 1389 -0.025461355160792953
1388 1428 0.36475050208470217
1389 1390 -0.02564756598352269
1389 1429 -0.9625718284170781
1390 1391 -0.7988824655265043
1390 1430 -0.6318918526073591
1391 1392 -0.12275307347534747
1391 1431 0.06755333562951393
1392 1393 0.7787522373109868
1392 1432 0.4185862303652623
1393 1394 0.8621451717994559
1393 1433 -0.9554466397657064
1394 1395 -0.9890986019695422
1394 1434 0.397766560956079
1395 1396 -0.05459518001688868
1395 1435 0.2736462247089704
1396 1397 0.3838755172039483
1396 1436 0.7837837183306251
1397 1398 -0.2406161026599949
1397 1437 -0.18713713551846922
1398 1399 -0.8619784419647594
1398 1438 0.6711195681894371
1399 1400 -0.8224032505907308
1399 1439 0.18293360307279327
1400 1440 0.30193154876155637
1401 1402 -0.0019166321982120316
1401 1441 -0.7864400120125823
1402 1403 0.38850011519710415
1402 1442 -0.8942675960329505
1403 1404 -0.4538120797643401
1403 1443 -0.6729338423357389
1404 1405 -0.3175856919531306
1404 1444 0.2596794060656369
1405 1406 -0.020495087317909055
1405 1445 0.6004582729441783
1406 1407 0.01989924461081971
1406 1446 0.6461299394292992
1407 1408 0.5321669479925941
1407 1447 0.3552984654442015
1408 1409 -0.21061457897514857
1408 1448 0.5486136664829406
1409 1410 0.7765297592878713
1409 1449 -0.02762550004887121
1410 1411 0.7446998974617096
1410 1450 0.5719828828862679
1411 1412 0.16639904026431562
1411 1451 0.17510108605884178
1412 1413 0.9758703991940907
1412 1452 -0.728120224000185
1413 1414 0.7816539223835088
1413 1453 -0.6279147561455505
1414 1415 0.3116297839356186
1414 1454 -0.6148775686292047
1415 1416 -0.4776538694664454
1415 1455 0.6454428084862265
1416 1417 -0.8264072330708387
1416 1456 0.9931542916273945
1417 1418 -0.6472533260175835
1417 1457 -0.16037471313836393
1418 1419 -0.03282683213960169
1418 1458 -0.5688460700886846
1419 1420 0.7016967270329948
1419 1459 0.6851797798771917
1420 1421 0.9729982198622376
1420 1460 0.5416680124314182
1421 1422 -0.46984232221623246
1421 1461 -0.7685001177117512
1422 1423 0.9004384702727652
1422 1462 0.8962351156431461
1423 1424 -0.1632132710233689
1423 1463 0.23888326789506587
1424 1425 0.007096966339755317
1424 1464 -0.11470482217812372
1425 1426 -0.7576490078422238
1425 1465 -0.11183301363376019
1426 1427 0.5911148073200825
1426 1466 -0.040630154528831675
1427 1428 0.32323933015579587
1427 1467 0.294563739695338
1428 1429 0.8184183801303271
1428 1468 -0.20418951698594134
1429 1430 -0.07989249111345842
1429 1469 -0.17163884041835575
1430 1431 -0.5088758319729509
1430 1470 -0.5094854613283342
1431 1432 -0.8443391530726467
1431 1471 0.3202867566177534
1432 1433 0.11622078251625112
1432 1472 -0.5508100658078032
1433 1434 0.5012241655470042
1433 1473 -0.05974376698380102
1434 1435 0.5086629670616412
1434 1474 -0.8850901373119191
1435 1436 0.07284744805529897
1435 1475 -0.9031957830087687
1436 1437 0.919341689786668
1436 1476 -0.6699589692623436
1437 1438 0.4534225983890343
1437 1477 -0.4432260362301088
1438 1439 0.9479422286308259
1438 1478 0.15395420715668084
1439 1440 0.6353871690844655
1439 1479 -0.04339617575148935
1440 1480 -0.08396512936995881
1441 1442 0.826425613979286
1441 1481 -0.27016807822743005
1442 1443 0.16287660162674866
1442 1482 -0.6405437427355045
1443 1444 -0.7941672676561602
1443 1483 -0.021236878765929612
1444 1445 0.737197547554511
1444 1484 0.5452788796871448
1445 1446 0.31507929941025536
1445 1485 -0.7360146197711981
1446 1447 -0.11880785536889982
1446 1486 0.9594108768361806
1447 1448 0.8202590267564476
1447 1487 0.727228070012873
1448 1449 -0.6319797805471419
1448 1488 -0.5234945389921326
1449 1450 0.6206436000145059
1449 1489 -0.39151451456253894
1450 1451 0.5333833138092381
1450 1490 -0.8842112307948518
1451 1452 -0.5561929828999457
1451 1491 -0.20613488608455177
1452 1453 -0.12564688366210897
1452 1492 0.8311872731045133
1453 1454 0.20468087790387024
1453 1493 -0.2857541065910465
1454 1455 -0.9841629816211601
1454 1494 -0.6342118346575796
1455 1456 0.03807002377196422
1455 1495 -0.8559355208477903
1456 1457 0.7930992173485303
1456 1496 -0.34446232380643527
1457 1458 -0.7569616712084233
1457 1497 0.2684198563190181
1458 1459 0.9883425074188261
1458 1498 -0.6306953171433025
1459 1460 0.2951704781635067
1459 1499 -0.25663052236470185
1460 1461 0.2295573308155836
1460 1500 -0.4508971309619003
1461 1462 0.05562622627498004
1461 1501 -0.26598857224576156
1462 1463 -0.4705258571361868
1462 1502 0.05067809819637281
1463 1464 0.4997694854370609
1463 1503 0.405750399186789
1464 1465 0.0465137502945252
1464 1504 0.8683734165032562
1465 1466 -0.42231313502469936
1465 1505 -0.3043341915751063
1466 1467 0.975194071006003
1466 1506 -0.46770024407234856
1467 1468 -0.5765384395209832
1467 1507 0.0644927652464733
1468 1469 0.05911085141089978
1468 1508 0.49108770429944215
1469 1470 0.6795516172673233
1469 1509 0.9090342907816704
1470 1471 -0.9444231564537084
1470 1510 -0.017552459668753517
1471 1472 0.22205242464732589
1471 1511 -0.2997918064039913
1472 1473 -0.7995687671705423
1472 1512 0.15934564780119032
1473 1474 0.08166999197908731
1473 1513 -0.9461979584588558
1474 1475 -0.8766585169436478
1474 1514 -0.17878582673118526
1475 1476 -0.8238530852683952
1475 1515 0.7630392987331662
1476 1477 -0.6952163575406081
1476 1516 -0.6898261704757034
1477 1478 -0.2163303152598659
1477 1517 -0.8412604980127913
1478 1479 -0.4749579706829814
1478 1518 0.4492547502272246
1479 1480 0.5091264483399347
1479 1519 -0.5825012098517441
1480 1520 -0.08217288596892014
1481 1482 -0.5468242462011432
1481 1521 0.7448637246908569
1482 1483 0.013382701118237028
1482 1522 -0.43696232626314635
1483 1484 0.6661693305482315
1483 1523 -0.35348664703059307
1484 1485 0.9827419620462277
1484 1524 -0.16813507888794343
1485 1486 0.8890875579507695
1485 1525 -0.31897975662104194
1486 1487 0.1350111080640215
1486 1526 -0.4114320094055641
1487 1488 -0.5437735958242091
1487 1527 0.17098161053193572
1488 1489 -0.7074767096880565
1488 1528 0.37157448069071575
1489 1490 0.37731353099838505
1489 1529 0.8374035923962231
1490 1491 -0.06021790271178262
1490 1530 -0.4977924969413734
1491 1492 0.9830032150883126
1491 1531 0.6162746979928091
1492 1493 0.10290765592006479
1492 1532 -0.506477545157056
1493 1494 0.6964155073670459
1493 1533 -0.9272638369459796
1494 1495 -0.4165880180872037
1494 1534 -0.4010203846250493
1495 1496 0.48235497297299523
1495 1535 -0.12114876516293527
1496 1497 -0.07420365642188376
1496 1536 -0.4005623091362944
1497 1498 -0.10831049997801023
1497 1537 -0.14917319599771672
1498 1499 -0.42792848229881786
1498 1538 0.8575456874365086
1499 1500 0.5063320751661966
1499 1539 0.11679161658652348
1500 1501 0.279810462655973
1500 1540 -0.6787470051547992
1501 1502 0.819011353343366
1501 1541 -0.899620110869229
1502 1503 0.8545517743391109
1502 1542 -0.5004341225304514
1503 1504 -0.2974200975683403
1503 1543 0.05882802208759608
1504 1505 0.11876509112668421
1504 1544 0.7786043865209009
1505 1506 -0.9199279253419184
1505 1545 -0.7222938103933845
1506 1507 0.736094845198197
1506 1546 0.44519368909090895
1507 1508 0.34049187239194256
1507 1547 -0.7129662680982483
1508 1509 -0.6918860039343708
1508 1548 0.2817593840743897
1509 1510 0.20712593917626054
1509 1549 0.8777410309254825
1510 1511 -0.8684057553342546
1510 1550 -0.012375617751969381
1511 1512 -0.21508209509499965
1511 1551 0.6797823445743332
1512 1513 0.9375208902663665
1512 1552 -0.6444934428475544
1513 1514 0.2503802183066366
1513 1553 -0.8953639711726646
1514 1515 0.8950577760837575
1514 1554 0.10315475704461807
1515 1516 -0.5300479398952243
1515 1555 0.33127203916623515
1516 1517 0.05157562392905013
1516 1556 0.6650544489009294
1517 1518 -0.4740693660494073
1517 1557 0.4906399822489489
1518 1519 -0.9448956574085587
1518 1558 0.20786681190582024
1519 1520 -0.037366909501212575
1519 1559 -0.5244309832936793
1520 1560 0.053542447564606244
1521 1522 -0.7272832964815241
1521 1561 -0.5272396796943595
1522 1523 -0.2598462447014145
1522 1562 0.009057825949740916
1523 1524 0.19188013161135542
1523 1563 -0.6367172396982195
1524 1525 -0.5707085088443988
1524 1564 0.8437731758640212
1525 1526 -0.043514574552294905
1525 1565 -0.24351235291781737
1526 1527 0.7165439241937643
1526 1566 0.4107019360222184
1527 1528 -0.7968420505546479
1527 1567 0.6636409349900585
1528 1529 0.4914624532779852
1528 1568 0.578930639958654
1529 1530 -0.3234217209707666
1529 1569 -0.37313531828841096
1530 1531 0.8592952895770354
1530 1570 0.4716871569004448
1531 1532 -0.1853249641799779
1531 1571 0.08693290122693287
1532 1533 0.08447719664488718
1532 1572 0.24391103736467357
1533 1534 0.0695417202324371
1533 1573 -0.42173647598620323
1534 1535 -0.4128938923258272
1534 1574 0.08936821120682148
1535 1536 -0.7797534456312585
1535 1575 0.8850125935813411
1536 1537 -0.6510545723947223
1536 1576 0.4821879989025257
1537 1538 0.4327294675490989
1537 1577 -0.6594467951615248
1538 1539 0.7349927017941154
1538 1578 0.26928120081627815
1539 1540 0.890731968145325
1539 1579 0.973761479767788
1540 1541 -0.7750633447859709
1540 1580 0.4829579849524792
1541 1542 -0.8137667308037371
1541 1581 0.6135592160988683
1542 1543 -0.9927483037827374
1542 1582 -0.08169366615527429
1543 1544 0.30133102595353556
1543 1583 0.9531629097095977
1544 1545 0.1399259826103756
1544 1584 0.142801167961907
1545 1546 -0.37321592863548303
1545 1585 -0.2609830328498213
1546 1547 -0.2968134591815468
1546 1586 -0.9297186845306011
1547 1548 0.4017262031341311
1547 1587 0.9473609581583919
1548 1549 0.8781858108265266
1548 1588 0.3531399401118822
1549 1550 -0.30202021295256665
1549 1589 0.8632851826153285
1550 1551 -0.31294810579295484
1550 1590 -0.7009113239173272
1551 1552 -0.972039841319398
1551 1591 -0.7468695706687902
1552 1553 -0.34603032751801455
1552 1592 0.4486319538817145
1553 1554 -0.10534895086031293
1553 1593 0.9516507385607809
1554 1555 -0.20120707983599417
1554 1594 -0.993132728959478
1555 1556 0.4111953431231212
1555 1595 0.6163759516996801
1556 1557 0.8701514928073355
1556 1596 -0.11393958442828267
1557 1558 -0.44642674176652797
1557 1597 -0.40146706329954895
1558 1559 -0.14298420225160147
1558 1598 -0.734053794902862
1559 1560 -0.3026854134524166
1559 1599 -0.7648402182167755
1560 1600 0.18877794487034816
1561 1562 0.1907984907047584
1562 1563 -0.7553375774176454
1563 1564 -0.35652117632520586
1564 1565 0.6289751612760583
1565 1566 0.025755889532499632
1566 1567 0.42744952928497537
1567 1568 -0.36808602901937126
1568 1569 0.9982307030183819
1569 1570 0.18654096604352155
1570 1571 0.05559380727591545
1571 1572 -0.2442208224357454
1572 1573 0.6700916817808436
1573 1574 0.9994165268974107
1574 1575 -0.8825191715879044
1575 1576 0.29573835371680524
1576 1577 -0.5178537668676049
1577 1578 0.7985081254278443
1578 1579 0.6349844570293868
1579 1580 0.4706073268477917
1580 1581 -0.9849626169148673
1581 1582 -0.0945653287353394
1582 1583 -0.45150885662760576
1583 1584 -0.4662967331376606
1584 1585 0.7586481896610711
1585 1586 -0.8469920726915949
1586 1587 0.9913400065979601
1587 1588 0.03778635045953793
1588 1589 0.6037413939531631
1589 1590 0.07170120974829985
1590 1591 -0.5063188277241906
1591 1592 0.17501740957376355
1592 1593 0.7208347901184371
1593 1594 -0.7452653822840958
1594 1595 0.35221396490714896
1595 1596 -0.1759703962703354
1596 1597 0.7540810152474258
1597 1598 0.3896571624205447
1598 1599 -0.6355343463476426
1599 1600 0.5667821808848701
