1 2 -0.8049327965010968
1 41 0.5224994333497126
2 3 0.3053587576038874
2 42 0.4214653472462666
3 4 0.33420701774184525
3 43 -0.8598414930511953
4 5 -0.5922646118682204
4 44 0.1940704593578595
5 6 -0.7433281661987827
5 45 0.7727810998958189
6 7 -0.565484194912236
6 46 0.35474342090687117
7 8 -0.6300423174265861
7 47 -0.6102054760346047
8 9 -0.7481414412466785
8 48 0.653768271235188
9 10 0.32571118646315433
9 49 -0.6430999417592829
10 11 -0.09129716676760458
10 50 0.3935112937625589
11 12 0.7201432442150868
11 51 0.6421730042405744
12 13 0.19668674391749041
12 52 0.8346472544675922
13 14 0.796838813779233
13 53 -0.5163973032961817
14 15 0.07892242167434582
14 54 -0.22579287051579278
15 16 0.9882006675168618
15 55 -0.9475036583281915
16 17 -0.45157555230112045
16 56 -0.04702931160561086
17 18 -0.9139777873015771
17 57 -0.5664647526446429
18 19 -0.6864608997396946
18 58 0.04719916710594485
19 20 0.2236242793787433
19 59 -0.48920814510045685
20 21 0.7616766607426717
20 60 0.6924937124449673
21 22 0.3527781935459393
21 61 -0.8163072674075491
22 23 0.9949235419616109
22 62 -0.466337355727902
23 24 0.12007400846843774
23 63 -0.043242405015880836
24 25 0.6589459005630833
24 64 -0.33694794195872846
25 26 -0.3086998196505655
25 65 -0.12849853573786985
26 27 0.21452563298292815
26 66 -0.42002399182827377
27 28 0.44672233751118395
27 67 -0.3029444477980383
28 29 0.7810451671997936
28 68 -0.8663040944968348
29 30 0.8588674601788036
29 69 0.6269671996858093
30 31 0.007522016765348916
30 70 -0.02792130761412359
31 32 0.24547036395034239
31 71 0.032472061622582205
32 33 -0.4431009933714358
32 72 0.19305753157174887
33 34 -0.8765967865531801
33 73 0.6405616076905734
34 35 0.8113246948643893
34 74 -0.731120811902326
35 36 0.3016060895112025
35 75 -0.4882751786895221
36 37 -0.6260768319183856
36 76 -0.1539773601350367
37 38 -0.8287320521841057
37 77 -0.45508087019786125
38 39 0.28685156149122615
38 78 0.8004051433324839
39 40 -0.6394720910755636
39 79 0.9104889216288419
40 80 0.7117957858254707
41 42 -0.5061240536673459
41 81 -0.7237366250473609
42 43 -0.1981053358637801
42 82 0.8236526802517721
43 44 0.1874298619610304
43 83 0.4895811255673108
44 45 0.8815417109607067
44 84 -0.15488806069596306
45 46 0.5279637568715254
45 85 -0.009329843988593156
46 47 -0.0859957425673461
46 86 -0.12470878951584474
47 48 -0.08003471603574752
47 87 -0.6003691997479199
48 49 0.8272615571284647
48 88 0.08872641389057923
49 50 0.5197833999626778
49 89 0.11863611389882256
50 51 0.6254374007907888
50 90 0.993542042840919
51 52 0.7181833435383433
51 91 -0.44127466446846775
52 53 -0.10525487036523629
52 92 -0.30371147276658306
53 54 -0.005675112653058312
53 93 0.5698681547362179
54 55 0.1571485875041443
54 94 -0.08191292334026734
55 56 -0.7897617485365518
55 95 -0.5919756875294362
56 57 0.736605559992878
56 96 -0.9507606946974934
57 58 0.49427962919425483
57 97 0.8453108394541919
58 59 -0.03580834986692771
58 98 -0.04498346683149368
59 60 0.9962313212271554
59 99 0.9404907100821598
60 61 -0.24888615947079606
60 100 -0.4274470063189384
61 62 0.19595828468431797
61 101 -0.7764963070029982
62 63 -0.08936209911895032
62 102 0.6283545771243613
63 64 0.421524543148623
63 103 0.8170184547048249
64 65 0.7357596404297124
64 104 0.7413171744469724
65 66 0.6700538430880241
65 105 -0.5964395606598305
66 67 -0.2509374289119506
66 106 0.6447720905185856
67 68 -0.6609696868607697
67 107 0.8699766225396399
68 69 0.6731494453948152
68 108 0.5437167043563764
69 70 -0.20790614609307845
69 109 0.06085701088691842
70 71 0.03442218941365449
70 110 0.3025211939483128
71 72 -0.331934238672174
71 111 0.018282649164630183
72 73 -0.6646172579390734
72 112 0.2452123526143728
73 74 -0.4286302579662078
73 113 0.6876910427363867
74 75 -0.2744808238166496
74 114 0.560248809807079
75 76 -0.24561317477933553
75 115 0.09574969194425442
76 77 0.029928712830132875
76 116 -0.23757287873688293
77 78 -0.6558487135109818
77 117 -0.8210092891192295
78 79 0.9194707669568114
78 118 0.8207031493318306
79 80 0.1708876712810965
79 119 -0.6207274078321234
80 120 -0.8079030656875197
81 82 -0.33710687345813706
81 121 -0.8340008699862143
82 83 -0.8921642105667615
82 122 -0.009591673411435409
83 84 0.6939924978615546
83 123 0.024207360348784457
84 85 0.6090661823936196
84 124 0.5951440735486047
85 86 0.7089574313180229
85 125 -0.6812486382976009
86 87 0.27824854863390613
86 126 0.7668774590901555
87 88 0.5628938676147366
87 127 -0.3819324021224799
88 89 0.045438535112538814
88 128 0.06101302584601287
89 90 0.9560411497342329
89 129 -0.4194905764461203
90 91 0.9320616175179968
90 130 0.8215415728661293
91 92 -0.4198644029872576
91 131 -0.9873151041099433
92 93 0.3802489418921222
92 132 -0.23217354102056098
93 94 0.6467572821456364
93 133 -0.43736891006774914
94 95 0.3732085042585125
94 134 0.06384484688487735
95 96 -0.12498854708410834
95 135 -0.99293640705385
96 97 0.42274519665982013
96 136 0.2388161178613606
97 98 -0.7697177812532352
97 137 -0.49638221071574407
98 99 0.9163622138177461
98 138 0.723360736446486
99 100 0.9373389602056268
99 139 0.9775503211563603
100 101 0.8293786592352606
100 140 -0.5062305764717066
101 102 -0.5656465655917238
101 141 0.9021477840158516
102 103 0.6266948940818533
102 142 -0.9397599150668325
103 104 0.9913917630403362
103 143 -0.963150776761386
104 105 0.9937229988939598
104 144 0.608057338797632
105 106 0.20419571960173588
105 145 -0.6332936823055408
106 107 -0.02766381538713869
106 146 -0.5847590789208685
107 108 -0.08639777735561838
107 147 0.08148842688061997
108 109 0.972597795801013
108 148 0.15978443449937751
109 110 0.021371608704659817
109 149 -0.17056464296667362
110 111 0.5934346233968846
110 150 -0.10184860987992206
111 112 -0.646436377088978
111 151 0.42263758495582104
112 113 -0.5142342436766423
112 152 0.1670634906191002
113 114 -0.9767831262761271
113 153 0.03692547099445864
114 115 -0.6643283739304588
114 154 0.3469565101110079
115 116 -0.8389432619927613
115 155 0.7313417344437305
116 117 0.12479117227673431
116 156 -0.6821193069787777
117 118 0.9308920256805588
117 157 0.9761517620903788
118 119 0.5540159247486725
118 158 -0.4255789463899362
119 120 0.8808099039534003
119 159 0.2929962966841202
120 160 -0.1571207410979436
121 122 0.34395416256093325
121 161 0.6131875963233151
122 123 -0.5007227188270564
122 162 -0.3030582768398662
123 124 -0.7502085785212549
123 163 -0.5325786532855488
124 125 -0.42693542095628745
124 164 0.2035181752842341
125 126 0.8589496056407324
125 165 0.254119276524744
126 127 -0.2758062608452918
126 166 0.6326494843323978
127 128 0.1797604101672523
127 167 0.0582003788123302
128 129 0.5848395359100191
128 168 0.269029054684484
129 130 0.8633978871081618
129 169 0.6370779953976493
130 131 -0.46113134883989226
130 170 0.18140327664844214
131 132 0.23760868686743075
131 171 -0.28762635774499357
132 133 0.7261253686068354
132 172 0.5576921599233444
133 134 0.6650271443828073
133 173 -0.0734207366607631
134 135 -0.21048761828080131
134 174 0.1586757449875964
135 136 0.3453459713094529
135 175 0.651903889875975
136 137 0.09391545076760988
136 176 0.802183175734807
137 138 0.8974578738389023
137 177 -0.9275326812561671
138 139 0.07225477592469476
138 178 0.3562119461487845
139 140 0.757062733223187
139 179 0.032473229034956974
140 141 -0.22314636275865074
140 180 0.8487839705727804
141 142 0.2685371301689037
141 181 -0.8655162147355431
142 143 -0.883229420618354
142 182 -0.8406619265637387
143 144 0.07797137020737654
143 183 0.23748955677800754
144 145 -0.46286090329072826
144 184 -0.07578532706430252
145 146 0.44129672287271227
145 185 -0.7580761344889619
146 147 -0.4620279703194965
146 186 -0.27341432699162205
147 148 0.5779485907201032
147 187 -0.3490210439254311
148 149 0.6172588322693944
148 188 0.551611509516793
149 150 0.5085144799557482
149 189 -0.9938479712707489
150 151 -0.8421797896170715
150 190 -0.326561024205162
151 152 0.1269537699503629
151 191 -0.824963652303333
152 153 -0.8742149422677326
152 192 0.050453083628905215
153 154 0.7202867522521086
153 193 -0.16358274948735763
154 155 0.8649800106979924
154 194 0.2955934532289721
155 156 -0.5880539643142204
155 195 0.03119106822745432
156 157 0.4982697009056116
156 196 0.14034682786354935
157 158 -0.0027671850244417318
157 197 -0.5520683388353325
158 159 0.17257859382204632
158 198 0.707175535103328
159 160 -0.15737559584493477
159 199 0.9530287842833025
160 200 0.48854614736599933
161 162 0.965483829088428
161 201 0.2713214695937052
162 163 0.4817723435340986
162 202 -0.2776859836388439
163 164 -0.4545085866484395
163 203 0.6661213136603017
164 165 0.11719246219128077
164 204 -0.3136353917255996
165 166 0.7192016773114422
165 205 -0.7312867927308362
166 167 0.661106137581631
166 206 0.15832749944708557
167 168 0.04415241708762663
167 207 -0.5221918189509407
168 169 0.20524476830211658
168 208 -0.6353182950709002
169 170 -0.16539530692915583
169 209 -0.5517612327990005
170 171 0.4057174216067907
170 210 0.9652945600888383
171 172 0.45463559939265696
171 211 0.6651226964793302
172 173 -0.4969851333808899
172 212 0.4778659589823022
173 174 -0.9138942851996092
173 213 -0.5159135155993382
174 175 0.33677052645458483
174 214 0.44394663058243866
175 176 0.1644988194486492
175 215 0.5374341991659903
176 177 -0.1512108599639701
176 216 0.7964647360906687
177 178 -0.28488452886448323
177 217 -0.033361196767671686
178 179 -0.9421070140174215
178 218 -0.33754212022811214
179 180 0.6851096365702365
179 219 0.6981556112456149
180 181 -0.7456178596866403
180 220 -0.10351960324734022
181 182 -0.40210330726639887
181 221 0.8268665476037467
182 183 -0.37174720463767574
182 222 0.13658958465948268
183 184 0.4057358659920265
183 223 0.9814544074102853
184 185 -0.9090167236226134
184 224 0.3968928692819549
185 186 0.8871693195085362
185 225 -0.31057304500951877
186 187 0.13046445821344266
186 226 0.023527467424827586
187 188 -0.7098589294783988
187 227 0.23696283866943557
188 189 0.8971873900278873
188 228 0.7656361396457092
189 190 0.09413712385161555
189 229 -0.4509828689937201
190 191 0.9730807939094344
190 230 -0.07273469772525787
191 192 0.4044767642705387
191 231 -0.5802879961041463
192 193 0.059440055772318034
192 232 0.2241789187653318
193 194 -0.8542159011325718
193 233 0.3682872628004952
194 195 -0.6017591452404405
194 234 -0.8356722837335457
195 196 -0.13574454749439457
195 235 -0.9625904555473141
196 197 -0.3131611695249088
196 236 0.8753034635321018
197 198 -0.12383670306662031
197 237 0.7628988271505055
198 199 0.5174369111454109
198 238 -0.43019234591209
199 200 0.20379021677605902
199 239 -0.07358532014904817
200 240 -0.4271881812222955
201 202 -0.5681534879056394
201 241 0.09805486416855924
202 203 0.2614842019557184
202 242 0.9484617013387922
203 204 0.5166164769979686
203 243 -0.48073044441562773
204 205 0.26005540383534065
204 244 -0.2693335270925168
205 206 0.6369161855109122
205 245 0.2143026564553805
206 207 0.09192511008563509
206 246 -0.796418470743989
207 208 0.9319148505562749
207 247 0.21111436822680663
208 209 -0.8083115312714415
208 248 -0.8731179151621231
209 210 -0.20620720392994207
209 249 -0.3335910715133683
210 211 -0.4413918613016201
210 250 -0.003076394317095499
211 212 -0.12181541873495005
211 251 0.9445284316809399
212 213 -0.770573783277503
212 252 0.6401479356552222
213 214 0.7192891684445653
213 253 -0.5281823675808173
214 215 -0.7557932339222906
214 254 0.9834964244741244
215 216 -0.7632044521444685
215 255 -0.42147702803403764
216 217 0.11895623290826673
216 256 -0.3654760915820834
217 218 0.8122282949148554
217 257 -0.6589433803818743
218 219 0.893052542628682
218 258 0.7427515062924355
219 220 0.7454787327959833
219 259 0.023923260544833402
220 221 -0.1979008300561016
220 260 0.12950910568914953
221 222 -0.9052868285119999
221 261 -0.2980216451902382
222 223 0.5378640823393781
222 262 0.12719754820238816
223 224 -0.42249907400602793
223 263 -0.44423820777164225
224 225 0.5867057224008687
224 264 -0.7567725029626982
225 226 0.8855005114062511
225 265 -0.05893254292322592
226 227 -0.7151304866847474
226 266 0.25055481848069605
227 228 0.3427122657150201
227 267 -0.6745932000369625
228 229 -0.6070087870982386
228 268 0.2714060606780926
229 230 0.3908182470111452
229 269 -0.4575442357253079
230 231 0.2628100003827556
230 270 0.36211665756122824
231 232 0.4153138906203726
231 271 0.4378639473420418
232 233 -0.3429501612244992
232 272 -0.93491821523572
233 234 -0.37088567112672655
233 273 -0.5733468559643178
234 235 -0.32090704913748747
234 274 0.7270538749080893
235 236 0.41061765817541573
235 275 -0.2978461406583559
236 237 -0.8838374861203548
236 276 -0.0007160709449376412
237 238 -0.2104987004411627
237 277 0.4491634115917036
238 239 -0.7968840684749323
238 278 -0.008388715612184239
239 240 0.26478257594620236
239 279 0.48509990708095496
240 280 0.615982803775456
241 242 0.09111991601845215
241 281 -0.5318478537059967
242 243 -0.15566307932424217
242 282 -0.8734604984851861
243 244 0.7427543688332927
243 283 -0.5116233068461211
244 245 0.7937981221768919
244 284 0.4647237258809762
245 246 0.6606141593677735
245 285 0.6614382009838307
246 247 -0.0931358716427424
246 286 0.6370533365608912
247 248 -0.2935583926548817
247 287 -0.18568509725536675
248 249 -0.15719091137737862
248 288 -0.331947947775699
249 250 0.8821027469336231
249 289 -0.07773410811564307
250 251 -0.4576230082301658
250 290 0.22032060231907602
251 252 -0.009986762849238717
251 291 0.20934419298182716
252 253 0.7918076838849122
252 292 0.48799419089471785
253 254 -0.07168562242640752
253 293 0.17377896229386214
254 255 -0.4842863051053703
254 294 -0.20616377194054825
255 256 -0.8445164004373038
255 295 0.2743397475052063
256 257 0.8822372330562214
256 296 0.6068971738441602
257 258 0.016273994474483633
257 297 0.826481399924049
258 259 -0.10281433499353665
258 298 0.3558271825939101
259 260 0.004416546925770426
259 299 -0.1521365977708482
260 261 -0.186719508583429
260 300 -0.2851490785519144
261 262 0.8483767983449677
261 301 0.8109837892548923
262 263 -0.4281571440518701
262 302 0.2137426285222237
263 264 0.4125021473242245
263 303 -0.5304231559868697
264 265 0.3766027039560256
264 304 -0.04521486142204245
265 266 -0.18961082252025063
265 305 -0.6776153626460946
266 267 -0.32004592592602044
266 306 -0.7096024175429969
267 268 0.5191820073991114
267 307 0.8349601495438101
268 269 -0.49672731401870607
268 308 0.5099152480714026
269 270 -0.6055190307991656
269 309 0.12646921201392836
270 271 -0.5020778959334087
270 310 -0.06818141565025515
271 272 -0.6211640855715803
271 311 0.16240682311712273
272 273 -0.03624535268826268
272 312 -0.1627516474259174
273 274 0.8059384336455757
273 313 -0.2984482257191783
274 275 0.3033221799159471
274 314 0.3742672414920387
275 276 -0.7074004429492815
275 315 0.862814698248072
276 277 0.8902836428844643
276 316 -0.8235226495595609
277 278 0.03816643969437594
277 317 0.01608981548874122
278 279 0.45678753032851405
278 318 -0.343675078217871
279 280 -0.4037995521736639
279 319 -0.9625656439548762
280 320 0.267430519360893
281 282 -0.7725483139858411
281 321 -0.0006814659020906166
282 283 -0.8428259662419291
282 322 -0.5882675531136432
283 284 -0.8993451657495244
283 323 0.04152376188471951
284 285 0.2298397785345183
284 324 0.6757589321864401
285 286 -0.22233184961004548
285 325 0.8406647339477515
286 287 -0.08370934045102407
286 326 0.556421324057925
287 288 0.20735575650073024
287 327 -0.047110832683496806
288 289 -0.017375219565836986
288 328 -0.314855777611168
289 290 -0.023801184520168217
289 329 0.3023147732483933
290 291 -0.7383681592273235
290 330 0.2907963113918999
291 292 -0.5169401565173148
291 331 0.7029738314329037
292 293 0.2848805593924224
292 332 -0.6700596413573234
293 294 0.4842581910714514
293 333 0.7710121341112524
294 295 0.08531035156962652
294 334 0.37435612881179314
295 296 0.7267250087891852
295 335 0.9990660716584785
296 297 0.16509619082358395
296 336 -0.2932234928342117
297 298 -0.45686737361995866
297 337 0.8252135692417457
298 299 0.6547066271673676
298 338 -0.05434701279104481
299 300 -0.43273651035063443
299 339 0.42721913208179707
300 301 0.7867798265806105
300 340 0.38108131690224023
301 302 -0.9338678402348266
301 341 0.7347297747929546
302 303 0.43010544681503293
302 342 -0.4036001035003043
303 304 -0.9906990302563699
303 343 0.4878906389339801
304 305 -0.9506344955830444
304 344 -0.2937975179172423
305 306 -0.05982286008248994
305 345 -0.9174984452435737
306 307 0.7274694466472778
306 346 -0.8708987358458338
307 308 -0.6984262117887905
307 347 -0.8323608332140366
308 309 0.7600074484564818
308 348 0.2164730804042685
309 310 -0.5271685074504651
309 349 0.09298198214289344
310 311 0.5694590463405935
310 350 -0.7002708022670321
311 312 -0.25327680892365856
311 351 -0.7574641861819782
312 313 -0.1357995192713457
312 352 -0.21926614003892997
313 314 -0.5266612345875272
313 353 -0.6052797323530656
314 315 -0.07092981668058096
314 354 -0.6835641465516562
315 316 -0.6373934536911317
315 355 -0.8551691354188236
316 317 -0.4374662605891113
316 356 -0.5510262644860302
317 318 -0.9721724917117329
317 357 0.9241766059526442
318 319 -0.24874179345742142
318 358 0.5542879053058511
319 320 0.09092487221140422
319 359 0.02339766205397198
320 360 -0.8775715650050349
321 322 -0.695783155156424
321 361 0.06537216111453925
322 323 -0.4249571278583415
322 362 -0.23706078028706057
323 324 -0.04475309833439378
323 363 0.7965874026673934
324 325 0.3587892520651217
324 364 0.4403338753237951
325 326 -0.0786752203241643
325 365 -0.023864779731380903
326 327 -0.9905911458142644
326 366 -0.6413405495756239
327 328 -0.0094753284984892
327 367 0.7301426851520392
328 329 -0.09258883970839915
328 368 0.554390405416995
329 330 0.6129798213452711
329 369 0.16760042641987893
330 331 0.7686175631535763
330 370 0.19969784872445318
331 332 -0.6236699793681502
331 371 -0.07853284844297437
332 333 0.2281709284008402
332 372 -0.8637841727197533
333 334 0.43371128883674936
333 373 -0.359572171147035
334 335 -0.7006778553685122
334 374 0.8512961587690204
335 336 -0.1904970573475051
335 375 0.8545058584630072
336 337 0.8745071253902563
336 376 0.4773923259108275
337 338 0.16870451651837093
337 377 -0.7990674114419798
338 339 -0.0049013496533201195
338 378 0.08851848240202753
339 340 0.9504668295271266
339 379 -0.5363268620525923
340 341 0.04870934990683229
340 380 -0.9458563928447854
341 342 0.9321896289419296
341 381 0.3577991915598888
342 343 0.9524097875726514
342 382 0.47763886515601595
343 344 0.4481021674068255
343 383 0.9224203316317561
344 345 -0.10871260701151741
344 384 0.28752230233827003
345 346 0.0617553563450286
345 385 0.4596158740579446
346 347 0.2411219628730683
346 386 0.3930485451877037
347 348 -0.04659495066328123
347 387 0.7187506350058348
348 349 -0.9821498412792409
348 388 -0.21440869602209056
349 350 -0.06822171171875357
349 389 0.2955019166847044
350 351 0.2812451458777945
350 390 -0.6134402926504623
351 352 -0.7458982131146865
351 391 -0.9628880859525071
352 353 -0.22198046564681095
352 392 0.19327801496745245
353 354 -0.04290765685830533
353 393 -0.12413717816590086
354 355 -0.6954612576961421
354 394 0.5541995385239247
355 356 -0.8516247760987603
355 395 -0.18315145837140845
356 357 0.5230004343242898
356 396 -0.9943076357512817
357 358 0.2352057636918261
357 397 0.4963379047589751
358 359 0.6731109530123534
358 398 -0.9600579589100073
359 360 -0.761949581104318
359 399 -0.09568892787059347
360 400 -0.21952865638545283
361 362 -0.22598646310690196
361 401 0.37665476684432875
362 363 0.6703746903639234
362 402 -0.8358484642770101
363 364 -0.31164583649164745
363 403 0.6941030175114855
364 365 0.5499969717147477
364 404 0.44856686487944986
365 366 0.013775589077600348
365 405 -0.9869103366327998
366 367 0.914046161373631
366 406 0.26726771574877217
367 368 0.6256680880413032
367 407 0.9616319370903554
368 369 0.6133645777452865
368 408 0.17042216490308926
369 370 -0.2694883970531854
369 409 -0.2797650826128866
370 371 -0.02214180421587497
370 410 -0.8802606517849823
371 372 0.07411001909855175
371 411 0.2509502263645387
372 373 0.3056989802906773
372 412 -0.5808684419172458
373 374 0.6431248055585672
373 413 -0.5792025896345119
374 375 -0.9606199691010551
374 414 -0.3311483444591432
375 376 -0.10073722435009791
375 415 0.46674430812778867
376 377 -0.6901656404458809
376 416 0.24168478484962153
377 378 -0.5539124640808022
377 417 -0.297008989408881
378 379 -0.07565792384523995
378 418 -0.031946505847165296
379 380 -0.1430647818246764
379 419 0.609750536372921
380 381 0.7578145387545798
380 420 -0.741806104274747
381 382 -0.7612240194234883
381 421 -0.7989612620902156
382 383 -0.919599190429415
382 422 -0.15524685222799683
383 384 -0.2860506007789323
383 423 0.23037524374647433
384 385 0.2574551878934237
384 424 -0.8086028649985195
385 386 -0.27509562858818315
385 425 0.03752406487074533
386 387 0.7469256290164024
386 426 0.3737724296881271
387 388 0.5560299066934498
387 427 0.669212800025599
388 389 -0.031131566756180007
388 428 0.3764616230435769
389 390 -0.0718137780046113
389 429 -0.9112825023475104
390 391 0.13563904972073004
390 430 0.9096395456855617
391 392 -0.5993002329866708
391 431 -0.12397001305970146
392 393 -0.7595957231852348
392 432 0.2506650678693749
393 394 -0.12040342517550462
393 433 0.021823827260688544
394 395 0.012901877991864819
394 434 -0.7785460838687348
395 396 -0.6568613240628547
395 435 -0.31063182568586756
396 397 0.4472667424789316
396 436 0.4960049868287668
397 398 0.026816151954963008
397 437 0.9712771423464917
398 399 0.8340680369510514
398 438 0.062493031166145796
399 400 -0.02269495153205603
399 439 -0.09663678537435638
400 440 -0.042564630348901344
401 402 -0.2541456871832142
401 441 0.8923200899267851
402 403 0.6416697444721473
402 442 0.6333145513237504
403 404 -0.8359363322057121
403 443 -0.7873408755747873
404 405 -0.3085788116153507
404 444 -0.5371398505070291
405 406 -0.35847014438823743
405 445 -0.1526470857594473
406 407 -0.9210021561628694
406 446 -0.34700209756920763
407 408 0.4142649704809569
407 447 -0.8950300928148383
408 409 -0.33326884448189564
408 448 0.5325854869506192
409 410 0.8884777166258708
409 449 0.16538361736682927
410 411 -0.09512401753928601
410 450 0.9074261462120594
411 412 -0.8191911637406644
411 451 0.4379654508864097
412 413 0.07773211378922817
412 452 0.7555947102775644
413 414 0.24688530659097574
413 453 0.7674078244339475
414 415 -0.07756769392656038
414 454 0.8772085138775747
415 416 -0.5310901386205451
415 455 0.8877490115740982
416 417 0.188790710945679
416 456 0.9403094982608848
417 418 -0.1924773330889875
417 457 -0.3300132223764558
418 419 -0.36584205788314117
418 458 0.4513801171095839
419 420 -0.13391837050484878
419 459 0.7504077832257876
420 421 -0.5793976230252031
420 460 -0.3816325698027254
421 422 0.6551483879924647
421 461 0.9497254627246052
422 423 -0.8633326307900628
422 462 -0.12351278200414173
423 424 0.9572787056447571
423 463 0.2514078842025915
424 425 -0.6406045868462695
424 464 0.6836191303811596
425 426 0.6848506408002859
425 465 -0.41344678374468424
426 427 -0.6845153320206327
426 466 -0.3847306250146765
427 428 -0.38429380189933693
427 467 -0.15662344607198841
428 429 0.17631583633660353
428 468 0.35883802413208254
429 430 0.2934890164075339
429 469 0.7954071884743652
430 431 -0.8930824168345692
430 470 -0.20590401292970606
431 432 0.9308510984637537
431 471 0.5320740424075263
432 433 0.02602068000538904
432 472 0.05680341849172943
433 434 0.45478876060110474
433 473 -0.07266059041625206
434 435 0.13989554071948684
434 474 -0.24518789208223413
435 436 -0.6689096034526274
435 475 0.7217439933578484
436 437 0.29339939627613765
436 476 0.9341141104052555
437 438 0.6539654478517027
437 477 0.1484787950305786
438 439 -0.6190056112640929
438 478 0.1962711440144549
439 440 0.96269166259746
439 479 -0.9514881138777715
440 480 -0.7810506729442608
441 442 0.5547158362134139
441 481 0.21606860613490886
442 443 -0.3338086010327228
442 482 0.35126352554116624
443 444 0.568625831735226
443 483 0.7288344383122389
444 445 -0.5980132339931301
444 484 0.7116628477399038
445 446 -0.8523626971290621
445 485 -0.5439777923394642
446 447 -0.06418193185739907
446 486 -0.1815000776128648
447 448 -0.8377472935845527
447 487 -0.9760472851558508
448 449 -0.11600011986432368
448 488 -0.9309161422895649
449 450 0.9096280623267761
449 489 0.5216649769191346
450 451 0.4625780896056293
450 490 -0.7757597335732254
451 452 -0.07128572980888803
451 491 -0.24857821370590538
452 453 -0.45288463315665406
452 492 0.09419722587628065
453 454 -0.8035067759624221
453 493 0.6631144572771748
454 455 -0.18662338782775323
454 494 -0.6167662699008654
455 456 -0.660783383628224
455 495 0.09320014653693987
456 457 0.02744619311356633
456 496 0.5907723236695026
457 458 -0.05618918907314119
457 497 0.25116772596503556
458 459 0.8741734197114761
458 498 -0.5661473702859001
459 460 -0.8328092470864139
459 499 -0.30847693083787253
460 461 -0.49956636814230837
460 500 -0.5511747178211512
461 462 -0.10188693156451589
461 501 0.7930744479573115
462 463 -0.5594965474865068
462 502 0.35724436985839403
463 464 0.24471299968126692
463 503 0.7076096315946185
464 465 0.14794917429716947
464 504 0.2921719684712323
465 466 0.0515436248925174
465 505 0.19065735865283373
466 467 -0.22613250098657534
466 506 -0.31984011869304685
467 468 -0.0557349998427219
467 507 0.07000908926312732
468 469 0.32858637748359465
468 508 -0.7035131033654096
469 470 0.024518427324121017
469 509 -0.1549576625262008
470 471 0.15132121257756648
470 510 0.4006716977863991
471 472 -0.12183409601095652
471 511 0.15740483778473324
472 473 -0.5003078751140295
472 512 0.48021551176679234
473 474 0.6790179267011178
473 513 -0.028197472356024766
474 475 0.26553188382583826
474 514 -0.5747604728788578
475 476 -0.2434051652900584
475 515 0.2839986322398895
476 477 -0.0716885497397608
476 516 -0.3556342136271655
477 478 0.6404003444202471
477 517 0.5029652232629993
478 479 0.5020882778550799
478 518 -0.5378082683452776
479 480 0.033678733771320024
479 519 -0.4936163231423505
480 520 0.22076953777992725
481 482 0.2304640731721379
481 521 0.28597520253864683
482 483 0.9668715620915522
482 522 0.9183985990864965
483 484 -0.27024803903591454
483 523 -0.8033279376114422
484 485 0.46348382950231604
484 524 0.08568184251962463
485 486 -0.4666122325566928
485 525 0.9938260463835173
486 487 0.1220701024644344
486 526 0.48666653699531803
487 488 -0.6073036501762761
487 527 0.28973591988845215
488 489 -0.28209847690436773
488 528 -0.9301987815715902
489 490 -0.8388946364938308
489 529 0.2691355311909738
490 491 0.30374594805002997
490 530 0.5404269618102069
491 492 -0.7028387800010603
491 531 -0.6147892134814985
492 493 -0.39118003186527184
492 532 0.15425233447688091
493 494 0.3353898573026117
493 533 -0.996203876108702
494 495 -0.29124193895789663
494 534 0.2277072609540869
495 496 0.21749032946864877
495 535 -0.6178951553729668
496 497 0.8463071915574722
496 536 0.8992799780453793
497 498 -0.580828921146767
497 537 0.8181515425393044
498 499 -0.8979561177905173
498 538 0.4268729808729903
499 500 0.03550850075342993
499 539 0.6120479034907145
500 501 0.2719496461640505
500 540 -0.15602410254810262
501 502 -0.11769955683234601
501 541 0.20281948448000375
502 503 -0.3466447243865194
502 542 -0.6453184977987827
503 504 -0.1322060422601723
503 543 0.8204705856207726
504 505 -0.9959197324261164
504 544 -0.7114482521838292
505 506 -0.7768483431009796
505 545 -0.8828487450941365
506 507 0.40386907119848003
506 546 -0.38666701714098894
507 508 0.6412297901721302
507 547 0.696667247522071
508 509 0.41039048057273275
508 548 -0.6758329531455132
509 510 -0.4639040080039061
509 549 -0.7205584120572184
510 511 0.5400347387360906
510 550 0.14023332842866054
511 512 -0.4366387396779843
511 551 0.41635607383165807
512 513 0.6754261834322071
512 552 -0.27896029104272135
513 514 -0.8723722638653755
513 553 -0.35310732602589034
514 515 0.7869269356280617
514 554 0.10860659994829946
515 516 -0.16555392989911089
515 555 0.1188290615353702
516 517 0.6600839502366749
516 556 0.7872224778958847
517 518 -0.816500399285232
517 557 0.6693372755038305
518 519 0.2754442512633646
518 558 0.8840938410663801
519 520 0.7969696542670102
519 559 -0.5661654946676622
520 560 0.3359406234251132
521 522 -0.4630329857393307
521 561 0.5003122972064531
522 523 0.33988781067091134
522 562 0.785923294783295
523 524 0.7172718795812707
523 563 -0.7797898956589455
524 525 -0.5947163796025079
524 564 0.06074121351433459
525 526 -0.7577275492853417
525 565 -0.31253886844044265
526 527 -0.3948834248921165
526 566 -0.2109392220135029
527 528 -0.4266807148506717
527 567 0.552584048523441
528 529 0.08499373633466512
528 568 -0.3706824400271027
529 530 0.08852504493773483
529 569 0.7900971602255087
530 531 0.3900584369088709
530 570 0.4933095024665435
531 532 -0.33344931467074335
531 571 0.9042873159714397
532 533 -0.7869187953979657
532 572 0.7275233219436128
533 534 0.9071943419524813
533 573 0.003019554828479487
534 535 -0.06675100298864134
534 574 0.5523132999069138
535 536 -0.07668210042286461
535 575 0.48239299049316653
536 537 0.7625195368375477
536 576 -0.836111538160601
537 538 -0.6592040960574825
537 577 0.27321777058200136
538 539 0.17440177446310945
538 578 -0.7134884881418269
539 540 -0.43595282110781564
539 579 0.5655616642851651
540 541 -0.06538222368842139
540 580 -0.23428103137053768
541 542 0.13234727671023383
541 581 0.7110042617739964
542 543 0.8649969490687806
542 582 0.1047793340926384
543 544 -0.7750978170330343
543 583 -0.5530168055992761
544 545 -0.8973304092840022
544 584 -0.9760208711424734
545 546 0.023130696439059406
545 585 -0.28017019423418543
546 547 0.5296759808275504
546 586 -0.9193460295527973
547 548 -0.4767195395430355
547 587 0.09651494425849783
548 549 -0.4029612991598315
548 588 0.871633398875638
549 550 -0.22952107463633387
549 589 -0.43179288836602736
550 551 0.7371451590482518
550 590 0.3046663891533907
551 552 0.12975215003139184
551 591 -0.039305682993428626
552 553 -0.5571003975087045
552 592 -0.9617877717375478
553 554 0.5347925406758123
553 593 -0.19881981185465158
554 555 -0.15467001268381275
554 594 0.9466803179750691
555 556 -0.04567472240640602
555 595 0.020318194621315122
556 557 0.6955728893213147
556 596 -0.3492767522107272
557 558 0.331819761619782
557 597 -0.7474714559303528
558 559 -0.6650451750076156
558 598 0.4216189441294702
559 560 -0.17868517317698052
559 599 0.7593710795640742
560 600 0.14699003562927415
561 562 -0.42633902115969335
561 601 0.41875211565246806
562 563 -0.30488454335232706
562 602 0.2633310875354584
563 564 -0.7668143470253703
563 603 -0.14999424550371243
564 565 -0.39013738760322747
564 604 0.645595318900059
565 566 0.9795584173892333
565 605 0.9245066319365445
566 567 -0.5034331384167159
566 606 0.5829130925701078
567 568 0.5915838649026359
567 607 -0.1465960968765696
568 569 -0.3404019214368139
568 608 -0.2346854778078371
569 570 -0.15983272031564377
569 609 0.5992128163095258
570 571 -0.3026303922517428
570 610 0.32476582454251535
571 572 -0.8332543335788203
571 611 -0.339216775625083
572 573 -0.6686895572268592
572 612 0.033094707187288686
573 574 0.8907054928677436
573 613 -0.3306732953385181
574 575 0.6870190934059413
574 614 -0.9361786703622756
575 576 -0.7685635827358244
575 615 0.7908130399387414
576 577 -0.6496615390542582
576 616 0.8228448313695269
577 578 0.6828705299605629
577 617 -0.7972834507348938
578 579 0.851633800779777
578 618 -0.17759561830202597
579 580 0.46094288886976487
579 619 -0.01816523488054278
580 581 -0.235267222903218
580 620 -0.3920902951625418
581 582 0.8839061562629671
581 621 0.22771626089149843
582 583 0.8341384830868752
582 622 0.8733986614894949
583 584 0.8372917402631777
583 623 -0.21124931468045127
584 585 0.932016873184476
584 624 -0.9011028976261672
585 586 -0.9923188697347558
585 625 -0.5508896700291592
586 587 -0.33691351211928766
586 626 -0.24622878145838412
587 588 0.24305328017379768
587 627 0.021438936021606736
588 589 -0.7894143493935715
588 628 0.33615880790854646
589 590 -0.5531932887380864
589 629 0.27605803493480296
590 591 0.5573393824550741
590 630 -0.8258528309592366
591 592 -0.024638055983741358
591 631 0.06576962916968476
592 593 -0.020442714513359883
592 632 0.42946949282265434
593 594 -0.394831030722016
593 633 0.8553168754736078
594 595 0.08916358238800193
594 634 0.04007281309985378
595 596 0.3492770043388025
595 635 0.3790413220648028
596 597 0.11571910057443846
596 636 0.8973335970098435
597 598 -0.28339593639390404
597 637 0.9278012486234319
598 599 -0.7085232401270205
598 638 0.44316963355735317
599 600 -0.6857618451541403
599 639 -0.2520496877561549
600 640 0.09433800241812706
601 602 -0.8704264490564688
601 641 0.3797169584784714
602 603 -0.6230136096235142
602 642 -0.3034308772352765
603 604 -0.9450539835962548
603 643 -0.7528019495575746
604 605 0.17084863125163507
604 644 0.4526413943177565
605 606 0.8028712451242874
605 645 -0.6088017183022678
606 607 0.07649830621821763
606 646 -0.8260978650684643
607 608 -0.4118262186830415
607 647 0.488082991190131
608 609 -0.8552649843768023
608 648 0.5587649104159398
609 610 -0.7577906353401471
609 649 -0.7122697640293738
610 611 -0.6756174386913569
610 650 0.6383621204607006
611 612 -0.9464591253189156
611 651 0.2921589562549731
612 613 -0.04857195208047105
612 652 -0.8518414464664554
613 614 -0.6957633001004664
613 653 -0.4983566624375648
614 615 -0.9508811762669447
614 654 -0.13351689065169126
615 616 0.5855750232896804
615 655 -0.6848610018562094
616 617 0.42017759471445704
616 656 0.6603738027662462
617 618 -0.5396157535439747
617 657 0.4472335339029998
618 619 -0.23169269947569116
618 658 0.7096497406493838
619 620 -0.6844949153123046
619 659 -0.4005378227099996
620 621 0.30268384626102085
620 660 -0.025512803932372652
621 622 0.2741185841767322
621 661 -0.610783192942743
622 623 -0.5083003262895252
622 662 -0.11010475019307608
623 624 -0.5768040507605678
623 663 0.610159496131309
624 625 -0.4516057370769968
624 664 0.05163890154822992
625 626 -0.22743257759918567
625 665 -0.07276674664557392
626 627 -0.7976653080824456
626 666 0.5853993065462706
627 628 -0.4833695662686244
627 667 -0.2438624897574555
628 629 0.6762849993002034
628 668 -0.1001241029695854
629 630 0.5170727728823294
629 669 0.8749304617466351
630 631 0.8774708045637694
630 670 -0.02453509034107282
631 632 0.7986770065745932
631 671 -0.14142770304250907
632 633 -0.742049277706144
632 672 0.1534122191780376
633 634 -0.7484186416467673
633 673 0.05765019749817024
634 635 -0.37657015685513784
634 674 -0.8959280110872876
635 636 -0.14419844776707813
635 675 -0.3122369578490236
636 637 -0.15288920066452039
636 676 0.09432528225061931
637 638 0.8519749467520694
637 677 0.615344205893253
638 639 -0.48024700824985644
638 678 -0.13095756995049168
639 640 0.4618032796537419
639 679 -0.4415857278036597
640 680 0.34852359104441866
641 642 0.10433566693935492
641 681 0.1076529606211214
642 643 0.9695541439181192
642 682 0.5032624781824622
643 644 -0.9649313705138702
643 683 -0.17678136786552812
644 645 -0.6321148391374978
644 684 -0.9878376300892955
645 646 -0.8204338566342817
645 685 -0.8062501590134545
646 647 -0.8967389669235197
646 686 -0.2594939137575656
647 648 0.19206368999731382
647 687 -0.3664706700771956
648 649 0.5450714185283623
648 688 -0.7235382848127416
649 650 -0.9086309682421152
649 689 0.1941517781231905
650 651 -0.5326500442988049
650 690 0.4787710654126214
651 652 0.14707119269827884
651 691 -0.5744515456735795
652 653 0.7054173241514323
652 692 0.3321730720345264
653 654 -0.41400266469501057
653 693 0.166301669603373
654 655 -0.018792026811676577
654 694 0.5121947608548167
655 656 -0.9839393045489366
655 695 -0.003209914869577446
656 657 0.2992193129699927
656 696 0.09134251746883781
657 658 0.0941289076272982
657 697 0.2539778983159373
658 659 -0.5585764525424002
658 698 0.9725317140518737
659 660 0.8986538221029661
659 699 -0.44276435302626216
660 661 0.8543311585151523
660 700 0.009738203182914074
661 662 -0.01905736298353755
661 701 -0.6805663024544886
662 663 -0.5079095159665319
662 702 -0.3354680111379025
663 664 0.8859390054198861
663 703 -0.13445007254464336
664 665 0.5877035466655629
664 704 -0.8334934269826584
665 666 -0.07199480816434223
665 705 -0.0225010552601852
666 667 0.8461328427257184
666 706 0.05149949227528294
667 668 0.4541592326897579
667 707 0.6118858230463542
668 669 -0.7946032604334199
668 708 -0.5265859499505596
669 670 -0.09084676489658539
669 709 -0.36182103843338353
670 671 -0.13859400566508429
670 710 0.6723652643030655
671 672 -0.760764073892829
671 711 0.8849532319398741
672 673 -0.020466698909982206
672 712 0.46228207273335675
673 674 -0.22617631069219502
673 713 -0.6089854136407211
674 675 0.18102023984761306
674 714 0.22040450149069746
675 676 -0.004000875942719029
675 715 -0.986319874635631
676 677 0.8451000568298332
676 716 0.5305938095373208
677 678 -0.4245029826781068
677 717 0.28584275500124234
678 679 0.057868349501084326
678 718 0.10299714611670141
679 680 -0.7428141067969267
679 719 -0.4950394012352397
680 720 0.6453345359090434
681 682 -0.3069427404188194
681 721 -0.6547740798316046
682 683 0.6661200867702923
682 722 -0.7159388740816588
683 684 -0.05508042121703882
683 723 -0.8346365507825206
684 685 -0.5238353682594132
684 724 -0.65984853724278
685 686 0.19641780947686427
685 725 0.5105589428899877
686 687 0.824802837795007
686 726 0.20803657763836614
687 688 -0.8165294427225844
687 727 -0.8737427959409694
688 689 -0.5731948397813376
688 728 -0.04645059840278365
689 690 -0.473512834565603
689 729 0.9144294800731823
690 691 -0.4038332700512022
690 730 0.8691961864516742
691 692 -0.8324293667961429
691 731 0.6290387959512573
692 693 -0.5705940972387034
692 732 -0.4322830394936983
693 694 0.20023795395419275
693 733 0.5491662040332088
694 695 0.15076243971824832
694 734 0.83427476642653
695 696 -0.7716324051356422
695 735 0.4251105880228221
696 697 -0.6791861780585078
696 736 0.08974054378137741
697 698 -0.365990003567763
697 737 0.29872956881824075
698 699 0.08844927163481131
698 738 0.6991560099725365
699 700 -0.9182246880728622
699 739 -0.062481494730546094
700 701 -0.47748321052214915
700 740 -0.529793444868421
701 702 -0.8174461757166469
701 741 0.4326726597738859
702 703 0.3420369148274336
702 742 0.49489803123658427
703 704 -0.21223245781872468
703 743 -0.8619602518025831
704 705 -0.3945768269452845
704 744 -0.05232335430933732
705 706 -0.8057160661640566
705 745 0.30109986486369733
706 707 0.5400741333877033
706 746 -0.08071479313568553
707 708 -0.1563767052092926
707 747 0.9786083941444894
708 709 -0.8932753114755272
708 748 -0.6261254954973492
709 710 -0.4471474571143821
709 749 0.08630315449755788
710 711 0.5623380191888252
710 750 -0.937673392110485
711 712 0.9057389281121988
711 751 -0.8657934111136418
712 713 0.42856839238796174
712 752 0.931012341862367
713 714 -0.8770001288224487
713 753 0.32024775453727106
714 715 -0.3531415149849464
714 754 0.5694706952467725
715 716 0.674414794386252
715 755 -0.3806678247608499
716 717 -0.02868085622559824
716 756 0.8192922349082075
717 718 -0.3804784741291076
717 757 0.1079765610384178
718 719 0.9428294958776062
718 758 -0.21205393837699016
719 720 -0.13054087232263822
719 759 0.35382290561319296
720 760 0.4833786517627905
721 722 0.08386527512636999
721 761 -0.8964619139684511
722 723 -0.9700416046735394
722 762 0.7145489437021908
723 724 -0.5683845400328809
723 763 0.515405582236176
724 725 0.504909173230573
724 764 0.699812320737037
725 726 0.3536670981108341
725 765 -0.5630595326078842
726 727 0.21482951174184528
726 766 -0.29078821652459097
727 728 -0.16243011536346397
727 767 0.04985195421838062
728 729 0.24698946311160297
728 768 0.395058669310447
729 730 -0.9375633017566696
729 769 -0.2260702467193485
730 731 0.40539397024972623
730 770 0.061233117946633664
731 732 -0.6190340713262346
731 771 -0.3832118261295403
732 733 -0.10310207485548095
732 772 -0.1302270248528543
733 734 -0.6507714033736764
733 773 0.48477766107344933
734 735 0.4860730220638989
734 774 0.18395894136696467
735 736 -0.8127609496860746
735 775 -0.9808812495098922
736 737 0.45076235533922726
736 776 0.7238847220355968
737 738 -0.7822994785467721
737 777 -0.30646802477765567
738 739 0.5473598952479044
738 778 -0.8305587486599704
739 740 0.1801175515132687
739 779 0.0801268431766673
740 741 0.22440240739617812
740 780 -0.19658743650241317
741 742 0.43678810697818826
741 781 -0.4813503091742677
742 743 0.4873547674499028
742 782 -0.083030447550003
743 744 -0.6548523632734267
743 783 -0.47747167561265136
744 745 -0.3815195254577233
744 784 0.8130849873234962
745 746 -0.09619548888412655
745 785 0.3476917150617891
746 747 0.6737507182092028
746 786 -0.8488570541010214
747 748 -0.18225573879497814
747 787 -0.9889817424444998
748 749 0.0530802661861518
748 788 -0.8984485497760477
749 750 -0.4895667612979162
749 789 -0.5746630341529848
750 751 -0.21562529167369648
750 790 -0.33340985108515064
751 752 -0.7059688857168169
751 791 0.6663235992939873
752 753 0.23816939505384727
752 792 -0.3247414982138592
753 754 -0.6746513435614343
753 793 0.7630833330417124
754 755 -0.713779163063307
754 794 0.35424495615333473
755 756 -0.4195609941767311
755 795 0.13758541100483046
756 757 -0.39884181778123673
756 796 0.26443177833428244
757 758 -0.7755692853609355
757 797 -0.6581510387682401
758 759 -0.9365678988541235
758 798 0.8775768201360976
759 760 0.34990648775805355
759 799 -0.6835183491671952
760 800 0.8036318681089971
761 762 0.6511152268084204
761 801 0.42213394046281927
762 763 0.42389088514880013
762 802 0.7130803736568334
763 764 -0.6052702101988792
763 803 -0.11076230449677693
764 765 -0.22344731813861562
764 804 -0.3238092397431749
765 766 -0.41208761645641023
765 805 0.009559055894530655
766 767 0.31769538541789477
766 806 0.5046201323406128
767 768 -0.23471721541877133
767 807 -0.4901067918680164
768 769 0.7620425195865053
768 808 0.05899794887793397
769 770 -0.2616304645792493
769 809 -0.4723831024130598
770 771 0.8171747559803884
770 810 0.7630837394057246
771 772 -0.9292805957759467
771 811 -0.9825167268033193
772 773 0.7750988610807716
772 812 -0.6596933419865882
773 774 0.025644365158609572
773 813 0.9825801297138403
774 775 -0.6506093018494401
774 814 -0.48969633538731006
775 776 0.19055492758784798
775 815 0.29649044730124574
776 777 -0.08891648276003017
776 816 -0.8322246676178215
777 778 -0.5487634169945637
777 817 0.4866309897295866
778 779 -0.7894693177371941
778 818 0.1709008225378421
779 780 -0.8556730229720335
779 819 -0.5396964042794794
780 781 0.760632253831923
780 820 -0.14951696797254432
781 782 0.11203185927429105
781 821 -0.9113497928378165
782 783 -0.8230005759077093
782 822 0.666159243775875
783 784 -0.8167907811709036
783 823 0.15770772990828474
784 785 0.05483018040146881
784 824 0.9584831730393613
785 786 -0.8239956010134402
785 825 0.9373397928093503
786 787 -0.6548422804036655
786 826 -0.698701165392186
787 788 -0.4641364038705522
787 827 -0.06966292348933023
788 789 -0.07912526407277998
788 828 0.8125499578288968
789 790 0.6352537337471484
789 829 -0.4372538063035134
790 791 0.8809329649312476
790 830 -0.1457196059268817
791 792 -0.0582826901985547
791 831 -0.9833650067702304
792 793 0.7101672118040343
792 832 -0.32810221216620117
793 794 -0.8601295032849592
793 833 -0.5077502136816736
794 795 0.5725931625375986
794 834 0.1382662087614852
795 796 -0.7705792411827648
795 835 -0.31492471547623135
796 797 0.961507606675382
796 836 -0.061232707546205356
797 798 -0.20005590980614318
797 837 -0.2985274888450631
798 799 -0.07253562873839337
798 838 0.27989299242771315
799 800 0.47811314971519137
799 839 -0.37130694629904615
800 840 0.6026323451199693
801 802 -0.9116655546740635
801 841 -0.8469268769287428
802 803 0.7232086608596955
802 842 0.5916082274569225
803 804 -0.33316587277136556
803 843 -0.5496085833664348
804 805 -0.9783936520787901
804 844 -0.45499710936785975
805 806 -0.8577431502412991
805 845 0.08181116538411404
806 807 -0.8377149561360657
806 846 0.6341773651393383
807 808 -0.6114056248812161
807 847 0.7105031497066849
808 809 -0.2582892219957402
808 848 -0.6804249914815497
809 810 -0.2702340719375682
809 849 0.6161462961562312
810 811 -0.01222903555093624
810 850 0.14144342517869157
811 812 0.2597325003860951
811 851 -0.2420034043206183
812 813 0.05307408102895583
812 852 -0.7430228989114369
813 814 0.02991857972969658
813 853 -0.5756569512342355
814 815 0.025567196112117108
814 854 0.7695457381709137
815 816 -0.4616357802132709
815 855 -0.11167253019628243
816 817 0.6165597525218482
816 856 0.24294746317839122
817 818 0.058202161715382505
817 857 0.4814345170886154
818 819 0.7957152934133898
818 858 -0.5174684773995637
819 820 -0.10529320350426463
819 859 0.301808265121982
820 821 0.3963975927648029
820 860 0.8238926797483259
821 822 0.5379097832420117
821 861 -0.49479131699046386
822 823 -0.702178645772296
822 862 -0.06946909767608034
823 824 -0.3936052718596912
823 863 0.16236553139984955
824 825 -0.17981543454571525
824 864 0.06637818579341048
825 826 0.31532723474139424
825 865 -0.48780867473897715
826 827 -0.7533298704079929
826 866 -0.17156294468242828
827 828 0.3146178397609747
827 867 -0.12546264522902328
828 829 0.22207809660044853
828 868 0.7879757405746415
829 830 -0.4256741301702196
829 869 -0.6881797825776108
830 831 0.01600522852145647
830 870 0.2700964471893559
831 832 0.8396277961313796
831 871 -0.19199818486134257
832 833 -0.10584886492951484
832 872 0.4043745778614416
833 834 -0.3204392955135955
833 873 0.862798729207324
834 835 -0.6415012409373451
834 874 0.23651372284087357
835 836 -0.6412822255238673
835 875 -0.3743476231948297
836 837 -0.4424835617564782
836 876 -0.8745800202824308
837 838 0.06230029551267324
837 877 -0.43592471585954184
838 839 0.5236514902978786
838 878 -0.5911747743756401
839 840 -0.9376716152802687
839 879 0.6023380196022943
840 880 -0.06094552558435762
841 842 -0.9793122097795086
841 881 0.9886096445158847
842 843 -0.045791780168331186
842 882 -0.8136394197783383
843 844 -0.3694258055878368
843 883 -0.7039419614437521
844 845 0.6353908328344882
844 884 -0.6935349446894048
845 846 0.3646145083549084
845 885 -0.005723432319765687
846 847 0.5276792742238372
846 886 -0.9022704892595363
847 848 -0.7194672508965165
847 887 -0.5318642882674878
848 849 -0.6972241551117124
848 888 0.718578998931588
849 850 -0.775133964361556
849 889 -0.5883748254064682
850 851 0.9876723426408602
850 890 -0.3365254121251757
851 852 -0.1911540676509671
851 891 -0.6521481717564885
852 853 0.16902399748260044
852 892 0.7525375174664166
853 854 0.11791361736573247
853 893 -0.6625873921924512
854 855 -0.26977640327775076
854 894 0.9912336276281037
855 856 -0.9168871663442335
855 895 -0.2211037233741644
856 857 -0.2956876537023363
856 896 0.8973633938370589
857 858 0.17541365473547255
857 897 -0.6273669308505596
858 859 -0.28301141251050455
858 898 0.6023244830697436
859 860 0.4607858256225441
859 899 -0.9432809808454434
860 861 -0.7837123735907259
860 900 -0.8179771768105784
861 862 -0.017079572859114878
861 901 0.036734932249592456
862 863 -0.42398638849273707
862 902 -0.5053815846156953
863 864 0.31425735787093556
863 903 -0.9192760419758421
864 865 -0.04707373234258405
864 904 0.9584932044640213
865 866 0.13400157033866633
865 905 -0.5045893245244331
866 867 0.05616515366715413
866 906 -0.9526590575956886
867 868 -0.7172802296937393
867 907 -0.17780776659611663
868 869 0.00805916918268057
868 908 0.6202641840080043
869 870 -0.06602386510350189
869 909 -0.6594662162472313
870 871 0.6597202779758748
870 910 0.39722942247594406
871 872 0.08912758234078377
871 911 -0.38137290664425505
872 873 -0.08976430418304848
872 912 0.7021460232084495
873 874 -0.2753153083253981
873 913 0.521219417190395
874 875 0.36315025025623315
874 914 -0.9807566841233666
875 876 0.9001180465565957
875 915 0.5373395448198011
876 877 -0.5277623625385175
876 916 -0.3570760978501104
877 878 0.13351739035579002
877 917 -0.9124382671795608
878 879 -0.6204406824722553
878 918 0.48561667606237613
879 880 0.8815542453643421
879 919 -0.22786451771836025
880 920 -0.7960575086514541
881 882 0.19888779419385427
881 921 -0.6405223944705936
882 883 -0.37261857061577164
882 922 0.2824449850254922
883 884 0.28343878103970854
883 923 0.052875376861761136
884 885 0.4333679046042864
884 924 0.9885408802311766
885 886 -0.16082069915586938
885 925 0.36027694294363655
886 887 0.16125771349699103
886 926 -0.6145306559587347
887 888 0.7483481812073474
887 927 -0.4941627887990454
888 889 -0.44745903478343707
888 928 0.25078539726183213
889 890 0.4523051670405964
889 929 0.5990875365189336
890 891 -0.3461974069076068
890 930 -0.9303531800346376
891 892 0.69438643840167
891 931 0.8797723358099414
892 893 -0.5126874152791914
892 932 -0.4287921589255548
893 894 0.20325484240146974
893 933 -0.6376648017456232
894 895 -0.2425482347320984
894 934 0.9340976588191394
895 896 -0.12677997953896813
895 935 -0.19150286287368856
896 897 0.19719849213160834
896 936 -0.4148164582163234
897 898 0.2384858619954784
897 937 -0.8344046582542222
898 899 0.08509175181171313
898 938 -0.9717383045181358
899 900 0.5032011004911023
899 939 -0.2731838869744563
900 901 0.07425392136269049
900 940 -0.37676301013447433
901 902 0.5800703063476844
901 941 -0.20214454490663147
902 903 -0.360141455482758
902 942 -0.16939933001543084
903 904 0.2631382342994313
903 943 -0.12543803579270496
904 905 -0.13608707939444908
904 944 0.9022837203487788
905 906 -0.46575896825164587
905 945 -0.7452338358351405
906 907 -0.6461926390135282
906 946 0.9880381083867531
907 908 -0.7964268430827524
907 947 0.7165590486484814
908 909 0.4206396091007951
908 948 0.9937779966631188
909 910 0.007487638313067313
909 949 0.8917692931443866
910 911 -0.2595985647257577
910 950 -0.2069206433193851
911 912 -0.4660230988590641
911 951 0.6509666563622369
912 913 0.7469432165291665
912 952 -0.17413910470981664
913 914 0.48080578428607135
913 953 0.8518581011549242
914 915 -0.9483146992383849
914 954 0.8571481680168827
915 916 0.4969209143805555
915 955 -0.4043081073617574
916 917 0.6642001435024965
916 956 0.3271328540883349
917 918 0.44245738952199964
917 957 -0.41623977535631984
918 919 0.7039037233517453
918 958 -0.011694571746196258
919 920 -0.4407385644256081
919 959 -0.6860930209113811
920 960 -0.2259459122451597
921 922 -0.27124319606783387
921 961 0.7276734540863037
922 923 0.16799450913213043
922 962 -0.46586805423498423
923 924 -0.6147753277318442
923 963 0.960656695406148
924 925 -0.7728884743423874
924 964 0.010238466514859823
925 926 -0.04616470552907903
925 965 0.26538518988910664
926 927 -0.6172420992668626
926 966 0.25057521998899235
927 928 0.864573467708341
927 967 -0.13653982681618881
928 929 0.6477249354936621
928 968 -0.4985953013314186
929 930 0.06612178993436424
929 969 -0.2692860690660237
930 931 0.7344627298040214
930 970 -0.4061075716779208
931 932 -0.7899319895953061
931 971 0.24906226098665174
932 933 -0.3568876032784114
932 972 0.7549586338421235
933 934 -0.8123515536550712
933 973 0.4449018401608469
934 935 0.4228000113303443
934 974 -0.791589743678133
935 936 0.07923406329900917
935 975 0.7244316652951683
936 937 -0.010133569623250294
936 976 -0.3420693463691238
937 938 -0.331304007128439
937 977 0.8606331668068004
938 939 -0.21516198436089362
938 978 0.447774850088946
939 940 0.8500433796177433
939 979 0.7727871118849596
940 941 -0.04511517841839163
940 980 0.5414060472362188
941 942 -0.7620553558399898
941 981 -0.9128678871561162
942 943 -0.686020566055654
942 982 -0.010648792465827395
943 944 -0.5773454433190455
943 983 0.649027196067947
944 945 0.25771018961976244
944 984 0.5477972624167511
945 946 -0.7049869696123223
945 985 -0.2771591791901391
946 947 0.4865426375926132
946 986 0.06213318656152289
947 948 -0.933371219469997
947 987 -0.03431340044128084
948 949 0.5216172948602391
948 988 0.20688214060483956
949 950 0.5488053033328073
949 989 0.019954657736215298
950 951 0.4882267154076687
950 990 -0.809090152594065
951 952 -0.46493519537992034
951 991 0.6424808078967206
952 953 -0.22594338675943293
952 992 -0.4667543325585817
953 954 0.454381672702308
953 993 -0.6408682675001767
954 955 0.2789319039891751
954 994 0.6479365929468797
955 956 0.33852968603915734
955 995 0.26640431129671027
956 957 -0.9644648577024089
956 996 0.2708704071143495
957 958 -0.1884444703926882
957 997 0.5822776430882759
958 959 0.9293112371308203
958 998 -0.09065426079488148
959 960 -0.03544771234619648
959 999 0.14156648323657972
960 1000 -0.19104356718372673
961 962 -0.09948899807499312
961 1001 0.9427395369699432
962 963 -0.886893222864062
962 1002 0.8205042233789244
963 964 -0.6919668893044713
963 1003 0.7054891652415682
964 965 0.20496532826672764
964 1004 -0.26779692924517207
965 966 0.8860819003317442
965 1005 0.09174541426364735
966 967 -0.9787016095185561
966 1006 0.26970778093289227
967 968 0.3952855195103473
967 1007 -0.4871135737168688
968 969 0.2847266862646394
968 1008 -0.092647071519661
969 970 -0.04297790067337859
969 1009 -0.8183671116415889
970 971 0.4734642435671146
970 1010 0.006297108474012214
971 972 -0.8273504769778093
971 1011 -0.5290350353248421
972 973 0.7838317696483159
972 1012 -0.5999208176245856
973 974 0.22230585471382858
973 1013 -0.374772169425706
974 975 -0.258384947772325
974 1014 -0.583852924714116
975 976 -0.7311600011723494
975 1015 0.31063579073697944
976 977 0.3817369169222473
976 1016 -0.865135427162117
977 978 0.5381769335119766
977 1017 -0.44829731455671507
978 979 -0.6679051275174521
978 1018 0.4943060563554518
979 980 0.6609664643706805
979 1019 0.17181264377375816
980 981 -0.3737496170845407
980 1020 0.6625105851378497
981 982 -0.684312304687301
981 1021 -0.6404338052621819
982 983 -0.19327181812605598
982 1022 0.3691500782202515
983 984 0.14789234869626577
983 1023 -0.39240725150233313
984 985 -0.54238038408493
984 1024 0.8172745545118221
985 986 -0.7053121623889356
985 1025 -0.9807768553568932
986 987 0.2972570400609529
986 1026 0.7821973948524745
987 988 0.43361932259302116
987 1027 -0.4415995912745665
988 989 -0.09114995760515221
988 1028 0.14011858645816067
989 990 0.029741386997103714
989 1029 0.3459247326372419
990 991 0.7117247438840035
990 1030 -0.25949991024407537
991 992 -0.1891248134519281
991 1031 0.027889202062258978
992 993 -0.7469342916819017
992 1032 0.5080132109508517
993 994 -0.23576706499001232
993 1033 0.3813528315167627
994 995 -0.40661671767097163
994 1034 -0.10218136135702416
995 996 -0.17245580827741258
995 1035 -0.43306398675608504
996 997 -0.6040894698727766
996 1036 0.8724778453571649
997 998 0.6542809391884752
997 1037 -0.328365250836004
998 999 -0.17959992922582635
998 1038 0.15724462471185352
999 1000 -0.3047892245482813
999 1039 -0.037744646632856815
1000 1040 -0.20190979455119096
1001 1002 -0.7286804465695853
1001 1041 0.4313489654055611
1002 1003 -0.39339063498364735
1002 1042 -0.3371413956956273
1003 1004 0.32817003483575147
1003 1043 -0.5357459251637096
1004 1005 0.9824628085985685
1004 1044 -0.7896056217720042
1005 1006 0.44895137020335696
1005 1045 -0.4217295467608959
1006 1007 -0.2303899251709034
1006 1046 -0.527595203794532
1007 1008 0.9183408480186359
1007 1047 -0.4821303308192937
1008 1009 -0.049666538395878757
1008 1048 -0.38487283142326434
1009 1010 0.27869294352771656
1009 1049 0.27976809229142763
1010 1011 -0.02186118951308158
1010 1050 0.1648136378954448
1011 1012 0.33390101624868396
1011 1051 0.9831244113475759
1012 1013 0.7499915923961944
1012 1052 0.2854673997338484
1013 1014 0.2293088557110854
1013 1053 -0.07879958841018908
1014 1015 0.4518918909733667
1014 1054 -0.19434117817224572
1015 1016 -0.24500718150455603
1015 1055 0.9703852618839075
1016 1017 0.42302839994143615
1016 1056 0.9257476021295794
1017 1018 0.6906443977600063
1017 1057 0.7898295725835462
1018 1019 -0.7857501897037238
1018 1058 -0.550232401681841
1019 1020 -0.22742288111797082
1019 1059 -0.15895326661300047
1020 1021 -0.26234087935909156
1020 1060 -0.3998129395451102
1021 1022 -0.6161307635955957
1021 1061 -0.615313828965075
1022 1023 0.2353698597619176
1022 1062 -0.6728691078796962
1023 1024 0.12203568218596339
1023 1063 0.6965048709458665
1024 1025 0.7319075437990277
1024 1064 -0.06276377155301138
1025 1026 0.5679460189739958
1025 1065 0.3961499108322113
1026 1027 0.9792546804945141
1026 1066 0.8885762946118432
1027 1028 0.30215878016911146
1027 1067 0.4986249397815081
1028 1029 0.4293306933735208
1028 1068 -0.876654661680812
1029 1030 0.6117712507706068
1029 1069 -0.211047471910228
1030 1031 0.9905353250985252
1030 1070 0.7281981898939491
1031 1032 -0.27801628849548243
1031 1071 -0.7284254502902177
1032 1033 -0.03360436077906681
1032 1072 0.746046339078343
1033 1034 -0.5918198530438668
1033 1073 -0.7078422420710473
1034 1035 -0.2595585390370163
1034 1074 -0.4385422630992708
1035 1036 -0.3558438819075247
1035 1075 0.16266487646321792
1036 1037 0.5495233259050953
1036 1076 -0.6740490899876161
1037 1038 0.26473761860854195
1037 1077 0.670509295038215
1038 1039 -0.04188003970653087
1038 1078 0.8960350622911528
1039 1040 -0.7469122996433941
1039 1079 0.04268066131816406
1040 1080 0.6094338391564134
1041 1042 0.8418965011745263
1041 1081 0.8707288450957216
1042 1043 -0.8866274673455652
1042 1082 -0.9412710127171171
1043 1044 0.49260052698016565
1043 1083 -0.8857277431429964
1044 1045 -0.6249070016181497
1044 1084 -0.1353483254904717
1045 1046 0.5153387119222339
1045 1085 0.05931384807597562
1046 1047 -0.9701765710338079
1046 1086 -0.13139865587547095
1047 1048 0.9659143729290245
1047 1087 -0.45175603954114885
1048 1049 -0.39927881541912824
1048 1088 0.1156641594101786
1049 1050 0.15632114634026872
1049 1089 -0.9330079022503186
1050 1051 -0.2987936144975676
1050 1090 -0.3471883608820667
1051 1052 -0.27093917428379655
1051 1091 0.10108152638002155
1052 1053 0.9771318476193833
1052 1092 0.2631448386724826
1053 1054 -0.060974714992396484
1053 1093 -0.1815994887337511
1054 1055 -0.5474818145392448
1054 1094 -0.2583771255067453
1055 1056 -0.7652338379382486
1055 1095 0.28974313407219654
1056 1057 -0.9775022946213778
1056 1096 -0.7731582148351952
1057 1058 0.11862278735437992
1057 1097 -0.09799995673631012
1058 1059 -0.9007355111292565
1058 1098 -0.351183673468038
1059 1060 0.9818967228351152
1059 1099 -0.13549631592638778
1060 1061 -0.11461640230476422
1060 1100 -0.6283172995000244
1061 1062 0.99245816290302
1061 1101 0.11572815251102098
1062 1063 0.2872178791886404
1062 1102 0.9672611717334623
1063 1064 -0.6472076968888001
1063 1103 -0.7537137985620721
1064 1065 0.7011896769670414
1064 1104 0.7647102900326184
1065 1066 -0.7933988863299419
1065 1105 0.11882546194457566
1066 1067 -0.5440562107827354
1066 1106 -0.534442332919381
1067 1068 0.29882556368274504
1067 1107 -0.5223731885393208
1068 1069 -0.046588647125181515
1068 1108 -0.7401352170365141
1069 1070 0.561058784624237
1069 1109 -0.7905850472307965
1070 1071 0.05976034829490828
1070 1110 0.14981848321681301
1071 1072 0.3112601320960471
1071 1111 -0.4229750303777531
1072 1073 -0.13163379116469098
1072 1112 -0.02251126882093968
1073 1074 -0.7690666207356798
1073 1113 0.6597823058800674
1074 1075 0.6393582587485287
1074 1114 -0.21882809947366333
1075 1076 -0.7742127805542991
1075 1115 0.14154342937108444
1076 1077 -0.7691831020869149
1076 1116 0.18853467388779577
1077 1078 -0.40580774240043094
1077 1117 0.13644432549634677
1078 1079 -0.06795666476241746
1078 1118 0.22958883651501294
1079 1080 -0.2463582224246561
1079 1119 -0.7536002494537086
1080 1120 0.2566380532800827
1081 1082 0.8726058177358496
1081 1121 0.34554808976922424
1082 1083 -0.7477382571201048
1082 1122 -0.8007977121670735
1083 1084 -0.019482158084527468
1083 1123 -0.03162380620539773
1084 1085 -0.4950583276345948
1084 1124 -0.04063686637071351
1085 1086 0.9370964732015794
1085 1125 -0.6882185764093978
1086 1087 -0.47693644817126235
1086 1126 -0.29755053356641015
1087 1088 0.804649232828812
1087 1127 -0.09012681992284755
1088 1089 -0.14236595388007145
1088 1128 0.7635952804385695
1089 1090 -0.1894823445955902
1089 1129 0.11045432397211497
1090 1091 0.7681116332940021
1090 1130 0.2120166521022302
1091 1092 -0.2005824425232754
1091 1131 -0.7808701166760919
1092 1093 0.1526198032867998
1092 1132 -0.35116462966638307
1093 1094 0.9839273148334511
1093 1133 0.5524040107457502
1094 1095 0.4280469525737456
1094 1134 -0.005034561359091638
1095 1096 -0.577436654787379
1095 1135 0.37149735474556933
1096 1097 -0.9291807924509341
1096 1136 0.27403977299456406
1097 1098 0.5581903552915983
1097 1137 -0.758121334109604
1098 1099 0.7856580629174912
1098 1138 -0.7851253286727655
1099 1100 0.762855180954316
1099 1139 0.08076762513054447
1100 1101 0.7398262782814002
1100 1140 0.5593947929249148
1101 1102 0.3915693366282347
1101 1141 -0.1592140834285416
1102 1103 0.4488569109700984
1102 1142 -0.36912872602438074
1103 1104 0.28412810111970677
1103 1143 0.19799271950666375
1104 1105 -0.526369060138945
1104 1144 -0.7647972538360555
1105 1106 0.9790018564907346
1105 1145 -0.2672736773798754
1106 1107 -0.0656746695939543
1106 1146 0.8015607524937911
1107 1108 -0.2033677190944032
1107 1147 -0.45285362428156795
1108 1109 0.11104485692337773
1108 1148 0.21544658181156318
1109 1110 -0.9180740837737749
1109 1149 -0.5319728320896897
1110 1111 -0.9845067284161608
1110 1150 0.6113195701165626
1111 1112 0.597665272917351
1111 1151 0.14556521849948
1112 1113 0.9000975157980935
1112 1152 0.08400315041379858
1113 1114 0.7657548941669632
1113 1153 -0.44803193530121055
1114 1115 0.8635929305219399
1114 1154 0.08738032760920866
1115 1116 -0.8764254971040868
1115 1155 -0.3022971390397988
1116 1117 0.8958912605086184
1116 1156 -0.8196130409733762
1117 1118 -0.9038167102478631
1117 1157 -0.7157629374641641
1118 1119 0.7581441988457494
1118 1158 0.7383495606934294
1119 1120 0.570067966677543
1119 1159 0.8185172099477349
1120 1160 0.3017513923066637
1121 1122 0.8779852708854585
1121 1161 0.04845546043079341
1122 1123 -0.675638517478524
1122 1162 -0.6982372132077723
1123 1124 0.1908302516615823
1123 1163 -0.8151389440713108
1124 1125 0.7729824782027044
1124 1164 -0.32822078774592356
1125 1126 0.6825734360163407
1125 1165 -0.6732495556395302
1126 1127 0.8896027947349125
1126 1166 -0.8212420573444092
1127 1128 -0.5245242504193781
1127 1167 -0.7650427973391951
1128 1129 0.28373292148474594
1128 1168 -0.9696873564920556
1129 1130 -0.7858226274550257
1129 1169 0.5881615138439131
1130 1131 -0.6439894638650261
1130 1170 0.5928512332811533
1131 1132 0.9623845872923007
1131 1171 -0.5996525376913309
1132 1133 0.7737511037421321
1132 1172 -0.9414170379618181
1133 1134 -0.7977512439616925
1133 1173 0.9597732023632342
1134 1135 -0.1253125249105207
1134 1174 0.7006563046250609
1135 1136 -0.0024978294544841795
1135 1175 -0.33181299527971864
1136 1137 -0.44445547825491194
1136 1176 -0.8757502877492929
1137 1138 0.9182137272535369
1137 1177 0.8054241121437604
1138 1139 0.03987990784915163
1138 1178 0.3025406049026731
1139 1140 -0.8360994692774937
1139 1179 0.3315889076999281
1140 1141 -0.5048058399687068
1140 1180 0.2822215371093284
1141 1142 0.9132771323674052
1141 1181 -0.6654753433192944
1142 1143 0.9709172965162551
1142 1182 0.26997710236048555
1143 1144 0.38115667671815534
1143 1183 0.6028976363283785
1144 1145 0.44169248097743097
1144 1184 0.11072740638675982
1145 1146 0.8790055831231716
1145 1185 -0.041997043849378635
1146 1147 0.7343120673978396
1146 1186 -0.033217289580924625
1147 1148 -0.9721022001600872
1147 1187 0.43873875682902486
1148 1149 -0.8865420589752324
1148 1188 0.008815501403491854
1149 1150 -0.2842700338916029
1149 1189 0.5538232539258816
1150 1151 0.04784691507523209
1150 1190 0.3326142106398895
1151 1152 0.16909073124853902
1151 1191 0.17479728026246177
1152 1153 0.1986755443848125
1152 1192 0.08021859987952862
1153 1154 0.5970368787799774
1153 1193 -0.030184584388764923
1154 1155 -0.773728540933833
1154 1194 -0.10664716953478726
1155 1156 -0.48577917396588277
1155 1195 -0.8661834962505732
1156 1157 0.6430635757129981
1156 1196 -0.6307189657989902
1157 1158 0.44484513540972315
1157 1197 -0.3718177160360683
1158 1159 -0.3408488587156808
1158 1198 0.11260401406944176
1159 1160 -0.3477124436734085
1159 1199 0.8974895717993052
1160 1200 0.1775606820450657
1161 1162 -0.10215648599631288
1161 1201 -0.9374448266689577
1162 1163 -0.37521919766650846
1162 1202 0.11960123320958083
1163 1164 0.8783830372732353
1163 1203 0.9071403710830375
1164 1165 0.8467663726832364
1164 1204 -0.6238285499217939
1165 1166 -0.8845793195678742
1165 1205 -0.5688728859643724
1166 1167 -0.5663067843001512
1166 1206 0.9178840722562591
1167 1168 0.2636489852457786
1167 1207 -0.6425317028883093
1168 1169 -0.45767593288430475
1168 1208 0.5131143237851774
1169 1170 -0.8658682105017881
1169 1209 -0.16688882404841876
1170 1171 -0.47009052429092435
1170 1210 0.6662616572939348
1171 1172 0.09582823478771174
1171 1211 -0.2497287764723144
1172 1173 -0.7447983356723191
1172 1212 0.2759344921213174
1173 1174 -0.5538409143852809
1173 1213 0.9175727491567724
1174 1175 0.418877676122581
1174 1214 -0.8645375047221127
1175 1176 -0.873101128921324
1175 1215 -0.661998360269116
1176 1177 -0.6254387061117832
1176 1216 -0.4516021340367653
1177 1178 0.537962789225473
1177 1217 -0.8311228049665429
1178 1179 -0.9337728595158896
1178 1218 -0.052952893955876545
1179 1180 0.16680667164230778
1179 1219 -0.5061087266394264
1180 1181 0.2284670854582922
1180 1220 0.4281670017789694
1181 1182 0.3302357264072122
1181 1221 -0.5600392533224354
1182 1183 -0.48724907610521084
1182 1222 0.8799349496385407
1183 1184 0.664471977634199
1183 1223 0.9292966469900192
1184 1185 -0.2930076469768135
1184 1224 -0.010342153297183465
1185 1186 0.9355059413451696
1185 1225 -0.1402361289788523
1186 1187 0.7265402095359224
1186 1226 0.6756289470223893
1187 1188 0.5340847601334013
1187 1227 -0.7867100013451316
1188 1189 -0.8759288231818985
1188 1228 0.5183684357990122
1189 1190 0.39911822685816656
1189 1229 0.7304509597187112
1190 1191 -0.6950485355201297
1190 1230 -0.960518485969172
1191 1192 0.15229999331607336
1191 1231 -0.48854759212715937
1192 1193 0.7661831135186536
1192 1232 -0.8356463245788059
1193 1194 0.027704208408824593
1193 1233 0.4418247189636737
1194 1195 0.18698295014037103
1194 1234 0.37153306440264533
1195 1196 -0.20086839036737203
1195 1235 -0.48095038218817177
1196 1197 0.870875902502386
1196 1236 -0.30545173383610225
1197 1198 -0.20152411660876757
1197 1237 0.03444438756952528
1198 1199 -0.3741474243862295
1198 1238 0.15370714664548402
1199 1200 -0.7623826407214436
1199 1239 0.8025237656997355
1200 1240 0.6448760088028735
1201 1202 0.7182089806160246
1201 1241 -0.6349424119538967
1202 1203 -0.3039121792233568
1202 1242 -0.301169234504167
1203 1204 0.04755457567039012
1203 1243 0.31927742591084973
1204 1205 0.5886731281895548
1204 1244 -0.7585088134985547
1205 1206 -0.7581172034820063
1205 1245 -0.40557585055523093
1206 1207 0.0003810265859074402
1206 1246 -0.49093642272931204
1207 1208 0.9379443164866288
1207 1247 0.5058932306690926
1208 1209 -0.9846319818261686
1208 1248 0.6985905169389757
1209 1210 0.5527560900134192
1209 1249 -0.3270041738506395
1210 1211 -0.6389843620850939
1210 1250 0.49347813262682516
1211 1212 0.34535046376399037
1211 1251 -0.55472860013343
1212 1213 0.22277227537285715
1212 1252 0.06876363093383109
1213 1214 0.6851403103881795
1213 1253 -0.1840493822220881
1214 1215 -0.2982066108796464
1214 1254 -0.47136367488021147
1215 1216 0.9854106476408351
1215 1255 0.7699900108399798
1216 1217 -0.10278689289154586
1216 1256 -0.9082534711308583
1217 1218 0.7264298758203793
1217 1257 0.6713126900516562
1218 1219 0.1828059774215529
1218 1258 -0.2606992141654809
1219 1220 -0.6245114686496911
1219 1259 0.6925481379164191
1220 1221 -0.5727400800455495
1220 1260 -0.24759971287518456
1221 1222 0.06922381509538766
1221 1261 -0.561136005390338
1222 1223 0.7304335636325845
1222 1262 -0.4652971228928815
1223 1224 -0.8264297182744877
1223 1263 -0.11334280249386808
1224 1225 0.6807569586516293
1224 1264 -0.9241757814243297
1225 1226 0.09477197474566856
1225 1265 0.4822171309804373
1226 1227 0.26598118211572164
1226 1266 0.006396771074988372
1227 1228 -0.16025815381662278
1227 1267 0.2714978000434378
1228 1229 -0.6611305248894732
1228 1268 -0.6267319263508466
1229 1230 0.23066488319691736
1229 1269 0.6291961868396532
1230 1231 0.6491869953193277
1230 1270 -0.882321773788177
1231 1232 -0.009631230413299052
1231 1271 -0.3894721621117665
1232 1233 0.10297978025788668
1232 1272 0.039169363768275955
1233 1234 0.3207009140516637
1233 1273 -0.5078196997431805
1234 1235 -0.49638015324009244
1234 1274 -0.20643302240771177
1235 1236 0.7997525445046785
1235 1275 -0.9716391434794893
1236 1237 -0.17568308346757222
1236 1276 -0.38742755215829683
1237 1238 0.33899020272855673
1237 1277 -0.34923632384095926
1238 1239 0.4641769080591718
1238 1278 0.09192117942028122
1239 1240 -0.8807089791054132
1239 1279 -0.4006489486156324
1240 1280 0.2600994553593703
1241 1242 0.4566188926572554
1241 1281 0.934736557325385
1242 1243 0.22741110710252288
1242 1282 -0.8595407150538321
1243 1244 -0.041300974963819126
1243 1283 -0.0016093164413273353
1244 1245 -0.9534967328859179
1244 1284 -0.7976416699596893
1245 1246 -0.9837798368587207
1245 1285 0.32369852632289287
1246 1247 -0.4355454304917108
1246 1286 0.4735739254491742
1247 1248 -0.5642127420775773
1247 1287 0.6322448274760215
1248 1249 -0.5963255170537238
1248 1288 -0.15484070456440757
1249 1250 0.5257066582270657
1249 1289 0.044324417980047714
1250 1251 -0.4157757359653911
1250 1290 -0.8773581369526937
1251 1252 -0.6742116069119626
1251 1291 0.07695457866283761
1252 1253 0.11760286240466966
1252 1292 0.3532350055919349
1253 1254 0.0334800407832887
1253 1293 0.6647814993050496
1254 1255 -0.609853916141859
1254 1294 0.12807336840932693
1255 1256 -0.8658573814281592
1255 1295 -0.5411959793450911
1256 1257 -0.4996433738939612
1256 1296 -0.11530129251153132
1257 1258 -0.04715163709339176
1257 1297 0.6424861003938567
1258 1259 -0.43106335280642805
1258 1298 0.1457734388768397
1259 1260 -0.30683027029113785
1259 1299 -0.2790777751940472
1260 1261 0.9143337104767268
1260 1300 -0.6925229213291624
1261 1262 -0.9927191865470693
1261 1301 -0.29262251774244596
1262 1263 -0.2057707878864128
1262 1302 -0.20110384243438184
1263 1264 -0.8184431067062643
1263 1303 0.6282184128843389
1264 1265 0.47145606331171375
1264 1304 0.31018327035756665
1265 1266 -0.012585498384488858
1265 1305 0.41588777056112214
1266 1267 -0.5919108340757453
1266 1306 -0.7639802509904638
1267 1268 0.31912450115316515
1267 1307 -0.8032434444662264
1268 1269 0.08123109282545715
1268 1308 -0.2326691076460834
1269 1270 0.5043413235192502
1269 1309 -0.532286979420858
1270 1271 0.9191824454342068
1270 1310 0.1248453098883826
1271 1272 0.9283112246110268
1271 1311 -0.566427019991466
1272 1273 0.057325940737099845
1272 1312 0.1801713080049876
1273 1274 -0.4943660149631479
1273 1313 -0.7871004790221545
1274 1275 0.7491595924480474
1274 1314 -0.12397799622355965
1275 1276 -0.6404332214368404
1275 1315 0.09969190165826092
1276 1277 0.6056713808532419
1276 1316 0.4963399000570121
1277 1278 -0.809259704020233
1277 1317 0.9983321420625471
1278 1279 -0.26567227554712725
1278 1318 -0.9688962282536133
1279 1280 0.3543786611727162
1279 1319 0.11968384922009156
1280 1320 -0.6492833677379721
1281 1282 0.7966314917466537
1281 1321 0.6687430055818384
1282 1283 0.1951411531506324
1282 1322 -0.37620308024028937
1283 1284 -0.31260204605357056
1283 1323 0.5642251224543346
1284 1285 0.671184785211123
1284 1324 0.34427799131012327
1285 1286 0.6466929613669041
1285 1325 -0.7315224934479678
1286 1287 0.9718012999042236
1286 1326 0.43439245737590326
1287 1288 -0.619396510944465
1287 1327 -0.7003072234229675
1288 1289 0.07996791523717217
1288 1328 -0.0061671104914931
1289 1290 -0.6857270759914533
1289 1329 -0.38851662430584
1290 1291 -0.5394262823191136
1290 1330 -0.6166111551919247
1291 1292 -0.018506712982079065
1291 1331 0.4669696146985176
1292 1293 0.21526155404904745
1292 1332 -0.7668668403450485
1293 1294 0.8251205023269836
1293 1333 0.12922567905808457
1294 1295 -0.4258655647029612
1294 1334 0.37653509804591323
1295 1296 -0.9750908280606461
1295 1335 0.01960994875196498
1296 1297 0.8163925842060258
1296 1336 0.4671929521603355
1297 1298 -0.1599558948940587
1297 1337 0.10429461496829417
1298 1299 0.1785958787624391
1298 1338 0.9776331827621674
1299 1300 0.6630238969504674
1299 1339 -0.2929506145103884
1300 1301 0.8588492171444895
1300 1340 -0.5772563840571738
1301 1302 0.656335019681296
1301 1341 -0.6645715308737958
1302 1303 -0.15673541734220042
1302 1342 -0.27945317334941944
1303 1304 -0.49873118320973076
1303 1343 -0.6509117042805865
1304 1305 -0.672272491595977
1304 1344 -0.9986792348088367
1305 1306 -0.14771726498351612
1305 1345 -0.7094473658324076
1306 1307 0.2735637000293287
1306 1346 -0.12024877502888298
1307 1308 0.6714663631158337
1307 1347 0.29530151556704487
1308 1309 0.3342934918746423
1308 1348 -0.39126875161032926
1309 1310 0.03938854206747289
1309 1349 0.1708406890580676
1310 1311 0.8806542816162684
1310 1350 -0.5303322421908536
1311 1312 -0.8500924712568114
1311 1351 -0.7473554516887531
1312 1313 0.25506797264768477
1312 1352 -0.3626096696873631
1313 1314 -0.5598965057683667
1313 1353 0.9460740034250119
1314 1315 -0.9880747480008594
1314 1354 -0.669822654672442
1315 1316 -0.5813065837455267
1315 1355 -0.3413747776558811
1316 1317 0.5587806837750835
1316 1356 0.2766548122772672
1317 1318 -0.13245161540895745
1317 1357 0.38712312309719654
1318 1319 0.3091696117759235
1318 1358 -0.48554612800099295
1319 1320 0.7377332500212901
1319 1359 0.7602955163251683
1320 1360 -0.12830732564825875
1321 1322 0.1810156080567531
1321 1361 -0.27708150281291144
1322 1323 -0.49569309400003947
1322 1362 0.05093181694113991
1323 1324 -0.7218258402849564
1323 1363 0.9150823459873476
1324 1325 0.34530519063137444
1324 1364 -0.7616458649217066
1325 1326 -0.5787382873987474
1325 1365 0.631893279451347
1326 1327 0.22734663808442046
1326 1366 0.12612485992372835
1327 1328 -0.6467096705397102
1327 1367 0.6697370403235003
1328 1329 0.18720514057038273
1328 1368 0.4079658969174529
1329 1330 0.1121705279297105
1329 1369 -0.5855183240446613
1330 1331 -0.24748807469582323
1330 1370 -0.14526108372379087
1331 1332 -0.045575046193600866
1331 1371 -0.6643935045047082
1332 1333 -0.8183020759499813
1332 1372 -0.46196737419615164
1333 1334 -0.23157537660334415
1333 1373 0.040177080668686305
1334 1335 0.44679608534277304
1334 1374 -0.9660308815325587
1335 1336 0.8626199541029451
1335 1375 -0.7403481178851381
1336 1337 0.11609277260917161
1336 1376 -0.45250240192151225
1337 1338 0.3627472744440212
1337 1377 0.2484352315305587
1338 1339 -0.4242682707886527
1338 1378 0.24622650930851142
1339 1340 0.8748448909406228
1339 1379 -0.10437975300313185
1340 1341 -0.7031404140513304
1340 1380 -0.4331517162958438
1341 1342 0.5561139822515677
1341 1381 -0.17156602225325224
1342 1343 0.2657917508016412
1342 1382 0.23305585845365862
1343 1344 -0.4605986261268422
1343 1383 0.09940748303809044
1344 1345 0.022070025577553
1344 1384 -0.27563058509619065
1345 1346 0.4243072203461311
1345 1385 0.7887501430452779
1346 1347 -0.14874476849828944
1346 1386 -0.40856742622571685
1347 1348 -0.23137823123389323
1347 1387 0.9091324520010613
1348 1349 0.009551962822325732
1348 1388 0.0044849164060329905
1349 1350 -0.4869701266772284
1349 1389 -0.47016196971221724
1350 1351 0.3670255939159883
1350 1390 -0.25781649340935253
1351 1352 -0.4877750702006771
1351 1391 0.9567277289795173
1352 1353 -0.16677964215020435
1352 1392 0.1851789095121441
1353 1354 -0.6482819101503199
1353 1393 -0.9685126296497157
1354 1355 -0.02224185897164177
1354 1394 0.32657458208253076
1355 1356 -0.8059014609226767
1355 1395 -0.06539506662147465
1356 1357 -0.8362905126592128
1356 1396 -0.7257275878115625
1357 1358 -0.2744573139693589
1357 1397 0.06357282183037682
1358 1359 0.5847728848650009
1358 1398 -0.7568261528367932
1359 1360 0.5081072360888115
1359 1399 -0.45737472262523093
1360 1400 0.5967314588038197
1361 1362 -0.6703386064719643
1361 1401 -0.11957647911726688
1362 1363 0.11488435954191445
1362 1402 0.18971300297105853
1363 1364 0.6821549139398042
1363 1403 -0.8174757477263863
1364 1365 0.531497103164648
1364 1404 -0.12315765704243131
1365 1366 -0.4047307894329486
1365 1405 -0.01009134988965621
1366 1367 0.6378291032146253
1366 1406 0.2234279535169903
1367 1368 -0.1835169860437056
1367 1407 -0.14998205456184244
1368 1369 0.4809250871639772
1368 1408 -0.3987216889529208
1369 1370 0.8797567716285308
1369 1409 0.5793481307388186
1370 1371 -0.6958588703271729
1370 1410 -0.35876404481383073
1371 1372 -0.540706888109777
1371 1411 -0.9967441456800452
1372 1373 0.36415635994696016
1372 1412 0.44461074080011187
1373 1374 0.015796664773228386
1373 1413 -0.7556074675020459
1374 1375 0.26409431558122587
1374 1414 0.8918962785221107
1375 1376 -0.4446067354934642
1375 1415 0.01619625421320947
1376 1377 -0.6490205468785679
1376 1416 -0.932106619791333
1377 1378 0.2807563634120922
1377 1417 -0.3195146775599318
1378 1379 -0.18458350341374619
1378 1418 0.3044417600634197
1379 1380 0.013782744697400817
1379 1419 0.31012588222890747
1380 1381 -0.5781201450118079
1380 1420 0.6833714119499221
1381 1382 -0.6556738033373286
1381 1421 0.03819183843475549
1382 1383 0.9434956557042258
1382 1422 0.7141529326918914
1383 1384 0.9498561765024733
1383 1423 0.14570533382491613
1384 1385 0.08866410254441792
1384 1424 -0.8714625509925618
1385 1386 -0.6788299424720137
1385 1425 -0.06385022968841869
1386 1387 0.5031063472435748
1386 1426 -0.8182788983249845
1387 1388 0.8681192925774135
1387 1427 0.09201646800888086
1388 1389 -0.9915737220377796
1388 1428 0.946188076008762
1389 1390 0.8027971923980575
1389 1429 0.059318301437566445
1390 1391 -0.9079235708901079
1390 1430 -0.9179839318837701
1391 1392 0.3366552549947579
1391 1431 0.4832568077524122
1392 1393 -0.9023940621640787
1392 1432 0.912834002164026
1393 1394 0.4434884208816179
1393 1433 0.13305268024033823
1394 1395 -0.9625790902372058
1394 1434 -0.2723613181191826
1395 1396 -0.1521087246500823
1395 1435 -0.2662211375257908
1396 1397 -0.7632413895260859
1396 1436 0.6930607198381029
1397 1398 0.7770275348572613
1397 1437 0.6709551593824756
1398 1399 0.29518633586501664
1398 1438 -0.20446677974512295
1399 1400 0.95059976032721
1399 1439 0.31052225048605164
1400 1440 -0.9659490258192454
1401 1402 0.520373042537261
1401 1441 -0.11545233425466095
1402 1403 0.21107328233250056
1402 1442 -0.8492657327746951
1403 1404 -0.14041751485581244
1403 1443 -0.7940934931215431
1404 1405 -0.42939178829863356
1404 1444 0.5929617920107055
1405 1406 -0.8061152524739008
1405 1445 0.4429275768237724
1406 1407 0.5345425040846428
1406 1446 -0.9143066526941115
1407 1408 0.8242012888451478
1407 1447 -0.40855643279408715
1408 1409 -0.28832294511231926
1408 1448 0.049098570565089705
1409 1410 0.8629202449963165
1409 1449 -0.9771500092271903
1410 1411 -0.18554552037957217
1410 1450 0.07455593663744153
1411 1412 -0.08836434226467116
1411 1451 -0.05389629761239112
1412 1413 -0.7456447410202409
1412 1452 -0.06813490518847631
1413 1414 -0.8357423850780543
1413 1453 0.05168472976912941
1414 1415 -0.08265861121931661
1414 1454 0.08650574616087359
1415 1416 -0.7817387695892992
1415 1455 -0.8966281914149774
1416 1417 0.7329615419645996
1416 1456 -0.011087562808575813
1417 1418 0.5507284622469577
1417 1457 0.30745547962962627
1418 1419 0.10426695470135927
1418 1458 -0.1348047217427073
1419 1420 0.21874669693121795
1419 1459 -0.19111538443669418
1420 1421 -0.3173920628483782
1420 1460 0.2514535183151929
1421 1422 0.9000243113463631
1421 1461 -0.9141429605151048
1422 1423 0.11368275300784125
1422 1462 0.7384185964428063
1423 1424 -0.057291424454972484
1423 1463 0.029407368391362265
1424 1425 -0.35022146451327085
1424 1464 -0.4555198393548574
1425 1426 0.7839074112269102
1425 1465 0.14913054324295372
1426 1427 0.20751917241546325
1426 1466 0.9191798823501147
1427 1428 -0.9828352331330887
1427 1467 -0.604336385548941
1428 1429 -0.29931004421043284
1428 1468 -0.3939849175748247
1429 1430 -0.4870819388169749
1429 1469 -0.7742671617758037
1430 1431 -0.0028107707408193683
1430 1470 0.16889369995258074
1431 1432 -0.8460499782274908
1431 1471 -0.5765538271549959
1432 1433 -0.69153061314866
1432 1472 0.9096847978066527
1433 1434 0.4116265832774795
1433 1473 -0.8872429645406725
1434 1435 0.30719091023366785
1434 1474 -0.7580690597314508
1435 1436 -0.8634218252465575
1435 1475 0.2272698662873771
1436 1437 -0.5202267302501948
1436 1476 0.02565914240781919
1437 1438 -0.9863592097025968
1437 1477 0.3789762396332621
1438 1439 0.3284585432659777
1438 1478 0.15036065661795317
1439 1440 0.08264508043370644
1439 1479 0.7331027442403864
1440 1480 -0.5527710358328897
1441 1442 -0.7389532161933079
1441 1481 -0.6359153093608205
1442 1443 0.11943592567113148
1442 1482 -0.22470310192221188
1443 1444 -0.30737485073759485
1443 1483 0.38896689837581233
1444 1445 -0.04120720808461931
1444 1484 0.47129224719771345
1445 1446 0.7662118515122422
1445 1485 -0.29329795166132744
1446 1447 0.45697123524553396
1446 1486 -0.9218507888893555
1447 1448 -0.5555910001042708
1447 1487 0.5250060506235383
1448 1449 0.8834290792701076
1448 1488 -0.9922378254174047
1449 1450 -0.3028512786877633
1449 1489 -0.9108935594098073
1450 1451 0.7204757666531618
1450 1490 0.23003640808841141
1451 1452 0.9120249575506447
1451 1491 0.3096036420236665
1452 1453 0.8012242399086529
1452 1492 -0.49027473215856654
1453 1454 0.15295696232645328
1453 1493 -0.13063042854709517
1454 1455 -0.36832866506686
1454 1494 0.5093922413939038
1455 1456 -0.9715429897615944
1455 1495 -0.10189145318994419
1456 1457 -0.9016242308767002
1456 1496 0.4276216566279192
1457 1458 -0.8702159180341353
1457 1497 -0.6980775081694832
1458 1459 -0.6427452913938023
1458 1498 0.5264098648448787
1459 1460 0.11615310813087643
1459 1499 -0.4051757932901827
1460 1461 0.6647317657323262
1460 1500 0.11877682889348296
1461 1462 0.3159958126953204
1461 1501 0.7421169945096175
1462 1463 0.2387928878270269
1462 1502 -0.2920914696844126
1463 1464 0.8612493193932791
1463 1503 -0.46035999769908886
1464 1465 0.9163952671587938
1464 1504 0.04960376257342958
1465 1466 -0.06661419931772783
1465 1505 0.46995041402998194
1466 1467 0.8582188451238144
1466 1506 -0.9986843797658518
1467 1468 0.3903941936702149
1467 1507 -0.4119390319463767
1468 1469 0.6599380138586044
1468 1508 0.5572446774848043
1469 1470 -0.33889092459402925
1469 1509 0.3658784586098318
1470 1471 0.13215951123248515
1470 1510 0.22692554882568294
1471 1472 0.5391014611676217
1471 1511 0.9818964174444351
1472 1473 0.18759114032127178
1472 1512 0.12467528629212143
1473 1474 0.2325464747400503
1473 1513 0.49322251809161943
1474 1475 -0.8405966166007881
1474 1514 0.5875154603712502
1475 1476 -0.24672687186836018
1475 1515 0.5873690566256178
1476 1477 0.19858817457580646
1476 1516 0.20354955368184413
1477 1478 -0.1107538170838851
1477 1517 -0.054005757605094074
1478 1479 0.654913318965126
1478 1518 0.8551948007132018
1479 1480 0.1931879376625356
1479 1519 0.000930312452213311
1480 1520 -0.0762292591285958
1481 1482 0.9948746648992801
1481 1521 -0.46229619719059234
1482 1483 -0.5852431498123616
1482 1522 -0.24021760602475584
1483 1484 -0.165589272278297
1483 1523 -0.6943511999909004
1484 1485 -0.17068658036629958
1484 1524 -0.7800873058840496
1485 1486 -0.5812117430658352
1485 1525 0.8330832508536619
1486 1487 -0.8147742944054546
1486 1526 0.3588346309658288
1487 1488 0.08121261995313023
1487 1527 0.9494583440883269
1488 1489 -0.6324686273990354
1488 1528 0.8645271634391833
1489 1490 0.2834411813768938
1489 1529 -0.5545676361469811
1490 1491 0.5550110742564385
1490 1530 0.6471496647090789
1491 1492 0.5896838406977272
1491 1531 -0.5038881848026644
1492 1493 -0.4483228057762316
1492 1532 -0.5693240965491926
1493 1494 -0.44554197603655377
1493 1533 -0.14542263121134513
1494 1495 0.21541085128273108
1494 1534 0.7437469134572805
1495 1496 0.5107416151029358
1495 1535 0.13282598907957355
1496 1497 0.5247985609840304
1496 1536 0.7403160241823343
1497 1498 -0.6440298929184334
1497 1537 -0.4143803228649976
1498 1499 -0.1522046858094488
1498 1538 0.738168989188847
1499 1500 -0.025999626370780682
1499 1539 -0.9239164287004906
1500 1501 0.7607188877677484
1500 1540 -0.4003212865118353
1501 1502 -0.13832963550608346
1501 1541 -0.20835266393013563
1502 1503 0.432141158677235
1502 1542 -0.8161655804896797
1503 1504 0.9406795273562176
1503 1543 0.31518915561091454
1504 1505 -0.1558972344435381
1504 1544 -0.4879802134188884
1505 1506 -0.7792906777176687
1505 1545 0.49360086185020613
1506 1507 -0.9458613254746606
1506 1546 -0.7485006976060782
1507 1508 0.39572187404029013
1507 1547 0.3197379440321071
1508 1509 -0.26241064354304955
1508 1548 0.9762237263307723
1509 1510 0.28387133783295915
1509 1549 -0.18278383230203565
1510 1511 0.0755761421373009
1510 1550 0.4171115006721875
1511 1512 -0.7431472043405485
1511 1551 -0.5944461321099674
1512 1513 0.6283318247912213
1512 1552 0.6596152853815858
1513 1514 0.690846127764376
1513 1553 0.1170960841686095
1514 1515 -0.923912154652758
1514 1554 0.790819844037763
1515 1516 0.32672129237452796
1515 1555 -0.04494883364100022
1516 1517 0.03383643505717049
1516 1556 -0.022824778262882095
1517 1518 0.7685993458148432
1517 1557 0.08049566207123782
1518 1519 -0.48515486145011666
1518 1558 0.05661338598972243
1519 1520 0.050989706361599385
1519 1559 0.6127520817860246
1520 1560 0.5923220825616045
1521 1522 0.7545304339905536
1521 1561 -0.6720788795559052
1522 1523 -0.6327671710549287
1522 1562 -0.027275205924508716
1523 1524 0.4865970796425392
1523 1563 -0.08449981589599354
1524 1525 -0.5945654484349654
1524 1564 -0.9895645868924849
1525 1526 -0.2064120074734932
1525 1565 0.268911938750241
1526 1527 -0.3304297090371582
1526 1566 -0.7974635168964308
1527 1528 -0.6501339453140638
1527 1567 -0.29702807821540933
1528 1529 -0.2752927118475861
1528 1568 0.5879192714814572
1529 1530 0.2063035700591307
1529 1569 0.42091831550116265
1530 1531 -0.494997805112267
1530 1570 -0.6296115917369045
1531 1532 -0.26155913727815827
1531 1571 -0.7742963203426028
1532 1533 0.9295744817038887
1532 1572 0.9767203522731074
1533 1534 0.5778144486560108
1533 1573 0.20747950891731604
1534 1535 0.6072285587969097
1534 1574 -0.1534989759097507
1535 1536 0.6670638342581832
1535 1575 -0.008584143528141741
1536 1537 0.7691292669224807
1536 1576 -0.466401683109283
1537 1538 0.4870339533553363
1537 1577 -0.6662441597469919
1538 1539 0.46911389125527947
1538 1578 -0.027255232755656555
1539 1540 0.8807764556092217
1539 1579 0.8828945387824294
1540 1541 0.1495612704800191
1540 1580 -0.4275224416433123
1541 1542 0.6645776867166584
1541 1581 -0.04951514899610032
1542 1543 -0.10409593567808328
1542 1582 -0.3660312061886377
1543 1544 0.6218480625575995
1543 1583 -0.4695597125023765
1544 1545 0.3987669267169085
1544 1584 0.31209248963778924
1545 1546 0.3716048646123127
1545 1585 0.02826660421378646
1546 1547 -0.24533159003018468
1546 1586 0.21855568339884068
1547 1548 -0.8916418691703132
1547 1587 0.3172937787075927
1548 1549 -0.39041099552846936
1548 1588 -0.7848277444607468
1549 1550 0.2450023133334056
1549 1589 0.3265027921129129
1550 1551 0.7384973294454962
1550 1590 0.7350187229616794
1551 1552 0.6834432883577177
1551 1591 -0.8501416979424947
1552 1553 0.2914635953629072
1552 1592 0.16303222534675954
1553 1554 0.3455443813486787
1553 1593 -0.7560083481688724
1554 1555 0.6676059081608086
1554 1594 -0.7754958013989446
1555 1556 -0.9038846406745042
1555 1595 -0.46992694532355905
1556 1557 0.7441057580846127
1556 1596 0.4312320048054292
1557 1558 -0.3643358721178045
1557 1597 0.3183445174431552
1558 1559 -0.05211765137038937
1558 1598 -0.8049222187901628
1559 1560 0.9457353514047646
1559 1599 0.503625116113164
1560 1600 0.00833920457323245
1561 1562 0.8988682440456679
1562 1563 -0.878946865089195
1563 1564 -0.7442743937302452
1564 1565 -0.5409589015102221
1565 1566 -0.8217191935462138
1566 1567 0.6909709099132542
1567 1568 -0.7373097616351858
1568 1569 0.796233968642168
1569 1570 -0.26083032115155946
1570 1571 -0.43356936323408246
1571 1572 0.45583415009803296
1572 1573 -0.9729507750011552
1573 1574 0.7266439962617868
1574 1575 -0.31924484309250944
1575 1576 0.14635019808569139
1576 1577 0.29625496432737997
1577 1578 -0.7137474163185753
1578 1579 0.7103490199124449
1579 1580 0.8879501643711194
1580 1581 -0.7948480544913172
1581 1582 -0.8865758570413385
1582 1583 0.5942638973910686
1583 1584 -0.8589699315977826
1584 1585 -0.5407255736211947
1585 1586 0.9718946616456146
1586 1587 0.3100342839262018
1587 1588 0.1231409385443587
1588 1589 0.5341574787151251
1589 1590 -0.7700719810818428
1590 1591 -0.07979481546900113
1591 1592 -0.5374898966387209
1592 1593 -0.49858202253219663
1593 1594 0.8340441180895246
1594 1595 -0.6961559643146769
1595 1596 -0.43720787525428406
1596 1597 0.918372442887297
1597 1598 -0.21855779023749689
1598 1599 0.3122151012267069
1599 1600 -0.40685216094547116
