1 2 0.7468588055836325
1 41 0.937081325641864
2 3 0.7325233657632948
2 42 -0.593180455696019
3 4 -0.4588529559761698
3 43 -0.04755217605732498
4 5 0.4589338512339214
4 44 0.2793774130692941
5 6 0.2683503133442158
5 45 0.8843612284370914
6 7 -0.0012406720483639777
6 46 -0.16464855894922104
7 8 -0.9544469268091442
7 47 0.3374021033449288
8 9 -0.07367785140450311
8 48 -0.03546684632487085
9 10 -0.9309005872544465
9 49 -0.05125464284043901
10 11 0.7285478437834052
10 50 0.533171248656026
11 12 -0.6938769746744589
11 51 -0.599878197673974
12 13 -0.05674295529361717
12 52 0.06398774788611217
13 14 0.24868707578552485
13 53 0.15242763000036463
14 15 0.25450846162149565
14 54 -0.7332319550966198
15 16 0.8790917418075865
15 55 -0.30513943177738057
16 17 0.6062898699640487
16 56 0.6407949487112736
17 18 0.7563520130861032
17 57 -0.7679828217421061
18 19 -0.20484074580896894
18 58 0.656155008977285
19 20 0.1284963445779368
19 59 -0.951425174183657
20 21 0.13203887808746373
20 60 -0.1903095481015593
21 22 0.15175642954509683
21 61 0.5008656766022008
22 23 -0.9181803018814905
22 62 0.32966201608784806
23 24 0.002898242176704313
23 63 -0.6877560316135447
24 25 0.7411632638263213
24 64 -0.8668397594881121
25 26 -0.6132668145241293
25 65 0.3448399598579377
26 27 0.803100773361026
26 66 0.021855895295896488
27 28 0.7049231130450553
27 67 -0.8202539266661895
28 29 0.0642668352082516
28 68 0.09361666506858124
29 30 -0.4629883895200677
29 69 0.059343499858465876
30 31 -0.9505812964816156
30 70 -0.33001441594277114
31 32 0.45867311680368683
31 71 -0.7265083370024672
32 33 0.9546522862730498
32 72 0.04670677998007022
33 34 0.40579174531340856
33 73 -0.25660188714844656
34 35 -0.9295897288868278
34 74 0.02505307736832929
35 36 0.7293130034435247
35 75 0.6010523054606252
36 37 0.861396157546277
36 76 0.9567185281397734
37 38 -0.43528931552263384
37 77 -0.8336258629901931
38 39 -0.3562319119912545
38 78 -0.5190212762898545
39 40 -0.26329002823018954
39 79 0.8162327876370645
40 80 -0.7201797120961715
41 42 0.7383890804278399
41 81 0.06171138311119795
42 43 -0.40293029743274955
42 82 -0.04839195587245215
43 44 0.21923242046086022
43 83 -0.6254991315655007
44 45 0.00436747029243123
44 84 -0.623415158949219
45 46 0.1378008920806626
45 85 -0.27354860407487624
46 47 -0.19509088372838956
46 86 -0.6138021749432827
47 48 0.1556771009238629
47 87 -0.04691870937073328
48 49 -0.4398981630869152
48 88 0.21487021359112846
49 50 -0.7224566994304478
49 89 -0.47798508731838263
50 51 0.2155892591966937
50 90 0.055211181604122084
51 52 -0.6479289030479123
51 91 -0.11183485426734396
52 53 0.18491149642060578
52 92 0.6672352111774691
53 54 0.07513016222467828
53 93 -0.3474995822936766
54 55 0.35236186856398977
54 94 -0.6036740698888738
55 56 0.6025715458126144
55 95 -0.08228681736320809
56 57 0.32168352630447505
56 96 0.30207357297224924
57 58 -0.8377497232727422
57 97 0.2841617444869047
58 59 0.15201124321691628
58 98 0.5511384014392309
59 60 0.0632305046743884
59 99 -0.7573484772207126
60 61 0.42756908821643136
60 100 0.10171772746953822
61 62 -0.9721002474340625
61 101 0.017406774718602636
62 63 -0.9325710629424839
62 102 -0.7815026369900484
63 64 0.2559830851890459
63 103 0.7772436945364196
64 65 0.44087643577683333
64 104 0.6962507121858859
65 66 0.5868106756515228
65 105 -0.4977239800475304
66 67 0.24581282953944927
66 106 -0.5822528295509124
67 68 -0.9071695055743181
67 107 -0.6895086688269263
68 69 0.5462432067143093
68 108 -0.7019944814780343
69 70 0.43932801189394444
69 109 0.3105495713685038
70 71 -0.07497438634427
70 110 -0.4041458402100122
71 72 0.8375210831397581
71 111 -0.540862177246314
72 73 -0.34936641242501776
72 112 -0.062030946347366944
73 74 0.2840991045047885
73 113 -0.18754584781498695
74 75 0.5905631519876746
74 114 -0.6961332943854976
75 76 0.9440608564427675
75 115 0.601141507123983
76 77 0.4336265112435289
76 116 -0.493445917980897
77 78 0.372622234780134
77 117 0.24573168261983147
78 79 -0.32893250839015575
78 118 0.14899924031172462
79 80 0.29786819735781256
79 119 -0.11687679861745459
80 120 0.7363383027448369
81 82 -0.5345433440454186
81 121 -0.9772023914451402
82 83 -0.012791004157064023
82 122 0.21535226143557518
83 84 -0.9440092690208766
83 123 -0.5920128999833771
84 85 -0.28557670801948243
84 124 0.4594447149347729
85 86 -0.3741928409343056
85 125 0.4061518074687802
86 87 -0.004386791885777619
86 126 0.2960300539836589
87 88 -0.4078040695916827
87 127 -0.08133032382687122
88 89 0.6435264448113249
88 128 -0.9825275179595163
89 90 -0.6159957496566284
89 129 -0.10019388828450615
90 91 0.4858131106974761
90 130 0.9866092285632535
91 92 0.5841266189001664
91 131 -0.06974820415385286
92 93 0.6986121312952898
92 132 -0.17266463557727252
93 94 -0.30720436795657746
93 133 -0.8524158739762855
94 95 -0.6445566881380147
94 134 0.8562917353525816
95 96 -0.25354801971196905
95 135 0.19889333225002814
96 97 -0.520573992487229
96 136 0.01525268254355594
97 98 0.05031140972331416
97 137 -0.7720042087674028
98 99 -0.9882073815715375
98 138 -0.019808015884503094
99 100 -0.8339361078909111
99 139 -0.010379756419298891
100 101 0.8667417070150563
100 140 0.026408085701714157
101 102 0.6865744470646307
101 141 0.4501843357728479
102 103 -0.5777227720309162
102 142 -0.2929786154181495
103 104 0.9690796126944738
103 143 -0.8660717898406671
104 105 -0.6628186112692325
104 144 0.029320670365954316
105 106 0.8388908102697556
105 145 -0.4355115446295006
106 107 0.09421146008653802
106 146 -0.5617240368542409
107 108 0.1722932602885323
107 147 -0.017035221108244514
108 109 0.8150457704710978
108 148 0.018326565924182248
109 110 -0.27053384201197295
109 149 -0.6405471170374579
110 111 -0.7153864196868442
110 150 0.3414207601735808
111 112 0.3411491425667985
111 151 0.5676241807072582
112 113 0.40368873374323067
112 152 0.8928831765687488
113 114 0.9189924426790661
113 153 0.754706318905632
114 115 0.4111002482376007
114 154 -0.5611442052226605
115 116 -0.024006035223814948
115 155 0.0034333995510897886
116 117 -0.5511984133537886
116 156 -0.3034963600772611
117 118 -0.3758292350212149
117 157 0.7273387237125108
118 119 -0.7523519849509162
118 158 0.25640216019417195
119 120 -0.9942122166664766
119 159 -0.6432440129830175
120 160 -0.5581777010624256
121 122 -0.13906236341501899
121 161 -0.19529727992527035
122 123 0.6378711540651725
122 162 0.05544767683982421
123 124 -0.5097908779112814
123 163 -0.12733887524054155
124 125 0.501128520257349
124 164 -0.8937454183018516
125 126 -0.7049684453544331
125 165 0.44220585092578
126 127 0.26622542533852833
126 166 0.7087405682757268
127 128 0.6435940940317888
127 167 -0.25644001446300657
128 129 -0.5092350780550767
128 168 0.20138626360568734
129 130 0.8686570198552708
129 169 -0.23892795326475658
130 131 0.021482237567420848
130 170 0.49117042174134395
131 132 0.40318888981316503
131 171 0.3148125324240103
132 133 0.9514450371358392
132 172 0.8901394926639012
133 134 0.8223850313291479
133 173 0.6554599095730518
134 135 -0.3107375204270564
134 174 -0.42197268539051724
135 136 -0.04804853027799916
135 175 -0.7824472161059324
136 137 0.3913999809098878
136 176 0.5783239191487193
137 138 -0.44180273958841254
137 177 -0.46479827165441345
138 139 -0.1522405703975549
138 178 0.16296135116208577
139 140 0.3888501250235272
139 179 0.37010563385599093
140 141 0.505774294079695
140 180 0.6605340945920959
141 142 -0.22678609095720392
141 181 0.21528387493581036
142 143 -0.7314996592503069
142 182 0.978440620211495
143 144 0.9767501285057247
143 183 0.28195649382869026
144 145 0.8211129899760738
144 184 -0.9469870077360518
145 146 -0.2887134097816426
145 185 -0.7247888743357085
146 147 0.9462287365177791
146 186 -0.7299347834445828
147 148 0.6198074082842386
147 187 0.3953691964168904
148 149 -0.7795220798481086
148 188 0.3968527720930901
149 150 -0.5322579888638821
149 189 0.5077649214257607
150 151 -0.017448423347793396
150 190 0.0936226932781179
151 152 -0.8627091099947901
151 191 -0.793958375725381
152 153 0.19858410136168292
152 192 -0.37569239893420203
153 154 -0.619734131580592
153 193 0.05703471965695828
154 155 -0.838715350965408
154 194 -0.23588842405388188
155 156 0.18506611053079358
155 195 -0.5900513273889307
156 157 0.49722282558832465
156 196 0.13726462079731228
157 158 -0.6754014355433942
157 197 0.45552063108331087
158 159 -0.04890484294524877
158 198 0.2719582780092076
159 160 0.6582536565127672
159 199 0.7702078950814022
160 200 0.8074432090262562
161 162 0.04534934270513924
161 201 -0.04321640839519514
162 163 0.8784082720477433
162 202 0.44676682997454753
163 164 0.26185848427631475
163 203 -0.39715276702737623
164 165 -0.14372830597241193
164 204 0.21814081866227997
165 166 -0.6740956026771854
165 205 -0.44127526354253344
166 167 -0.9622210143237437
166 206 -0.5976970405221071
167 168 -0.6916213240111653
167 207 0.36616859926840517
168 169 0.2401004505523039
168 208 -0.05541404664164551
169 170 -0.71017759078625
169 209 0.13880860141066909
170 171 -0.7793505738316242
170 210 -0.6435477139993506
171 172 -0.8347287341656293
171 211 -0.22407385801763202
172 173 -0.42668604463609516
172 212 -0.5793644338368928
173 174 -0.9181892196030539
173 213 0.7978217082754071
174 175 -0.03901412856024944
174 214 0.3798202888417126
175 176 0.045564559343552524
175 215 0.5723607718118977
176 177 -0.7249193055058523
176 216 -0.9446325358657184
177 178 0.9945761158369868
177 217 0.00995727397463031
178 179 -0.24138693135336298
178 218 -0.7885914757426877
179 180 0.134821366806553
179 219 0.7134094404179641
180 181 -0.9149567629493589
180 220 -0.6198600324016601
181 182 -0.1595042668073703
181 221 -0.3808318273427722
182 183 0.8942849634121433
182 222 0.2670929710219221
183 184 0.7057880099563747
183 223 0.45108388540945943
184 185 -0.7914496794029715
184 224 0.744934079647243
185 186 -0.9110691779291809
185 225 -0.757027264127399
186 187 -0.47988646143151303
186 226 0.10835566610241387
187 188 -0.47873970113983155
187 227 -0.29903404413665036
188 189 -0.2572496389536796
188 228 -0.40385808457341454
189 190 0.7694300452322107
189 229 -0.49159916787493185
190 191 -0.490405866744412
190 230 -0.807251570800716
191 192 0.21996693135206602
191 231 -0.6735251630867716
192 193 0.4794739864980533
192 232 -0.4773413759629077
193 194 0.37240035583234143
193 233 -0.6432734960980304
194 195 -0.6533253339087677
194 234 0.39816306506623467
195 196 -0.2819774078696313
195 235 -0.03240812918347813
196 197 0.9880826667620968
196 236 -0.8381713736985186
197 198 -0.13525227940271
197 237 0.48572077148302517
198 199 -0.7982059064753773
198 238 0.37963812212316217
199 200 -0.5458945314084478
199 239 -0.26036227358728525
200 240 0.5159032843963238
201 202 0.11071294764466089
201 241 0.08677203508508069
202 203 -0.6424859686642648
202 242 0.23945083319181792
203 204 0.9510134264914718
203 243 0.7422966827341966
204 205 0.46456170052503665
204 244 -0.20166478055681059
205 206 0.9443582214596988
205 245 -0.33767143922136467
206 207 0.17075628871091109
206 246 0.8582542240980673
207 208 0.20460919807264144
207 247 0.0933574438419349
208 209 0.005754293171019498
208 248 0.5035643663463711
209 210 -0.8698489517686905
209 249 -0.9662439606756938
210 211 0.0617926962624884
210 250 0.9791883707123044
211 212 0.05435074022984021
211 251 -0.4733592912699307
212 213 0.9507943096056024
212 252 0.993191873586617
213 214 0.5414786164556571
213 253 0.9706232718068561
214 215 -0.11757553265611498
214 254 -0.7288468875819554
215 216 0.20060479613820892
215 255 0.5396151322417657
216 217 0.626476726495518
216 256 -0.6936557684326168
217 218 0.36409321124273886
217 257 0.7239520872972647
218 219 0.4839519694116692
218 258 -0.6143562892790515
219 220 0.6032171395692321
219 259 -0.28386669034707523
220 221 -0.4092850824714418
220 260 -0.8595880432615037
221 222 0.2198611642317343
221 261 -0.9953978473135459
222 223 0.2393096601043192
222 262 -0.7607872703427037
223 224 0.08794595920785864
223 263 0.9513926826052441
224 225 0.5667695367152357
224 264 0.9190086725207365
225 226 0.42600942353986215
225 265 0.49852951792821054
226 227 0.5769651618688683
226 266 0.1573845515597374
227 228 0.689546063507565
227 267 0.8761837794931213
228 229 -0.3273325513510539
228 268 -0.8267650686010481
229 230 -0.9015101635701885
229 269 0.1792243347396787
230 231 -0.7725193466579701
230 270 -0.4954116920801974
231 232 -0.5947539954301098
231 271 -0.36316783642875405
232 233 0.33658580293792983
232 272 -0.9242529165792714
233 234 -0.22314799000137553
233 273 0.9704632634641783
234 235 0.751134164717985
234 274 -0.055571869220382375
235 236 0.9342853956163693
235 275 -0.4062995711050712
236 237 -0.5978379223137094
236 276 -0.9882776340748345
237 238 0.19107173398647093
237 277 0.5162266701193501
238 239 -0.6335337369683685
238 278 0.7760237839018125
239 240 -0.16172170971819622
239 279 0.5417333143742336
240 280 -0.09264045566513657
241 242 0.521791151205858
241 281 0.4247491481641825
242 243 0.12456676792326693
242 282 0.5268092292742927
243 244 0.24146406279070542
243 283 -0.3242258515078835
244 245 0.08884788561555768
244 284 -0.24291109202648764
245 246 0.92226938285881
245 285 0.7984051752182288
246 247 0.7341481695533718
246 286 -0.09876053555167497
247 248 -0.0032516849697969974
247 287 -0.595315038096778
248 249 0.6483987101328095
248 288 -0.36304036803651507
249 250 0.32202241782213625
249 289 0.2075661221775278
250 251 0.3180599072861874
250 290 -0.6874515053932659
251 252 0.12352235617940277
251 291 0.17167899107354745
252 253 -0.6488197822097432
252 292 0.8251443419799875
253 254 0.5875264360223478
253 293 -0.40760851569319967
254 255 0.5195541566051955
254 294 0.6560353907949963
255 256 -0.43391781475666535
255 295 0.11147276357789271
256 257 0.5125628626170999
256 296 0.5031333790134576
257 258 -0.1392778573333091
257 297 0.36268177074014485
258 259 -0.5571590576014773
258 298 -0.7708965857473151
259 260 0.5274469383837121
259 299 -0.5386094844153273
260 261 -0.8503359725400932
260 300 0.7544539018591754
261 262 -0.4220344790770989
261 301 0.06883731456836739
262 263 -0.3123327520504535
262 302 -0.8000012094888211
263 264 -0.8469334073681074
263 303 0.6659633758864525
264 265 -0.748224797745596
264 304 -0.28733324143152683
265 266 -0.9935394810168083
265 305 -0.37684649558834926
266 267 -0.018595668169846702
266 306 0.09041030703923991
267 268 -0.6900631645393052
267 307 -0.4512397145457798
268 269 0.12402033379244726
268 308 0.38353012950190757
269 270 0.5765072010006185
269 309 -0.9034256931709019
270 271 0.8982270482689767
270 310 -0.36970490012906065
271 272 -0.7502446980139352
271 311 0.6330795091600521
272 273 -0.6207414543068486
272 312 -0.07986493454679744
273 274 -0.3552718219330451
273 313 0.07579190104911437
274 275 -0.07247783123218277
274 314 0.529426630305559
275 276 0.5521108148711373
275 315 -0.5715726960399634
276 277 -0.8289795870354821
276 316 0.28725816784833125
277 278 -0.689736211169272
277 317 -0.2831150050446385
278 279 0.8723148930901432
278 318 -0.3702740174262733
279 280 -0.4975324180735541
279 319 -0.5543083884844351
280 320 0.702639299981501
281 282 0.2393641922068792
281 321 -0.14781645904761564
282 283 0.6132926704264516
282 322 -0.4027495948944
283 284 -0.6605367900733561
283 323 0.3194603025017797
284 285 -0.31983667319735365
284 324 -0.34755301223437907
285 286 -0.6222007755212944
285 325 -0.9296840313960804
286 287 0.980232608466423
286 326 -0.7142173734152393
287 288 0.5213975109022089
287 327 0.30803765348650813
288 289 0.09391868981785834
288 328 -0.1401905006924653
289 290 0.20666001295072256
289 329 -0.2820538514802564
290 291 -0.7043808758199981
290 330 -0.9889543777637175
291 292 0.38210516082569157
291 331 0.2614770182942667
292 293 0.4189264796273746
292 332 0.9945285685102547
293 294 0.13372171418515255
293 333 0.8743602742887546
294 295 -0.638927083878917
294 334 0.8531827110647399
295 296 -0.6160985497341351
295 335 0.7426732612218585
296 297 0.7987365898835963
296 336 -0.15247681885203868
297 298 -0.9664982029326719
297 337 -0.45754457655222525
298 299 -0.16660635172600124
298 338 -0.9966595947357293
299 300 0.09433133332056198
299 339 -0.4959707402828253
300 301 -0.8227852076529094
300 340 -0.40420967816061504
301 302 0.3624592974266596
301 341 0.12540326561603954
302 303 0.16521569228789845
302 342 -0.5281836074673039
303 304 -0.8106830544674932
303 343 -0.568373861374065
304 305 -0.31501622361341153
304 344 -0.617688229959733
305 306 0.02312136360801742
305 345 0.2029590041492053
306 307 0.16918262357233482
306 346 0.6313021707729456
307 308 -0.48254027942380384
307 347 0.03746272683717189
308 309 0.9940145827862108
308 348 0.2154673723509386
309 310 0.06809017289011221
309 349 0.6339808613311
310 311 0.10227771526326612
310 350 -0.45433918569075793
311 312 0.10234957745086781
311 351 -0.7618472600672852
312 313 -0.22250362473070373
312 352 0.9396925508051688
313 314 -0.3504399433546477
313 353 0.9632630049167972
314 315 0.3927339296775598
314 354 -0.7201266043881502
315 316 -0.7104009298897374
315 355 0.6244537313869598
316 317 -0.7732383675841219
316 356 0.6186220049874835
317 318 0.6400234809769842
317 357 0.07948762525013864
318 319 0.6134442448475008
318 358 0.17008256713703007
319 320 -0.9636564572310007
319 359 -0.5468623419959182
320 360 0.3591498214661486
321 322 -0.4218499439638246
321 361 0.9477104824008924
322 323 -0.7232305865678195
322 362 0.2707958283577274
323 324 0.43089813955849676
323 363 -0.867798566415455
324 325 0.641252547126129
324 364 -0.8452683954161191
325 326 -0.2518797284080019
325 365 0.3854109216677295
326 327 -0.37418906171132793
326 366 -0.9981444106531809
327 328 0.7451782196033401
327 367 0.23615599496490902
328 329 -0.6267323744618507
328 368 -0.42910987036738324
329 330 -0.38395332768185164
329 369 0.6466701807114714
330 331 0.7187433063809441
330 370 -0.16234583218846432
331 332 0.2752544885926378
331 371 0.8123059491716131
332 333 0.6763047017709976
332 372 -0.09159719203219141
333 334 0.31343511037161376
333 373 0.06318904848915152
334 335 -0.9124437249296273
334 374 0.892063655367463
335 336 -0.6750285991776881
335 375 -0.4451839005320044
336 337 -0.1084482301499623
336 376 -0.19463642652915847
337 338 -0.3118045039067052
337 377 -0.2570937814199006
338 339 -0.5616197800921834
338 378 -0.11913074834204895
339 340 0.6461958297893982
339 379 -0.9840226226289226
340 341 0.7969355214629212
340 380 -0.07455993988754983
341 342 0.3554097670190126
341 381 -0.2299554721553867
342 343 0.6448965864982414
342 382 -0.9024543941858718
343 344 0.2739112974978686
343 383 -0.19667707334822482
344 345 0.217032468097472
344 384 -0.796913337520726
345 346 -0.3261954012163828
345 385 -0.11269920535575095
346 347 -0.49862665294338915
346 386 -0.02161024513876808
347 348 0.511348862163995
347 387 0.5769514002425309
348 349 -0.5358951516522181
348 388 -0.14552034634741795
349 350 -0.9528608764071893
349 389 -0.5041781823254994
350 351 0.6919314872370423
350 390 0.4919451119639644
351 352 0.7161251723125197
351 391 0.3384831797734804
352 353 -0.5680392076489087
352 392 -0.23540292307965904
353 354 -0.8751910265187672
353 393 0.7534999618202483
354 355 0.8563165604410967
354 394 -0.5139369104044733
355 356 -0.6679467732529596
355 395 -0.07054315812328027
356 357 -0.9342100447881794
356 396 0.5455370440784204
357 358 0.0997959160745514
357 397 0.8494993162107642
358 359 -0.09447420348914881
358 398 -0.949289824843871
359 360 -0.07726263196264416
359 399 0.9747504170276959
360 400 -0.2320621688854354
361 362 -0.3324519089786593
361 401 -0.562397878360344
362 363 -0.9833832511348592
362 402 0.5771665289957788
363 364 0.5502324207202052
363 403 0.777257622230817
364 365 -0.927268079975649
364 404 0.37013645531280703
365 366 0.9009843595882814
365 405 -0.28429621803181737
366 367 -0.2612887756444464
366 406 -0.5343455289664025
367 368 0.33654497238032155
367 407 -0.25110236734802527
368 369 0.9883562522415592
368 408 -0.33187919846023184
369 370 0.12162380764174974
369 409 -0.3059179234529257
370 371 0.8753313011849897
370 410 -0.4356393076127747
371 372 -0.8348959329678887
371 411 0.5606051045451104
372 373 0.1740586289496997
372 412 -0.7491124014917037
373 374 -0.4225695110682437
373 413 -0.6744279869263246
374 375 0.6981514034001379
374 414 -0.6110162837872621
375 376 -0.041824122998928015
375 415 -0.6593708361130499
376 377 -0.20930654137907023
376 416 0.8454072984062591
377 378 -0.15540023195607122
377 417 -0.517908049367938
378 379 -0.9806087478985936
378 418 0.2943645747346786
379 380 -0.7764025488162141
379 419 0.2535171071447784
380 381 -0.041063948767741554
380 420 0.14310505445076105
381 382 0.34712009861149307
381 421 0.09676760657600969
382 383 -0.664184392499735
382 422 0.23349332618708707
383 384 0.5084798664960102
383 423 -0.42158589397629176
384 385 -0.05305869874314939
384 424 -0.4712415747679555
385 386 0.789701567281732
385 425 -0.4904777276181105
386 387 -0.1005040011542564
386 426 -0.4662478874523337
387 388 -0.6937288461557953
387 427 -0.7393900376172109
388 389 -0.9586324201152969
388 428 0.301509629493381
389 390 -0.9018130441915042
389 429 -0.12578072365748882
390 391 0.7521257287878704
390 430 -0.6034265766140032
391 392 -0.6818335412615939
391 431 -0.04729644243678455
392 393 -0.7318978885423408
392 432 0.9690957895188603
393 394 0.4088585404703955
393 433 0.46819986880958697
394 395 -0.2214914156816603
394 434 -0.5433179310409457
395 396 -0.21198423394507437
395 435 -0.5319902440013211
396 397 -0.6041542422194537
396 436 0.7452243744064639
397 398 0.2807945321534455
397 437 0.82783543393583
398 399 -0.6212661239000599
398 438 0.6810766270267756
399 400 0.7479332182087703
399 439 0.4607290203327725
400 440 0.7958561941677211
401 402 -0.8683832244255771
401 441 0.9657410931068675
402 403 0.004154785270976902
402 442 0.9942373230730439
403 404 0.26444754580572183
403 443 0.40670503987221895
404 405 -0.27401229842406893
404 444 0.8807406793708792
405 406 -0.26275577481791346
405 445 -0.7226818071803094
406 407 -0.4803587709825736
406 446 0.9279465170034524
407 408 -0.28366276547595404
407 447 -0.1235706889689483
408 409 -0.8950323607925765
408 448 0.12086692113240782
409 410 0.3475105778144587
409 449 0.4002859428392729
410 411 -0.4922941408070609
410 450 0.6165904065021612
411 412 -0.4688438797994885
411 451 0.3208550545741149
412 413 0.9338678415569353
412 452 -0.3562306805005737
413 414 -0.08446916207146771
413 453 -0.2621763222496538
414 415 -0.23704693239340346
414 454 0.5637436531574587
415 416 -0.05279161244599884
415 455 0.6655812255216893
416 417 0.1781578552042824
416 456 0.7077093244927999
417 418 -0.4854944271130226
417 457 -0.24860370061475723
418 419 -0.661728870820212
418 458 -0.45823103896928585
419 420 0.5415513109613579
419 459 0.6684859461474515
420 421 0.25862615324599925
420 460 -0.07164504993833143
421 422 -0.37074058845395785
421 461 0.18146683392052565
422 423 0.15108825065416442
422 462 -0.3844189572933656
423 424 -0.4475674345475025
423 463 -0.09036959904877895
424 425 0.3711503461750947
424 464 0.0758319955112483
425 426 -0.509776197125384
425 465 -0.3093827818406325
426 427 0.3513576473676452
426 466 0.8284984258813293
427 428 -0.808171331559892
427 467 -0.8117280080894449
428 429 0.4552179863566468
428 468 -0.5661852919925761
429 430 -0.8114657252779418
429 469 0.7583343287225086
430 431 0.23424486301567615
430 470 -0.23446041443363286
431 432 0.9305714493203319
431 471 0.7222492604740973
432 433 0.6494466105817491
432 472 0.48985828985306257
433 434 0.06768086179033794
433 473 -0.8214909318995731
434 435 -0.03748948974969735
434 474 0.19623527993442114
435 436 0.0890140099916299
435 475 0.9098686381293961
436 437 -0.34683196191883936
436 476 -0.2971287304504229
437 438 0.13628214785035553
437 477 0.47612036260946833
438 439 0.2881842004734627
438 478 -0.36411985469346964
439 440 -0.2019813645338524
439 479 -0.5675992912865309
440 480 -0.45415290412515774
441 442 -0.7442885741499363
441 481 -0.35573841359164127
442 443 0.968081294746961
442 482 -0.5458427468334492
443 444 0.7268884461188598
443 483 0.8974478197729234
444 445 -0.6589640212265921
444 484 -0.17666793490721378
445 446 0.5130251334717217
445 485 -0.06335487801112061
446 447 -0.30741793098598436
446 486 -0.9903505187362558
447 448 0.06824044320322797
447 487 0.9942065255595571
448 449 0.5544748664302639
448 488 -0.4566818190577726
449 450 0.34839684389762415
449 489 0.34609616181938785
450 451 -0.5193226662942385
450 490 0.3722568075477861
451 452 -0.3004067088683571
451 491 -0.3997442519029546
452 453 -0.3809636845619322
452 492 0.33995274989629265
453 454 -0.6509101206318009
453 493 0.7882859269566309
454 455 0.7360732807489081
454 494 -0.927958416479205
455 456 -0.40271821116129924
455 495 -0.7662983883017491
456 457 0.9870270368535727
456 496 -0.02575400642343495
457 458 0.9863874579889256
457 497 -0.9036189927999714
458 459 0.29402104483078095
458 498 0.2757971516140876
459 460 0.6225085370342813
459 499 -0.464672937305203
460 461 -0.8710470230357366
460 500 0.8322215369949106
461 462 0.9776530239562247
461 501 -0.1986974932340746
462 463 0.7699763599502227
462 502 -0.8227029106721397
463 464 -0.22044772103903876
463 503 0.08249244794578914
464 465 -0.43649342110622746
464 504 -0.32351782335775425
465 466 0.8809654827570512
465 505 0.7161495110343206
466 467 -0.24629598130763952
466 506 -0.25184869218964523
467 468 0.005202355570620432
467 507 0.2054114306331134
468 469 0.5778036626832417
468 508 -0.2873821320200176
469 470 -0.7897701606052152
469 509 0.35815354908806496
470 471 0.6706893955839159
470 510 0.43082366194743194
471 472 0.8541223118977903
471 511 0.8286035988693503
472 473 0.16639110603154306
472 512 0.1174160677404017
473 474 0.41823020668124067
473 513 0.5802386104864774
474 475 -0.27280921411702796
474 514 -0.8474624645754607
475 476 -0.5516267486852735
475 515 0.9439610953483095
476 477 -0.030900892455682616
476 516 -0.791154513936329
477 478 -0.3052969374200478
477 517 0.938161245265321
478 479 -0.26290113641096746
478 518 -0.3044500149617282
479 480 0.3143577279923355
479 519 -0.08602671871279233
480 520 -0.2046127770594306
481 482 -0.8581143104996025
481 521 -0.5504601220639092
482 483 0.6999145803794415
482 522 0.6256350712763432
483 484 -0.2962471561942015
483 523 -0.8815963903920707
484 485 -0.20286287566748795
484 524 0.021146913418220503
485 486 -0.03684760464677117
485 525 -0.6242910562060042
486 487 0.2995505886715526
486 526 0.882740521016206
487 488 -0.35167441541963695
487 527 -0.6392286689101163
488 489 -0.856246769586748
488 528 -0.05437517737520814
489 490 0.706607945401462
489 529 0.054607764681217974
490 491 -0.7413620963176488
490 530 0.24899592249971114
491 492 0.09469265586563647
491 531 -0.43726768145317285
492 493 -0.669799514789529
492 532 -0.5286572787441
493 494 -0.49334748404516016
493 533 -0.03616909075126906
494 495 -0.15123276588291978
494 534 -0.4330723813148054
495 496 -0.2596096365818137
495 535 -0.6971453123580513
496 497 0.5450115542281881
496 536 -0.5324811401985756
497 498 0.5023357348370523
497 537 0.6956919162317268
498 499 -0.385175625490755
498 538 0.4069317333628375
499 500 0.06298364745709994
499 539 -0.24357812070474094
500 501 -0.8342890484408114
500 540 -0.21871597530210152
501 502 0.4623091588585473
501 541 0.04261000868726961
502 503 -0.14634631779295604
502 542 -0.5430118988281931
503 504 -0.5800916918865646
503 543 0.30199102948266887
504 505 0.03695252218957368
504 544 0.7564331340772574
505 506 0.6095417797783558
505 545 0.17664814768108505
506 507 0.4737788339922264
506 546 -0.3138065897227036
507 508 0.9013473832367864
507 547 -0.6683960061073393
508 509 0.5464022914208186
508 548 0.2687326887594548
509 510 0.7913767608096542
509 549 -0.3565313451884866
510 511 0.4642484118846333
510 550 0.3933825489255889
511 512 -0.9677417264212351
511 551 -0.04809213048538785
512 513 0.2261232306368497
512 552 -0.9991836778966314
513 514 0.039409045808940224
513 553 0.13356974239991537
514 515 0.592811314764029
514 554 -0.3418100876604797
515 516 0.24247513382711383
515 555 -0.3344108719928536
516 517 -0.025134721733107268
516 556 0.6393700916508542
517 518 -0.1790438097417113
517 557 0.43175786602223254
518 519 -0.8653531305760447
518 558 -0.23530051946001063
519 520 0.7623437576221523
519 559 0.008658809876520124
520 560 0.6798001292185654
521 522 -0.21273017011279016
521 561 0.7922900097612704
522 523 -0.5277312594955008
522 562 0.3137065884111485
523 524 -0.37808981714587975
523 563 -0.6582980492165664
524 525 -0.6861814394802366
524 564 0.9653324235596514
525 526 -0.8911556640666531
525 565 0.3730649344857424
526 527 0.012008609149769534
526 566 0.3503271008459199
527 528 -0.727606901146699
527 567 0.5552838904957227
528 529 0.7423681178916137
528 568 0.47998034033033776
529 530 0.12988156345890345
529 569 0.5748407741976338
530 531 0.999726945017956
530 570 0.44358941804707874
531 532 0.7083342656797857
531 571 0.6739918219367917
532 533 0.32222424078060263
532 572 0.1640309782700471
533 534 -0.09750864022038308
533 573 0.7965561801542138
534 535 -0.3278388813761748
534 574 -0.6621615767301412
535 536 0.5548881724730788
535 575 0.7039652765010873
536 537 0.29676677330073664
536 576 0.5144107807983775
537 538 0.6501822379383912
537 577 0.7848473618136549
538 539 -0.36665335077156413
538 578 -0.08357160308108091
539 540 0.40885980843028924
539 579 -0.8505156422037135
540 541 -0.7470172761566689
540 580 0.11594663835366648
541 542 0.5442642432676765
541 581 -0.0968982876725415
542 543 -0.7152168379495072
542 582 -0.6333283607158273
543 544 0.7517963776684062
543 583 0.9634829962168805
544 545 0.36268984892056655
544 584 0.680922192959607
545 546 -0.4713537470088991
545 585 0.04457611768333347
546 547 0.8812517278985157
546 586 0.4050656889533111
547 548 -0.922340658605032
547 587 0.05146248524017771
548 549 -0.060649094845930174
548 588 0.7150513759252564
549 550 0.4288222935898536
549 589 0.0963396704357753
550 551 0.5858483928688987
550 590 -0.5475742707976541
551 552 -0.3272029226055502
551 591 0.8111607292026501
552 553 0.49853063569053035
552 592 -0.26066318068527083
553 554 -0.074882156087974
553 593 -0.8227052716401746
554 555 0.5630859218638173
554 594 0.9986786036221027
555 556 0.8717465702481688
555 595 0.52717380088695
556 557 -0.7773644406947504
556 596 -0.6632280439452725
557 558 -0.49442981331044966
557 597 -0.08182929511953052
558 559 -0.3373645821069138
558 598 -0.4471840551007151
559 560 0.26386382517103835
559 599 -0.29710568290318173
560 600 0.1047250605496639
561 562 -0.30907677600426586
561 601 0.9694988745705426
562 563 0.9543420030965184
562 602 0.46313702960481873
563 564 -0.25190252003710234
563 603 0.00794206386544083
564 565 0.2655051489619231
564 604 0.8593377228227086
565 566 -0.03395481922123689
565 605 0.6547021103669548
566 567 0.9577555924338854
566 606 -0.14374542270603285
567 568 -0.7681605827550577
567 607 -0.8142307552285304
568 569 -0.28995355885442
568 608 0.7853779213074135
569 570 0.22970371647057353
569 609 -0.11588533056281536
570 571 0.07547804387631696
570 610 -0.6458165328646304
571 572 -0.2108918670956268
571 611 -0.9426607772445175
572 573 0.8033919869803177
572 612 0.3664728448371286
573 574 -0.6353651484656275
573 613 -0.24473069842855066
574 575 0.3912866118262952
574 614 -0.9836358394093572
575 576 0.04428490283810782
575 615 0.9262333644942056
576 577 0.7753780817060321
576 616 -0.9066777199837521
577 578 -0.2726547723815482
577 617 -0.24439019840404175
578 579 0.9948259205584091
578 618 -0.46402028088867575
579 580 -0.5305425022540533
579 619 0.9507024707460181
580 581 0.31156839460150443
580 620 -0.1135431157696849
581 582 -0.9874797457888906
581 621 0.13103186426209978
582 583 0.5541633033075892
582 622 0.7646619893921067
583 584 -0.10859896755024212
583 623 0.04383664736673376
584 585 -0.8388207141815638
584 624 -0.7206822376881667
585 586 0.942970211682264
585 625 -0.1815166796391443
586 587 -0.6057094560378611
586 626 0.271671617343344
587 588 -0.8247551990505604
587 627 -0.6552699178402235
588 589 -0.9109264767731804
588 628 0.42542411901920807
589 590 0.5291802408248318
589 629 0.5771099755491549
590 591 0.5502338290623965
590 630 -0.83799304553384
591 592 -0.3743463623640624
591 631 0.0724492330267914
592 593 -0.4307490428633123
592 632 -0.28264737318167477
593 594 0.2945024953189934
593 633 -0.9818307039266505
594 595 -0.9826778060205741
594 634 -0.5377118597542736
595 596 0.4705128128008951
595 635 -0.18881270506806813
596 597 -0.6202553373574518
596 636 0.8326317630167812
597 598 -0.2071840159806546
597 637 -0.20893955186628577
598 599 0.7910055560244298
598 638 0.507143860249988
599 600 -0.8594840846366985
599 639 -0.7797988959509454
600 640 -0.6917656347157275
601 602 -0.9425359020734092
601 641 -0.2966305274597598
602 603 -0.808743277398227
602 642 0.0012122118886319644
603 604 0.5809838059858654
603 643 0.9049638002062361
604 605 0.279410978193682
604 644 0.2717962609751192
605 606 -0.9444478670279064
605 645 0.6652549069302736
606 607 0.5339081028769264
606 646 -0.8591490506644288
607 608 0.9933007312297613
607 647 0.8004655929411268
608 609 0.5176191305290514
608 648 -0.35283491579690485
609 610 -0.6777504593152925
609 649 0.021130729389472913
610 611 -0.3511699963866277
610 650 -0.196927953000279
611 612 -0.9651102908489362
611 651 -0.6612926262924612
612 613 -0.3488988777529278
612 652 0.8908575509671572
613 614 -0.8084062319741712
613 653 0.37059562797517387
614 615 -0.06730280904439168
614 654 0.016708891330974085
615 616 -0.7384311262459164
615 655 0.16619732228475725
616 617 -0.3776083913418218
616 656 0.33075008645332193
617 618 -0.932962052993149
617 657 -0.8122852599278862
618 619 -0.11113031092928316
618 658 -0.4156907047659928
619 620 0.18462003162108176
619 659 -0.0016039025562317732
620 621 -0.07020868190692964
620 660 -0.5362565978371501
621 622 -0.35945038906654636
621 661 0.46603547881965923
622 623 0.742704427819721
622 662 -0.6300461549495571
623 624 0.10390778797371714
623 663 0.8496244251581715
624 625 0.00893269669338026
624 664 0.14732894222297932
625 626 0.13611520838851643
625 665 0.7748754067605328
626 627 -0.6689419300306907
626 666 -0.179859497557453
627 628 -0.8913762834103034
627 667 -0.9579992563564796
628 629 0.18704451559599478
628 668 0.13892231093530327
629 630 -0.16495812271248056
629 669 0.6055279698328448
630 631 -0.651508023005922
630 670 0.11867643996567967
631 632 0.8951371620526114
631 671 0.5946207564801187
632 633 -0.5824913677793648
632 672 -0.4949541450360133
633 634 -0.1550651765737232
633 673 -0.39229522684835083
634 635 0.7316554210821193
634 674 -0.43020339662402884
635 636 0.06341380437550459
635 675 0.783443689009339
636 637 0.40571845424970676
636 676 0.6647468307209992
637 638 -0.7674923142450152
637 677 -0.3298665351650343
638 639 -0.24624944051947084
638 678 0.23887094136095288
639 640 0.0571111364732666
639 679 0.5361149393346583
640 680 -0.13212462358443222
641 642 -0.23808222159229397
641 681 0.5283202627319201
642 643 -0.07527984292395806
642 682 -0.9985122211131876
643 644 -0.42035833180011983
643 683 0.9040281888152768
644 645 0.20199805491174705
644 684 -0.5075685658528271
645 646 0.6788376564876981
645 685 -0.44537808929682354
646 647 0.23081104566329858
646 686 -0.22946788242348393
647 648 0.5814447663439883
647 687 -0.5057342082606984
648 649 0.8128050106094553
648 688 -0.12775523868533512
649 650 0.3436861494571599
649 689 0.25709704596183736
650 651 -0.302222171752619
650 690 -0.3714098566615287
651 652 0.2715131248492524
651 691 -0.1467443186578543
652 653 -0.691909576236792
652 692 -0.24742922608634643
653 654 -0.4757044923546976
653 693 0.35990641160395254
654 655 0.4043616882581511
654 694 0.1248100189213337
655 656 -0.24169069822776423
655 695 0.36655111644872407
656 657 0.42685499443623764
656 696 0.8033498778433938
657 658 -0.4513138280743023
657 697 0.45241468489128667
658 659 -0.03970304089900001
658 698 -0.623584407913051
659 660 0.6736373087184024
659 699 0.4172608688489481
660 661 0.1264772519176829
660 700 0.14298137562619684
661 662 0.336290957121286
661 701 -0.8059784516492263
662 663 0.8417705035319671
662 702 -0.07085697925975376
663 664 0.7907779548232341
663 703 -0.9793204949320602
664 665 -0.38449100064323716
664 704 0.5966784875725573
665 666 0.43810776246193983
665 705 -0.6126257839434388
666 667 -0.888571209592065
666 706 -0.1858685221423626
667 668 -0.6950980622905951
667 707 0.964939712992301
668 669 0.10206442216453793
668 708 0.5196280341184754
669 670 0.7263595230038307
669 709 -0.9887494049696774
670 671 -0.9037724361777166
670 710 -0.6791807453197278
671 672 -0.3577206800201498
671 711 -0.13026939545197957
672 673 -0.678373146044372
672 712 -0.2067960548342167
673 674 -0.29426359049522155
673 713 0.3510054875028126
674 675 -0.7253468119236512
674 714 -0.23232773570728948
675 676 -0.6980077060888803
675 715 0.3008433506075203
676 677 0.7386448358545044
676 716 -0.40204163396490933
677 678 0.4378018900793319
677 717 0.7765518872491832
678 679 0.6615731300798982
678 718 0.7890570074545857
679 680 -0.9687125781929147
679 719 -0.9000517741887044
680 720 -0.9466152066751885
681 682 0.8776078266215435
681 721 -0.36062040706594467
682 683 0.9778778809208444
682 722 0.75523988235019
683 684 -0.6319114699421005
683 723 -0.11987729319982043
684 685 -0.4266396996085897
684 724 -0.6663345024152543
685 686 -0.3391556876294606
685 725 0.45179812422572985
686 687 0.7919656236135866
686 726 -0.3806573911855753
687 688 -0.6281461713134779
687 727 0.3558200185095035
688 689 -0.26567603039321486
688 728 -0.36015022223490356
689 690 0.58236784168664
689 729 0.6218137395992993
690 691 -0.6693985710066899
690 730 0.9279458905727533
691 692 0.3062141154540583
691 731 0.5450616447901004
692 693 -0.007848168528078903
692 732 0.29330425595931575
693 694 0.870657130114066
693 733 -0.788671496423277
694 695 0.12010063952245242
694 734 0.29094058046871063
695 696 0.8933616034459471
695 735 -0.196929738487593
696 697 -0.19620580831573897
696 736 0.39958461301343107
697 698 -0.6063194628645974
697 737 -0.2044705649276488
698 699 -0.055259882163224194
698 738 0.9257050112252798
699 700 0.6314342967435975
699 739 0.10543320049058669
700 701 0.05905258723326123
700 740 0.10817361760208843
701 702 -0.16399768112520086
701 741 0.6063733340547148
702 703 0.8980514694219481
702 742 0.7211612986186171
703 704 0.9769553595292169
703 743 0.05220391629789134
704 705 -0.8449444115799782
704 744 0.11141283118221113
705 706 0.2633328211899726
705 745 0.37856204374557145
706 707 -0.7451515418677741
706 746 0.6355012884417182
707 708 0.6596433067745924
707 747 -0.5035855064504655
708 709 -0.33409461256962114
708 748 0.43744008696481496
709 710 -0.16313952627502526
709 749 0.02205048617331018
710 711 -0.7303202795228887
710 750 -0.11961480567680871
711 712 -0.034354775642413626
711 751 0.28033015474526146
712 713 0.4845975170907053
712 752 -0.6038225433733584
713 714 -0.5551450349785041
713 753 -0.8632208623870328
714 715 -0.837317711001609
714 754 0.4592580249901681
715 716 -0.7304768994756774
715 755 0.22447436833436596
716 717 0.22786357850735794
716 756 0.09899685885078946
717 718 0.30709339038756456
717 757 -0.4835383225418324
718 719 0.4690156192250352
718 758 0.9901577438612006
719 720 0.06523847953727713
719 759 0.44645131081859124
720 760 -0.21382284021696107
721 722 -0.1350481344191683
721 761 -0.45970851681706937
722 723 -0.5655776941675714
722 762 0.21075500262523383
723 724 -0.6350010411534253
723 763 -0.47869806530963976
724 725 0.41503961720789895
724 764 0.7122764361485341
725 726 0.47623554589924866
725 765 0.5893184673960492
726 727 -0.45834366716501185
726 766 -0.2739156022154585
727 728 -0.8847422176740412
727 767 -0.05719495321519674
728 729 0.8195745806547228
728 768 0.5106043235454067
729 730 -0.29628147730660714
729 769 0.41230800752526653
730 731 -0.5219638355042433
730 770 0.017990494632339926
731 732 -0.11437077995930212
731 771 0.5312043735170153
732 733 -0.9661569547222371
732 772 0.6745667466977829
733 734 -0.8952192120410238
733 773 0.16420083039169997
734 735 0.06194472456473421
734 774 -0.6336852719686821
735 736 0.07113421639397344
735 775 -0.15936239182232192
736 737 -0.1964121319036558
736 776 0.7502278119603625
737 738 -0.5584047582380407
737 777 0.033301512842505376
738 739 0.01440299190773664
738 778 -0.7948173452829008
739 740 -0.3874417627947515
739 779 0.45642499877056597
740 741 -0.5381175059688712
740 780 -0.8169743678255796
741 742 0.733843975757889
741 781 -0.5519035752760368
742 743 0.07738808863236768
742 782 0.7692069501886956
743 744 0.12087098108196326
743 783 -0.5890466644935266
744 745 0.7548252460683706
744 784 0.3911472856147744
745 746 0.9240385725081384
745 785 -0.6097550418247928
746 747 0.3483778822045045
746 786 -0.3890354773661353
747 748 -0.9899102189269471
747 787 -0.6181533284460545
748 749 0.9786311347660945
748 788 -0.7752057215844994
749 750 -0.9264841856754249
749 789 -0.028708101266627928
750 751 -0.4718303100618195
750 790 -0.44458416916149046
751 752 0.3771405452061578
751 791 -0.6620416467949835
752 753 0.19459998553498625
752 792 -0.2922568985421068
753 754 0.37063316635803134
753 793 0.2647964703148744
754 755 -0.8310938177295455
754 794 0.4409148034927035
755 756 -0.6421952146720598
755 795 0.8488664718249999
756 757 -0.3585154751255757
756 796 -0.7973830982452081
757 758 0.8152175473966732
757 797 0.3020608013216042
758 759 -0.029475516878441743
758 798 0.30751371022455554
759 760 0.6775530279975186
759 799 0.6530204288317132
760 800 -0.894468676143136
761 762 0.6021117726527889
761 801 0.2764776122462427
762 763 -0.056093758928141835
762 802 -0.28178217041343956
763 764 -0.9655862044207901
763 803 -0.5074407670235581
764 765 -0.5611081174661028
764 804 -0.875833405960359
765 766 -0.8320352606800525
765 805 -0.08756540220341846
766 767 -0.9378527452139285
766 806 -0.3042698434663249
767 768 0.835497471971197
767 807 0.2486490932313803
768 769 0.5621671580892649
768 808 0.2819936415787001
769 770 -0.8863763774466586
769 809 0.21932246182292636
770 771 -0.7811933206889468
770 810 -0.8590563488529661
771 772 0.7832831833727629
771 811 -0.7253959729981339
772 773 0.9706533558965706
772 812 -0.13934688331573364
773 774 -0.8617508520175616
773 813 -0.8775476031274494
774 775 -0.899843252319477
774 814 0.12815688551239712
775 776 -0.8082073355949737
775 815 -0.2746211580975033
776 777 -0.12470229664193444
776 816 0.9289742266481507
777 778 0.6136897823845759
777 817 0.36506816308010936
778 779 -0.43207646648372844
778 818 0.8613533793294279
779 780 -0.65102405083921
779 819 -0.1812572512735955
780 781 0.9745767460159394
780 820 0.9616180486287684
781 782 -0.7626174080001864
781 821 0.6759335411382452
782 783 0.38378298622536056
782 822 0.12971086439529889
783 784 0.7915854998671652
783 823 -0.5360731908352918
784 785 -0.29349700770909437
784 824 0.9438916217071878
785 786 -0.6460878182135692
785 825 0.410133664489436
786 787 -0.8948590330230797
786 826 0.04058524039018763
787 788 -0.8939067054782024
787 827 -0.26221991244097675
788 789 -0.46389775739743877
788 828 -0.12542041748960253
789 790 -0.03675464945637463
789 829 -0.8058755351259685
790 791 0.9727697184887678
790 830 0.5338658825505389
791 792 0.19738044839025637
791 831 0.7623565230510674
792 793 0.9238581792941623
792 832 -0.3009845774403419
793 794 -0.07931571074641863
793 833 -0.5503226691254524
794 795 -0.4600272035812927
794 834 -0.8647039361225797
795 796 0.5998021268619509
795 835 -0.9854959722941896
796 797 -0.3557125154750178
796 836 -0.059132434939053624
797 798 0.3741810597674027
797 837 -0.0772775392077445
798 799 0.5602147715271557
798 838 -0.89526837139344
799 800 -0.4175875456081535
799 839 -0.4531968718511201
800 840 0.872001886551049
801 802 -0.8626197330836856
801 841 0.20728895273822245
802 803 0.058584904616660216
802 842 0.12964622136747628
803 804 -0.22697621676721025
803 843 -0.00566389689648461
804 805 -0.19308309736525509
804 844 0.931420870355764
805 806 0.7015575792329589
805 845 0.9784041913336838
806 807 -0.5990651246009968
806 846 0.6315622369447893
807 808 -0.2974836032406958
807 847 0.6966913267584462
808 809 0.46916274446904627
808 848 -0.9786827472456014
809 810 -0.9296449663578896
809 849 0.8179089984951085
810 811 0.5230567030587441
810 850 -0.8781725649057159
811 812 0.9291991489082976
811 851 0.48958231410480035
812 813 -0.7624040695250625
812 852 -0.5134170799601669
813 814 -0.3781966787208817
813 853 0.6826129821601323
814 815 0.10647073931003348
814 854 -0.3696464695236217
815 816 0.859047683023556
815 855 0.4254673348621303
816 817 0.6832886923449786
816 856 0.8669571936382647
817 818 0.23910523442434828
817 857 -0.36823503851979944
818 819 -0.5122189066182454
818 858 -0.3039011179540887
819 820 0.016476419563489886
819 859 0.12375095194135177
820 821 -0.8582028761543268
820 860 -0.7838284575281624
821 822 0.5979023755224544
821 861 -0.9838670424430345
822 823 0.20209329357167993
822 862 -0.526139227714189
823 824 -0.2719849954931002
823 863 0.45713652260383997
824 825 -0.9412858037598557
824 864 -0.2809587828783746
825 826 0.6010362656876163
825 865 -0.13308793848907863
826 827 0.5218920164181933
826 866 -0.779370033012738
827 828 -0.632352236320183
827 867 -0.0348782581110898
828 829 -0.4211495349852252
828 868 0.4327848189073371
829 830 -0.13059365907488285
829 869 -0.6487405919415825
830 831 0.11529909732202603
830 870 -0.754018457977752
831 832 0.08275452158183105
831 871 0.5391633411299415
832 833 -0.30611127952846773
832 872 0.39035396232707664
833 834 -0.1327504386001448
833 873 -0.31528350014491746
834 835 0.5219727147636732
834 874 0.11684112543514336
835 836 0.6506684900388751
835 875 -0.7113232467774877
836 837 0.07472455648979892
836 876 0.26432451681063873
837 838 0.7113899797503362
837 877 0.772218425010551
838 839 -0.14486024873304082
838 878 -0.597876153707716
839 840 -0.2525400688735182
839 879 0.29863561729656274
840 880 0.9869815025389146
841 842 0.5911491168579532
841 881 -0.9359836871484064
842 843 0.6670980024983808
842 882 -0.8743733550300221
843 844 -0.3929170359485792
843 883 -0.9739178847978431
844 845 -0.7107444907814762
844 884 0.11094782825345151
845 846 0.44726781967698903
845 885 0.6163825841235078
846 847 -0.7977647974889344
846 886 -0.937008685536789
847 848 -0.7935061900043809
847 887 0.276980378448372
848 849 -0.1429025026715658
848 888 0.5697436649057175
849 850 -0.02240023734883856
849 889 0.8028297774457378
850 851 0.07124193094685727
850 890 -0.6867118557957848
851 852 0.28517281247956183
851 891 0.8015904776924412
852 853 0.9295655804014595
852 892 0.11685770393733663
853 854 -0.219762961930988
853 893 0.7910654724144179
854 855 -0.6530810153057982
854 894 -0.9645995357630908
855 856 -0.8253139598296864
855 895 0.8130569256225406
856 857 -0.7501901060984753
856 896 -0.638252173933813
857 858 -0.8654866866655564
857 897 0.9632655273107964
858 859 0.7026034080467087
858 898 0.3562450343361221
859 860 0.860141445227788
859 899 0.15077330054451776
860 861 0.9327175128396641
860 900 0.9925338163192667
861 862 0.26173767759019184
861 901 -0.5545273230123462
862 863 0.8144354376582015
862 902 -0.7058548046296214
863 864 -0.5120621913017884
863 903 0.844880887651656
864 865 0.14031042566278717
864 904 0.36491758041542943
865 866 0.043717188866942314
865 905 -0.6323737573810988
866 867 -0.4196265619098447
866 906 0.41550292252791676
867 868 -0.5744243169873349
867 907 0.09125863901273457
868 869 -0.4110858529511965
868 908 0.9069556566337884
869 870 0.49455970791161885
869 909 0.07036870759351377
870 871 -0.23686809046229063
870 910 -0.78043518257058
871 872 -0.8372735997103322
871 911 -0.19690187005441695
872 873 0.7587616362425937
872 912 0.04915681689370999
873 874 -0.1697386283328537
873 913 0.5906930316296235
874 875 -0.453820230784981
874 914 0.4089971302772002
875 876 -0.26553184362776894
875 915 -0.8027462886280421
876 877 0.034773527197200504
876 916 0.36829235865908294
877 878 0.007876546365204629
877 917 0.06473375021143779
878 879 -0.9428942800105806
878 918 -0.07812780788328855
879 880 0.33967779797264663
879 919 0.2580494338229691
880 920 -0.8161247106160905
881 882 -0.08910435578813392
881 921 0.5803450826765713
882 883 0.21273324631484325
882 922 0.0072254898813775
883 884 0.7537002561670354
883 923 -0.5278098667711759
884 885 0.5531885098775136
884 924 -0.6101811577945906
885 886 -0.7753295211947882
885 925 0.9597877127057872
886 887 0.01252621218621397
886 926 0.21192309789915953
887 888 0.27327933399859927
887 927 0.7762885519918186
888 889 0.8357002164023002
888 928 0.04496240102995874
889 890 0.03703835560254465
889 929 0.17771096712194323
890 891 -0.2883742751167706
890 930 0.42652048259928854
891 892 0.9368515744520818
891 931 0.22322888255614903
892 893 0.6460926809982515
892 932 -0.14548563286371285
893 894 -0.8030568561691975
893 933 0.8211205393090226
894 895 -0.9069401735259679
894 934 -0.9495401039567604
895 896 0.5678673289497553
895 935 0.1044597895737156
896 897 0.8365030560800479
896 936 -0.5113656095933714
897 898 0.422129486251573
897 937 0.8744765532155119
898 899 -0.4859905346699933
898 938 -0.7676013723948083
899 900 -0.07461010847705674
899 939 0.33883175607462523
900 901 0.6614460703194649
900 940 -0.5238371926398668
901 902 0.031098558163030976
901 941 -0.5915146877485506
902 903 -0.7767294881704081
902 942 0.9072119993636607
903 904 -0.5646188001860746
903 943 -0.20718987590754456
904 905 -0.9454066913810091
904 944 0.2014442711579132
905 906 -0.8678323009477171
905 945 0.32341751803091334
906 907 -0.7625959209543596
906 946 0.49843401171473456
907 908 -0.551114991367365
907 947 -0.6652489365774672
908 909 0.86921298791014
908 948 -0.1663958146980702
909 910 0.42759707196113617
909 949 -0.6015097726513856
910 911 0.07090392973794302
910 950 0.6813501392042698
911 912 0.046699558496778204
911 951 -0.8210174849755594
912 913 -0.36078089136347535
912 952 -0.9682646298208628
913 914 -0.16723146813605516
913 953 0.024871162466614694
914 915 -0.018189882876322727
914 954 -0.39312297418791853
915 916 0.6551067390821417
915 955 -0.8243382141929683
916 917 0.5806834762544735
916 956 0.1786239814182884
917 918 -0.8799224151339504
917 957 -0.027559294152611713
918 919 -0.705687112414954
918 958 -0.2476642963943767
919 920 0.7715197785148615
919 959 -0.9839140214793294
920 960 -0.39112393919274857
921 922 0.9771930362274586
921 961 0.16792908700193343
922 923 -0.6794026143488905
922 962 -0.7091090428874545
923 924 -0.5621970488769585
923 963 -0.9916696024310969
924 925 -0.3025189878543286
924 964 -0.5546531288783321
925 926 -0.34915439967060546
925 965 -0.6437703550459275
926 927 -0.036882215340362734
926 966 -0.7194638478887407
927 928 0.775060057062261
927 967 -0.5417688112580059
928 929 0.3771335947439407
928 968 0.9038699448424139
929 930 -0.440330365439882
929 969 -0.284188345792763
930 931 0.6936829942780527
930 970 0.1117132160473715
931 932 -0.372930607006688
931 971 0.9877689866835002
932 933 0.11729031651742106
932 972 -0.5000209230028971
933 934 0.45770904823551906
933 973 -0.7456299980095538
934 935 -0.44794896255046646
934 974 0.5997867323745467
935 936 0.9907402995346497
935 975 0.6898888326044983
936 937 -0.26915774510210344
936 976 -0.5336418739892526
937 938 -0.19012437199640786
937 977 0.5553906112346039
938 939 -0.8344760347013165
938 978 -0.3931705483000174
939 940 0.113133986778444
939 979 0.25882519920210223
940 941 -0.7753265183259708
940 980 -0.35750294456283815
941 942 0.29949699502433846
941 981 -0.15481753030319734
942 943 0.5423188379415598
942 982 -0.09928986813804408
943 944 0.619588500232678
943 983 -0.3869860759319472
944 945 0.7869178539154054
944 984 -0.28462970223098605
945 946 -0.7101693475722943
945 985 -0.5697440356704875
946 947 0.02529518620216553
946 986 -0.24668190948630397
947 948 0.5319572030388562
947 987 0.017720234647680355
948 949 0.7945921669676619
948 988 0.20267443089488268
949 950 -0.7794051786767235
949 989 0.06668033876156398
950 951 0.34099931230353797
950 990 0.28039139401125857
951 952 -0.9976349937091911
951 991 0.7888283978184321
952 953 -0.03889901015640396
952 992 0.514264133190887
953 954 -0.8096520440661181
953 993 -0.8448469345920959
954 955 -0.49136710299299735
954 994 0.25756586550941485
955 956 0.8244957488872171
955 995 0.15081305193913064
956 957 -0.725282507178
956 996 -0.9556643772694693
957 958 0.6180271724020501
957 997 -0.3087651755830765
958 959 0.44680409862037784
958 998 -0.0732475099098624
959 960 0.25936045710319755
959 999 -0.18927615458445568
960 1000 -0.01041976718014137
961 962 -0.9221754047153563
961 1001 -0.10715418496419482
962 963 0.27568172404315905
962 1002 0.7658122807225973
963 964 -0.4799381288545612
963 1003 -0.4500150020136222
964 965 -0.06614316705335965
964 1004 0.8702757927645646
965 966 0.3404307766880166
965 1005 -0.9868095135723505
966 967 0.06653136419307493
966 1006 0.6106386222523061
967 968 -0.16985539110003756
967 1007 -0.30322730169558154
968 969 0.11584599446074528
968 1008 0.18760012416205418
969 970 0.11684583352309974
969 1009 0.12184307644611492
970 971 -0.9294863770570072
970 1010 -0.6889584235040964
971 972 -0.5655743103998003
971 1011 0.20053963044154433
972 973 0.13627405800135595
972 1012 0.68105696156714
973 974 0.436117223788711
973 1013 0.8141204347042779
974 975 -0.02431257247715357
974 1014 0.05104753585568078
975 976 -0.7368842110271294
975 1015 -0.5710460956306953
976 977 0.21636006886604964
976 1016 -0.6125659889510584
977 978 0.17453848642062364
977 1017 -0.626689372993509
978 979 0.7893806311970892
978 1018 -0.9481129786078073
979 980 0.256337378017353
979 1019 -0.19873040400150455
980 981 0.17109451756357252
980 1020 -0.09248674419494951
981 982 -0.3957760006406419
981 1021 -0.7257124026012531
982 983 -0.9612170503775361
982 1022 -0.8792157272263434
983 984 -0.6281042678976541
983 1023 -0.11731226833924158
984 985 0.3685473746321546
984 1024 -0.542024847846653
985 986 -0.7022587586251214
985 1025 0.8202968603935312
986 987 0.6631651109687053
986 1026 -0.45587358968840386
987 988 0.30297166810735754
987 1027 -0.9324034239650973
988 989 0.9237352388492086
988 1028 -0.7363851653733755
989 990 -0.12920139153987464
989 1029 0.20729233529534818
990 991 0.45249443393293576
990 1030 0.9249352640381563
991 992 0.94998013357468
991 1031 -0.11370953281459428
992 993 -0.8411334236388763
992 1032 -0.46174030074646244
993 994 -0.945650672818793
993 1033 -0.2655537101773515
994 995 0.3530840112473397
994 1034 -0.5910026414343073
995 996 0.8291379192688473
995 1035 0.46250521063078476
996 997 0.07985721389529576
996 1036 -0.5076342095066022
997 998 -0.2798554027919944
997 1037 -0.8712245467017177
998 999 0.6070655245050831
998 1038 -0.9497477584779004
999 1000 -0.8720975495048515
999 1039 -0.48884691448229556
1000 1040 0.1753561901441245
1001 1002 -0.6236549694133715
1001 1041 0.2541112937104968
1002 1003 -0.9342683782988572
1002 1042 -0.14395619706375973
1003 1004 0.14684291680406947
1003 1043 0.040813185968472165
1004 1005 0.26243836339541327
1004 1044 -0.778930973479864
1005 1006 -0.15644560955067122
1005 1045 0.3928525059102961
1006 1007 0.7021169646599099
1006 1046 0.7812343032543567
1007 1008 0.6689634484324241
1007 1047 -0.0012429498151429463
1008 1009 -0.13130670079318985
1008 1048 -0.4084387672474352
1009 1010 -0.025501520046580906
1009 1049 0.9558659298757508
1010 1011 0.5695576891515779
1010 1050 0.137273855041937
1011 1012 -0.21028328037379906
1011 1051 0.3217634429627849
1012 1013 0.19903586828952946
1012 1052 -0.6795936703451586
1013 1014 0.6989272959609112
1013 1053 0.16486540140049266
1014 1015 -0.4265202457949302
1014 1054 0.3494252453525859
1015 1016 0.9273311824203565
1015 1055 -0.9553051502398795
1016 1017 0.3208443832879475
1016 1056 -0.9458013484978673
1017 1018 0.3141027660122324
1017 1057 -0.6720310912140302
1018 1019 0.8594965010292384
1018 1058 0.3857915503657632
1019 1020 0.5083683431525969
1019 1059 -0.9592230812130575
1020 1021 0.3285716932237388
1020 1060 -0.4676774073637462
1021 1022 -0.961597046013901
1021 1061 0.057630310410161645
1022 1023 -0.7069017406534059
1022 1062 0.18598462369342394
1023 1024 0.8990266049363433
1023 1063 0.5261017185746417
1024 1025 -0.7740989985746609
1024 1064 0.22530905064935092
1025 1026 0.6476596382031148
1025 1065 0.16795865546227873
1026 1027 -0.29678790125980026
1026 1066 -0.4711984991544511
1027 1028 -0.611335441307495
1027 1067 -0.3438814396986205
1028 1029 0.765712153876799
1028 1068 -0.8992817371873698
1029 1030 -0.593045527241078
1029 1069 -0.09635275247222697
1030 1031 0.16114122876437742
1030 1070 -0.563634957730192
1031 1032 0.46453721040183216
1031 1071 -0.8456618816098178
1032 1033 -0.584018760376583
1032 1072 -0.19008330229381287
1033 1034 -0.38582373413828397
1033 1073 0.7783624947147465
1034 1035 0.5805680608040604
1034 1074 0.6243811118175837
1035 1036 0.8873431806287235
1035 1075 -0.6653192761024074
1036 1037 0.5899745959033675
1036 1076 -0.9240012780890057
1037 1038 0.1486906891417754
1037 1077 0.6058039809280458
1038 1039 0.07278121925422054
1038 1078 0.7002346753328552
1039 1040 -0.40953486297614283
1039 1079 -0.27231577613584257
1040 1080 -0.9088584050113659
1041 1042 -0.5693644010545076
1041 1081 -0.6980597846850072
1042 1043 0.7557861465229914
1042 1082 -0.04698584102933423
1043 1044 0.5984595116339826
1043 1083 0.5566890215378091
1044 1045 -0.31445449632883493
1044 1084 0.4075056148561267
1045 1046 -0.9909018312122178
1045 1085 -0.3517996361662006
1046 1047 0.5753333754562382
1046 1086 0.8880437532766399
1047 1048 0.4300303200533535
1047 1087 -0.7813484234290629
1048 1049 0.3953406616720787
1048 1088 -0.06799034914617463
1049 1050 -0.2760104584273506
1049 1089 0.7501700880316098
1050 1051 -0.529676393271483
1050 1090 0.4181756139765145
1051 1052 -0.7507450270350233
1051 1091 0.5763161446282388
1052 1053 0.4576597773201183
1052 1092 -0.6614923649918063
1053 1054 -0.4324249012561079
1053 1093 -0.08077647597782822
1054 1055 0.3460579155897685
1054 1094 -0.8902621137598883
1055 1056 0.11339099565005428
1055 1095 -0.3741538986723054
1056 1057 0.947519462855241
1056 1096 -0.9583169604402708
1057 1058 -0.860558124324394
1057 1097 0.10147947005812652
1058 1059 -0.12788010211515188
1058 1098 -0.17878515475335255
1059 1060 -0.8174556818014058
1059 1099 0.5001395183917914
1060 1061 0.5628759351578987
1060 1100 -0.5271416454883124
1061 1062 0.43272274500053465
1061 1101 0.3637503907809594
1062 1063 0.8251493034991417
1062 1102 -0.8632445316621304
1063 1064 0.3016226095718013
1063 1103 0.2941182541179077
1064 1065 -0.5780403966361014
1064 1104 -0.49167370702988555
1065 1066 -0.149553330580106
1065 1105 0.53205933688769
1066 1067 0.29996230781606803
1066 1106 -0.9526293214681232
1067 1068 -0.717273122720995
1067 1107 0.8289430947884247
1068 1069 -0.9144400107577175
1068 1108 -0.30695939571019126
1069 1070 -0.20342423676237043
1069 1109 0.8234439267598963
1070 1071 -0.731104413086689
1070 1110 0.22491629239318045
1071 1072 -0.07601303006859794
1071 1111 -0.36032257284441416
1072 1073 0.3457397462686973
1072 1112 -0.850784842586827
1073 1074 -0.3826373314670535
1073 1113 0.9023538211145992
1074 1075 -0.13327674182193672
1074 1114 -0.9576734790277532
1075 1076 0.9287458276449152
1075 1115 0.12912106950531888
1076 1077 -0.0011577234976327677
1076 1116 -0.3864793076639259
1077 1078 -0.7054896591796718
1077 1117 0.6443369964136985
1078 1079 -0.4708378938734954
1078 1118 0.2955604952055022
1079 1080 -0.5397971648657434
1079 1119 0.3925436269745888
1080 1120 0.5784777630553051
1081 1082 0.07228861335914893
1081 1121 -0.7992264115509014
1082 1083 -0.2648589249018145
1082 1122 -0.5186994962818432
1083 1084 0.8601574709346789
1083 1123 0.05141985712900121
1084 1085 0.989056855028156
1084 1124 -0.27599699230325925
1085 1086 -0.7147101017594957
1085 1125 -0.7608726248796436
1086 1087 -0.347867256929453
1086 1126 -0.6489544065305155
1087 1088 -0.3228850292766068
1087 1127 0.5412152750089565
1088 1089 -0.9248269864186245
1088 1128 -0.5311921507048698
1089 1090 -0.009455829184300768
1089 1129 -0.026487079435588035
1090 1091 0.1624210024008217
1090 1130 0.47691987508247613
1091 1092 -0.6387496416681702
1091 1131 -0.5316957520206169
1092 1093 -0.880357371955578
1092 1132 -0.8519639303227104
1093 1094 0.8573823476567426
1093 1133 -0.11121697072016223
1094 1095 0.030171647458842044
1094 1134 -0.45378769487175274
1095 1096 0.22654613704171522
1095 1135 0.45863772062924846
1096 1097 -0.16112674611040134
1096 1136 -0.6995052471118692
1097 1098 -0.0005035290824511041
1097 1137 0.8905486738726371
1098 1099 -0.0657059939844089
1098 1138 0.8590871488646654
1099 1100 0.433291497420635
1099 1139 0.6748865011227609
1100 1101 -0.08976010000865364
1100 1140 0.7008276307652466
1101 1102 -0.028215358319155115
1101 1141 -0.5540397819558058
1102 1103 -0.8256416131738076
1102 1142 0.645778277309617
1103 1104 0.4712845767150122
1103 1143 0.6188643730813841
1104 1105 0.7558038823516777
1104 1144 0.6944814204640604
1105 1106 0.08707624042075746
1105 1145 -0.30295731106444745
1106 1107 -0.04919393056083088
1106 1146 0.2671290966905655
1107 1108 0.06702596607037248
1107 1147 0.26668122017559814
1108 1109 0.9858840502518531
1108 1148 -0.629384170721075
1109 1110 -0.7544036733300641
1109 1149 -0.4052005085242667
1110 1111 -0.3537422615926473
1110 1150 -0.21274772763803051
1111 1112 0.10377727789865987
1111 1151 0.4782570900456182
1112 1113 0.4976982412788262
1112 1152 0.7380374291653347
1113 1114 0.012134746135106234
1113 1153 -0.3117769202337166
1114 1115 -0.34742377142434755
1114 1154 0.6682804615697155
1115 1116 -0.01941050477969375
1115 1155 0.6183164344827126
1116 1117 -0.6505146870600604
1116 1156 0.3947867594179171
1117 1118 0.30269831840835804
1117 1157 0.5578404207152667
1118 1119 0.05759813556367677
1118 1158 -0.5314998165882188
1119 1120 0.28427146390060987
1119 1159 -0.5354869413913568
1120 1160 -0.7793396038872678
1121 1122 0.46231686396132554
1121 1161 0.8793020788823496
1122 1123 -0.9035364456727404
1122 1162 -0.6496664415817002
1123 1124 0.869914518897041
1123 1163 0.632729922365505
1124 1125 0.03791045908537982
1124 1164 -0.5523394798579702
1125 1126 0.8786113689463684
1125 1165 -0.8510467973405138
1126 1127 0.445171597252219
1126 1166 0.23006708357040062
1127 1128 -0.9911787577348372
1127 1167 -0.38103707303863765
1128 1129 0.9462708897009968
1128 1168 0.47993687818408204
1129 1130 0.9150244809548382
1129 1169 -0.23085674638225862
1130 1131 0.021033772295333097
1130 1170 0.1300329282992112
1131 1132 -0.34025057591368135
1131 1171 -0.8387696914028586
1132 1133 -0.2303129232981802
1132 1172 -0.9810461580651697
1133 1134 -0.07918988067141086
1133 1173 -0.6491397823180705
1134 1135 0.09502078222108956
1134 1174 -0.3636897923608633
1135 1136 -0.3326027098726032
1135 1175 -0.4564095912754942
1136 1137 -0.8288562581984988
1136 1176 -0.6789102079178764
1137 1138 0.40544260196020465
1137 1177 -0.6797658487057805
1138 1139 -0.8895389051340208
1138 1178 -0.3290129407915796
1139 1140 0.9831964485070328
1139 1179 -0.9224730526917679
1140 1141 0.6030995536175221
1140 1180 0.41179386273272844
1141 1142 -0.4303532367867584
1141 1181 0.1930860903026086
1142 1143 0.07043061283758578
1142 1182 -0.6798044015962368
1143 1144 0.3760836875758209
1143 1183 0.239483587563603
1144 1145 0.8530163422009793
1144 1184 0.8690369239426585
1145 1146 -0.017495396684901188
1145 1185 -0.9078710701672952
1146 1147 0.43475911911496623
1146 1186 0.3037455510188871
1147 1148 0.20700770715498273
1147 1187 -0.5673742685594638
1148 1149 -0.8104962338270405
1148 1188 -0.848956153032048
1149 1150 -0.10202019094818082
1149 1189 0.26874834845270845
1150 1151 0.43622602520406484
1150 1190 -0.2815194681115105
1151 1152 -0.18015249716119386
1151 1191 -0.4771088299969084
1152 1153 -0.7278549576076014
1152 1192 0.792674107016677
1153 1154 -0.6525651507277879
1153 1193 0.09301912295377446
1154 1155 0.685054586669037
1154 1194 0.9726996146490472
1155 1156 0.4212559559962479
1155 1195 -0.7589828366860984
1156 1157 -0.6336529852045316
1156 1196 -0.7424549275825125
1157 1158 0.08472956041054336
1157 1197 -0.18590546175812372
1158 1159 0.3890130004748613
1158 1198 0.5533363674816261
1159 1160 0.49781352284862024
1159 1199 0.12010479324033851
1160 1200 0.9226977571274739
1161 1162 0.8866363689264036
1161 1201 -0.25052298996444766
1162 1163 0.11355086533269887
1162 1202 0.060170965945800736
1163 1164 -0.621700427090736
1163 1203 0.3949902720170315
1164 1165 -0.30505995143170606
1164 1204 -0.7341618515838972
1165 1166 -0.05075126871606428
1165 1205 -0.32690132131446936
1166 1167 -0.9633465239554537
1166 1206 0.7616554911101483
1167 1168 -0.730907693267624
1167 1207 0.5006130470382144
1168 1169 0.15362883138428596
1168 1208 -0.43345262883151414
1169 1170 0.6757803207549209
1169 1209 0.3705415951694515
1170 1171 -0.8645873954309249
1170 1210 0.9768503852535995
1171 1172 0.49002838818210637
1171 1211 0.4777748011332492
1172 1173 -0.9438772774319599
1172 1212 -0.6176197058252828
1173 1174 -0.43782307986249624
1173 1213 0.6053827160007985
1174 1175 0.6469237089644955
1174 1214 0.1856449060634846
1175 1176 0.3603483892280628
1175 1215 -0.4071799290772864
1176 1177 -0.8944834863613396
1176 1216 0.9589147404445941
1177 1178 0.37006358151893726
1177 1217 -0.5123835951864208
1178 1179 -0.2831806385514426
1178 1218 0.7867418807456334
1179 1180 -0.2670884658987043
1179 1219 0.07134529636841602
1180 1181 0.40907553314920597
1180 1220 -0.12968413555356895
1181 1182 0.008886957634818504
1181 1221 0.7305202849809673
1182 1183 0.0662230598308935
1182 1222 0.5269377482893631
1183 1184 0.6959734265580801
1183 1223 0.488512137901691
1184 1185 -0.8469399149421706
1184 1224 0.5209081435491887
1185 1186 -0.5644760642472189
1185 1225 -0.6219007866130719
1186 1187 -0.22852312398075592
1186 1226 -0.4636458349921855
1187 1188 0.3995923104686383
1187 1227 0.4118247040486227
1188 1189 0.8399398203293442
1188 1228 -0.22846361999945808
1189 1190 -0.23401127832631174
1189 1229 -0.946975214421544
1190 1191 -0.38790960799010943
1190 1230 -0.5710559833370294
1191 1192 0.9790332573335063
1191 1231 0.020784904724885145
1192 1193 -0.047651119714330115
1192 1232 -0.21255975166658736
1193 1194 0.21023132567155467
1193 1233 0.5700525030779451
1194 1195 -0.580599349695863
1194 1234 0.16079974121951301
1195 1196 0.5575892277338199
1195 1235 -0.6169780087769463
1196 1197 0.2873956623070171
1196 1236 0.2517690669311248
1197 1198 0.38371134398131534
1197 1237 -0.4010931671824267
1198 1199 -0.7146497364625386
1198 1238 -0.11837723570391612
1199 1200 -0.19724298998878798
1199 1239 -0.26606734747400096
1200 1240 0.28685294511555703
1201 1202 0.19150049174805162
1201 1241 0.3239654245489354
1202 1203 0.08844310123399901
1202 1242 -0.401894502766567
1203 1204 0.8299432038464087
1203 1243 0.8061028786147946
1204 1205 -0.6311356428343939
1204 1244 -0.40217737241647544
1205 1206 0.8657002328199992
1205 1245 0.16527544480948975
1206 1207 0.45873464748868975
1206 1246 -0.2447184344399791
1207 1208 -0.8819536232867686
1207 1247 -0.7178307352233344
1208 1209 -0.8376766613218982
1208 1248 0.3225462843482354
1209 1210 -0.3669148843869361
1209 1249 -0.5920788441356248
1210 1211 0.17926838200975093
1210 1250 0.3447630820021934
1211 1212 0.11677795948129477
1211 1251 -0.015129035511968647
1212 1213 0.9486093631540764
1212 1252 0.6399874076560848
1213 1214 -0.8953988747827872
1213 1253 -0.17003560101512738
1214 1215 0.5583496385857851
1214 1254 -0.7423291619681704
1215 1216 -0.09517533295161584
1215 1255 0.5813664775116134
1216 1217 0.48576035324571776
1216 1256 0.8367346978570969
1217 1218 -0.7519168699130045
1217 1257 0.6555403044229855
1218 1219 0.2017987691470351
1218 1258 0.6239980488159829
1219 1220 0.5084772567917764
1219 1259 0.530517290255331
1220 1221 -0.7953097644732743
1220 1260 -0.3379761463891411
1221 1222 0.77083794742114
1221 1261 0.9982180660056503
1222 1223 -0.77164914814926
1222 1262 -0.4348447677081797
1223 1224 0.3615174576432938
1223 1263 -0.7503603801251213
1224 1225 0.33148185513550943
1224 1264 0.29697652451820655
1225 1226 -0.5551070089032903
1225 1265 -0.43810101662808587
1226 1227 0.885955323788407
1226 1266 0.3785945076114463
1227 1228 -0.044995773656580695
1227 1267 -0.9666999269552758
1228 1229 0.2894810935576393
1228 1268 0.8706501396380419
1229 1230 0.8166151215578645
1229 1269 0.9472332087464854
1230 1231 0.8085554131652146
1230 1270 -0.41888548121095615
1231 1232 0.42743285723285607
1231 1271 0.8806666849388054
1232 1233 -0.2880919994637845
1232 1272 0.7589205358723925
1233 1234 -0.7091638864697689
1233 1273 0.7787980004711688
1234 1235 -0.5488999946547852
1234 1274 -0.38502908832564975
1235 1236 0.5817763223312207
1235 1275 0.44598654968212825
1236 1237 0.2753962520182578
1236 1276 -0.6334585160349453
1237 1238 -0.0445910760395245
1237 1277 0.5046026036454991
1238 1239 -0.16516242179394602
1238 1278 -0.29697420665523233
1239 1240 0.6702507033211351
1239 1279 -0.7096394595243902
1240 1280 0.15364044591469717
1241 1242 0.021160910506540676
1241 1281 -0.05821483671230099
1242 1243 0.7308480624289246
1242 1282 0.6938930870932059
1243 1244 0.7234020706920736
1243 1283 0.2952727918260234
1244 1245 -0.9028368917439451
1244 1284 -0.4444024189685931
1245 1246 0.35942581172482035
1245 1285 -0.07534139721549526
1246 1247 0.28879668864473484
1246 1286 -0.10678098129932478
1247 1248 0.022952030176087268
1247 1287 0.33132662860517237
1248 1249 -0.32281860591584977
1248 1288 0.7564954168648284
1249 1250 0.898122532393199
1249 1289 0.6816543584825578
1250 1251 -0.8579121252580213
1250 1290 0.48711334401560324
1251 1252 0.9019742985453365
1251 1291 -0.2732480899832912
1252 1253 0.23091726210672991
1252 1292 0.17534877316873976
1253 1254 0.7707947960327957
1253 1293 0.6012025284198694
1254 1255 0.9651661480726548
1254 1294 0.8036119422358077
1255 1256 -0.46537244743677086
1255 1295 -0.7721480278030382
1256 1257 0.4065930891642522
1256 1296 0.23984829289884102
1257 1258 0.3316467947487993
1257 1297 0.09161272631076489
1258 1259 0.32077605378757923
1258 1298 -0.3679471699798129
1259 1260 -0.541669327065244
1259 1299 -0.6293452869148473
1260 1261 0.8099007397520439
1260 1300 0.8638341898160093
1261 1262 0.31535652996888275
1261 1301 0.14082933927794294
1262 1263 0.42668949613968166
1262 1302 -0.2846081417175508
1263 1264 0.8235766908117526
1263 1303 0.05646986375971341
1264 1265 -0.8907345231538848
1264 1304 -0.7034802146703645
1265 1266 0.5444332234833038
1265 1305 -0.3467408200795321
1266 1267 0.3505814348737377
1266 1306 -0.0014822774668736827
1267 1268 -0.44588159765023994
1267 1307 0.7569787214488626
1268 1269 -0.3052436635767506
1268 1308 -0.8190133818156797
1269 1270 0.5368724295101448
1269 1309 -0.016128662999488563
1270 1271 -0.24875055882040198
1270 1310 -0.4873279001160018
1271 1272 -0.9602316172400174
1271 1311 0.5170051962003475
1272 1273 0.22664787466572323
1272 1312 0.28786502248231916
1273 1274 0.37483687495443085
1273 1313 0.10314451319208273
1274 1275 0.3738819273541627
1274 1314 0.26910228983348783
1275 1276 -0.859035167559093
1275 1315 0.1718595371834335
1276 1277 0.0026360569009351575
1276 1316 0.6870749075133258
1277 1278 -0.4131627455462932
1277 1317 0.01592084280151762
1278 1279 -0.5027325497662665
1278 1318 0.8063534619480293
1279 1280 -0.9374999757656881
1279 1319 -0.8152228504476013
1280 1320 -0.159154402395977
1281 1282 -0.9822554288296983
1281 1321 -0.8642071928692616
1282 1283 -0.0685992667389792
1282 1322 0.5027163935716041
1283 1284 0.9200852511046353
1283 1323 -0.4999664628086484
1284 1285 -0.8337807675203361
1284 1324 -0.9417063478041523
1285 1286 0.3316791497005358
1285 1325 -0.8714566895327722
1286 1287 -0.6509040771635992
1286 1326 -0.1287120387701015
1287 1288 -0.4783927982577032
1287 1327 0.5788488347011846
1288 1289 0.9083872576954872
1288 1328 0.5617800318817514
1289 1290 0.7497581579774797
1289 1329 -0.35989697848774904
1290 1291 0.6936678107174992
1290 1330 0.4104418578058724
1291 1292 0.8690259497711119
1291 1331 0.2387334680414379
1292 1293 -0.38464459052404365
1292 1332 -0.7777645581417638
1293 1294 -0.2335441361697712
1293 1333 -0.32229870075034417
1294 1295 -0.01345730750129781
1294 1334 -0.6973571694045879
1295 1296 0.18676046686184478
1295 1335 -0.5489205621390514
1296 1297 0.11541479035878277
1296 1336 0.014140931472381935
1297 1298 0.2806040706504782
1297 1337 -0.20264739772390783
1298 1299 0.7753842957406143
1298 1338 -0.49578463592179944
1299 1300 0.903884292852515
1299 1339 -0.3755456759006657
1300 1301 0.5964165332221028
1300 1340 0.9777934896809137
1301 1302 -0.031183140864733838
1301 1341 0.4649021211443016
1302 1303 0.707354060015208
1302 1342 -0.2175851877957531
1303 1304 -0.6651364576451926
1303 1343 0.7191270733972013
1304 1305 -0.9378096476898763
1304 1344 0.9521038224831733
1305 1306 0.5475228404675112
1305 1345 -0.4264391864471211
1306 1307 0.015040200009379001
1306 1346 0.2815135933110977
1307 1308 0.2148103528329215
1307 1347 -0.5772711513726958
1308 1309 -0.5022258697948851
1308 1348 0.5132127110254243
1309 1310 0.006018822894871878
1309 1349 -0.7008485324290763
1310 1311 -0.24611506190028876
1310 1350 -0.4498260970457617
1311 1312 0.5842945399507091
1311 1351 0.1853419991075682
1312 1313 -0.454913183397345
1312 1352 -0.38059779217680956
1313 1314 -0.944340475335488
1313 1353 0.7818283203960479
1314 1315 -0.733107294370827
1314 1354 0.2539310424097718
1315 1316 0.019734729597484346
1315 1355 -0.1852497601027654
1316 1317 -0.9903306520202126
1316 1356 -0.36455036932178153
1317 1318 0.45484039373955065
1317 1357 -0.3128601180784718
1318 1319 0.12538929226953965
1318 1358 -0.09101436137960373
1319 1320 0.36311231677188704
1319 1359 -0.7482093361349837
1320 1360 0.41487974651633897
1321 1322 -0.1303675432328224
1321 1361 -0.1370127382392785
1322 1323 0.5671413455333565
1322 1362 -0.26380630294101937
1323 1324 0.3947479936516387
1323 1363 -0.7527363936409259
1324 1325 0.9292451638678789
1324 1364 -0.3472055638170133
1325 1326 0.049877077568163175
1325 1365 0.7378012742920528
1326 1327 -0.1748934003158149
1326 1366 -0.9636065427650944
1327 1328 0.8741724908576611
1327 1367 0.5949242035746949
1328 1329 -0.2205262793500833
1328 1368 -0.2957978075298513
1329 1330 -0.8854600986868437
1329 1369 -0.6031485901591942
1330 1331 0.16721802477806014
1330 1370 -0.9533045682288763
1331 1332 -0.24913921732901256
1331 1371 -0.6583649817999098
1332 1333 0.6493684593899964
1332 1372 0.8072845161922073
1333 1334 0.24741842885225718
1333 1373 0.201618700742896
1334 1335 -0.5575181018521729
1334 1374 -0.7992950419996621
1335 1336 0.3751230281956537
1335 1375 -0.026846855751891052
1336 1337 0.5593407846391576
1336 1376 -0.022481969030206495
1337 1338 -0.6574822830350224
1337 1377 -0.9975152390254576
1338 1339 -0.23511650431385678
1338 1378 -0.40657907617186306
1339 1340 0.822100509450467
1339 1379 -0.8646435507321841
1340 1341 0.9043171219577524
1340 1380 0.9898717754323958
1341 1342 0.44568440741248927
1341 1381 0.14675416314710166
1342 1343 -0.4337210975682706
1342 1382 0.6141511945415512
1343 1344 0.07759305161692986
1343 1383 0.03290253358646145
1344 1345 0.3115125111837391
1344 1384 -0.2943805651195479
1345 1346 0.4167336865950657
1345 1385 0.9244970084249995
1346 1347 -0.8205993175777684
1346 1386 0.21483204464535288
1347 1348 -0.1570715025299667
1347 1387 -0.31837067253151496
1348 1349 0.3726333414741154
1348 1388 0.25241493580825214
1349 1350 -0.5801552338399836
1349 1389 -0.6326133158863287
1350 1351 0.5930271982624358
1350 1390 -0.21392178697940434
1351 1352 -0.6923897979197193
1351 1391 0.8247256303269246
1352 1353 -0.1732159193883951
1352 1392 0.17411284695606732
1353 1354 0.5048962390650682
1353 1393 -0.9527516781423706
1354 1355 0.3474983068477586
1354 1394 -0.7882672445428021
1355 1356 0.860268058600971
1355 1395 -0.14492637461284708
1356 1357 -0.5869466021210106
1356 1396 0.5242926489912219
1357 1358 -0.9764472078896502
1357 1397 0.6648234628945209
1358 1359 -0.49021027278563656
1358 1398 -0.3140525222353068
1359 1360 0.8357272078547933
1359 1399 0.15756335848398217
1360 1400 0.3303363839792204
1361 1362 -0.6282326289604581
1361 1401 0.05941063340380914
1362 1363 -0.6453737987319763
1362 1402 -0.49425899269793616
1363 1364 0.32553503427117003
1363 1403 0.41928164253792444
1364 1365 0.37701151843994096
1364 1404 -0.4405692766813951
1365 1366 0.05780765273412425
1365 1405 -0.19708760056339014
1366 1367 -0.9976430707650403
1366 1406 0.502214677939032
1367 1368 -0.8174497371284943
1367 1407 0.42570242599405517
1368 1369 -0.23552637254178266
1368 1408 0.5214376833437726
1369 1370 -0.20942010799462563
1369 1409 -0.35330323187562707
1370 1371 -0.937158822905154
1370 1410 0.30691054659549044
1371 1372 0.033931039426445375
1371 1411 -0.6660572570620051
1372 1373 0.667305876784954
1372 1412 -0.5803083882006037
1373 1374 0.8202148701586491
1373 1413 0.07632253430404679
1374 1375 -0.5448965899435598
1374 1414 -0.17095792303373192
1375 1376 0.38308104292947975
1375 1415 -0.84707090774788
1376 1377 -0.11432268477602525
1376 1416 -0.19058008564951812
1377 1378 0.6542836996642225
1377 1417 0.22169122611121495
1378 1379 0.1793011438526706
1378 1418 0.4240969001334993
1379 1380 -0.9601553885048095
1379 1419 -0.09813910569192563
1380 1381 -0.8187235267843562
1380 1420 -0.10228712357893022
1381 1382 0.10148384815318456
1381 1421 -0.008149800597230916
1382 1383 -0.17122034984656387
1382 1422 0.25685025432719866
1383 1384 -0.4504614749548477
1383 1423 -0.6269857925520459
1384 1385 -0.27489399499079825
1384 1424 0.9206683447328308
1385 1386 -0.6545583806021857
1385 1425 0.4788362114375524
1386 1387 -0.8538787280881845
1386 1426 -0.5748000913998135
1387 1388 0.19760099389760244
1387 1427 0.3267903929478204
1388 1389 -0.5685689912481584
1388 1428 0.990544375547278
1389 1390 0.9471495774128595
1389 1429 -0.5424251229412154
1390 1391 0.8288831788975362
1390 1430 0.15508327333062577
1391 1392 -0.2887535577842373
1391 1431 0.5705912007790193
1392 1393 0.9190412437662505
1392 1432 -0.6419162595001675
1393 1394 -0.2355695390539978
1393 1433 0.6175885136060901
1394 1395 -0.5127198561224191
1394 1434 -0.9291891418630676
1395 1396 -0.39998271585666356
1395 1435 -0.07468882843012303
1396 1397 -0.3784049404441139
1396 1436 -0.20238878492910461
1397 1398 -0.0030961170759500334
1397 1437 0.6687150838449225
1398 1399 0.5323326009071734
1398 1438 0.7813086264604951
1399 1400 -0.9149362454238605
1399 1439 0.040214902947611986
1400 1440 0.5774094427500702
1401 1402 0.1981725058802788
1401 1441 0.44184893337516695
1402 1403 -0.5258178809078968
1402 1442 -0.21620887630089136
1403 1404 0.34396876802110077
1403 1443 -0.0036992280971448466
1404 1405 -0.11944135844888804
1404 1444 0.6385654675063415
1405 1406 -0.8200679215253583
1405 1445 0.3055529943676669
1406 1407 0.5400110042222221
1406 1446 0.3796298043456423
1407 1408 -0.3180151089030434
1407 1447 0.3230804662494644
1408 1409 0.06460585244260786
1408 1448 0.6302089268634776
1409 1410 -0.24117534164212628
1409 1449 0.7660455172999805
1410 1411 0.16536257061665793
1410 1450 0.2514635231596509
1411 1412 0.8245837620367302
1411 1451 -0.11646912326773173
1412 1413 -0.7342447278526512
1412 1452 0.7991979048824311
1413 1414 -0.5806844369676816
1413 1453 -0.2490772371314931
1414 1415 -0.7541355396845539
1414 1454 0.5887145437031867
1415 1416 0.10150981613373355
1415 1455 0.6087443239298085
1416 1417 -0.7969209699678399
1416 1456 0.3652859345717052
1417 1418 0.40261827668503813
1417 1457 0.8943481531169799
1418 1419 0.522138425428391
1418 1458 -0.010117675711959206
1419 1420 -0.6467115424195702
1419 1459 0.7209863524539495
1420 1421 0.2806668703168729
1420 1460 -0.025783648704436724
1421 1422 -0.9205469641912787
1421 1461 -0.08146733473815382
1422 1423 0.022268705620652085
1422 1462 -0.3413434496532284
1423 1424 -0.46203906091522384
1423 1463 -0.21296191356266836
1424 1425 -0.8472144174291258
1424 1464 -0.14810473677663683
1425 1426 0.33133944325534803
1425 1465 0.7895066656727245
1426 1427 -0.5154754884986885
1426 1466 0.15706250342750727
1427 1428 -0.3463573455660025
1427 1467 0.3450051610384157
1428 1429 -0.6156269998267707
1428 1468 0.691134789697291
1429 1430 0.39979999602109983
1429 1469 0.2515208301920111
1430 1431 -0.6973075972670983
1430 1470 0.8678962082036228
1431 1432 -0.8534103659262227
1431 1471 -0.5244961044119985
1432 1433 0.32879065845271205
1432 1472 -0.7562439172849056
1433 1434 -0.7214951610030544
1433 1473 -0.8254194707774483
1434 1435 0.9634383746374959
1434 1474 0.327961321742386
1435 1436 0.9988126687331011
1435 1475 0.26496944776007303
1436 1437 -0.5092591226960992
1436 1476 0.6235369732790592
1437 1438 -0.6477610527358937
1437 1477 -0.49027974790406836
1438 1439 0.8876438411548424
1438 1478 -0.45974205958275216
1439 1440 0.9095666520441195
1439 1479 0.4111464621967711
1440 1480 -0.9892715694132392
1441 1442 -0.38720828672153296
1441 1481 -0.1912090704504692
1442 1443 -0.9855871809757197
1442 1482 -0.4382182999267812
1443 1444 -0.1771979218452
1443 1483 0.7333583891642872
1444 1445 0.5869345285977849
1444 1484 0.052055450389351776
1445 1446 0.3684479364681017
1445 1485 0.39677839447956087
1446 1447 -0.6271818828061291
1446 1486 0.3582664385904173
1447 1448 0.03679750423442529
1447 1487 0.3878449072163861
1448 1449 -0.15580374933769559
1448 1488 -0.16750573343342512
1449 1450 -0.323050652164216
1449 1489 -0.9846195016625592
1450 1451 0.16101694474975514
1450 1490 -0.3731441042123169
1451 1452 0.7807124873821849
1451 1491 -0.11641904949458493
1452 1453 -0.6373655499651478
1452 1492 0.8119995591291733
1453 1454 0.3598761623522393
1453 1493 -0.005614130284767205
1454 1455 0.9800771273548685
1454 1494 -0.2593635365341467
1455 1456 0.4846846006434766
1455 1495 -0.31104373522864104
1456 1457 -0.5199712511737486
1456 1496 0.7725774396881129
1457 1458 -0.9233950596983909
1457 1497 -0.20681913367143978
1458 1459 0.6191372350292859
1458 1498 -0.37244571498012613
1459 1460 0.18596044072962403
1459 1499 -0.1447606745201664
1460 1461 0.1956728935568126
1460 1500 0.1985506304332738
1461 1462 -0.31318444628169906
1461 1501 -0.508370108053035
1462 1463 -0.5597933685735754
1462 1502 0.45932413780390235
1463 1464 -0.21635993167085288
1463 1503 0.932527015850525
1464 1465 -0.8417144976087085
1464 1504 0.2775551945136612
1465 1466 0.140087279837374
1465 1505 0.3541003629705146
1466 1467 -0.5641632120907416
1466 1506 0.8938267942993083
1467 1468 -0.009996272353433033
1467 1507 0.7471903527472621
1468 1469 -0.5345591800251559
1468 1508 -0.45655272246276657
1469 1470 -0.4895212915248184
1469 1509 0.7242270426494697
1470 1471 0.44330803113458117
1470 1510 0.37814402384119017
1471 1472 -0.48278340680558585
1471 1511 0.441343165418
1472 1473 0.6533593048847315
1472 1512 0.3038013397257362
1473 1474 0.2858008298938175
1473 1513 -0.008564925079275865
1474 1475 0.28453677770652064
1474 1514 -0.005848499867631363
1475 1476 0.7730075216457337
1475 1515 0.17874223392484145
1476 1477 0.2603322558494503
1476 1516 0.30890916415523995
1477 1478 0.9292902309052886
1477 1517 0.9427238835313156
1478 1479 -0.11321466806130775
1478 1518 0.021854663939989694
1479 1480 -0.5511915718741625
1479 1519 -0.8494353129827186
1480 1520 0.02981296149145707
1481 1482 0.645564840995053
1481 1521 0.17426070247059444
1482 1483 0.07414023389188151
1482 1522 -0.15388139264404166
1483 1484 -0.060502609658130035
1483 1523 -0.3643564688353338
1484 1485 -0.2923369110383387
1484 1524 -0.3495909740571854
1485 1486 -0.5069233380661065
1485 1525 -0.18445179230724684
1486 1487 -0.9363350298288533
1486 1526 0.7637476587033443
1487 1488 -0.6099435202579881
1487 1527 0.5510845494041501
1488 1489 0.500467124128847
1488 1528 0.13237805609843356
1489 1490 -0.49724162926527327
1489 1529 0.11164793651986749
1490 1491 0.7356336847224634
1490 1530 0.0692521351213391
1491 1492 0.2583022152228118
1491 1531 -0.005389749260385823
1492 1493 0.8690556914736982
1492 1532 0.6508845398546967
1493 1494 -0.5255127489178173
1493 1533 0.577838850725455
1494 1495 0.12236072664523223
1494 1534 -0.6113017445774764
1495 1496 0.30091689866710625
1495 1535 0.6690150763088916
1496 1497 0.31810743280788634
1496 1536 -0.32894130256022125
1497 1498 -0.3607925223556967
1497 1537 0.25798110391426343
1498 1499 -0.6609611979936205
1498 1538 -0.4484032603396577
1499 1500 -0.9826199526667736
1499 1539 0.36993594409848485
1500 1501 0.5499314825421293
1500 1540 0.8836848932585644
1501 1502 -0.6430906211824601
1501 1541 -0.5630776421584855
1502 1503 0.1584678041321088
1502 1542 0.9069478134469997
1503 1504 0.8658127917814162
1503 1543 0.13384597955007638
1504 1505 -0.613952652883595
1504 1544 0.1987571829184367
1505 1506 -0.8716452827736103
1505 1545 0.4196960189769352
1506 1507 0.32988194034022755
1506 1546 0.16121646197294504
1507 1508 -0.920829485589111
1507 1547 0.3285343964271432
1508 1509 0.27813652690121504
1508 1548 0.29280269999300135
1509 1510 0.5638004884483026
1509 1549 0.9796531577578675
1510 1511 -0.622354109579748
1510 1550 0.5671583773605473
1511 1512 -0.46549216180233777
1511 1551 -0.7679745035096412
1512 1513 0.30859177033658347
1512 1552 0.4758040834743211
1513 1514 -0.7552632337249499
1513 1553 -0.08192643955089163
1514 1515 0.7226411712554002
1514 1554 0.6384703339334787
1515 1516 -0.1865341856596341
1515 1555 0.30349679450706146
1516 1517 0.4998618147602376
1516 1556 -0.042429565250991175
1517 1518 0.4215879437088932
1517 1557 0.77189677126636
1518 1519 -0.3655859270835635
1518 1558 -0.7553441861195491
1519 1520 -0.8083150816327838
1519 1559 -0.1503152024788219
1520 1560 0.8997513545284581
1521 1522 0.4130310868109126
1521 1561 0.021164493364364878
1522 1523 0.06365264909474933
1522 1562 0.4801547195278246
1523 1524 -0.9057257046835312
1523 1563 0.3182463367016517
1524 1525 0.7661468348394378
1524 1564 -0.7760898678477093
1525 1526 -0.045640089636315384
1525 1565 -0.4351664059137754
1526 1527 -0.9468599306905885
1526 1566 0.18414780836289113
1527 1528 0.5634001741256904
1527 1567 0.7933025339163706
1528 1529 -0.9280322215025423
1528 1568 -0.258508368399065
1529 1530 0.492760862823421
1529 1569 0.19425914073216588
1530 1531 -0.9069184127403349
1530 1570 0.4637809640742314
1531 1532 0.8618086871427151
1531 1571 -0.16508826516415298
1532 1533 0.6301516107037308
1532 1572 -0.8505985237393716
1533 1534 0.29609091345511906
1533 1573 0.3936202722331368
1534 1535 -0.21667929816627463
1534 1574 0.5159504325292243
1535 1536 -0.2583828623771356
1535 1575 -0.8462614538764868
1536 1537 0.59285876208817
1536 1576 -0.8003324862506194
1537 1538 0.03813901059158176
1537 1577 0.2767662079494313
1538 1539 0.5073551415689499
1538 1578 -0.6357738022802208
1539 1540 -0.15014676057315945
1539 1579 0.748301636554767
1540 1541 0.22966023900790966
1540 1580 -0.4663877075670293
1541 1542 0.16744942704547916
1541 1581 0.9795995903697954
1542 1543 0.016849996861252103
1542 1582 -0.9614211423521528
1543 1544 -0.9157845500775026
1543 1583 0.985877624759185
1544 1545 -0.5952930561330678
1544 1584 -0.7690977599934425
1545 1546 0.07475605728082613
1545 1585 -0.5788097210667777
1546 1547 -0.8261882510900487
1546 1586 -0.3390949256087814
1547 1548 -0.48756039034058984
1547 1587 -0.7600044942354227
1548 1549 -0.3977194690655803
1548 1588 -0.03386615437634877
1549 1550 -0.1779873204625868
1549 1589 0.20898992458911425
1550 1551 -0.4236092738719106
1550 1590 -0.9671004532852612
1551 1552 0.8526568060408433
1551 1591 0.013864203898553917
1552 1553 0.58906714756752
1552 1592 -0.9862246181392604
1553 1554 -0.39510812371805293
1553 1593 -0.38640884272679776
1554 1555 -0.8829179046874303
1554 1594 -0.5199355253318658
1555 1556 0.33748596920371576
1555 1595 0.2946545306650974
1556 1557 -0.0007008871250517856
1556 1596 0.5720587358183848
1557 1558 -0.273630245752571
1557 1597 0.23453431132685987
1558 1559 0.6532451623670503
1558 1598 -0.3925124014216752
1559 1560 0.9595998090222353
1559 1599 -0.2189512921803054
1560 1600 0.8855002544587696
1561 1562 0.6601233219862352
1562 1563 0.8624308788499091
1563 1564 0.5111356678348407
1564 1565 -0.23437498664604073
1565 1566 -0.21639448430384123
1566 1567 -0.9279535950191662
1567 1568 0.9616226382254516
1568 1569 -0.46996557254552873
1569 1570 0.4170708445671254
1570 1571 0.523570213142728
1571 1572 0.15195190676158865
1572 1573 -0.34332546254153873
1573 1574 -0.7703094420100045
1574 1575 0.27482212949816565
1575 1576 -0.42478048456317374
1576 1577 0.2986831389868838
1577 1578 0.5765807033846924
1578 1579 0.46446870808879503
1579 1580 -0.8041246863525284
1580 1581 0.06609864497742413
1581 1582 -0.471417487277318
1582 1583 -0.973886868235228
1583 1584 0.18084944560011484
1584 1585 0.9199902504688264
1585 1586 0.46318493581825093
1586 1587 0.1860050309736554
1587 1588 0.3324799158054186
1588 1589 -0.7000035281132526
1589 1590 0.41187388588475504
1590 1591 -0.9156372963096802
1591 1592 -0.41231992018892605
1592 1593 -0.0892335451064874
1593 1594 0.6093289615232134
1594 1595 -0.38679831478844706
1595 1596 0.16327425664569395
1596 1597 0.7493712816602938
1597 1598 -0.02550839513473968
1598 1599 0.9724601129223196
1599 1600 -0.2911608316960055
