1 2 0.9340596780273533
1 41 0.09446449835144466
2 3 -0.902931727160895
2 42 -0.7803637637643119
3 4 -0.2673277214969314
3 43 0.6809321294443644
4 5 -0.19237947658559817
4 44 0.1347379289926276
5 6 -0.1294473836194301
5 45 -0.8556651598648211
6 7 -0.35115682311618635
6 46 -0.9761573439112738
7 8 0.7709158165113992
7 47 -0.07492669541034003
8 9 0.766121133561976
8 48 0.8760080940584181
9 10 0.27113526365160223
9 49 -0.9669928906283627
10 11 0.5217882900540434
10 50 0.037149833978255886
11 12 -0.13221229886479602
11 51 -0.9228036480556288
12 13 0.21365376856479368
12 52 0.1758838336137023
13 14 -0.1995094039290799
13 53 -0.6578017815349331
14 15 0.8661427012049403
14 54 0.8758388497783705
15 16 0.7356845093071751
15 55 -0.38212887913221105
16 17 -0.538071333766954
16 56 -0.6571686475949972
17 18 0.47370755591431557
17 57 -0.07247909789851614
18 19 -0.5480418997391838
18 58 -0.10060731830266456
19 20 -0.6127418315561239
19 59 0.0030035122331399933
20 21 -0.40510939963883597
20 60 0.6020897405430481
21 22 0.9718416076960072
21 61 0.7746083945405813
22 23 0.9344832371357166
22 62 0.24734172242721653
23 24 -0.5717142700216835
23 63 0.22101544483733582
24 25 -0.006133640761139869
24 64 0.9151790338622419
25 26 -0.2026386346214808
25 65 0.4317790359725091
26 27 0.19823935577537855
26 66 0.7480097872203382
27 28 -0.2377866435603151
27 67 0.8256556765350478
28 29 0.04917502383685135
28 68 0.5898158154152597
29 30 0.21818250150399332
29 69 0.9303202110070532
30 31 0.48217908428326983
30 70 0.0586111272651626
31 32 -0.1880770960859155
31 71 0.18543319707351302
32 33 0.1950213935375409
32 72 0.24876043717024054
33 34 -0.23633256512367495
33 73 -0.37215183525078754
34 35 0.24093403300241767
34 74 -0.3472059688580842
35 36 0.5649197253892524
35 75 0.2762309385156383
36 37 0.8416444628923143
36 76 -0.5778601534354393
37 38 0.04919346036538563
37 77 0.41356574065078067
38 39 0.4647811377415929
38 78 -0.4465572938674376
39 40 0.6213102317868324
39 79 0.536850059034055
40 80 -0.8964216808223271
41 42 0.9453687199297687
41 81 0.4296319873487293
42 43 0.36804643024725525
42 82 0.029307394167312983
43 44 -0.34335572623818367
43 83 -0.3548500474934886
44 45 0.27226802952828666
44 84 -0.7343159870678209
45 46 0.0644570458300402
45 85 0.8776578173112486
46 47 -0.8643836808332073
46 86 0.923349172175848
47 48 -0.6131620513182461
47 87 0.6721137966816031
48 49 -0.7729256148551142
48 88 -0.5581422859617375
49 50 -0.45313723188092037
49 89 0.11377526297452434
50 51 -0.526291834234859
50 90 0.48498559038122524
51 52 -0.8977682172660779
51 91 -0.9089751070007621
52 53 -0.15742071292154725
52 92 0.30334981499402214
53 54 -0.9105623517652648
53 93 -0.1546202796374483
54 55 0.46244574537418504
54 94 0.21592327511364084
55 56 0.33858612455850046
55 95 0.5419030351630698
56 57 -0.6459642929255693
56 96 0.5799370115434686
57 58 -0.9312144202619237
57 97 -0.04352184313287588
58 59 -0.32970895150839197
58 98 -0.6699676758753881
59 60 -0.2817657971790777
59 99 0.2063665338843632
60 61 -0.239592322896915
60 100 0.6412693414061825
61 62 0.6782743050368629
61 101 -0.3101247849686066
62 63 0.01695503096280082
62 102 0.5677156539443546
63 64 0.5101656157473313
63 103 -0.7966212888488757
64 65 0.1379178733446591
64 104 -0.4318281376507098
65 66 -0.5733229951558481
65 105 0.7332036616592736
66 67 0.3526322702508229
66 106 0.8912020029907943
67 68 -0.3799450063908747
67 107 0.47242529095853314
68 69 0.45278652001682484
68 108 -0.6485048577938572
69 70 -0.45622116620522646
69 109 0.24727541153334798
70 71 -0.6169607743796643
70 110 -0.7275388735573998
71 72 0.30449958466333316
71 111 -0.039340692991790105
72 73 0.24383865489757106
72 112 -0.18279540874470923
73 74 -0.7822000212455795
73 113 0.4520852748702302
74 75 -0.591016656079024
74 114 -0.9956442723863901
75 76 0.8518738787048501
75 115 -0.2440528264025683
76 77 -0.9770793612384869
76 116 -0.4179247445640113
77 78 -0.5227179922701699
77 117 -0.8707768754701453
78 79 0.10568978690679343
78 118 -0.22376000205268953
79 80 -0.9063464763992903
79 119 -0.12170464003029169
80 120 0.4505234278231054
81 82 0.3954576491945416
81 121 -0.5678210088392472
82 83 0.1432827432294983
82 122 0.6874139879813108
83 84 0.8705817144673749
83 123 0.8399746953957956
84 85 -0.8345847763742871
84 124 -0.6869355745364936
85 86 -0.39036858461351387
85 125 -0.8729252419162288
86 87 -0.05014585530576143
86 126 -0.7567247286731624
87 88 0.7952471749449923
87 127 0.3439128159281324
88 89 0.9813356261399624
88 128 0.8393004287586576
89 90 0.3437049410329356
89 129 -0.7561728177930231
90 91 -0.7669147713814057
90 130 0.42606379865409205
91 92 -0.9075380478941562
91 131 -0.3859818600995686
92 93 -0.8579290766162064
92 132 -0.26997737764311425
93 94 0.539913188568105
93 133 -0.9355502630906338
94 95 0.7508961184501559
94 134 0.57198891670341
95 96 0.3877679856910783
95 135 0.9405282549530845
96 97 0.9856539155305017
96 136 0.02337661298455007
97 98 -0.4995692268745249
97 137 -0.14517767148526262
98 99 0.31303730655069595
98 138 -0.8806704693750571
99 100 0.5523442225767341
99 139 0.9503090051350274
100 101 0.8995532810849862
100 140 -0.3657172320785844
101 102 0.772148156424362
101 141 0.37627607113082484
102 103 0.40953541123121684
102 142 -0.5728925978439767
103 104 0.2901880764651963
103 143 0.6064694898628602
104 105 0.8739925464151714
104 144 -0.9894143529626414
105 106 -0.5938224368183687
105 145 -0.2314896213162374
106 107 -0.6163996431493379
106 146 0.0882007437246155
107 108 -0.9004892724434881
107 147 -0.7614850538140359
108 109 0.9292248863607326
108 148 0.7267105121933075
109 110 -0.15445251217496536
109 149 -0.5262391497172296
110 111 -0.603588610860774
110 150 -0.47776695585082307
111 112 -0.9955179000600243
111 151 -0.17923737317986932
112 113 0.8507975577559879
112 152 -0.2407692930684251
113 114 0.42288147886030947
113 153 -0.5209921252754841
114 115 -0.9272390005236988
114 154 0.6863584346049014
115 116 -0.2499046091963537
115 155 -0.324111688110148
116 117 0.706205252653461
116 156 -0.04610270589587717
117 118 0.7052551887957641
117 157 -0.6546474409842875
118 119 0.20414316532824262
118 158 -0.8449196222740725
119 120 0.5563370932914307
119 159 -0.18100321316092893
120 160 -0.04007167798575506
121 122 0.9525489095524835
121 161 -0.9875394895908203
122 123 -0.024524721700651453
122 162 0.6202888442522898
123 124 0.9373482507543638
123 163 0.6150979064292015
124 125 0.9724494466601052
124 164 -0.7909695160334611
125 126 0.6964526546680159
125 165 0.8951871305383419
126 127 -0.7842315486094618
126 166 0.03520024677786027
127 128 0.6107770370554892
127 167 -0.9619622389984239
128 129 0.2563868534644689
128 168 -0.05207183090874823
129 130 0.07804215637143863
129 169 0.4189559176605513
130 131 0.5305060379423203
130 170 0.07463026221774771
131 132 0.5950641381620556
131 171 0.8876750807324885
132 133 -0.9580521768798118
132 172 0.1481995052054157
133 134 0.2206549058171463
133 173 -0.3090035521955963
134 135 0.4493243289785729
134 174 0.09873374529415502
135 136 0.01859984159682937
135 175 0.8722822904704919
136 137 -0.4315844034207639
136 176 0.18360668388945567
137 138 -0.33489613170247146
137 177 0.4289647083699666
138 139 -0.5016121581547546
138 178 0.5416168660672998
139 140 0.2078584483438244
139 179 -0.35602909974442665
140 141 0.0885290683858404
140 180 -0.020076622598182103
141 142 -0.35759533863400117
141 181 -0.43932416355946957
142 143 0.06429308702593084
142 182 -0.76168572559775
143 144 0.5062383735813196
143 183 -0.2939004219849466
144 145 0.3348639011304231
144 184 -0.22263331252698504
145 146 -0.30856409163493215
145 185 0.050337693177589626
146 147 0.5641330266502367
146 186 0.17944057553595028
147 148 0.2326074575658592
147 187 -0.9226831502706287
148 149 -0.5235823905142638
148 188 0.15263150303614537
149 150 0.1199556133256956
149 189 0.9906994191490259
150 151 -0.7419043212591936
150 190 0.8133029171604496
151 152 0.427834981145524
151 191 0.10902603735331118
152 153 -0.08822787868670856
152 192 0.9930341892838421
153 154 0.48496480776041984
153 193 -0.9573593289374276
154 155 0.9837548063534227
154 194 -0.6365474912229301
155 156 0.7356447855560189
155 195 -0.4681627211370434
156 157 0.30491013334889017
156 196 -0.8354320632304537
157 158 0.42712272396305884
157 197 -0.910880738757786
158 159 0.5941056866643311
158 198 0.7184390793991138
159 160 -0.8769116424339587
159 199 0.3206166661255061
160 200 0.9021352817432051
161 162 -0.4940352752331121
161 201 -0.13041693519110842
162 163 0.020487258589880097
162 202 0.8534413864805024
163 164 -0.8261687647144695
163 203 -0.8181788967581796
164 165 -0.15468815706879124
164 204 0.7501246942680262
165 166 -0.01785849881535473
165 205 0.817018968883821
166 167 0.30300277824316013
166 206 0.6682346846510052
167 168 0.24124697544545004
167 207 0.6140410692704485
168 169 0.5797049077487646
168 208 -0.024460107283114096
169 170 -0.9077284677688551
169 209 -0.07358960022931704
170 171 0.06642153509989468
170 210 0.5184255850989394
171 172 -0.1780869983516935
171 211 0.550599937168236
172 173 0.8851698072459417
172 212 0.8636831010925481
173 174 0.9441610628893762
173 213 0.48004020835382377
174 175 0.4473669889825922
174 214 -0.28740495942462174
175 176 -0.9077145185070898
175 215 -0.08555876667601536
176 177 -0.6694429637972206
176 216 0.12998577341383544
177 178 -0.7778204940403799
177 217 0.0900857631272487
178 179 0.7645790530682539
178 218 0.5879945821373516
179 180 -0.4573838903219365
179 219 -0.08041953786866829
180 181 -0.7448804763249481
180 220 -0.9982521055418125
181 182 -0.8601435186431383
181 221 0.5425433186879143
182 183 -0.3310566309057217
182 222 -0.00788813720803816
183 184 0.6477792938956943
183 223 0.122709595460744
184 185 -0.7356307008734593
184 224 -0.44684625618936824
185 186 0.2728272444915065
185 225 0.8664136851394921
186 187 -0.506812589087178
186 226 -0.2743445611047912
187 188 -0.34436717334688494
187 227 -0.8725734631491773
188 189 0.9614877459425679
188 228 -0.9193358728681038
189 190 0.45850646113915605
189 229 -0.7083656295082139
190 191 0.5008642242461969
190 230 -0.9297169076737009
191 192 0.5339549025262071
191 231 0.052220131159759875
192 193 0.5779307746163127
192 232 0.8623859141884249
193 194 -0.7701052954349856
193 233 0.11580257884483824
194 195 -0.3627178254970258
194 234 0.09979078339647329
195 196 0.7601492488591652
195 235 -0.355850188693541
196 197 0.3564526010996809
196 236 -0.4069555933077029
197 198 -0.4398135604503295
197 237 0.2503142592162968
198 199 0.3734230766336428
198 238 -0.6077820661479925
199 200 0.5753860452345514
199 239 -0.38424948048894625
200 240 0.6223220864106205
201 202 0.5587658435875049
201 241 -0.6046298507994938
202 203 0.333855543079252
202 242 -0.7025463211318861
203 204 0.11416415053040807
203 243 0.7123675418556352
204 205 0.16855130541757535
204 244 -0.9649326572564221
205 206 0.8172808251376373
205 245 0.4690383599921524
206 207 0.1428906457910204
206 246 -0.33219489362429555
207 208 -0.4282864488196687
207 247 -0.689256713813378
208 209 0.9513395981165951
208 248 0.5365243861527302
209 210 -0.25983312030157446
209 249 -0.8556246967577668
210 211 0.1323863554553344
210 250 -0.8507404702417889
211 212 0.7746735888721228
211 251 -0.48699025641238625
212 213 0.4268955627421349
212 252 0.06160360438014978
213 214 0.7730286156198583
213 253 0.5597856306689155
214 215 0.7128980278982502
214 254 0.6070417644387132
215 216 0.07460517696662783
215 255 0.18163442089413562
216 217 -0.36682794718507594
216 256 0.528294512447647
217 218 -0.24828172839619556
217 257 -0.09042450779040379
218 219 0.4692850533977164
218 258 -0.7007144688923508
219 220 0.41502855876957123
219 259 0.4853989854437113
220 221 -0.7990710173954576
220 260 0.5127312520962302
221 222 0.3308029211821535
221 261 0.6885845755817006
222 223 -0.2618925338833691
222 262 -0.4056264294709713
223 224 0.003628168916991692
223 263 0.6565289021803178
224 225 0.987740596955262
224 264 -0.9572531066973828
225 226 -0.686236078649259
225 265 0.6825276675313676
226 227 -0.27238203676219896
226 266 -0.3943159246914949
227 228 0.611822101642945
227 267 0.9176647676488425
228 229 -0.2843225255417383
228 268 -0.39100627432068125
229 230 -0.3663050820494933
229 269 0.9067164490998265
230 231 -0.32700538668815704
230 270 -0.26917283609312204
231 232 0.4094796431274963
231 271 0.37860955945206
232 233 0.48877719143128107
232 272 -0.9369089626666942
233 234 0.19918766756715112
233 273 -0.22319104042735782
234 235 -0.5850693601301169
234 274 -0.8754342390273695
235 236 0.594059548094523
235 275 0.4575866031769491
236 237 0.3327062988713476
236 276 -0.26493413681279754
237 238 0.877375252406946
237 277 0.7708700425200457
238 239 -0.5208647997436089
238 278 -0.9638044574886406
239 240 0.28319375767715305
239 279 -0.6174145394541013
240 280 0.9776206221131392
241 242 0.7259864711984445
241 281 0.9668013543506255
242 243 -0.27089364934848836
242 282 0.7315498318881986
243 244 0.7683957279505365
243 283 0.2736973457332017
244 245 0.7774051620728235
244 284 -0.2317046735691488
245 246 0.6626546643013986
245 285 -0.6759915321918979
246 247 0.40161446057945827
246 286 -0.624614563111968
247 248 0.7809156772920685
247 287 0.5646796945230956
248 249 0.27410214778972297
248 288 -0.7758423726507226
249 250 0.16233637567792436
249 289 -0.8454888603063369
250 251 -0.8523738348590593
250 290 0.9120348436059806
251 252 0.2549829513635975
251 291 0.9075760054384368
252 253 0.5586902826404294
252 292 -0.5330885430129688
253 254 0.281069921569153
253 293 -0.8721964051870577
254 255 0.09402686659373471
254 294 -0.8770379971089353
255 256 -0.5472045955576861
255 295 0.6200404849308159
256 257 0.9433653100819195
256 296 0.967522358328746
257 258 0.29919394802303056
257 297 0.010019938315006804
258 259 0.6776872092433877
258 298 -0.8836405248646666
259 260 -0.4415228968939935
259 299 -0.8814286702512895
260 261 -0.8981927661624065
260 300 -0.6321453944952231
261 262 -0.9420295867940196
261 301 -0.6462142706433844
262 263 0.2759520902776822
262 302 -0.9799352658784197
263 264 -0.9938027491893469
263 303 0.7225823591870935
264 265 0.45253832025906227
264 304 0.9985882335435385
265 266 -0.26003958014197615
265 305 -0.21779033590664776
266 267 0.30214302629886136
266 306 0.6918419063822405
267 268 0.49749329465680936
267 307 -0.4579063565104944
268 269 -0.5158186146035
268 308 0.32926668287090344
269 270 0.8277741022828002
269 309 0.8855950116705684
270 271 0.7184267141339502
270 310 -0.570476423561763
271 272 0.675085251373247
271 311 0.7478852847923416
272 273 0.9230462915770008
272 312 0.1480134429194475
273 274 -0.6515496484675254
273 313 0.3446903200239375
274 275 -0.16732612286064086
274 314 0.9003145476533765
275 276 0.7236266877233424
275 315 -0.3118953264984756
276 277 -0.4829931397046858
276 316 0.2732262937186609
277 278 0.16995604550887733
277 317 0.6740110670184429
278 279 0.0627611463691744
278 318 0.9347955017636513
279 280 0.008094635570466746
279 319 0.3225375254054663
280 320 0.6601631112255739
281 282 -0.6723155171906026
281 321 0.19466788786571843
282 283 -0.29942957828896866
282 322 -0.6219484810876903
283 284 0.911609187967831
283 323 -0.6962287975346055
284 285 -0.6645395844921607
284 324 -0.3256403386876876
285 286 0.6910782008318781
285 325 -0.16871535168467378
286 287 -0.33441679344094055
286 326 -0.758137478565994
287 288 -0.28356390717150104
287 327 0.1553410786950784
288 289 0.44078955106985185
288 328 -0.76506468622128
289 290 0.3693151453330097
289 329 0.006337631207320005
290 291 -0.013450216651460067
290 330 0.328540118325064
291 292 0.15155567266731773
291 331 0.4454591177856351
292 293 -0.42070393736847955
292 332 -0.31601158873098
293 294 -0.1493214227549975
293 333 -0.8802789274359217
294 295 -0.18983265655387616
294 334 -0.05943215604079999
295 296 0.7910716193833409
295 335 0.8959188426727411
296 297 -0.8727883017579852
296 336 -0.598987605070127
297 298 0.09626082878778108
297 337 0.420471728065249
298 299 -0.3527873451530914
298 338 0.1841999151429874
299 300 0.8324816868287805
299 339 0.1682650836966031
300 301 -0.41705792713870693
300 340 -0.6079464906101697
301 302 0.5901894509187535
301 341 -0.5970833236786324
302 303 0.739599628318627
302 342 0.27927304592173274
303 304 0.5329305901904229
303 343 -0.5654792090394605
304 305 -0.33408337760980955
304 344 -0.9282759582514755
305 306 0.9345497835595493
305 345 0.14141567645710884
306 307 0.27805369375751465
306 346 -0.2662316357019654
307 308 0.25921943390503155
307 347 0.33858122189598183
308 309 0.6915928754039655
308 348 -0.6795690531303533
309 310 0.6784195045425692
309 349 -0.08184399209128101
310 311 -0.004596498912822877
310 350 0.541285653886364
311 312 0.3461895276510081
311 351 -0.28768546561646713
312 313 -0.49723800754162406
312 352 0.4459287183052716
313 314 -0.8977331098891179
313 353 0.35055129442469113
314 315 -0.052534709014822045
314 354 -0.18014961826769293
315 316 0.9661439528953915
315 355 -0.48114167366510396
316 317 0.36933806572896266
316 356 0.14191118838939776
317 318 -0.7674251122210884
317 357 0.8459627929344233
318 319 -0.7586611465804933
318 358 0.20476861828436932
319 320 -0.29771052223870154
319 359 -0.1750836366064119
320 360 -0.3422438156663341
321 322 -0.98202780466489
321 361 -0.22685743471274122
322 323 -0.0547573816684539
322 362 -0.21443765035574014
323 324 -0.556838140038894
323 363 -0.33500966602500704
324 325 0.18829626374873
324 364 -0.9245096399276722
325 326 -0.42662592721609616
325 365 0.12372453940537143
326 327 0.36137806855888743
326 366 0.07930330694077914
327 328 -0.5441650107420648
327 367 -0.33737153045257195
328 329 -0.7073767845845078
328 368 0.7249422446219942
329 330 0.7282856796928128
329 369 -0.043611784689915334
330 331 -0.27074129383581047
330 370 -0.2849693604642467
331 332 -0.7634599018870971
331 371 -0.18581358799318193
332 333 -0.10341507020918206
332 372 0.7661163840603502
333 334 0.8867027314413016
333 373 0.21718087087784732
334 335 -0.6497502334815994
334 374 0.19116749365287067
335 336 -0.2648272072431985
335 375 0.9861895886881535
336 337 -0.5117534552959493
336 376 0.9234325242395942
337 338 -0.25283797422577914
337 377 0.4603052480350178
338 339 0.6616445630585903
338 378 0.6769262425991851
339 340 -0.7099312036920513
339 379 -0.10011099639118592
340 341 0.9180246447468419
340 380 -0.025528399770543775
341 342 -0.9044431671639075
341 381 0.5498238425499176
342 343 0.2576665078054363
342 382 0.00799113970946319
343 344 -0.7514202197237654
343 383 0.8758302484302936
344 345 -0.5980078314601478
344 384 -0.6990229204225729
345 346 -0.7843728357921074
345 385 0.09923714782670867
346 347 0.3718023721478725
346 386 -0.9485751131244862
347 348 0.36240995063676795
347 387 -0.9451520597357754
348 349 -0.42114565606103405
348 388 -0.4117308332392773
349 350 -0.6360884376121407
349 389 -0.14079150111444005
350 351 0.18983978808512902
350 390 -0.3806002018327397
351 352 -0.9385700492617284
351 391 0.14115879249407692
352 353 -0.12355212508111024
352 392 -0.44248571248189594
353 354 0.3241235157310536
353 393 0.9645831728267191
354 355 0.415615405607622
354 394 -0.7878817637338824
355 356 0.8205104728742851
355 395 -0.4743645735479505
356 357 0.8209625356102896
356 396 -0.16022021619091698
357 358 0.6809850063665306
357 397 0.3414776509332802
358 359 -0.0851448450202481
358 398 -0.9926421724880232
359 360 -0.496170592887897
359 399 0.36102119457598647
360 400 -0.1040555643345249
361 362 -0.9116798841370009
361 401 0.9133059354284718
362 363 0.23785985328818726
362 402 -0.12646741612097356
363 364 -0.4863901582368857
363 403 -0.37558993543989616
364 365 0.2866170426290051
364 404 0.22021280063704385
365 366 0.7149864696471258
365 405 -0.13366269238233186
366 367 -0.12105162959707583
366 406 -0.5394676356354662
367 368 0.37319856880390057
367 407 0.5223711100470247
368 369 0.14674540943194025
368 408 0.1259572763421588
369 370 0.7051498554671176
369 409 -0.2846697280581443
370 371 0.3699803414104039
370 410 -0.3784356117608574
371 372 -0.28602283980733323
371 411 0.5612941285533057
372 373 0.5951578034737637
372 412 0.02928357569571194
373 374 -0.6371546149259648
373 413 -0.48288379444621854
374 375 -0.9318693743569557
374 414 -0.42517520615282556
375 376 -0.23165453075308573
375 415 -0.4879784820037998
376 377 0.49450852903500064
376 416 -0.672424771130254
377 378 0.3705632103414829
377 417 -0.36470899166700677
378 379 -0.5758624251883742
378 418 -0.9102940022477759
379 380 -0.8990569661406942
379 419 -0.2141443769815734
380 381 -0.15962982906688583
380 420 -0.533777489117025
381 382 -0.9040967952348486
381 421 0.14362832335027376
382 383 -0.4116788659150836
382 422 0.21874547511040698
383 384 -0.8001375003485778
383 423 0.5953732849912248
384 385 0.7615473586948214
384 424 -0.815393225334528
385 386 -0.902191687877858
385 425 0.889149796075698
386 387 0.7571218071124333
386 426 -0.4451573312839079
387 388 0.14812970410083293
387 427 0.2856256699508839
388 389 -0.26941564713778887
388 428 -0.7545787183660153
389 390 0.9578653226553442
389 429 -0.9122586795876697
390 391 0.5058967296134713
390 430 -0.5373024541886149
391 392 -0.4393406885265352
391 431 0.6437505472007488
392 393 -0.28686406025742905
392 432 -0.4038471865697122
393 394 -0.0522236317816025
393 433 -0.5475528368506732
394 395 -0.3520955543391393
394 434 0.011639617950563341
395 396 -0.9301186025686752
395 435 0.6865760984556855
396 397 0.6676031900761088
396 436 -0.839248503798989
397 398 -0.9280526237752675
397 437 -0.6385486031378156
398 399 -0.16595936475667705
398 438 -0.5096098461494889
399 400 0.4347374190805853
399 439 0.06551542524657306
400 440 -0.6187675214202044
401 402 -0.1277067062404047
401 441 0.8979546135631256
402 403 -0.47815568541100895
402 442 -0.17505557667448635
403 404 -0.7631089673328304
403 443 -0.2493197133273286
404 405 -0.5424121557659534
404 444 -0.1479644795493118
405 406 -0.8444624641483105
405 445 -0.4254434395153641
406 407 0.6873837305271737
406 446 -0.20707054646732126
407 408 0.7592368717647571
407 447 0.3177981298022574
408 409 0.39685602450194435
408 448 0.690642750955929
409 410 -0.044581557854725284
409 449 0.20416435692431545
410 411 -0.7973845916229907
410 450 -0.33875648273234327
411 412 -0.7253412937909276
411 451 0.5334459498417559
412 413 0.03737942102603897
412 452 -0.6454336255143578
413 414 -0.3151912384333626
413 453 0.28772551349856545
414 415 -0.7010261857970852
414 454 0.10282557333950959
415 416 0.42159123046170177
415 455 -0.938056151841069
416 417 -0.9467233622297457
416 456 -0.3128323089161875
417 418 0.27754540267678096
417 457 -0.08672788786348384
418 419 -0.5130126405464908
418 458 0.07514919635572337
419 420 -0.14289596362266033
419 459 -0.44278193364758445
420 421 0.07445063154123543
420 460 0.4002449178033649
421 422 0.9563707261824554
421 461 -0.6255556231652928
422 423 -0.5936194294501274
422 462 0.37766034149426386
423 424 -0.8183541068785274
423 463 0.12496547810904057
424 425 0.08918362681223124
424 464 0.7596767126324095
425 426 -0.5895921086135039
425 465 0.915676338695679
426 427 0.978559266970811
426 466 -0.5932656965523628
427 428 -0.4624578271140316
427 467 0.29117928646625724
428 429 0.30590389062183787
428 468 -0.17205237796648398
429 430 0.379415644728331
429 469 -0.43847237514590653
430 431 -0.8668983882736043
430 470 0.3342796046109977
431 432 0.06930661900226753
431 471 -0.7186880903850617
432 433 0.30234442751383983
432 472 0.5972374505989575
433 434 0.19288160367965812
433 473 -0.9104635575605744
434 435 -0.45459054820039957
434 474 0.5589975299730909
435 436 0.05615889729330936
435 475 -0.22190583641557393
436 437 0.9604616813840547
436 476 0.02504263852336641
437 438 -0.803265284842261
437 477 0.33745077557664405
438 439 -0.6726193406536862
438 478 0.9802769212123217
439 440 -0.31898961822999006
439 479 0.889328929268997
440 480 0.5156048646185671
441 442 0.5726119718701219
441 481 0.7325785971633969
442 443 -0.16193193089539926
442 482 0.8048437117522818
443 444 -0.9404520065345217
443 483 0.07556333235109336
444 445 -0.6129700730708938
444 484 -0.9573403209968914
445 446 -0.42937813613442577
445 485 0.3941028757633911
446 447 0.8245994463826047
446 486 -0.4564131648169212
447 448 0.5988526201275333
447 487 -0.6208862434859852
448 449 0.8935390610005896
448 488 -0.8707554037883842
449 450 0.38239129701538066
449 489 -0.3891867671134177
450 451 -0.7630539420830253
450 490 0.9519975685939319
451 452 0.09673508703610056
451 491 0.28070796711812296
452 453 -0.26052068599855427
452 492 0.37145718033973374
453 454 -0.4323622646573868
453 493 0.8879003662426299
454 455 -0.7286020973211786
454 494 -0.6357647509933408
455 456 -0.5978552580410113
455 495 -0.7365148732016622
456 457 -0.4887687020954059
456 496 0.6785529242503641
457 458 -0.2816761816379696
457 497 0.3461974802770167
458 459 0.8568840890864591
458 498 0.5599659614974428
459 460 0.04402581526566873
459 499 -0.7394687071084041
460 461 -0.95922687291578
460 500 0.1331215592145225
461 462 -0.06999235489198785
461 501 0.06208314539001081
462 463 -0.2869417765714135
462 502 -0.7887526738963879
463 464 -0.332194655365585
463 503 -0.631891014921903
464 465 0.07474768300522139
464 504 0.8762775485759426
465 466 0.21801402817480087
465 505 0.08026190347160234
466 467 -0.6936598042967939
466 506 -0.23411747827262674
467 468 -0.5793422263477317
467 507 0.07031812300463502
468 469 0.66610053243945
468 508 0.30686962411385177
469 470 0.6465213797503762
469 509 -0.7168179999606066
470 471 -0.7461599478231655
470 510 -0.5028555953194418
471 472 -0.22856492885138846
471 511 0.7009008041695581
472 473 -0.4853524267557263
472 512 -0.5822449444502178
473 474 0.47007924785280286
473 513 -0.9329931633915418
474 475 -0.7451819309823082
474 514 0.32197282101781854
475 476 0.9281285392795722
475 515 -0.9450683883398501
476 477 0.3601283411148759
476 516 0.18719222156531168
477 478 0.6331041122234264
477 517 0.9028271235001295
478 479 0.6173954340988366
478 518 -0.8737555313227818
479 480 -0.7930153551528143
479 519 0.854898509929436
480 520 -0.8735738844818979
481 482 -0.6536691570081037
481 521 -0.850102825973786
482 483 0.9592325240809707
482 522 0.24713767881382775
483 484 0.8916565893508868
483 523 -0.1097496138794638
484 485 0.16783974789330935
484 524 -0.10928591094528484
485 486 0.9101318753463317
485 525 0.10029485517610315
486 487 0.2745042265978257
486 526 0.4749633374163431
487 488 0.4381969877452976
487 527 0.9617192636012384
488 489 -0.9196043149226139
488 528 -0.8448816620359776
489 490 -0.9022038545424449
489 529 0.39800812510476646
490 491 0.6982444739156997
490 530 0.2732915436973278
491 492 0.863799245307606
491 531 0.533904870611964
492 493 0.7650526139742424
492 532 0.2148522530657726
493 494 -0.4429778090024714
493 533 0.7268760647050223
494 495 0.9102014447986113
494 534 -0.48101356810243434
495 496 -0.35680602329667876
495 535 0.7887333375626555
496 497 0.892750679949937
496 536 -0.4754315992432774
497 498 -0.6581694396764759
497 537 -0.6687375362797723
498 499 -0.18216462271301692
498 538 0.7786252660178798
499 500 -0.9627739806825146
499 539 0.9170095778432585
500 501 0.6544040273117355
500 540 -0.7329506298041697
501 502 -0.8809668984437371
501 541 -0.49155084282917505
502 503 0.6999662903702859
502 542 0.9591125798717159
503 504 -0.8879324864895548
503 543 0.3880238670410303
504 505 -0.6202257689491304
504 544 0.539999218456668
505 506 -0.6707972513486817
505 545 -0.31068268212099825
506 507 0.888884381658567
506 546 0.9218062018150255
507 508 0.14256996025762803
507 547 0.7209014383482206
508 509 0.9213424593009159
508 548 -0.7012161884288877
509 510 -0.07950271426884115
509 549 0.964344197315735
510 511 0.9187270155432514
510 550 0.7481943930199841
511 512 0.4978092332130133
511 551 0.22658096689890206
512 513 -0.43138569906888846
512 552 -0.9526549253700232
513 514 0.182842164770062
513 553 -0.7431533640685934
514 515 -0.07519533478476093
514 554 0.8744590477512983
515 516 0.7038490749042581
515 555 -0.8252440235639293
516 517 -0.056075854119876256
516 556 0.11742395348645318
517 518 0.38651360237807264
517 557 -0.23799294256007397
518 519 -0.7667696619289381
518 558 -0.8455391231756029
519 520 0.8117598693160253
519 559 -0.1249530331364348
520 560 0.3344930318671946
521 522 0.2014854427555386
521 561 -0.6640556325631923
522 523 -0.8336317548582777
522 562 0.46599743519199
523 524 0.24830648866064853
523 563 0.22362469720345812
524 525 0.6841132960840399
524 564 -0.6018886920724922
525 526 -0.49277494846610903
525 565 0.40625976010341036
526 527 -0.6614528707141367
526 566 -0.6358499845665198
527 528 0.8175565190210019
527 567 0.568574971847144
528 529 0.9559923519321385
528 568 0.0681802146466648
529 530 0.5182401235707581
529 569 0.7576037366893871
530 531 -0.8552601946145526
530 570 -0.12358687636680221
531 532 0.07330609256271003
531 571 -0.45328894507515227
532 533 0.42401476270266114
532 572 0.5834422158866719
533 534 0.09361897506221029
533 573 -0.765425706161061
534 535 0.04367846514144835
534 574 -0.5336514697722374
535 536 -0.7340610869310695
535 575 0.9492528655283643
536 537 0.6064512358730916
536 576 -0.37102895960772697
537 538 -0.3713502307284242
537 577 0.74665538909669
538 539 -0.36716929137555265
538 578 -0.1978866226985927
539 540 0.24831598086227435
539 579 0.633268365778231
540 541 0.25545149928243926
540 580 0.2640918745337226
541 542 0.7461806517530847
541 581 0.8569039024277125
542 543 0.7813517012436222
542 582 -0.5546309604779296
543 544 0.6093001708335724
543 583 0.5148103498302945
544 545 -0.23897212379491317
544 584 0.3900067978865267
545 546 0.9490214969928106
545 585 -0.6677684647155646
546 547 -0.9103221500974641
546 586 0.2895907029001805
547 548 -0.9206966692021068
547 587 -0.2537282760314359
548 549 -0.4043454148193326
548 588 -0.40718195780931765
549 550 -0.1467546631352119
549 589 -0.8523867280051525
550 551 -0.5926586700705532
550 590 0.5210500047946018
551 552 -0.9619216837923013
551 591 -0.26369948181738745
552 553 -0.5452234396390785
552 592 -0.6632675394583425
553 554 -0.978552747974369
553 593 0.529539771616321
554 555 -0.8940530291342759
554 594 -0.9252577988527464
555 556 0.877216015854817
555 595 0.0023352068904383128
556 557 -0.1311171518333254
556 596 -0.8190833441923036
557 558 -0.6492963773351754
557 597 0.6626553948268805
558 559 -0.15749723777162994
558 598 0.8697672224072166
559 560 -0.3738059886316001
559 599 -0.8150603529138689
560 600 -0.30309121001935524
561 562 0.4667603350211398
561 601 -0.18311227969597055
562 563 0.357370804957968
562 602 0.6520457340504391
563 564 0.8667583361620805
563 603 0.46903810601729856
564 565 -0.11880190567717808
564 604 0.3349090650562103
565 566 -0.7045459766544395
565 605 -0.8767418121467634
566 567 0.5293129566006836
566 606 -0.8211686881591935
567 568 0.7859980601998593
567 607 -0.08983418622073924
568 569 -0.24887016172298448
568 608 0.21852709601289555
569 570 0.2151676532880269
569 609 0.5957310771590474
570 571 0.7885818326611056
570 610 0.23184480965629573
571 572 -0.21928056713307598
571 611 -0.5354764960202931
572 573 0.3320061580891831
572 612 0.6664251504087049
573 574 -0.3015582456457915
573 613 -0.387283622380469
574 575 -0.9510244267013268
574 614 0.4324235577282418
575 576 0.5119791967736735
575 615 0.6441629119790522
576 577 -0.14915494474902657
576 616 -0.9991219928887087
577 578 -0.5658316958055727
577 617 -0.011436831233515798
578 579 0.8641960345190591
578 618 -0.8977260739973161
579 580 0.0200901301179659
579 619 0.13616511883427052
580 581 -0.6697348772027318
580 620 -0.4050015724202416
581 582 -0.9369329099404344
581 621 0.4131361037676966
582 583 0.5232510280052367
582 622 0.3593775390661895
583 584 -0.6843762763772607
583 623 0.2779271136200949
584 585 -0.1794965333425511
584 624 -0.22823781218125938
585 586 0.43504035295137267
585 625 -0.1056628791305898
586 587 0.1513078912478858
586 626 0.9753662151277489
587 588 -0.13399989036237914
587 627 -0.8787201486436393
588 589 -0.322138570297799
588 628 -0.41008199906767584
589 590 -0.6030221825784177
589 629 0.41083494386103303
590 591 -0.8024287950361262
590 630 -0.38918289299024234
591 592 -0.5128756619419361
591 631 -0.6339039976188783
592 593 0.23170832539880304
592 632 -0.9527346571922133
593 594 -0.7449237785630693
593 633 0.8899656225570205
594 595 -0.3716121520459248
594 634 -0.33847254826976747
595 596 0.8967316827019174
595 635 -0.7406386777782576
596 597 -0.7461121790538006
596 636 0.4766841875072265
597 598 0.5649975680201167
597 637 -0.5939997821709644
598 599 0.8108975996398731
598 638 0.9304188451739286
599 600 0.43144478435781597
599 639 0.315662343588208
600 640 0.6933680167345821
601 602 0.05581764683584067
601 641 0.875143167901884
602 603 -0.3050973265778887
602 642 -0.8822398116837538
603 604 0.6496418564120487
603 643 -0.3283011801950866
604 605 -0.863330739965875
604 644 -0.28932674223374377
605 606 0.2980154681274543
605 645 -0.24849535895983244
606 607 -0.04329894414284774
606 646 -0.8343529537789462
607 608 -0.36454193165872795
607 647 0.2777289575399724
608 609 -0.7574789284181422
608 648 -0.2224206629779426
609 610 -0.6357109703896742
609 649 -0.3137656166249321
610 611 -0.21456871095086671
610 650 -0.2542147341182681
611 612 -0.4815228894657335
611 651 0.29704980646374524
612 613 0.36483956332925693
612 652 0.7406139330713382
613 614 0.9829805982844109
613 653 -0.1623828916144483
614 615 -0.2691014733102577
614 654 -0.05672435104157225
615 616 -0.05188755702298087
615 655 0.8705486133809301
616 617 0.28395937016157036
616 656 -0.8754674606206014
617 618 0.8780602793463934
617 657 -0.9199871391023671
618 619 -0.5710993205129504
618 658 0.7667611319108008
619 620 -0.7931489693094864
619 659 0.09954172274224482
620 621 -0.6192110131940889
620 660 0.6076049310791705
621 622 0.7697453992847023
621 661 -0.26002072411051236
622 623 0.6324400601425231
622 662 -0.8745857082873416
623 624 -0.25291231658293944
623 663 -0.3774437000149451
624 625 -0.22308082091310277
624 664 -0.7179673114510989
625 626 -0.41089126002453824
625 665 -0.6671181560197328
626 627 0.22649828552331108
626 666 -0.6260315092584399
627 628 0.697297538118336
627 667 -0.6405719930014577
628 629 0.5908723091677814
628 668 0.3212607224703823
629 630 -0.6828660173074543
629 669 0.8208880183567513
630 631 0.6040821404115093
630 670 -0.5108918974859111
631 632 -0.20848819875758196
631 671 -0.008778422333951319
632 633 -0.23931178798873098
632 672 0.7661046079564862
633 634 0.9052586989757554
633 673 0.1696326953326126
634 635 0.5260685553575966
634 674 0.6822496016174975
635 636 0.8773520238078869
635 675 -0.10779922778294737
636 637 0.7761552034193777
636 676 0.8775745730276796
637 638 0.222260116910727
637 677 0.4542166658996811
638 639 -0.6780412128237754
638 678 0.018554875706875196
639 640 0.6425532801417548
639 679 -0.2563165312123854
640 680 -0.32390128428814546
641 642 0.043392244889916
641 681 -0.7836132342255386
642 643 0.2236436329105842
642 682 -0.751970763373456
643 644 0.8149292928561624
643 683 -0.6295815316533744
644 645 0.3720726062885318
644 684 -0.509856205911694
645 646 -0.09838454233542837
645 685 -0.852035106447588
646 647 0.9274988842619658
646 686 0.6703984893103048
647 648 0.17097465458571737
647 687 -0.9192838086700168
648 649 -0.4078582790088314
648 688 0.34965605902425634
649 650 -0.20209147609838674
649 689 -0.32860225413494537
650 651 -0.6478515836181173
650 690 -0.9939080350705338
651 652 -0.23959373025611375
651 691 0.9433560075363094
652 653 0.7510456564552677
652 692 0.8360936629224891
653 654 0.2642311025259998
653 693 -0.3034126926315053
654 655 -0.9707418469897251
654 694 -0.6293354142498493
655 656 0.20803903468714258
655 695 0.8057328240926205
656 657 -0.015427154382447128
656 696 -0.6915720855573722
657 658 0.2062695841669273
657 697 0.37744888622498585
658 659 0.23691560394940203
658 698 -0.22015871913669116
659 660 0.303478823425235
659 699 0.7605290491002392
660 661 0.4165274959984753
660 700 0.3666792865930786
661 662 0.3555432251924886
661 701 0.0746267135644032
662 663 0.15386178288122299
662 702 -0.9096258512081625
663 664 0.3313489797538731
663 703 -0.4968796702514451
664 665 -0.20612810825034678
664 704 0.2700109967847981
665 666 0.760985519989589
665 705 0.9068675815898368
666 667 0.5464280716139731
666 706 0.9026369403150838
667 668 -0.20510673424638637
667 707 -0.5927304553642874
668 669 -0.892696276817809
668 708 -0.8129972247357131
669 670 0.9701759517942654
669 709 0.24035790880966101
670 671 -0.8563412982638672
670 710 -0.978490423315862
671 672 0.4331884151894305
671 711 0.042845310397723546
672 673 -0.002790688387926288
672 712 -0.41645931981271933
673 674 0.4518157706388297
673 713 0.9035491360144856
674 675 0.6381862423556448
674 714 -0.5945494083745546
675 676 -0.5228561735984423
675 715 0.5721215851060277
676 677 -0.28392392528191523
676 716 0.3499896748869018
677 678 -0.9637930444061409
677 717 -0.15696094027064156
678 679 -0.4489209562721239
678 718 0.6025495853968683
679 680 -0.568349321226685
679 719 0.11576950920945905
680 720 0.9091823886427592
681 682 -0.6835531856304011
681 721 0.09040530340642561
682 683 0.5190590583266628
682 722 0.5888466351532844
683 684 -0.18403546221209832
683 723 0.47490394682935255
684 685 -0.27204535506791294
684 724 0.15472739758195853
685 686 -0.0406243608661927
685 725 0.21228842607637555
686 687 -0.5352513954933626
686 726 0.6868372171429535
687 688 -0.46018844274573056
687 727 0.16890136891289043
688 689 -0.6868546601770926
688 728 0.9460930353849037
689 690 -0.3457968781401446
689 729 0.2859662439104269
690 691 0.07721083829367026
690 730 0.33394190877798424
691 692 -0.5495936973739022
691 731 0.41743242271245395
692 693 0.5018122556489626
692 732 -0.9788907376628466
693 694 0.6858388486913121
693 733 -0.020584661489902567
694 695 0.11159728897606946
694 734 0.35418581250992
695 696 -0.3412289351224609
695 735 0.9204799591480979
696 697 0.7180018163313315
696 736 -0.6088062827674767
697 698 -0.5727514852744937
697 737 0.9432643014831508
698 699 0.2466744758967192
698 738 -0.5438720835913475
699 700 -0.16676453494966892
699 739 -0.4109500340857075
700 701 -0.27729858530336426
700 740 -0.09533570039030925
701 702 0.5643640128970588
701 741 0.648289044620427
702 703 -0.3558864249793985
702 742 0.38167463769222953
703 704 -0.3920270995719157
703 743 0.1809083119343018
704 705 -0.583103078685062
704 744 0.4004367942948117
705 706 -0.8268565749721601
705 745 -0.49439465508727864
706 707 0.6525828770517881
706 746 -0.6168093323325166
707 708 -0.1718513631188585
707 747 0.12919214235327825
708 709 0.39066690986400276
708 748 0.5000449919628402
709 710 -0.16394909408777214
709 749 -0.638901775019131
710 711 -0.1828109402709357
710 750 0.6544683649487255
711 712 0.33907109672157487
711 751 0.9373949378718236
712 713 -0.84336482048916
712 752 -0.3491880698298111
713 714 -0.8218166646355709
713 753 0.8378163615999932
714 715 -0.08115789070217239
714 754 0.6128014645508439
715 716 -0.2909426287460173
715 755 -0.029130977038061667
716 717 0.7726014041024833
716 756 0.9316352924086764
717 718 0.9943665547346838
717 757 0.1756402647945834
718 719 -0.6312854416080962
718 758 -0.17398806809849976
719 720 0.4063502507406538
719 759 0.904397275098223
720 760 0.15571521923878384
721 722 0.04880816013694678
721 761 0.2752204882519873
722 723 -0.18274642650020412
722 762 0.8875950117660911
723 724 -0.3330872364724111
723 763 0.7722684627082654
724 725 -0.18112881544590387
724 764 0.7535630053435092
725 726 0.9650237359002016
725 765 -0.957060221536971
726 727 0.4950437582627316
726 766 -0.7831067022336582
727 728 -0.8702012793297718
727 767 -0.8744963739467362
728 729 -0.9176935407103777
728 768 -0.7941584411286537
729 730 0.6691720363546196
729 769 0.051701295039262796
730 731 -0.5862034895559811
730 770 0.17216720305955913
731 732 -0.45925455025722584
731 771 0.7543396786005507
732 733 0.10728407753153779
732 772 -0.8107973789219691
733 734 0.03999963625805858
733 773 0.7383967086586973
734 735 0.2890579051846207
734 774 0.895102733888907
735 736 0.9597959775910563
735 775 -0.19189036360469602
736 737 -0.07969329304727313
736 776 0.09195343141994639
737 738 -0.5287350550984238
737 777 0.024848560747029458
738 739 -0.18596703464105557
738 778 -0.728454909842766
739 740 -0.5272790135959071
739 779 0.6746181723235782
740 741 -0.04282417231885027
740 780 -0.6226010386922507
741 742 0.43409844040412726
741 781 -0.16958655589020233
742 743 0.39916670280393607
742 782 0.5467038461234863
743 744 -0.3486352262064416
743 783 -0.8794855211099428
744 745 0.22917293158547514
744 784 0.566697266089653
745 746 -0.5091266029784409
745 785 0.6795627890343194
746 747 -0.958030611795972
746 786 0.4390172516374682
747 748 -0.5912394198807396
747 787 -0.2156729852434911
748 749 0.907641291798907
748 788 0.6571103921323231
749 750 0.09746156954261309
749 789 0.9605545564279261
750 751 0.9629530508744508
750 790 0.3198738374554415
751 752 0.552466966250261
751 791 -0.5824490860284872
752 753 -0.30926092856394805
752 792 0.12015470202933676
753 754 0.5275170393833246
753 793 -0.2879620345499869
754 755 0.2995944737478282
754 794 -0.33300836483646923
755 756 -0.8511271168851025
755 795 0.49377162386937945
756 757 -0.6686071426202127
756 796 -0.7718570051137179
757 758 -0.03606638806016815
757 797 0.02984168995971692
758 759 -0.4700520040801397
758 798 0.8390895100134543
759 760 0.7741775301459921
759 799 -0.6191182568498965
760 800 0.8264926745788674
761 762 -0.1970091128194542
761 801 0.2996102180386846
762 763 -0.6524404124894483
762 802 0.8851716994539605
763 764 0.7213117242717624
763 803 -0.6697637592002255
764 765 0.719762556119802
764 804 0.6679537853693978
765 766 0.033493527763071906
765 805 -0.026465772937529053
766 767 -0.4661954063895728
766 806 0.2836898366769298
767 768 -0.24724875726790008
767 807 -0.7576523860544166
768 769 -0.6694779026246007
768 808 0.9796385137314683
769 770 0.45894290089215484
769 809 0.18414878416887048
770 771 -0.18386357832578648
770 810 -0.7696624724276897
771 772 0.023248012434459397
771 811 0.775778549385457
772 773 0.7205322341434413
772 812 -0.06633392608474686
773 774 -0.5697109052850722
773 813 -0.16133650567042834
774 775 -0.27539201291168514
774 814 0.7240938643879995
775 776 -0.6739972736063757
775 815 0.9485099533381758
776 777 -0.24791434992150507
776 816 -0.7301387710792904
777 778 0.1072105920038402
777 817 0.0058049685446786015
778 779 -0.4160986814574148
778 818 0.7881920924165018
779 780 0.4266987890154248
779 819 0.8519191318044783
780 781 0.1763835119426953
780 820 -0.663287518273846
781 782 -0.4438051742524809
781 821 -0.7671871447491632
782 783 0.6413591099632001
782 822 -0.185916462730225
783 784 -0.2753127078580453
783 823 -0.7441784197244057
784 785 0.8687457742732705
784 824 0.9180411022973816
785 786 0.07257184874975597
785 825 -0.6775419064503858
786 787 0.36105655270216497
786 826 0.6930969787290189
787 788 0.9784920294036847
787 827 0.5041208511870268
788 789 -0.06499237731604679
788 828 -0.2933456766791993
789 790 0.46563413114944585
789 829 -0.3101458312271994
790 791 0.7760232159229645
790 830 0.13273245831108316
791 792 0.4046768127639566
791 831 -0.06978090577938456
792 793 -0.3445516490048395
792 832 -0.46977546162394135
793 794 -0.9319586771538508
793 833 0.8206644338974962
794 795 0.9320709067828874
794 834 0.6510848104176827
795 796 0.169335667622593
795 835 0.6647733092334445
796 797 0.9600686050157063
796 836 -0.9549386363989498
797 798 0.8659784648811895
797 837 0.9572631284811675
798 799 0.3629177253543825
798 838 -0.49524620158940236
799 800 -0.017493460177434805
799 839 0.5052811671425435
800 840 0.3219181207180777
801 802 -0.20619999419653467
801 841 0.24783222709644614
802 803 -0.06902065036492866
802 842 0.5259872825507323
803 804 -0.5385081165444479
803 843 -0.8951302426271948
804 805 -0.14745766662060622
804 844 -0.6197400088152369
805 806 0.25028238956046844
805 845 0.7063468662436885
806 807 0.4142932573434761
806 846 -0.3127594585206084
807 808 -0.17056450604614048
807 847 0.34976143822600636
808 809 -0.4833824396838071
808 848 0.3739270536974737
809 810 0.4108227357245142
809 849 0.19928495000005464
810 811 0.06484957764079091
810 850 0.6591648431227863
811 812 0.7775964135914246
811 851 0.988225165573942
812 813 -0.9731779566575784
812 852 -0.2914201445008644
813 814 0.3651203506141001
813 853 0.2369718109622896
814 815 0.5017581380450065
814 854 0.396190400379544
815 816 -0.5178816468242076
815 855 0.599451358473899
816 817 -0.5890964690235918
816 856 0.054995292252644656
817 818 0.6205975247615025
817 857 0.2059370746351623
818 819 -0.04747021580173372
818 858 0.9412342508169487
819 820 -0.11813492073058329
819 859 0.16002576052274242
820 821 0.1861014894341222
820 860 0.9710857035215537
821 822 -0.9452174068843124
821 861 0.8025227028127337
822 823 0.7266731033707132
822 862 0.4238174944980473
823 824 -0.3611308943151921
823 863 -0.6900850296309755
824 825 -0.07189486275020585
824 864 0.4294228059435816
825 826 0.37784636213428424
825 865 0.0013076343956570646
826 827 0.3505912695254556
826 866 0.18712629559498928
827 828 0.7555882185087059
827 867 0.37898216017350284
828 829 0.7730484234532862
828 868 0.376868318605027
829 830 0.7934712644461603
829 869 -0.7636365056468142
830 831 -0.42469952075496775
830 870 0.6855654685837747
831 832 0.6711942087744303
831 871 0.547855494636933
832 833 -0.24425455125286777
832 872 0.37091388760571764
833 834 -0.5511211138363872
833 873 -0.9007976340733095
834 835 -0.31950807849410445
834 874 -0.8583603904324688
835 836 -0.6279020089454967
835 875 -0.15484251370947466
836 837 0.856547534744978
836 876 0.9211533559545044
837 838 -0.4057260633015656
837 877 -0.7900198641438141
838 839 -0.9791732190898783
838 878 0.09218295712187152
839 840 0.45086310819256004
839 879 0.15499954948755468
840 880 -0.3338495505793737
841 842 0.5348099341802477
841 881 -0.6420521799177383
842 843 0.5056403909608258
842 882 0.9624198382625215
843 844 0.71744169697857
843 883 -0.32155018355176224
844 845 0.2777262062871906
844 884 -0.14369003711559936
845 846 -0.003934181774648993
845 885 0.14516233484881447
846 847 -0.7420324369531652
846 886 -0.010260563660803745
847 848 -0.05553171671712187
847 887 -0.9628582108538308
848 849 0.35616503314242154
848 888 -0.24298001501268618
849 850 -0.7241033372098284
849 889 0.721553720376797
850 851 0.2056868373805527
850 890 -0.20752669252723566
851 852 0.5284634289141898
851 891 0.256368405877929
852 853 0.6241879093778175
852 892 0.6133878706155809
853 854 0.35184611994266857
853 893 0.9273051761329654
854 855 0.6875502121090211
854 894 0.7820716766407378
855 856 0.8839041519413557
855 895 -0.9524481698126142
856 857 -0.8295639141672979
856 896 0.7527231292465237
857 858 -0.04316164594920635
857 897 -0.30541775736577037
858 859 0.22263375034228106
858 898 0.46723260294365
859 860 -0.6187819426109449
859 899 -0.08503626491267458
860 861 -0.8574613046900754
860 900 -0.18747720001340018
861 862 0.7689060809146622
861 901 -0.41718592184118974
862 863 -0.027296468845223965
862 902 0.5236064944188028
863 864 0.968033912694485
863 903 -0.12232282394128058
864 865 0.5423252876484497
864 904 0.49422178259857685
865 866 0.2626166312954088
865 905 0.1756739744496183
866 867 0.9352999298467857
866 906 0.5093739944125979
867 868 -0.7196286299021262
867 907 -0.7001942056087127
868 869 0.7894970390190754
868 908 -0.5510053023275994
869 870 0.6158513508553827
869 909 -0.4693558053804603
870 871 0.1020755275333114
870 910 0.8345177901296243
871 872 -0.6735886406690728
871 911 0.6392387292075354
872 873 0.5442906846298345
872 912 -0.7337271160716914
873 874 0.310452276894325
873 913 -0.029875954361909374
874 875 0.17656798409407903
874 914 -0.5095584549210017
875 876 -0.3699064829740255
875 915 0.7782392444154431
876 877 -0.7831737184706813
876 916 0.9886061077250945
877 878 0.9770298095092667
877 917 -0.5119555269155482
878 879 -0.28781998286592003
878 918 0.6739114472482954
879 880 -0.48629615321187614
879 919 -0.1304252838065616
880 920 0.6995809034276288
881 882 -0.24884846282491524
881 921 0.005066118653868745
882 883 0.9465559882578614
882 922 -0.9198177507176633
883 884 -0.21350654326688878
883 923 -0.4592690355233955
884 885 0.011614141556514745
884 924 0.30210311673551726
885 886 0.005109035565948217
885 925 0.592884067901817
886 887 0.5279840941774878
886 926 0.04224066616164257
887 888 0.8570286990895979
887 927 -0.49812762076587536
888 889 -0.4039737981772955
888 928 0.49061556028331643
889 890 -0.6637393406206045
889 929 -0.44937219392218397
890 891 -0.9531382949082561
890 930 -0.4881693584273781
891 892 -0.03232551508693682
891 931 0.7509843784176655
892 893 0.8506966596461736
892 932 0.2512789705960199
893 894 -0.47990912826711307
893 933 -0.4267286685803735
894 895 0.39415033142032785
894 934 -0.8751708380346688
895 896 0.4526559106256445
895 935 -0.8733618801261942
896 897 0.6415115431372027
896 936 -0.811439086200322
897 898 0.7198672627337088
897 937 -0.15514193550113076
898 899 -0.5847643711212271
898 938 0.8404722366212567
899 900 0.2855771836114567
899 939 -0.13404137505715208
900 901 -0.34282662253577256
900 940 0.10508483274916935
901 902 -0.10003996316413599
901 941 -0.9105527007435132
902 903 -0.25655023370234575
902 942 -0.6429338318793119
903 904 0.47213082549575924
903 943 -0.5795799975372709
904 905 -0.24516743530499463
904 944 -0.9131465996090937
905 906 0.9526858447799238
905 945 0.10597843512265803
906 907 -0.7840060066386343
906 946 -0.3871051197729478
907 908 -0.7412194983287181
907 947 -0.39546265174467843
908 909 0.5586331632842816
908 948 0.9965353391841001
909 910 -0.8955597339744272
909 949 0.5823415717968583
910 911 -0.18612499439112007
910 950 -0.62273104573191
911 912 -0.0326309522159407
911 951 -0.18340983003706035
912 913 -0.972019422392624
912 952 0.6176951397768706
913 914 0.07008928555181249
913 953 0.9801714648228999
914 915 -0.7961624485827925
914 954 0.3708101912974371
915 916 -0.9812375484443205
915 955 -0.1007398992008035
916 917 0.08718078312038924
916 956 -0.49453000385124746
917 918 0.08392988303874915
917 957 -0.7556366589332035
918 919 0.2935578941698562
918 958 -0.11098599583006319
919 920 -0.3128191392072621
919 959 -0.2657393244137005
920 960 -0.39426605150980043
921 922 0.3733341598326916
921 961 -0.4926407026772337
922 923 -0.9680574449368786
922 962 0.08658063004706817
923 924 -0.7535442225411764
923 963 -0.08612151647586952
924 925 0.879883069070662
924 964 0.6164994532678811
925 926 0.8138702280952681
925 965 -0.35467797265026246
926 927 -0.6112021901129574
926 966 -0.3913169396743017
927 928 -0.9852218065422083
927 967 -0.11488068925320927
928 929 -0.8359755691421575
928 968 -0.9561159193836386
929 930 0.06902521321318345
929 969 0.3557369056524402
930 931 0.20922116899875065
930 970 0.37354993414814053
931 932 -0.023815386813706763
931 971 0.8900787847066025
932 933 0.43641351880254065
932 972 -0.8024951455451326
933 934 0.689631164416991
933 973 -0.05656573861984038
934 935 -0.6203719043898825
934 974 0.12670357524992704
935 936 0.04758872293403815
935 975 0.7114415621939374
936 937 -0.8419266096892688
936 976 -0.05051697958651169
937 938 -0.8633473755353662
937 977 -0.6732466705634763
938 939 -0.6948761286164828
938 978 0.4493377080069274
939 940 0.40144295388797224
939 979 0.6230721954485747
940 941 0.24861196067649072
940 980 0.04661355561398417
941 942 -0.417045707318658
941 981 -0.12255785382754425
942 943 0.3934227208977492
942 982 -0.4211531151820258
943 944 -0.3229689781941578
943 983 -0.723206247833881
944 945 -0.8051074382932433
944 984 -0.720416058129181
945 946 0.009724310369400246
945 985 0.9435583805330632
946 947 0.40446560280267363
946 986 -0.42459246671362716
947 948 0.7649723696163464
947 987 -0.23204477306695015
948 949 -0.8536238370940383
948 988 -0.4841123868346695
949 950 0.06936327913802898
949 989 0.928759274212261
950 951 0.377613713138764
950 990 -0.6391172364177793
951 952 -0.3255494830348318
951 991 0.11899340987953888
952 953 -0.2799260837519959
952 992 0.004009535531313224
953 954 0.5342169704775872
953 993 -0.39177981536866313
954 955 -0.7455246110238607
954 994 0.574403102744043
955 956 0.47203410209795416
955 995 -0.743106072448267
956 957 0.11086101034830564
956 996 -0.41798712895307855
957 958 0.5384739188905228
957 997 0.9643469429477847
958 959 0.7193868636173062
958 998 0.06299118601779163
959 960 0.8708411993980272
959 999 -0.6740433507546149
960 1000 -0.06435306792357864
961 962 0.10948172588511706
961 1001 0.24986168812819542
962 963 -0.9322447642031817
962 1002 0.314969271670545
963 964 -0.5305658938343167
963 1003 0.1263064698598515
964 965 -0.7535667335021492
964 1004 0.8149244180393571
965 966 0.44879401187517054
965 1005 0.30951189682639146
966 967 0.514752785220892
966 1006 -0.07859905398648137
967 968 0.7012089301526074
967 1007 0.8672746095963235
968 969 -0.18867422207471995
968 1008 -0.3535624129865744
969 970 0.8569921655057904
969 1009 -0.7072410957878177
970 971 -0.3432574610018766
970 1010 -0.5963432753878777
971 972 0.49635075091584135
971 1011 0.1258549233234585
972 973 -0.3906026888015657
972 1012 -0.7784436863885025
973 974 -0.9876914339948131
973 1013 0.791895530577347
974 975 0.110034198608979
974 1014 0.9387484736331828
975 976 -0.8384705355100681
975 1015 -0.5760726854338676
976 977 -0.9291855530445852
976 1016 0.9857235704504836
977 978 0.42868114578867345
977 1017 -0.4976125600209711
978 979 0.41336138757540497
978 1018 -0.8521784050879049
979 980 0.5518719942781416
979 1019 0.913759654431489
980 981 0.0051624931088432024
980 1020 0.6570366372167458
981 982 0.2940419148461857
981 1021 -0.09722512414779816
982 983 -0.7055489978780671
982 1022 -0.5919651518358862
983 984 0.8228039546429065
983 1023 -0.8816474969196344
984 985 0.5805163145868233
984 1024 -0.8370949709116735
985 986 0.16207254042381192
985 1025 -0.4573160848387323
986 987 0.9769447559542683
986 1026 -0.8605421833514972
987 988 -0.29514722131268223
987 1027 -0.7847236781806914
988 989 -0.6721539696844134
988 1028 0.39591486885902305
989 990 -0.6193569342836243
989 1029 -0.9787399569365489
990 991 0.5442052090278708
990 1030 0.4278457867469765
991 992 0.8605409601655376
991 1031 0.9901655745523426
992 993 -0.9163936297118285
992 1032 0.04619995489871642
993 994 0.11151539781495057
993 1033 0.38718362266666295
994 995 -0.4241731873712902
994 1034 -0.17057541277085897
995 996 -0.30790707916415916
995 1035 0.5458553309751217
996 997 -0.8342908217070062
996 1036 -0.7669276078682841
997 998 0.11749100455712225
997 1037 0.584428106159117
998 999 -0.40589988266285504
998 1038 0.218719066939689
999 1000 0.3807031206521212
999 1039 0.23291898076751427
1000 1040 -0.1241445966604735
1001 1002 0.7910023321122921
1001 1041 -0.27429282313374714
1002 1003 0.06980520332890516
1002 1042 0.33311679220052026
1003 1004 -0.5944699045210824
1003 1043 0.022774564271497377
1004 1005 0.3541346654176607
1004 1044 -0.3611496096610549
1005 1006 -0.253424335699169
1005 1045 0.6069919987187917
1006 1007 0.5304867930612289
1006 1046 -0.6479730310404013
1007 1008 -0.7336237952967481
1007 1047 -0.861805398358676
1008 1009 -0.8585240320947063
1008 1048 -0.8273931883476753
1009 1010 -0.9025906901582335
1009 1049 0.22618485566715063
1010 1011 0.5397703436835632
1010 1050 -0.8181680400251299
1011 1012 -0.46861489461345496
1011 1051 -0.34160966269021076
1012 1013 0.1952498621855061
1012 1052 -0.096261019042851
1013 1014 0.7774937523287455
1013 1053 -0.23248403994953648
1014 1015 0.13142807866010697
1014 1054 0.6210554260333743
1015 1016 0.5689462058409311
1015 1055 0.4074534452238243
1016 1017 -0.801820393884233
1016 1056 0.055743779577831054
1017 1018 0.06175180741990638
1017 1057 0.740779837136285
1018 1019 0.18222245905447054
1018 1058 0.20551664138011327
1019 1020 -0.9216213606921251
1019 1059 -0.5868537708914172
1020 1021 0.7605146216974328
1020 1060 -0.5583444595741072
1021 1022 0.37482238591762695
1021 1061 -0.8782819190796403
1022 1023 0.5769253051265713
1022 1062 -0.330941508717129
1023 1024 -0.7586073291952424
1023 1063 -0.19140172187672744
1024 1025 -0.5889609277049106
1024 1064 -0.4781939062869167
1025 1026 0.49899881056185547
1025 1065 0.06332415449147843
1026 1027 0.9691701473998666
1026 1066 0.3968560135046406
1027 1028 -0.644154752399241
1027 1067 0.8649487908860034
1028 1029 0.3620633100188848
1028 1068 -0.8045222077905243
1029 1030 0.12348206635917469
1029 1069 0.06896834863656354
1030 1031 -0.8520684185009122
1030 1070 -0.3537390928165487
1031 1032 0.6314053996997371
1031 1071 0.653140700170953
1032 1033 0.7117578460641905
1032 1072 0.8448509946960658
1033 1034 0.32844782195869215
1033 1073 -0.9251998506372892
1034 1035 0.11874723708941226
1034 1074 0.7937623496133401
1035 1036 0.9111488628698714
1035 1075 0.2541696550058128
1036 1037 -0.49752706051802154
1036 1076 -0.01916448866758902
1037 1038 -0.21487996959947453
1037 1077 -0.2398108893883184
1038 1039 -0.8548553930678282
1038 1078 0.6524786851977162
1039 1040 0.4928809944253758
1039 1079 -0.05942103768585616
1040 1080 0.1044388647569785
1041 1042 0.2751141460374733
1041 1081 -0.6171071957620733
1042 1043 -0.11731859125465993
1042 1082 -0.45505708255252775
1043 1044 0.8966517678857717
1043 1083 -0.2563325872742799
1044 1045 0.4599859771024988
1044 1084 -0.05007216165428008
1045 1046 0.39010735443366773
1045 1085 -0.016253460880143678
1046 1047 0.3698576974959198
1046 1086 0.5991630889677213
1047 1048 0.6694051100517155
1047 1087 0.6884774519023187
1048 1049 0.001432174099457173
1048 1088 0.9102027269824584
1049 1050 0.14705983567667857
1049 1089 0.4587076055463368
1050 1051 -0.1677454908948237
1050 1090 0.23155554567436387
1051 1052 -0.6893871869626145
1051 1091 0.5360185200789724
1052 1053 -0.6117010864904937
1052 1092 0.4043686134576516
1053 1054 -0.22516682760500162
1053 1093 0.9310301917020121
1054 1055 0.26228175858400715
1054 1094 -0.8182780752903418
1055 1056 0.5222020658419988
1055 1095 0.031559580357268135
1056 1057 0.011132149316010587
1056 1096 0.14796252532617826
1057 1058 -0.8366399378652833
1057 1097 -0.6816034359013396
1058 1059 0.689410171243025
1058 1098 0.11290801756292734
1059 1060 0.43162258095823747
1059 1099 -0.9007243594435703
1060 1061 0.4979775131574371
1060 1100 -0.04159491246913438
1061 1062 0.8538569601292967
1061 1101 0.9125284893903625
1062 1063 -0.926130841029704
1062 1102 -0.45058205413174046
1063 1064 -0.7262972203613558
1063 1103 0.43815861605735584
1064 1065 -0.5514646189083334
1064 1104 -0.29445664854423703
1065 1066 0.7470117226176116
1065 1105 -0.8264148943209353
1066 1067 0.42285081033460536
1066 1106 -0.6073386219140691
1067 1068 0.7723546950936873
1067 1107 -0.8420586144547872
1068 1069 0.13225020240366825
1068 1108 0.9767185843971304
1069 1070 0.3590661447845074
1069 1109 0.6467490613897375
1070 1071 0.15204317767349385
1070 1110 -0.9685144872529374
1071 1072 0.28187107278541235
1071 1111 0.8657311919487662
1072 1073 0.7749735534969819
1072 1112 0.2955956078804267
1073 1074 0.9811872026948365
1073 1113 -0.9601243730236173
1074 1075 0.20489522780730285
1074 1114 0.2856700534957346
1075 1076 0.690190209803264
1075 1115 -0.26023526043159717
1076 1077 0.5010181356934977
1076 1116 -0.7320503017599185
1077 1078 -0.3889302585348626
1077 1117 0.976248350800544
1078 1079 0.16573511876485614
1078 1118 -0.9680580012556141
1079 1080 0.744998328557787
1079 1119 -0.3861851680846151
1080 1120 0.7331077079964905
1081 1082 -0.004411770765388567
1081 1121 -0.6351091908575863
1082 1083 0.8993378798956879
1082 1122 0.4565388803864938
1083 1084 0.9084381786653604
1083 1123 -0.8855881674887063
1084 1085 0.12206512763090083
1084 1124 0.14364938728676968
1085 1086 0.14384502057900006
1085 1125 0.897878862431919
1086 1087 0.7749246815282609
1086 1126 -0.4033460082196241
1087 1088 0.8297646458318866
1087 1127 0.5809642479185928
1088 1089 0.3992687654245577
1088 1128 -0.6401397762818233
1089 1090 -0.6346318849478081
1089 1129 0.5667618628869762
1090 1091 0.014181401094575108
1090 1130 -0.890584414275083
1091 1092 0.3353777204172237
1091 1131 0.4866363052180298
1092 1093 0.662389900686903
1092 1132 -0.6666076917447847
1093 1094 -0.32909102475734975
1093 1133 -0.7531064724898697
1094 1095 -0.2820893618363065
1094 1134 -0.05104220754295907
1095 1096 -0.4526790680865864
1095 1135 -0.31665909657518987
1096 1097 -0.2244919023505818
1096 1136 0.06800214336291122
1097 1098 0.9267014104319897
1097 1137 0.8455540284472491
1098 1099 0.7991540484149173
1098 1138 0.5600660706089098
1099 1100 -0.12219610865277342
1099 1139 0.23932970113923635
1100 1101 -0.6181265823321724
1100 1140 -0.7990240578489942
1101 1102 -0.046428652723404795
1101 1141 0.15397248043475975
1102 1103 0.7854125137328296
1102 1142 0.3069266243633282
1103 1104 0.35079010664409993
1103 1143 -0.20944676656246086
1104 1105 -0.9398889326277187
1104 1144 0.6928632985079217
1105 1106 0.9615157577575868
1105 1145 0.7877065980827633
1106 1107 -0.26173288230316727
1106 1146 0.42453766064711695
1107 1108 -0.399647270714214
1107 1147 0.3982059725382374
1108 1109 0.48974279449910174
1108 1148 0.895493998732185
1109 1110 0.44642443105699203
1109 1149 0.9871180980386749
1110 1111 0.3960269673022052
1110 1150 -0.768935155431745
1111 1112 0.9673312656324267
1111 1151 -0.3554350709965779
1112 1113 -0.8435439131641012
1112 1152 0.14550409523921704
1113 1114 -0.14752295221944456
1113 1153 0.5484117712348688
1114 1115 0.7277862824098453
1114 1154 -0.4732146118010201
1115 1116 0.20457345731417997
1115 1155 0.8774598088169965
1116 1117 0.40127025869744437
1116 1156 0.4816024245114845
1117 1118 -0.4765562474099809
1117 1157 -0.9544383103904519
1118 1119 0.3565618719590613
1118 1158 -0.824915979444115
1119 1120 -0.6549215239425263
1119 1159 0.4838674063295958
1120 1160 -0.9058462968650884
1121 1122 0.8367660782795254
1121 1161 -0.13635585731754474
1122 1123 -0.9873521254690345
1122 1162 -0.801344470211651
1123 1124 0.09761023656416468
1123 1163 0.19959498237839934
1124 1125 -0.6970215015103649
1124 1164 -0.2760357634378088
1125 1126 0.28034018594722254
1125 1165 0.2697822492255644
1126 1127 0.8243106848154729
1126 1166 0.17136676186584476
1127 1128 0.6727532123597251
1127 1167 0.6354954487067463
1128 1129 -0.28379440212253404
1128 1168 0.36214653026711474
1129 1130 -0.8716668247919728
1129 1169 -0.7416129323476364
1130 1131 -0.5841754975611044
1130 1170 -0.6529030251666263
1131 1132 -0.06540764431786217
1131 1171 0.9124119240941106
1132 1133 0.721742782707798
1132 1172 -0.4114801429788011
1133 1134 0.3490555490777101
1133 1173 -0.47735692938823604
1134 1135 -0.7052924041963211
1134 1174 -0.06820834169532453
1135 1136 0.4357305369862945
1135 1175 0.9762546159314016
1136 1137 -0.1721267079852804
1136 1176 -0.8269446649874697
1137 1138 0.8784593133798846
1137 1177 -0.3453507859248752
1138 1139 -0.9164735177779839
1138 1178 0.3473726840200988
1139 1140 0.9331893385433772
1139 1179 0.7475293059118651
1140 1141 -0.2868956450997149
1140 1180 -0.8686065130808447
1141 1142 0.5255123385129936
1141 1181 0.3067317496729183
1142 1143 -0.9956451908701309
1142 1182 0.6850633572460891
1143 1144 0.36652500011618794
1143 1183 0.9752705862303745
1144 1145 -0.15875580018198288
1144 1184 0.8378445933776626
1145 1146 -0.2971944866980065
1145 1185 0.6347860299863888
1146 1147 -0.2667033493640534
1146 1186 0.3767005809343609
1147 1148 -0.9952642801546026
1147 1187 -0.31337971844164936
1148 1149 -0.4515734082171663
1148 1188 0.6460418541807411
1149 1150 0.39418022162786714
1149 1189 0.8950330418459267
1150 1151 -0.6979229451901798
1150 1190 -0.8753989938691311
1151 1152 -0.789271709167046
1151 1191 0.5319398077772899
1152 1153 0.012781094146594008
1152 1192 -0.2054110282128616
1153 1154 -0.9234441454463385
1153 1193 0.09668447730318963
1154 1155 0.12021757551580259
1154 1194 -0.8222266036135466
1155 1156 -0.8895721633620421
1155 1195 -0.17498218900598705
1156 1157 0.7890798981924672
1156 1196 0.6147757416998161
1157 1158 0.8441680930916919
1157 1197 -0.2477823750428112
1158 1159 -0.9008214157605652
1158 1198 0.6568716103009722
1159 1160 0.8333865666695768
1159 1199 -0.1599343900871355
1160 1200 -0.5909815766530941
1161 1162 0.6603762041966925
1161 1201 -0.16644739064327485
1162 1163 0.26338449024995914
1162 1202 -0.4239263460045837
1163 1164 0.9235066354917194
1163 1203 0.8503702624568454
1164 1165 -0.12853051751200062
1164 1204 -0.884549801662035
1165 1166 -0.2387202167293503
1165 1205 0.5638089772423638
1166 1167 -0.41166588533923165
1166 1206 -0.938086185281007
1167 1168 -0.9203810597503177
1167 1207 -0.6478096393660306
1168 1169 -0.8451377083071918
1168 1208 -0.6066637676911524
1169 1170 -0.6442692277156048
1169 1209 -0.8241825784500472
1170 1171 0.023223398397525408
1170 1210 -0.5886457206137319
1171 1172 -0.678737141466297
1171 1211 -0.3663115319988173
1172 1173 0.636164391369322
1172 1212 0.2500046099276949
1173 1174 -0.6590950587129585
1173 1213 0.35747635007817036
1174 1175 0.17528246468632358
1174 1214 0.5946301006802177
1175 1176 -0.38169445331495955
1175 1215 -0.5358393652309019
1176 1177 -0.7661972411829792
1176 1216 0.8554348944954366
1177 1178 -0.33582885386702954
1177 1217 -0.21473485446235152
1178 1179 0.07842114186678772
1178 1218 0.013710668114272906
1179 1180 0.313990483276285
1179 1219 0.3644095366887836
1180 1181 0.2826569779234054
1180 1220 -0.5779771631627126
1181 1182 0.37063224514500925
1181 1221 -0.2273027502783238
1182 1183 -0.8219398002298361
1182 1222 0.2544218744136322
1183 1184 -0.6466662334052071
1183 1223 -0.7866665636541259
1184 1185 -0.0183768289971753
1184 1224 -0.8011875473443442
1185 1186 0.9411464932873117
1185 1225 0.7850098461164874
1186 1187 0.015967183012460806
1186 1226 0.8768269268583753
1187 1188 0.8877062174477239
1187 1227 -0.7244412342942255
1188 1189 0.6613904156904173
1188 1228 -0.7848141672811995
1189 1190 -0.8031768895908529
1189 1229 0.9700042224183429
1190 1191 -0.3343669463825383
1190 1230 0.17701457449680924
1191 1192 -0.3389211965278909
1191 1231 0.2866912704411009
1192 1193 -0.43071651021399693
1192 1232 -0.9618202563554399
1193 1194 0.45157034343711366
1193 1233 0.7555035189388795
1194 1195 0.07398001848054281
1194 1234 0.4863343125913271
1195 1196 0.3793355754699608
1195 1235 -0.5687332597469337
1196 1197 -0.06072986019929272
1196 1236 -0.9412713679199023
1197 1198 -0.48277286642884065
1197 1237 0.5100643102423297
1198 1199 -0.28494430563532136
1198 1238 0.5945008112294976
1199 1200 -0.03609719028666891
1199 1239 -0.6338071084848129
1200 1240 -0.5631312844827554
1201 1202 0.8093351774867339
1201 1241 -0.19034956537818792
1202 1203 -0.18475664541668468
1202 1242 0.5630622477954195
1203 1204 0.021812259036110504
1203 1243 0.5189722803305616
1204 1205 0.44746502149767453
1204 1244 -0.3463904612444588
1205 1206 0.7447679684129453
1205 1245 -0.3810180443370754
1206 1207 0.32934192976440735
1206 1246 0.8988029951330299
1207 1208 -0.9128361644121048
1207 1247 -0.998186659569422
1208 1209 -0.8608093700231207
1208 1248 -0.05810525991816484
1209 1210 -0.913589003035421
1209 1249 0.29569156672225483
1210 1211 0.4990262392803708
1210 1250 -0.8293580382202608
1211 1212 -0.08995075534218056
1211 1251 -0.9166470816786552
1212 1213 0.032631019340223055
1212 1252 -0.11959093124678377
1213 1214 -0.8490464943717273
1213 1253 0.9836079892376273
1214 1215 0.31677056892082267
1214 1254 0.7012854201002048
1215 1216 -0.3560522708183953
1215 1255 -0.8544149367064771
1216 1217 -0.18373597253777718
1216 1256 0.372776721399263
1217 1218 0.8045648990273226
1217 1257 -0.7169876040754202
1218 1219 0.6758095891701292
1218 1258 -0.1330062062613686
1219 1220 0.7594878633069357
1219 1259 -0.7303191304217229
1220 1221 0.20568792637242383
1220 1260 -0.39893914989472345
1221 1222 -0.4553126493202577
1221 1261 0.34451749617442506
1222 1223 0.7898722905352029
1222 1262 -0.7034079202323111
1223 1224 -0.7691185419153954
1223 1263 -0.5181895625376445
1224 1225 -0.7998992070201578
1224 1264 0.507887379539173
1225 1226 -0.6825564631530296
1225 1265 0.2241112235151046
1226 1227 -0.02530461272283957
1226 1266 -0.5506325833671755
1227 1228 0.26559963620875626
1227 1267 -0.5069512690707247
1228 1229 0.7180802169009994
1228 1268 0.14706768193090247
1229 1230 0.2666069572616825
1229 1269 -0.44946025623990815
1230 1231 0.4945295765120974
1230 1270 0.4888015699001338
1231 1232 0.838657479074127
1231 1271 0.8211176675522294
1232 1233 -0.8980759580947553
1232 1272 0.6467730817411554
1233 1234 -0.4599731001464866
1233 1273 -0.9168874655228645
1234 1235 -0.6792845969734969
1234 1274 0.3201485875587058
1235 1236 0.7979844675862411
1235 1275 -0.3965837840384685
1236 1237 -0.20814433788719566
1236 1276 0.9824198418532384
1237 1238 0.6465231999057959
1237 1277 -0.8256228898969435
1238 1239 -0.9433744724266637
1238 1278 -0.32120843073661187
1239 1240 -0.5095480339198306
1239 1279 -0.4984857599781287
1240 1280 0.6856461010463037
1241 1242 -0.33765099381775454
1241 1281 0.14427754054549724
1242 1243 -0.2917089236412693
1242 1282 0.851617194558518
1243 1244 0.9518105632150309
1243 1283 0.4730005279265377
1244 1245 -0.046294268337702116
1244 1284 0.8961156106433181
1245 1246 -0.3471764577242189
1245 1285 0.34639294504110874
1246 1247 0.1490000245089793
1246 1286 -0.3994374686187543
1247 1248 0.9531940130516672
1247 1287 0.9987280792702613
1248 1249 0.09064691317802165
1248 1288 0.7259943145462084
1249 1250 0.9543157521448644
1249 1289 -0.16019374442315737
1250 1251 -0.21029530317066492
1250 1290 0.7652385765320409
1251 1252 0.44111448939399267
1251 1291 -0.4356656897097533
1252 1253 0.7425578545999301
1252 1292 0.18133273907459313
1253 1254 -0.532793506863394
1253 1293 -0.2711083761267312
1254 1255 0.7198101200680476
1254 1294 -0.8711401724381242
1255 1256 -0.6489582533452181
1255 1295 0.651056031272103
1256 1257 0.6955007311894241
1256 1296 -0.7672279629408421
1257 1258 0.038194869462940595
1257 1297 -0.4727352884186782
1258 1259 0.0848825984092263
1258 1298 0.794490312003552
1259 1260 0.2046721732042256
1259 1299 -0.774585798747131
1260 1261 -0.5664940413780617
1260 1300 0.2402021069169482
1261 1262 0.9797477033676256
1261 1301 -0.7709785251266132
1262 1263 -0.9549660955006276
1262 1302 0.9833185465674739
1263 1264 -0.02202955103766091
1263 1303 -0.2531586317350307
1264 1265 -0.8995478832541435
1264 1304 -0.994132577408779
1265 1266 -0.10481770413464342
1265 1305 0.6918967716645297
1266 1267 -0.07245641890488352
1266 1306 0.5504536609414201
1267 1268 0.2886811183160509
1267 1307 0.49892046403270607
1268 1269 -0.4039591945181311
1268 1308 -0.7395630217713096
1269 1270 -0.1956671976630293
1269 1309 -0.06459109043162403
1270 1271 -0.8263430493076129
1270 1310 0.8333237876568418
1271 1272 -0.36863953263389226
1271 1311 -0.4277067518334281
1272 1273 -0.8416436949092265
1272 1312 -0.577478923288901
1273 1274 -0.8500130496520757
1273 1313 0.8830828180609125
1274 1275 -0.60365322252473
1274 1314 -0.7670986883207735
1275 1276 -0.25669158979837814
1275 1315 -0.6214963113695215
1276 1277 0.2548774437630412
1276 1316 -0.12621178957911483
1277 1278 -0.5786890936014961
1277 1317 0.5876535844770971
1278 1279 -0.9260598076108224
1278 1318 0.09438598271951282
1279 1280 -0.8133325995824685
1279 1319 -0.654621496754987
1280 1320 -0.6473902339604627
1281 1282 0.6908872981882266
1281 1321 0.7220286235061439
1282 1283 0.4409042428492327
1282 1322 0.10385288146274929
1283 1284 0.9079119479085653
1283 1323 0.877787958638532
1284 1285 0.7359366582568123
1284 1324 -0.4538076467238059
1285 1286 -0.4222901512915258
1285 1325 -0.8365719489333996
1286 1287 -0.34047573713392
1286 1326 -0.018656176083641007
1287 1288 0.11106056401387088
1287 1327 -0.704028839800493
1288 1289 -0.9362172105632507
1288 1328 -0.7237224559385729
1289 1290 -0.6968237287795658
1289 1329 -0.4088154595638256
1290 1291 0.9029745899415358
1290 1330 -0.37638213740369686
1291 1292 -0.5369057844101479
1291 1331 0.24466867714683005
1292 1293 0.5888804297376584
1292 1332 0.9272585571445662
1293 1294 0.8709427171858977
1293 1333 0.24157304144349379
1294 1295 0.8543940077056067
1294 1334 -0.1440247235567298
1295 1296 -0.7753989090665923
1295 1335 -0.6857770970496346
1296 1297 -0.7314226275502342
1296 1336 0.30217015686148696
1297 1298 -0.45775682538424145
1297 1337 -0.8536594787028631
1298 1299 -0.3416167566459112
1298 1338 0.7378614038410665
1299 1300 0.07679972960510328
1299 1339 -0.8808523634036651
1300 1301 -0.515332584694397
1300 1340 0.7900495069197868
1301 1302 -0.6871772416529898
1301 1341 0.042504274600121406
1302 1303 0.44835303702762674
1302 1342 -0.3450169622931636
1303 1304 -0.1445385961069945
1303 1343 0.5367069414666075
1304 1305 -0.8393421156570207
1304 1344 -0.6682612429787258
1305 1306 -0.1690406371141564
1305 1345 -0.10300381566783279
1306 1307 0.33189633590735923
1306 1346 -0.4390883022617631
1307 1308 -0.08087748469411116
1307 1347 0.18189266595066345
1308 1309 -0.1722797789460928
1308 1348 0.6281888254088952
1309 1310 -0.9289951499564018
1309 1349 0.2606583120563062
1310 1311 0.007633603169221237
1310 1350 -0.0022581587398098346
1311 1312 0.4308432212383433
1311 1351 -0.5770726610903212
1312 1313 0.2015019671830549
1312 1352 0.9877420083652955
1313 1314 0.5384906384358699
1313 1353 0.7863201804836824
1314 1315 0.9320662876280474
1314 1354 0.8286177692295835
1315 1316 0.16569678982536096
1315 1355 0.2727919904822833
1316 1317 0.7323434296023004
1316 1356 -0.34494519602455065
1317 1318 0.07740692678532013
1317 1357 -0.3306748811776521
1318 1319 -0.5963337965198849
1318 1358 0.9761980793158018
1319 1320 -0.6154128146901385
1319 1359 0.387657048213889
1320 1360 -0.7670421981866948
1321 1322 0.19137623413666893
1321 1361 -0.8306767779591795
1322 1323 -0.6380703279497952
1322 1362 -0.18081722066470118
1323 1324 -0.036465677200137936
1323 1363 0.3197884617604363
1324 1325 -0.19945659442354957
1324 1364 0.14246840777033354
1325 1326 -0.4238018567569346
1325 1365 0.3941571148756011
1326 1327 0.967931431525743
1326 1366 -0.13890697648095363
1327 1328 -0.7276514974288593
1327 1367 0.8230122395790127
1328 1329 -0.44540500932236027
1328 1368 -0.17182733635121927
1329 1330 -0.5112029772169469
1329 1369 0.4311076188606031
1330 1331 -0.5893325695520519
1330 1370 -0.9588553931237032
1331 1332 0.7073899151267444
1331 1371 -0.9386088387500644
1332 1333 -0.6502272232885191
1332 1372 -0.4951157925898968
1333 1334 -0.9807857159584386
1333 1373 0.8487756617434701
1334 1335 0.25425862998707927
1334 1374 -0.43163246487993145
1335 1336 0.679686843231891
1335 1375 -0.5219434798924842
1336 1337 -0.4071476034789161
1336 1376 -0.028088512309269564
1337 1338 -0.21169387592329758
1337 1377 -0.8854550417340195
1338 1339 -0.9980199976780055
1338 1378 -0.5804358741378943
1339 1340 0.26497727907014124
1339 1379 0.7515102124858173
1340 1341 -0.5174867415495785
1340 1380 -0.8880543748913565
1341 1342 0.026886067771515032
1341 1381 0.035524210674894086
1342 1343 0.803428598914274
1342 1382 -0.3486057538489453
1343 1344 0.7649048141578496
1343 1383 -0.36799539415016636
1344 1345 0.9643200114613137
1344 1384 0.4915073767570475
1345 1346 -0.7261494833327427
1345 1385 0.7488485690087132
1346 1347 -0.4484940193019624
1346 1386 0.37363356305550943
1347 1348 0.4738733139590807
1347 1387 -0.7358363559923244
1348 1349 -0.596678956174201
1348 1388 0.4496929955109761
1349 1350 -0.8573560890884553
1349 1389 -0.7911215734723926
1350 1351 0.8305303430925797
1350 1390 -0.8676111774777784
1351 1352 0.7815064423088838
1351 1391 -0.26021112707626903
1352 1353 0.3792547782417519
1352 1392 0.855811216191545
1353 1354 0.7525840483214816
1353 1393 -0.5723681962843992
1354 1355 -0.6445404258532104
1354 1394 0.42322101797489364
1355 1356 0.8588382968171249
1355 1395 -0.7569963987169148
1356 1357 -0.3971882277378449
1356 1396 0.4729563326152584
1357 1358 0.7031220094151265
1357 1397 -0.14472747233404704
1358 1359 -0.46974814422136557
1358 1398 0.23910495663662945
1359 1360 0.16127301504679736
1359 1399 0.6394577776959478
1360 1400 -0.6746239382989356
1361 1362 0.19453321463834983
1361 1401 -0.5090925828337958
1362 1363 0.5257635796866469
1362 1402 0.9815936370341143
1363 1364 -0.6403007341642035
1363 1403 -0.12595305516905753
1364 1365 -0.761036164470789
1364 1404 0.5923687571023832
1365 1366 0.00533097232964308
1365 1405 0.16012698894323418
1366 1367 -0.22558823268124195
1366 1406 -0.010928833216877543
1367 1368 0.8354826896910084
1367 1407 0.16952466753293272
1368 1369 -0.39146750533872776
1368 1408 0.9810523859577134
1369 1370 0.24375883505123253
1369 1409 0.2226721425986824
1370 1371 0.39838766992471886
1370 1410 -0.8548799280818695
1371 1372 0.044996750651465245
1371 1411 -0.11411104956502682
1372 1373 0.2746414955861278
1372 1412 -0.6372300560205504
1373 1374 -0.34297516614293344
1373 1413 -0.7193256579609657
1374 1375 -0.4147526675281854
1374 1414 -0.014083511419266115
1375 1376 0.8897336644543967
1375 1415 -0.4071297534479712
1376 1377 -0.1318215150361577
1376 1416 -0.32678719832921765
1377 1378 -0.0812382210455278
1377 1417 0.4152054028752903
1378 1379 0.5553991133956027
1378 1418 0.07277338754752649
1379 1380 0.30538672527338284
1379 1419 0.49137539639756866
1380 1381 -0.5455859359413571
1380 1420 -0.2241343198290915
1381 1382 -0.890991675634891
1381 1421 0.027669608848736704
1382 1383 -0.1824729615136027
1382 1422 -0.6783508723794816
1383 1384 0.4987579443707275
1383 1423 0.35963661359509635
1384 1385 -0.22066035650073923
1384 1424 0.7350496553756329
1385 1386 0.4760486456204924
1385 1425 0.6240713650117153
1386 1387 -0.6412566582961345
1386 1426 0.0537432160561222
1387 1388 -0.05407938703235593
1387 1427 -0.24713321032296598
1388 1389 -0.5249756193706487
1388 1428 -0.28677443594273244
1389 1390 0.24282077900809806
1389 1429 -0.44000080794280794
1390 1391 0.28722106121773905
1390 1430 0.7550175271668194
1391 1392 -0.20456961308415145
1391 1431 -0.5809419882627531
1392 1393 -0.17926606079965435
1392 1432 -0.37813363866633387
1393 1394 -0.5097434893157209
1393 1433 -0.09114523911457661
1394 1395 -0.9869100248713223
1394 1434 0.22904363746596412
1395 1396 -0.9600850874924536
1395 1435 -0.8582735325210402
1396 1397 -0.7189142892152043
1396 1436 0.7712811113959712
1397 1398 0.11767298204347787
1397 1437 -0.6351821970787026
1398 1399 -0.4612778077653443
1398 1438 -0.3458675462751064
1399 1400 -0.5135632951155613
1399 1439 -0.2555786527089672
1400 1440 -0.7560172211427238
1401 1402 0.46518689717993555
1401 1441 0.7893025846334776
1402 1403 -0.8526952517587467
1402 1442 -0.7304947859964455
1403 1404 0.7322483776807871
1403 1443 0.15446414050487411
1404 1405 -0.35249607983517506
1404 1444 -0.7687426922662102
1405 1406 0.2524750687938482
1405 1445 0.07020854476003646
1406 1407 -0.5565685792258284
1406 1446 -0.418509359656843
1407 1408 0.4446156112207138
1407 1447 0.19922249210924647
1408 1409 -0.2919165676592297
1408 1448 0.815405406406535
1409 1410 0.9693041302725904
1409 1449 -0.4481773572835097
1410 1411 0.9945301428118167
1410 1450 -0.3998235822836975
1411 1412 0.9676317231938028
1411 1451 -0.28196187936107764
1412 1413 -0.703133737433085
1412 1452 0.8904170636487312
1413 1414 -0.489265916803473
1413 1453 0.1202259737981155
1414 1415 0.8883330682556931
1414 1454 -0.1330428545947686
1415 1416 -0.6364114292448597
1415 1455 -0.19186474935801656
1416 1417 0.5041229361632842
1416 1456 0.4982131511806862
1417 1418 -0.4225945318687181
1417 1457 -0.3181169499229026
1418 1419 0.013455754941855469
1418 1458 0.5112060292462806
1419 1420 0.085122801997078
1419 1459 -0.22578877974602496
1420 1421 -0.19998765755397696
1420 1460 -0.2236746514739456
1421 1422 -0.6373426884994471
1421 1461 0.2523556488022334
1422 1423 -0.6378012890838072
1422 1462 -0.4193226434593995
1423 1424 -0.34180843780069226
1423 1463 0.8133368794878528
1424 1425 0.32279860519397796
1424 1464 0.013134517106993204
1425 1426 0.19848825231970402
1425 1465 -0.08029237183530524
1426 1427 0.9508621343988684
1426 1466 -0.5512605248205185
1427 1428 0.12424073282837078
1427 1467 0.2031008224913562
1428 1429 0.2910121386909674
1428 1468 -0.3567377348195284
1429 1430 0.7214961678409619
1429 1469 0.14083954608908278
1430 1431 0.0681062924110476
1430 1470 -0.5454278900282099
1431 1432 -0.591386442493147
1431 1471 -0.8353926221090717
1432 1433 0.010017016350595043
1432 1472 -0.44713428540248734
1433 1434 0.9588546200374526
1433 1473 -0.7923536110036749
1434 1435 0.34051461352075996
1434 1474 -0.12326852515678732
1435 1436 -0.48007059007627273
1435 1475 -0.9866992309428173
1436 1437 0.6154797443378834
1436 1476 0.3826000413926207
1437 1438 -0.8944018685134225
1437 1477 0.12513851930728426
1438 1439 0.49751965294575706
1438 1478 -0.965858642366995
1439 1440 0.8558879168967859
1439 1479 -0.9157604858709874
1440 1480 0.8139209241672614
1441 1442 0.0294679418262902
1441 1481 0.20712702072041278
1442 1443 0.4800894600038519
1442 1482 0.6675627398427826
1443 1444 -0.44109279161878634
1443 1483 -0.7544214944679681
1444 1445 0.4143996970180046
1444 1484 0.02981647616965999
1445 1446 0.9226075941052365
1445 1485 0.621326817525417
1446 1447 0.6201645342168269
1446 1486 0.7857515904543224
1447 1448 0.42589263042946657
1447 1487 0.9566428716257271
1448 1449 0.9869777019716481
1448 1488 -0.4161104089892267
1449 1450 0.25229355107799534
1449 1489 -0.2078344775715526
1450 1451 0.9253490910152076
1450 1490 0.44743320708598366
1451 1452 -0.799372919366258
1451 1491 0.9487408846878456
1452 1453 0.7810600778654171
1452 1492 0.7615203284866019
1453 1454 0.5228955106394746
1453 1493 0.0849635250594325
1454 1455 0.924100349728687
1454 1494 0.8777703917189241
1455 1456 -0.9865224893333371
1455 1495 -0.1540057384058755
1456 1457 -0.6539036299333378
1456 1496 -0.09979257848639711
1457 1458 -0.8428821313596695
1457 1497 0.898571292242403
1458 1459 -0.6640194268610875
1458 1498 -0.059075623444674985
1459 1460 -0.07179024650099719
1459 1499 -0.030960171705253225
1460 1461 0.008046404189405054
1460 1500 -0.4882655380421237
1461 1462 -0.7062673710009086
1461 1501 -0.15137033689333657
1462 1463 0.6477896190705548
1462 1502 0.4203271865153513
1463 1464 0.48428620617825024
1463 1503 -0.6522697032590465
1464 1465 -0.02543400124139339
1464 1504 -0.9130039369493652
1465 1466 0.45924408049527576
1465 1505 -0.17247950333096385
1466 1467 0.883800289406574
1466 1506 0.9759031338457118
1467 1468 0.20830424543837878
1467 1507 -0.10062414277709242
1468 1469 -0.8712279812471955
1468 1508 -0.15717707374955903
1469 1470 -0.6122424907806807
1469 1509 -0.719093999751703
1470 1471 0.9254278664689024
1470 1510 0.10134338243852548
1471 1472 0.04292957840341716
1471 1511 -0.8471143536689305
1472 1473 0.20891846384576374
1472 1512 -0.7978510739591955
1473 1474 -0.517099323844812
1473 1513 0.44708828488397034
1474 1475 0.18574239004577842
1474 1514 0.3246644080486434
1475 1476 0.7510834575796606
1475 1515 0.11522845624540046
1476 1477 0.2500459143161804
1476 1516 0.4542465371708704
1477 1478 -0.7627475075795869
1477 1517 0.7860551082726261
1478 1479 0.8249710569775592
1478 1518 0.19763708971809857
1479 1480 0.5614019248442645
1479 1519 -0.8450585013692806
1480 1520 -0.2100408820461368
1481 1482 -0.8698643752343853
1481 1521 0.08014945928561268
1482 1483 -0.8224542852195946
1482 1522 0.6588358994420114
1483 1484 -0.5362895963632905
1483 1523 -0.7500148704265521
1484 1485 -0.94579919807912
1484 1524 0.1255672262721701
1485 1486 0.9267643369368539
1485 1525 0.3866889814346277
1486 1487 -0.25955174203417863
1486 1526 -0.0358043059036679
1487 1488 -0.13038449611484904
1487 1527 -0.8455850555760811
1488 1489 -0.6908531949647723
1488 1528 0.7057888458214214
1489 1490 0.47450035497589305
1489 1529 -0.277195505027632
1490 1491 -0.17512905265494516
1490 1530 -0.35691605558406403
1491 1492 -0.0789953093384903
1491 1531 -0.033637093600845214
1492 1493 -0.49073507554852736
1492 1532 0.050734789318491735
1493 1494 -0.03207366168494841
1493 1533 0.5116299744573136
1494 1495 0.5618486098114122
1494 1534 -0.16163489721974877
1495 1496 0.0926536819752084
1495 1535 0.9552228855262377
1496 1497 0.7779063717405876
1496 1536 0.890482666559886
1497 1498 -0.8528403307816574
1497 1537 0.538441235172745
1498 1499 -0.41937072482348126
1498 1538 0.6807572809229487
1499 1500 -0.7716429094959762
1499 1539 -0.48434448543596154
1500 1501 0.22664459093733225
1500 1540 -0.11027180937829728
1501 1502 0.8019298819138363
1501 1541 -0.49317354859655493
1502 1503 0.3295659619655642
1502 1542 -0.04286048681459831
1503 1504 0.6140995977501509
1503 1543 0.6403644953800933
1504 1505 -0.6398474481073484
1504 1544 0.1158134130422317
1505 1506 0.26901921617080893
1505 1545 -0.8239057948129476
1506 1507 0.6888663843022094
1506 1546 0.9325602993558846
1507 1508 0.09868603531769993
1507 1547 0.5471667629139814
1508 1509 -0.8617403981893148
1508 1548 -0.8882548578794309
1509 1510 0.7424537241112439
1509 1549 0.24262844072032386
1510 1511 -0.656630958555176
1510 1550 -0.3027679332301305
1511 1512 0.7259093935847392
1511 1551 0.6588580927033378
1512 1513 -0.46443523816310583
1512 1552 -0.21333601961711302
1513 1514 0.286561970541793
1513 1553 0.757073040211675
1514 1515 -0.7021855540027104
1514 1554 -0.46118335207699657
1515 1516 0.623112590012113
1515 1555 0.33936706741435607
1516 1517 0.1566610555684771
1516 1556 0.24375131035073827
1517 1518 0.33930012871065296
1517 1557 -0.9880144970369118
1518 1519 0.44518007280474414
1518 1558 0.3695806156958512
1519 1520 0.3567554389725405
1519 1559 0.7844347913374659
1520 1560 0.6543298532192918
1521 1522 -0.7416264326591246
1521 1561 0.22912569270066396
1522 1523 0.573464628870169
1522 1562 0.37644254640825214
1523 1524 -0.5324391395446004
1523 1563 -0.23283997991935568
1524 1525 0.5284176888951964
1524 1564 -0.9379146639967368
1525 1526 0.6034281791375093
1525 1565 0.5027669047541314
1526 1527 0.8070154051338867
1526 1566 0.4268348659809238
1527 1528 -0.8441810553886118
1527 1567 0.30827373774047984
1528 1529 -0.9708140710520712
1528 1568 -0.7490267955050935
1529 1530 0.6575458753696575
1529 1569 -0.4466858979997801
1530 1531 0.34199286318977395
1530 1570 0.8611228507973916
1531 1532 0.054003110777604224
1531 1571 -0.49265874526485387
1532 1533 -0.024760779534548805
1532 1572 -0.9273011739878858
1533 1534 0.8620660829117943
1533 1573 -0.019933124197629493
1534 1535 -0.22369188024620912
1534 1574 0.559908174675513
1535 1536 0.4390603283980923
1535 1575 -0.2283221030629401
1536 1537 -0.2164754223707659
1536 1576 0.6789033631231551
1537 1538 0.3215223067119213
1537 1577 -0.6517606579873694
1538 1539 -0.5986574041788584
1538 1578 -0.9937813457038063
1539 1540 0.11224593091261004
1539 1579 0.2227466010092629
1540 1541 0.6675444911736752
1540 1580 0.20916823193879064
1541 1542 0.7770524933729976
1541 1581 0.350526618496527
1542 1543 0.8961028263029167
1542 1582 0.5813228000353832
1543 1544 -0.4938790070925474
1543 1583 -0.6729906566771107
1544 1545 0.6959350439802634
1544 1584 -0.44819501849242727
1545 1546 -0.7765586471177233
1545 1585 0.9740757578609451
1546 1547 0.22135539570756668
1546 1586 -0.46869360739747057
1547 1548 -0.6369815868498845
1547 1587 0.8103558506380315
1548 1549 -0.5207091254054634
1548 1588 0.8714715495368948
1549 1550 0.536338427988718
1549 1589 0.9940011604093393
1550 1551 0.14774795966371435
1550 1590 -0.7126808451842397
1551 1552 0.5296718069041826
1551 1591 -0.28761982571995315
1552 1553 0.19568578323310581
1552 1592 -0.5195170189520877
1553 1554 -0.1781278782453808
1553 1593 0.8529079012564458
1554 1555 0.6056256881082038
1554 1594 -0.10843671379163777
1555 1556 -0.3056368829922522
1555 1595 -0.0491985339735268
1556 1557 0.6189193220181257
1556 1596 -0.5745046134306084
1557 1558 0.21264028612379016
1557 1597 -0.5391535028374412
1558 1559 -0.02990430750980244
1558 1598 -0.6757725800811878
1559 1560 0.2872637530349953
1559 1599 -0.6331625261951084
1560 1600 0.4634780058769852
1561 1562 -0.2726993059103242
1562 1563 -0.3201471670356899
1563 1564 -0.9142029382328527
1564 1565 0.3151752414094855
1565 1566 0.8821950278789601
1566 1567 -0.08448159406583144
1567 1568 -0.8822296510629857
1568 1569 -0.6079081442197221
1569 1570 0.3845590068583553
1570 1571 -0.46587907402684325
1571 1572 0.29774851589921947
1572 1573 -0.93188971420664
1573 1574 -0.80770627018351
1574 1575 -0.19431725644032327
1575 1576 -0.2578842273291899
1576 1577 -0.30876660156608815
1577 1578 -0.7913194777577637
1578 1579 0.2619893656356922
1579 1580 0.07889457790225873
1580 1581 0.4413314452090269
1581 1582 0.6690275913141623
1582 1583 -0.5162782369839867
1583 1584 -0.1380021052864968
1584 1585 0.8120830660030267
1585 1586 0.3020252426923231
1586 1587 0.4373747122139837
1587 1588 0.6515238133718413
1588 1589 0.16621485879158748
1589 1590 -0.8027686746915788
1590 1591 0.2713279836547988
1591 1592 0.758913348620412
1592 1593 -0.6147276153011012
1593 1594 -0.03904819952478222
1594 1595 0.48443962826415343
1595 1596 -0.007765561627095741
1596 1597 -0.24538077024008387
1597 1598 0.5728989979590078
1598 1599 -0.12268310228757873
1599 1600 0.5097311820033084
