1 2 0.10159580514915101
1 41 0.41629564523620965
2 3 -0.7414122707822917
2 42 0.10655546361530699
3 4 0.6557256028428418
3 43 0.9304562971878307
4 5 0.13413310088254926
4 44 0.22318767109319393
5 6 0.6479223610064944
5 45 -0.02657762235368577
6 7 0.05601039031421817
6 46 0.34671928120823203
7 8 0.020945679169024345
7 47 -0.40914745804173513
8 9 -0.0761634998662215
8 48 0.4132717254996703
9 10 0.49921805846182465
9 49 -0.5230394419237461
10 11 -0.2690035959928654
10 50 0.3695719260585235
11 12 -0.3941081056467204
11 51 -0.6119509952281477
12 13 0.9780968623548827
12 52 0.9828757980177838
13 14 0.47029307517693675
13 53 -0.5983265330913525
14 15 0.31349773005944925
14 54 -0.2913548193185673
15 16 -0.6365376117356882
15 55 0.5065846139446384
16 17 0.23404324657746134
16 56 0.5688624671903058
17 18 0.11384042882865009
17 57 0.09255040088441269
18 19 -0.7263578108606701
18 58 0.5117880039515741
19 20 -0.6762708392609178
19 59 0.25996013656873274
20 21 -0.651553015554402
20 60 -0.3123074127546841
21 22 -0.7790519135340821
21 61 -0.2861472820705784
22 23 0.9434805908158412
22 62 -0.2913539740467064
23 24 0.3271257389174047
23 63 -0.5662575442651689
24 25 0.7350764673663945
24 64 0.8802183178389151
25 26 -0.19733153324043617
25 65 -0.2607888263172806
26 27 0.8666063251427509
26 66 0.603436440924231
27 28 -0.20481934585996364
27 67 -0.17000297344755566
28 29 -0.4308627870532187
28 68 -0.1902641528555642
29 30 0.09960989042340995
29 69 -0.7459466534469326
30 31 0.8478260660114076
30 70 -0.6131858920004836
31 32 0.79103988028537
31 71 -0.9521849749515046
32 33 -0.658279097877595
32 72 0.9843257424783285
33 34 0.739152862846904
33 73 -0.5155926801733244
34 35 -0.15550705547608756
34 74 0.5893964514894705
35 36 -0.688132576990103
35 75 -0.7086731474897816
36 37 0.9440144475349088
36 76 -0.7705828235118644
37 38 0.13972276294775177
37 77 -0.6241533932238008
38 39 0.7976861044186323
38 78 0.9554562939856832
39 40 -0.9850655391255545
39 79 -0.5514644646180826
40 80 0.9961295022167223
41 42 -0.41819052217411135
41 81 0.02165521039532603
42 43 -0.6243703501522435
42 82 0.9042024860624165
43 44 0.3976199967608469
43 83 -0.03500591645234019
44 45 -0.9159382980128528
44 84 -0.16546621048554644
45 46 0.7829091978435834
45 85 -0.20987842044966842
46 47 0.49073169016398954
46 86 0.45994748405114483
47 48 -0.3168432914492927
47 87 -0.3563218995559698
48 49 0.9565232280877063
48 88 -0.8135048418441144
49 50 -0.7994659807088562
49 89 -0.3417406830379319
50 51 0.13764214856794976
50 90 -0.8300965135298484
51 52 0.9367132557209015
51 91 -0.841099405413102
52 53 -0.040359580227530056
52 92 -0.5639772182824387
53 54 0.2964208035165703
53 93 0.8171994381890872
54 55 0.3157302282048169
54 94 0.26520390390893134
55 56 0.04678773773377065
55 95 -0.24169465935121814
56 57 -0.30767741133353854
56 96 -0.7947097434776931
57 58 0.7426686235339182
57 97 -0.9884967644059273
58 59 0.8325575235517035
58 98 0.13790107846641209
59 60 0.6289790033814493
59 99 -0.4748542216535525
60 61 0.9254424742562
60 100 0.27729625203842123
61 62 -0.05720772950315456
61 101 0.07565305735307737
62 63 -0.5957774815882584
62 102 0.32329586291274404
63 64 -0.15385285402342297
63 103 0.6383975039679382
64 65 -0.1147827182197898
64 104 -0.25135543825938145
65 66 0.9232640122819433
65 105 0.6437411225610701
66 67 0.2656946757777652
66 106 0.13151855505101384
67 68 -0.2977225187345638
67 107 0.7810566677815953
68 69 -0.5267926514292414
68 108 0.33442619763554937
69 70 -0.15879942326407792
69 109 0.5258370252967719
70 71 0.6914953540181417
70 110 -0.04559768395770236
71 72 -0.4027324693212353
71 111 -0.894865485997969
72 73 0.22232448739206556
72 112 -0.19896094342864656
73 74 -0.4792936221580051
73 113 -0.37698274030153
74 75 -0.5354941017381512
74 114 -0.34318448815488534
75 76 0.7865358820710753
75 115 -0.5676586297847857
76 77 -0.966307744557805
76 116 -0.5101908721877197
77 78 -0.6602381553422985
77 117 -0.3124360189014499
78 79 -0.7558402224196006
78 118 0.6543390430779696
79 80 -0.38912811650317836
79 119 -0.6087332552686697
80 120 -0.9602066958113704
81 82 0.7858939086953094
81 121 0.7925861778668761
82 83 0.36322355761485325
82 122 0.08203934671954238
83 84 -0.4259004706377343
83 123 0.6673757686863193
84 85 -0.9914671316656811
84 124 -0.506929062278221
85 86 0.489222894168885
85 125 0.10551452483476464
86 87 -0.15176819942290254
86 126 -0.08809533778621015
87 88 0.6690743672293613
87 127 -0.6489987752447974
88 89 0.12535211450240946
88 128 0.3519220999300128
89 90 -0.7489164318570112
89 129 -0.1670202086556578
90 91 -0.8437214222681868
90 130 0.5420038942317662
91 92 0.5709849179641711
91 131 0.8945658486037664
92 93 -0.11318940513774867
92 132 0.765865365927469
93 94 0.4644532094744567
93 133 0.7768338492263736
94 95 0.9441157158451601
94 134 0.21465379147715913
95 96 0.4919848736729675
95 135 0.5977479623774891
96 97 -0.27754585430468115
96 136 0.5761764724251395
97 98 -0.6959622215745775
97 137 -0.6120785470723051
98 99 -0.38154037109243966
98 138 0.9423976177261684
99 100 0.12018693663416435
99 139 0.03601478629468713
100 101 0.4038980774768983
100 140 -0.23664896096292298
101 102 0.4669371391630355
101 141 0.05039289254129442
102 103 0.6353553448928475
102 142 -0.38701268024320457
103 104 0.13421327186148613
103 143 -0.18524618658973657
104 105 0.07243246500788603
104 144 -0.693127631876548
105 106 -0.403331409482925
105 145 0.11241209798298879
106 107 -0.6454899328041743
106 146 0.4457105768830054
107 108 0.5831812246426558
107 147 -0.957022623070158
108 109 -0.7380742290697957
108 148 0.2091125922457937
109 110 0.6567729450689368
109 149 -0.7230060940218108
110 111 -0.11684338137874262
110 150 0.8981114981631546
111 112 0.08848633133051198
111 151 0.2661776060571108
112 113 -0.7821301641075995
112 152 -0.8726545686517038
113 114 -0.19493478854575397
113 153 -0.716460089157017
114 115 -0.6920672491661968
114 154 -0.7537137817329833
115 116 0.4208285652355688
115 155 0.5811120727418617
116 117 0.4239595297068903
116 156 -0.5967360884827726
117 118 -0.9460090466181705
117 157 -0.7140863872008414
118 119 -0.5187509600696518
118 158 0.720137536582711
119 120 -0.45951407212873896
119 159 0.3343996754706253
120 160 -0.9122454286488706
121 122 -0.7488293790723275
121 161 -0.5855142437236265
122 123 0.41436120161579537
122 162 -0.4722266580949732
123 124 0.7443590167988519
123 163 -0.8157368163988168
124 125 0.4121123671680127
124 164 -0.8769185681586005
125 126 0.2476501715446522
125 165 -0.4592160062333748
126 127 0.7470142029395843
126 166 -0.2744241548587196
127 128 -0.5271048635706357
127 167 -0.6710501562977718
128 129 0.2664371603962803
128 168 -0.4754953859794604
129 130 0.522248701219348
129 169 -0.4378058596390395
130 131 0.40212306785581675
130 170 0.29715159216000586
131 132 0.43613702682281397
131 171 0.14888625380424014
132 133 0.15931335593440799
132 172 0.8011872118915495
133 134 0.9175514657133035
133 173 -0.4510351249904705
134 135 -0.9838521496157677
134 174 0.9741963264858582
135 136 0.19139154703820638
135 175 0.3726737818500758
136 137 -0.0609381001708329
136 176 -0.9597110838933243
137 138 0.10538819709289471
137 177 -0.2784539453823871
138 139 -0.7528994711444927
138 178 -0.6180958016109861
139 140 -0.7854479442628195
139 179 0.9446311213751037
140 141 0.47831196819597
140 180 -0.5834907796380921
141 142 -0.6479898869681455
141 181 -0.3835523545507733
142 143 0.024013114119830536
142 182 0.43914441158304673
143 144 -0.6886130102057821
143 183 -0.6282079999548067
144 145 0.6540690230429798
144 184 -0.5822724220798272
145 146 0.3805925407354249
145 185 0.14171728639723824
146 147 -0.3837805833407053
146 186 0.3136930940695326
147 148 -0.6544730746869825
147 187 -0.04810194795947842
148 149 0.5010026782573676
148 188 -0.4612139326350131
149 150 0.40884441110454595
149 189 -0.8564973194974419
150 151 0.05983736451522481
150 190 -0.8747016421548426
151 152 -0.8073703842037367
151 191 -0.8437792043686991
152 153 -0.40954770569804433
152 192 -0.698079611755825
153 154 -0.5256207650151865
153 193 -0.8377662050658645
154 155 0.2740547243168274
154 194 -0.45409154666559526
155 156 0.04713676206106743
155 195 0.5501578349454861
156 157 -0.4031602367719249
156 196 0.04421935624398632
157 158 0.17306233897410395
157 197 -0.4989395092670914
158 159 -0.9061949748203995
158 198 0.21646158789733905
159 160 -0.4897608937384772
159 199 -0.3996395891002764
160 200 -0.42783409631871216
161 162 -0.8970655933983402
161 201 -0.11838031269872706
162 163 0.8534513685074556
162 202 0.6783861155999413
163 164 -0.5681010579604466
163 203 0.663522180915733
164 165 -0.41061300279344026
164 204 0.9762255056243563
165 166 0.875190015879578
165 205 0.5393094307157957
166 167 0.4760656619152708
166 206 0.9881344633800206
167 168 -0.9697984535253519
167 207 -0.14879054029273653
168 169 0.7499075892945675
168 208 -0.5089376831518508
169 170 0.7116889595880866
169 209 -0.0940306455480151
170 171 -0.5583592210999331
170 210 0.5676366856980077
171 172 -0.26209305003519856
171 211 -0.40894981192343915
172 173 0.7606667047032662
172 212 0.6283330176352289
173 174 -0.5839197101844054
173 213 0.8012356795672322
174 175 -0.7085519690290327
174 214 -0.27789315383516966
175 176 0.7028264860314546
175 215 -0.27696752999623
176 177 0.3972108423982752
176 216 -0.4687601055948083
177 178 0.29428382716928825
177 217 -0.1621213702893658
178 179 0.5378222402916142
178 218 0.6189396560886316
179 180 -0.25989791928439576
179 219 0.1356863484198454
180 181 -0.4364991076459499
180 220 0.07381467800193686
181 182 -0.12644922806396464
181 221 0.08659566240112482
182 183 0.13176848928317075
182 222 0.7700519923895077
183 184 -0.8561476672671251
183 223 0.8133255880919814
184 185 0.4847177010038217
184 224 -0.2896991517472116
185 186 -0.25212703351249566
185 225 -0.8632333610595178
186 187 0.08462314132624327
186 226 -0.023381625931424566
187 188 0.07735942401803841
187 227 -0.0708445479096278
188 189 0.9501222112251029
188 228 -0.32600050162901284
189 190 0.6764627876841214
189 229 -0.24179160635278318
190 191 0.6059590340221015
190 230 -0.8460513790034399
191 192 -0.4315525675637357
191 231 0.2092239741874946
192 193 -0.15319815299838413
192 232 0.06796531052339971
193 194 -0.014022592786898658
193 233 -0.6429545160732932
194 195 -0.8280969462955516
194 234 0.8578776048503989
195 196 -0.604472316806635
195 235 -0.6745126518731797
196 197 -0.2647837864292679
196 236 0.2844027952906205
197 198 -0.21881725008678
197 237 0.512686569917834
198 199 0.8426157447349356
198 238 -0.5683412647194939
199 200 0.957355583987541
199 239 -0.6909665185810321
200 240 -0.5435985691510514
201 202 -0.9402475782428661
201 241 -0.08633355121057784
202 203 0.45263899685607445
202 242 -0.03952008782917993
203 204 0.6966077941589921
203 243 -0.37069400247200535
204 205 0.942444460453951
204 244 -0.03630722264059005
205 206 -0.7088099418601868
205 245 0.074868739889147
206 207 0.8496167670739241
206 246 0.09847373558485595
207 208 0.6878949842132016
207 247 0.8054985148074021
208 209 0.6899230915808781
208 248 -0.05854276879617193
209 210 -0.6761895621498557
209 249 0.2845600336657781
210 211 0.1538819385907002
210 250 -0.7057741111068923
211 212 -0.8658078973061303
211 251 -0.24225161260245565
212 213 0.7678709282369658
212 252 0.025771225920069085
213 214 -0.22096126383309111
213 253 -0.7841746436666064
214 215 0.9293074950603262
214 254 0.3447067612671797
215 216 0.671646973370037
215 255 -0.04544479552145253
216 217 0.09843679780342529
216 256 -0.1484972709120005
217 218 -0.9488304191543961
217 257 0.5803604816740273
218 219 -0.25280481794426946
218 258 -0.8103146696557386
219 220 -0.9537294758448958
219 259 0.03968107023206535
220 221 -0.6553971684768121
220 260 0.7598925705227759
221 222 -0.1569405509433237
221 261 -0.21266212616724856
222 223 -0.6186606907362289
222 262 0.6792620048636122
223 224 0.12052867979999915
223 263 0.43720713118124976
224 225 -0.4572097837374405
224 264 0.6734937186786132
225 226 0.4314173859593209
225 265 0.46398705396787876
226 227 0.4305275545992353
226 266 -0.7209898070986966
227 228 -0.27824020966899643
227 267 -0.8583413516567824
228 229 0.9752864631968052
228 268 -0.2899652939746702
229 230 -0.6154259837045841
229 269 0.22253637942958848
230 231 0.08613072909431096
230 270 0.6031242320850847
231 232 -0.2091869593305633
231 271 -0.5209074742198885
232 233 -0.23828784704971184
232 272 -0.4094727584161366
233 234 -0.5680691109311207
233 273 -0.3892081858831331
234 235 -0.4406972451108222
234 274 -0.015973422061153153
235 236 -0.18423244018735185
235 275 -0.6588374275673929
236 237 0.36288500807561586
236 276 -0.21656384309553678
237 238 0.6151775848814842
237 277 -0.935489016727566
238 239 0.9799096914921848
238 278 0.9689269773162794
239 240 0.5042310058257442
239 279 -0.752100040815036
240 280 0.19200259937271746
241 242 0.2982880952295215
241 281 -0.4430254347040494
242 243 0.6842063717532936
242 282 0.4895046468487185
243 244 -0.4414108063062874
243 283 -0.13836995596308
244 245 0.4713867730564918
244 284 0.2653115483722779
245 246 0.9915726111111709
245 285 -0.9018873349897367
246 247 -0.38977722625072797
246 286 0.24462527170170034
247 248 -0.025268676209249108
247 287 -0.15724728267643706
248 249 -0.7138149593109062
248 288 0.648259209651932
249 250 -0.12295182103040636
249 289 -0.3395409620968157
250 251 -0.6676539347130297
250 290 0.24160439166385328
251 252 0.005846850627162503
251 291 -0.5023881659379226
252 253 -0.6623769057551625
252 292 0.5589630278142037
253 254 0.2469693954312837
253 293 -0.04293241269815251
254 255 0.3648016253171542
254 294 -0.1321403114457571
255 256 0.8292777755264005
255 295 0.43517829654426343
256 257 -0.6073067050074878
256 296 -0.21031231705687659
257 258 0.006290394217831841
257 297 -0.2152455108624638
258 259 0.27743362675843986
258 298 -0.31306765150583593
259 260 -0.1135160163626634
259 299 0.7548474253859967
260 261 -0.5038905486658405
260 300 -0.03094329978938637
261 262 0.8229009014615145
261 301 0.33617777291056616
262 263 -0.8414097795237656
262 302 -0.33795868877681245
263 264 0.3870270721892284
263 303 0.20408148881207144
264 265 0.9591854686046093
264 304 -0.3047578706078766
265 266 -0.2416094920471732
265 305 -0.8705468513903292
266 267 -0.03465979835051236
266 306 -0.7853156004909079
267 268 -0.6092428439163595
267 307 0.8682127007474378
268 269 -0.07848642950025653
268 308 0.5401310168629911
269 270 -0.9332616373931928
269 309 0.6837716524785349
270 271 -0.06156967100715227
270 310 0.7829986867352459
271 272 -0.8831028002742374
271 311 0.5786515325276385
272 273 0.7609555097901941
272 312 0.029753093838841282
273 274 -0.14793697810796935
273 313 -0.2403740893355628
274 275 0.24073059542837227
274 314 0.2872344186395508
275 276 0.3809511310811886
275 315 -0.10953584194440236
276 277 -0.15385989491335428
276 316 0.9342868327281888
277 278 0.46214920756330047
277 317 0.9330875600475546
278 279 -0.14546101085299212
278 318 -0.6271801512483755
279 280 -0.28343115261760543
279 319 0.5796017674354617
280 320 0.044023915232452415
281 282 0.35250980396026255
281 321 0.18172563483270165
282 283 0.32065181279922506
282 322 0.8279505340118756
283 284 0.07889300052933357
283 323 -0.8088663699867729
284 285 -0.06861385711252654
284 324 0.7141328652826393
285 286 -0.39436032416477307
285 325 0.4816267427043326
286 287 0.3686033364624297
286 326 0.053924509832587786
287 288 0.7363344620015737
287 327 0.05698955438234132
288 289 -0.8436353978069273
288 328 0.5899792578935072
289 290 0.032770526152901436
289 329 0.9821448637988246
290 291 0.9565465531353832
290 330 0.17214308637143994
291 292 0.9392327426868212
291 331 0.9970932150236202
292 293 0.9847292938479426
292 332 0.32458374756300934
293 294 -0.6159290680601881
293 333 0.832359451460547
294 295 -0.19860391748012174
294 334 -0.3936089853200553
295 296 0.2296036935362049
295 335 0.9592914345302044
296 297 -0.4651422897114772
296 336 0.07672444535678946
297 298 -0.4390496528832235
297 337 0.7361188593845938
298 299 0.7048543332765309
298 338 -0.8711010986454266
299 300 -0.86475701856437
299 339 0.7647986595241041
300 301 0.8668034755943208
300 340 -0.2655175817875861
301 302 0.85408697154911
301 341 -0.6551167627216079
302 303 0.7325963046505601
302 342 0.06381040355807421
303 304 -0.7782337720370223
303 343 -0.11462564736889314
304 305 0.8543907335451171
304 344 -0.6224627400502198
305 306 -0.8794618609541551
305 345 0.4306879721508694
306 307 -0.18676896932760112
306 346 0.020302588770155117
307 308 0.3208972447792362
307 347 -0.24292230055259845
308 309 0.39326467167679446
308 348 -0.8419745137896297
309 310 0.8593223692290055
309 349 0.9558195958639735
310 311 -0.7933076947165609
310 350 -0.35221307372182187
311 312 0.8614325886777481
311 351 -0.36495820866056006
312 313 0.9434331992538072
312 352 -0.39402595827225895
313 314 0.09655929127367102
313 353 -0.8838087731496647
314 315 -0.25814897957311844
314 354 0.16002558048893945
315 316 0.3655055294599334
315 355 0.11570219056337971
316 317 -0.0286295928123963
316 356 0.5739862097120163
317 318 -0.741998621631851
317 357 -0.7968381660042205
318 319 0.5386287668990815
318 358 0.0605128199430085
319 320 -0.44663326099390566
319 359 0.3709768068298127
320 360 -0.20675185103864058
321 322 -0.9520362352456693
321 361 0.11770817598176397
322 323 0.26733112757514954
322 362 -0.26811883029478123
323 324 0.6738242774272303
323 363 0.06946974070264189
324 325 -0.654963495667642
324 364 0.6568638444882211
325 326 -0.9212771046947703
325 365 0.4933421819845165
326 327 -0.3170467383533109
326 366 -0.08914685732121042
327 328 0.09733434981407929
327 367 0.29862383612030174
328 329 0.20002443531602676
328 368 0.753319002100447
329 330 0.5037661872201853
329 369 -0.41288411062788244
330 331 -0.4096656897992965
330 370 0.4322057151086123
331 332 -0.4210378131297019
331 371 0.20050411236608356
332 333 -0.5057111917486317
332 372 0.8562484023591199
333 334 -0.04037186971850759
333 373 0.9823538714523143
334 335 0.5224970438593313
334 374 -0.2716759670184683
335 336 0.022004839999316905
335 375 -0.5703473873420073
336 337 -0.7004908476910416
336 376 0.995299247813656
337 338 0.2513088011713043
337 377 -0.8020846573051668
338 339 0.06998853203380051
338 378 -0.6640084028094837
339 340 -0.6148009987731695
339 379 0.6865318778443936
340 341 0.1495150131492331
340 380 0.3740564413048757
341 342 0.3405316948509902
341 381 -0.04437679860990906
342 343 0.8561529477889327
342 382 0.24497043821289766
343 344 -0.3807222302741622
343 383 -0.9927854920954431
344 345 -0.19737807787164385
344 384 -0.28061759853357104
345 346 0.4455529842571817
345 385 0.7729262050769385
346 347 0.6317530381447962
346 386 -0.49439392429435447
347 348 -0.4115993270711831
347 387 -0.8673309778295388
348 349 -0.38368924639347557
348 388 -0.13117707384894262
349 350 -0.2478901236674198
349 389 -0.4997268431266084
350 351 0.7918116734370315
350 390 0.6547993739777778
351 352 0.8935586335708787
351 391 -0.6408978906212264
352 353 -0.4024201993304457
352 392 0.4483414340953653
353 354 -0.9605950656479614
353 393 -0.3517141814431626
354 355 0.654748323157057
354 394 0.05034436760579464
355 356 0.08347243279779204
355 395 -0.4075669599927003
356 357 0.999639758608349
356 396 -0.7539386407195523
357 358 0.6763238944720675
357 397 0.2991048104076417
358 359 -0.7831020708713674
358 398 0.5582270273522878
359 360 -0.05759374533912265
359 399 0.30653633103158096
360 400 0.3922686500627013
361 362 -0.4814951061850692
361 401 -0.1697976059798607
362 363 0.1056891463008911
362 402 -0.6072388465997263
363 364 0.5499356300818472
363 403 -0.5383274688473463
364 365 -0.9158609530833639
364 404 0.7339073836255969
365 366 0.14684255996752205
365 405 0.4634113511241331
366 367 -0.8364185139696392
366 406 -0.4174355900021458
367 368 -0.8407745386110914
367 407 0.6770111536299868
368 369 0.6064090341370183
368 408 -0.19605849735858927
369 370 0.8548796237486957
369 409 -0.6316685236635204
370 371 -0.5935722514442627
370 410 0.28273799030832825
371 372 0.7655720676100037
371 411 0.16741935113893502
372 373 0.8474327716138816
372 412 0.848177106950021
373 374 -0.4373938266086259
373 413 -0.8807383726801905
374 375 -0.7518886766040287
374 414 -0.5937357608620895
375 376 0.055301387933480495
375 415 -0.25245945351735344
376 377 0.6579285029203148
376 416 0.45698957926519457
377 378 -0.20676957876386348
377 417 0.9800321360307767
378 379 0.8935945826821496
378 418 0.9461740811692301
379 380 0.5283516697387005
379 419 0.20664199373949121
380 381 -0.12964762892538806
380 420 -0.4845302701902354
381 382 -0.3596505326950239
381 421 -0.8970620384199524
382 383 0.5879601287150082
382 422 -0.5311406960115872
383 384 0.01587651116837918
383 423 0.8521671554185595
384 385 0.23266593779288902
384 424 -0.29062661416476887
385 386 -0.24897545452961234
385 425 0.1925273700652561
386 387 0.30742538285052423
386 426 0.7024490014641664
387 388 -0.6904331196901208
387 427 0.7227867210060952
388 389 -0.2645369369334485
388 428 -0.010332623313212386
389 390 0.867589090943127
389 429 0.8369582706656775
390 391 0.0625067450623773
390 430 -0.37801469729673953
391 392 -0.04439667524672375
391 431 0.09540232566641271
392 393 -0.7233913455558072
392 432 0.9579578991608013
393 394 -0.10814249099585949
393 433 0.9651530229020915
394 395 -0.39656196290452317
394 434 -0.51202977077462
395 396 0.8610503924916886
395 435 -0.9412526232674252
396 397 -0.7772795514728708
396 436 -0.6341005876235526
397 398 -0.8227535675588176
397 437 0.7650373332740996
398 399 0.8909769730864106
398 438 0.20196061281791522
399 400 0.5097293701936847
399 439 -0.7826759035504671
400 440 0.19682355530442597
401 402 -0.4329498364573625
401 441 0.38627583662599263
402 403 -0.6158554072127937
402 442 0.4513392478656417
403 404 0.9305867022127314
403 443 0.5020546146367586
404 405 0.3519931749364955
404 444 -0.1081717801782629
405 406 0.10166519175326649
405 445 0.8788069566023176
406 407 -0.7102064900295448
406 446 0.3329614616429688
407 408 -0.788513916179111
407 447 0.06464309307618676
408 409 -0.7296156937069651
408 448 -0.46761700640771053
409 410 -0.1837158632978999
409 449 -0.25481108353837123
410 411 -0.17219164934351827
410 450 -0.9383954333456246
411 412 -0.2962697835554
411 451 0.69174002767016
412 413 0.32596518160645194
412 452 0.8766297507885841
413 414 0.8152853273031848
413 453 -0.4075145540469898
414 415 -0.712187259282349
414 454 0.7953246794338036
415 416 0.9386651457621145
415 455 -0.6437490164122834
416 417 -0.49817860471066044
416 456 0.906408338269975
417 418 -0.49393177313450276
417 457 -0.7591617367292225
418 419 0.17234274558966178
418 458 0.3870778619962434
419 420 -0.2838970163436416
419 459 -0.09097694764632513
420 421 0.04319534456221952
420 460 0.5989429251111937
421 422 0.7771458068261741
421 461 -0.9868212792683864
422 423 -0.0198373770987339
422 462 -0.04387159156291598
423 424 0.9233470154398862
423 463 -0.7561454082108685
424 425 -0.4968259149505012
424 464 0.2959985977322679
425 426 0.3361110410537915
425 465 0.4854620579969653
426 427 -0.5883416525538014
426 466 -0.851977111744797
427 428 -0.20919023001542913
427 467 0.15916846484987146
428 429 -0.7560180678435982
428 468 0.4733743356353475
429 430 0.8425186597129706
429 469 0.8369086374875563
430 431 -0.7241748565310016
430 470 0.688208304191094
431 432 0.9601897776273187
431 471 -0.47749943256436844
432 433 -0.449518767238543
432 472 0.7048577935169231
433 434 -0.9525871254275635
433 473 0.6879394184193468
434 435 -0.3500002625187457
434 474 -0.04234983908354284
435 436 0.24252848579688813
435 475 0.6645008613385632
436 437 -0.7642117180828292
436 476 0.4679572363494666
437 438 -0.42105081912611975
437 477 0.5971768926507015
438 439 -0.053102991352049767
438 478 -0.291639952682923
439 440 -0.7955566439005419
439 479 0.5917250739749573
440 480 -0.3133113537143941
441 442 -0.11909256465852103
441 481 -0.6862645230500735
442 443 0.5698734068622622
442 482 0.9441967273675316
443 444 -0.31381227121607713
443 483 0.8970552939199095
444 445 0.34314049526855395
444 484 -0.07926299222151623
445 446 -0.307196594199459
445 485 0.148938919872456
446 447 0.9184682830766584
446 486 -0.685530633868773
447 448 0.8520190848336355
447 487 0.09741362594535397
448 449 -0.997354931488668
448 488 0.3068064960318513
449 450 0.9713933894398594
449 489 -0.9909632636346688
450 451 0.032798279109294004
450 490 0.015021264644917487
451 452 0.05745489092105127
451 491 0.23854423959479587
452 453 -0.5344638792893952
452 492 0.1499855526240732
453 454 0.8476072928003695
453 493 -0.030770895366174056
454 455 -0.4641481542865664
454 494 -0.5376084558658887
455 456 0.2459049147755641
455 495 0.11892026048306614
456 457 0.9468679946613756
456 496 -0.7648340793551844
457 458 -0.8628157121648241
457 497 -0.8619462669802431
458 459 0.7597809062682459
458 498 0.8057843242073413
459 460 0.34113254231940315
459 499 -0.2472705830220292
460 461 -0.1790711913131795
460 500 0.37612700465795945
461 462 0.6523166738475041
461 501 -0.26049369112720644
462 463 -0.41069560079060863
462 502 -0.07678101842114082
463 464 0.568372327005692
463 503 -0.9512447210305444
464 465 -0.062216973807158515
464 504 0.3964183223166473
465 466 0.9140031696026685
465 505 -0.26580104703063934
466 467 0.3706553746575578
466 506 -0.6891470455936317
467 468 -0.5977176799991881
467 507 0.56460975245697
468 469 -0.5494572633690371
468 508 0.04274076411845318
469 470 0.27947213122316317
469 509 -0.9932438310613054
470 471 -0.5265461883699083
470 510 0.42145426072058556
471 472 0.7154454172859717
471 511 -0.4951373489851323
472 473 -0.12029711323237025
472 512 0.5625586847489754
473 474 -0.6863785043853972
473 513 0.0918512132189897
474 475 0.7579807945384074
474 514 0.16225700134845344
475 476 0.527002163879061
475 515 -0.789613054986521
476 477 -0.5025928347817219
476 516 -0.8589225575371555
477 478 0.9564588086114925
477 517 -0.926669096258776
478 479 0.41880882095358785
478 518 0.9235314979807552
479 480 0.1947242569412866
479 519 -0.38254773370039685
480 520 0.3974845080696521
481 482 0.08929803606368947
481 521 0.5606295290227341
482 483 0.7019428340830034
482 522 0.08718865319164548
483 484 0.4010235579325456
483 523 0.681122170972474
484 485 0.5600064447571704
484 524 -0.7731118322717654
485 486 -0.8984400419954475
485 525 0.10686566830871369
486 487 -0.9434118562967457
486 526 0.4827143384325552
487 488 -0.31558431272986076
487 527 0.4532617353291464
488 489 -0.8289751974390123
488 528 -0.6414228460531244
489 490 0.298531185204705
489 529 0.01732254356056706
490 491 0.8238473541848068
490 530 0.4217373714520465
491 492 0.5138817051139535
491 531 -0.42344055682791537
492 493 0.9868032315088169
492 532 0.989750850080481
493 494 0.386685505077341
493 533 -0.7675270455647194
494 495 0.31015496093294925
494 534 -0.3984436219577092
495 496 -0.7528811536103857
495 535 0.3930725170711431
496 497 -0.49598338959654353
496 536 -0.7344955327994722
497 498 -0.9226292201822415
497 537 -0.06519293395910797
498 499 -0.7645984837390123
498 538 -0.3355760515155959
499 500 -0.8705404905401719
499 539 0.4118567500837651
500 501 -0.49469779100143896
500 540 -0.2202623906935055
501 502 0.7065598950475078
501 541 -0.9325441418709708
502 503 0.30860223016698374
502 542 0.8611343688966258
503 504 -0.7136814139495722
503 543 -0.7113589504488007
504 505 0.09022220049821872
504 544 -0.18701568682601777
505 506 0.2299986333351245
505 545 0.7297449813945245
506 507 -0.7264322749989871
506 546 -0.4348838610796304
507 508 -0.7142845348216449
507 547 -0.4803013248321508
508 509 0.41182731953767693
508 548 -0.6801642708403419
509 510 0.47988880027466796
509 549 0.8909452703122398
510 511 -0.1859237494243935
510 550 0.21644327247563466
511 512 -0.568075740489489
511 551 -0.8583455560376878
512 513 -0.41645047553714787
512 552 0.4034744886938848
513 514 0.5447133137401765
513 553 0.5317853722247909
514 515 0.4700771238643988
514 554 0.20808880852130307
515 516 0.74513495651697
515 555 0.6359704064699332
516 517 -0.3324529594028587
516 556 0.5836748008366992
517 518 0.6920265084163857
517 557 0.5170152380209998
518 519 -0.10529960767029056
518 558 -0.13008615039593407
519 520 -0.41415377754310123
519 559 0.7455538656566618
520 560 0.8379444009607568
521 522 -0.3872729352476405
521 561 -0.5560842321356372
522 523 -0.8204182609538704
522 562 -0.022253510767774376
523 524 -0.9090053882882623
523 563 -0.8887169178966237
524 525 0.01631485769721075
524 564 0.7429790798877458
525 526 -0.16121411270412578
525 565 0.9663235755804029
526 527 -0.29167102046460025
526 566 0.01193255326864251
527 528 0.8020291006408835
527 567 0.2324707320237147
528 529 -0.5100469448348761
528 568 -0.1877950352057718
529 530 -0.6881311488455106
529 569 0.2833562767465352
530 531 -0.39233660476566445
530 570 0.29030488720744496
531 532 0.3723852021397682
531 571 -0.4669377984861489
532 533 0.6019891779002182
532 572 0.1739552945871503
533 534 -0.47078775814917484
533 573 0.35776581152645837
534 535 0.6076623882922305
534 574 0.37372443292835555
535 536 0.1595561375760337
535 575 -0.13021387566932296
536 537 -0.411919076946351
536 576 0.5826450319270495
537 538 0.811808314269546
537 577 0.8950869954996816
538 539 0.5835704765521204
538 578 -0.4511475501639941
539 540 0.4210249575716343
539 579 -0.43088067755754134
540 541 0.8835052179028033
540 580 -0.8652714549956375
541 542 -0.909796950568893
541 581 -0.20142793291552819
542 543 0.07585696989705659
542 582 -0.8014037897519966
543 544 -0.43355747234968356
543 583 -0.9488675654862162
544 545 0.0035330165455111917
544 584 0.6526665504035951
545 546 0.7485473465573678
545 585 -0.6091487881674278
546 547 0.25140861038186335
546 586 0.007556288425134339
547 548 -0.9622453575145518
547 587 -0.9276109492377882
548 549 0.2906602071642457
548 588 0.4896607070271215
549 550 -0.5960750887062158
549 589 -0.4983942895962612
550 551 -0.6764624348428976
550 590 0.14412729500219013
551 552 -0.5229860547940575
551 591 -0.8813375063060833
552 553 -0.47118958485403595
552 592 0.25117184532635917
553 554 -0.5674833781466815
553 593 0.6193844274124294
554 555 -0.3560534001911775
554 594 0.9319841513501159
555 556 0.7018182326179989
555 595 0.2392094686289734
556 557 -0.30593755673145395
556 596 -0.028160078011659984
557 558 0.014611983851483101
557 597 0.2218667318443277
558 559 0.9097505056264448
558 598 0.9917708199173771
559 560 0.15132502929050728
559 599 -0.6937709425293597
560 600 0.65141707141984
561 562 -0.22405748488870247
561 601 0.8727672997208609
562 563 0.8558726951242512
562 602 0.5752363990069527
563 564 0.48547454709925764
563 603 -0.3906271341032159
564 565 0.855058551624045
564 604 -0.5593273369033747
565 566 0.8912146376740893
565 605 -0.7234411702837993
566 567 -0.8779038496429172
566 606 -0.6444701065237706
567 568 -0.8882277145496673
567 607 0.7576171968415168
568 569 0.3735998959181215
568 608 -0.11106487106720841
569 570 0.6157163536778827
569 609 0.533963304711649
570 571 -0.4999963118258699
570 610 0.3083003849547885
571 572 0.3049173592656209
571 611 -0.48678248432813076
572 573 0.2553485792199357
572 612 -0.2153557982692198
573 574 0.9045534924749354
573 613 0.6400046757608415
574 575 0.17893694792099724
574 614 -0.04718334808910196
575 576 0.9056879497248496
575 615 -0.7819792686178375
576 577 0.9680933933281386
576 616 0.06266777567047166
577 578 0.8121288517644032
577 617 -0.23533364594000372
578 579 -0.1506204353642293
578 618 0.9660600346012698
579 580 -0.5680825611912601
579 619 0.7980678589574797
580 581 0.8286264887844841
580 620 -0.8952802494817222
581 582 0.22780318739877425
581 621 0.30329029827007625
582 583 -0.23305107234377442
582 622 -0.38753415306032024
583 584 -0.5835421678671846
583 623 -0.8511236697545574
584 585 0.450973555346986
584 624 -0.3273604432515853
585 586 -0.5147902359778522
585 625 -0.2715604856625311
586 587 -0.4532078130707027
586 626 -0.9130788392018294
587 588 -0.5981524489318064
587 627 0.18234459783177792
588 589 -0.6650420928348819
588 628 0.17620603704226157
589 590 -0.4561466354018797
589 629 0.5458386274764191
590 591 0.6841148951462555
590 630 -0.16049026844850478
591 592 0.7812549988469366
591 631 -0.9989759384248309
592 593 -0.3476192306986037
592 632 -0.9666483201839564
593 594 -0.8908210322207275
593 633 -0.25253306239120077
594 595 -0.8438626425386211
594 634 -0.2307516719896756
595 596 0.723344187736406
595 635 0.6006901691424991
596 597 -0.4869061155416017
596 636 0.9982670402466229
597 598 0.4152586089885
597 637 0.5329822767186241
598 599 -0.1444035828597645
598 638 -0.8687391289359292
599 600 -0.3038907122274359
599 639 0.19223364681013622
600 640 0.5828046755218261
601 602 0.9519908449458676
601 641 0.34476735182562734
602 603 -0.02981154789182372
602 642 -0.08944127703822735
603 604 0.03356873168649055
603 643 -0.687475152657453
604 605 -0.4961393948907622
604 644 0.8080249432179774
605 606 -0.9167687169380756
605 645 -0.7586498658621856
606 607 0.3910125838816303
606 646 0.21042123923441136
607 608 -0.9640450972724968
607 647 0.3564784741183049
608 609 0.007541131720548044
608 648 -0.8135844054468584
609 610 -0.8447491701984529
609 649 0.5901988648102188
610 611 0.20288281362705352
610 650 0.2289717398373463
611 612 0.5924812956929257
611 651 -0.3053546562901648
612 613 -0.5545658792549297
612 652 0.7930088153174273
613 614 0.809051308529146
613 653 0.5493825183665095
614 615 -0.24706751770455382
614 654 -0.11804885085181582
615 616 0.2616798840332337
615 655 -0.41676882605671306
616 617 -0.1567996982546147
616 656 0.48621204813358765
617 618 0.37340067045965064
617 657 -0.8799434303945466
618 619 -0.05121462336619298
618 658 0.15080765439331456
619 620 -0.299792914617105
619 659 -0.8543161356640772
620 621 0.6231905977589918
620 660 -0.24551533272872295
621 622 -0.42437764593333416
621 661 0.2767141097428949
622 623 -0.4837944485571879
622 662 -0.11780047479906286
623 624 0.40156458529301187
623 663 0.7230307476903304
624 625 -0.031669624867582735
624 664 -0.9375500641410794
625 626 -0.47389386912682085
625 665 -0.538753299451701
626 627 0.49440869402393317
626 666 -0.3707895021063836
627 628 0.5868496909469589
627 667 -0.6281383946866737
628 629 0.11348678421137848
628 668 0.9320142516433174
629 630 0.22171525448143736
629 669 -0.9137850355203112
630 631 0.06757573033207298
630 670 -0.5652306905002111
631 632 0.7057235151748584
631 671 0.1632013233208094
632 633 0.8896840025892137
632 672 -0.801395274851542
633 634 0.9254096075500218
633 673 0.5187120854611669
634 635 -0.3700316459703108
634 674 -0.5338097077483541
635 636 0.9037874852539456
635 675 0.18635668065289202
636 637 0.16011859449742483
636 676 -0.39753747257933614
637 638 -0.6065557890853008
637 677 0.37118327590042144
638 639 0.9215449478434394
638 678 0.3746408755653603
639 640 0.047920676975096166
639 679 -0.7340440115614675
640 680 0.9584075964801844
641 642 0.8056682170767961
641 681 0.6915017425863585
642 643 -0.5640284631812928
642 682 -0.6455732383963528
643 644 0.9559048193139694
643 683 0.005502095348838942
644 645 -0.3089653225697431
644 684 -0.8862548519025688
645 646 -0.6145060645603595
645 685 0.4523359886211047
646 647 0.7068224448377991
646 686 0.9258464270765379
647 648 0.8000920461964101
647 687 -0.6851088723366563
648 649 -0.3236451977933763
648 688 -0.5866629104813903
649 650 -0.30818540420908525
649 689 0.7051935271571335
650 651 -0.6777479501798038
650 690 0.4213686851966345
651 652 0.9208508165138796
651 691 -0.6532377932368596
652 653 0.17016102230524477
652 692 -0.2823229031785659
653 654 0.9440446376481484
653 693 -0.5238619774920861
654 655 0.41400478101025495
654 694 -0.8819678316230628
655 656 -0.00590094425656118
655 695 -0.26431024428641714
656 657 0.7253289646239673
656 696 0.022221873048106744
657 658 0.5421831125664407
657 697 -0.4486855462844199
658 659 -0.5504347413858561
658 698 -0.7055539045140742
659 660 0.7333135757283664
659 699 -0.5266420819590076
660 661 0.40237153518920143
660 700 -0.5381106569723177
661 662 -0.19126580762167578
661 701 -0.6571522537430481
662 663 -0.3679100631423975
662 702 0.5731322131324237
663 664 0.06527084179374554
663 703 -0.8696502343118797
664 665 0.7670589607267007
664 704 0.9383257647348244
665 666 0.8167107060037997
665 705 0.20375449768873977
666 667 -0.5751515852399194
666 706 0.13109879207624875
667 668 -0.551873265270642
667 707 -0.6540803986398649
668 669 0.6297923963544287
668 708 -0.19885559892165938
669 670 0.06981202633044514
669 709 -0.3430110438318823
670 671 0.8459094626057884
670 710 0.5131624600530358
671 672 -0.7527331790096052
671 711 -0.2503341653882214
672 673 -0.953097367991524
672 712 0.8743964246761788
673 674 -0.1667458279750278
673 713 -0.5701793808799169
674 675 -0.9140702786932495
674 714 -0.15034423920005313
675 676 0.6074900826739018
675 715 -0.5390557594014971
676 677 -0.6222177000847984
676 716 -0.6942612303787792
677 678 -0.9962707267328523
677 717 0.46907981648697383
678 679 0.20762625220691544
678 718 0.5946857746914915
679 680 -0.3304876889772015
679 719 -0.7533546562439104
680 720 -0.271384908026975
681 682 -0.24401191734222172
681 721 -0.8155659822565515
682 683 -0.8527526615612848
682 722 0.784786375174185
683 684 0.6580021569494507
683 723 -0.8519244074400072
684 685 0.42977334422406566
684 724 -0.1711622816932843
685 686 0.08795590707744716
685 725 0.06985066907056292
686 687 -0.28076980178952105
686 726 0.24049701332165885
687 688 0.05633025960014093
687 727 0.4101091794951981
688 689 0.4782750971670462
688 728 -0.9646947706538005
689 690 0.1241905876661189
689 729 -0.8401351901445124
690 691 0.07544702603036502
690 730 0.4846098566259509
691 692 0.4286542923842902
691 731 0.709948413899351
692 693 -0.34539459291175856
692 732 -0.6550923572862122
693 694 -0.7552467877389852
693 733 -0.5189594689543764
694 695 -0.5369901987590073
694 734 0.39918936253341264
695 696 0.37249181895457983
695 735 0.7824943261488495
696 697 -0.02004590862179989
696 736 -0.19055777433688426
697 698 0.3136400365652865
697 737 -0.422041355315085
698 699 0.8106852125817883
698 738 0.5378689055182868
699 700 -0.21414993103529145
699 739 0.12997342393523725
700 701 -0.6454489898956703
700 740 -0.8206730086854859
701 702 -0.7466079931272243
701 741 -0.5081551277492566
702 703 -0.1146703807478544
702 742 0.7577158502208754
703 704 -0.5355764136056365
703 743 -0.8050906219900664
704 705 0.5040227399963693
704 744 0.7743145744526363
705 706 0.5650308854807766
705 745 0.09865316263987611
706 707 -0.10119526166186965
706 746 -0.8282391061581027
707 708 0.1541507505807096
707 747 0.957822766930839
708 709 0.3691550227115774
708 748 -0.18398319440638056
709 710 0.5331991303953976
709 749 0.216194691731719
710 711 -0.6846456266736376
710 750 0.9447450631860594
711 712 0.06530908389287426
711 751 0.3197431825759356
712 713 0.6993119363585469
712 752 -0.8385524381558833
713 714 -0.16904470521493797
713 753 -0.14869470525994277
714 715 0.9782465376286316
714 754 0.4468398374930578
715 716 0.7659618585751078
715 755 -0.16817433717226016
716 717 -0.4415528751710438
716 756 0.7719387729290519
717 718 0.567024675862968
717 757 0.10375417191608816
718 719 -0.5655253996255629
718 758 0.7541493370182177
719 720 0.8578613371546571
719 759 -0.13726523845245575
720 760 0.13652339802735614
721 722 0.30682180504707235
721 761 0.11568152477690186
722 723 0.28035323379811783
722 762 -0.7133353650573573
723 724 -0.04216909556432369
723 763 -0.8754410391884482
724 725 0.4706483749902881
724 764 -0.04581673311326129
725 726 -0.07092604107492617
725 765 -0.9866115632369674
726 727 -0.10464517557348652
726 766 0.011193925399201277
727 728 -0.648976740505586
727 767 -0.5096048308969501
728 729 0.23359188343367654
728 768 0.39577385133928233
729 730 0.489501238139191
729 769 0.12718876507697607
730 731 -0.9106589252845743
730 770 0.46602738420072365
731 732 0.7425143250970172
731 771 0.040050387331496795
732 733 -0.6299052419325746
732 772 0.33529125380104907
733 734 0.16016376395032728
733 773 -0.2586036611436926
734 735 0.41769916740845936
734 774 0.14450882068453197
735 736 -0.8422027068272959
735 775 -0.04242160101023029
736 737 -0.11960059357688935
736 776 -0.12412094231302206
737 738 -0.02369976155484288
737 777 -0.07873380391057117
738 739 -0.7345790971493997
738 778 0.8628165679221476
739 740 -0.05598075468934205
739 779 -0.5618052391296433
740 741 -0.9843788557418691
740 780 -0.25251888786035304
741 742 0.7850576840808245
741 781 -0.44193205323757256
742 743 -0.39535385275766033
742 782 0.9626397414239998
743 744 0.9631615716985868
743 783 -0.0175521224612869
744 745 -0.6612779614376993
744 784 -0.2912826202776819
745 746 -0.8975633833194425
745 785 -0.10830013387790949
746 747 -0.5770313637238962
746 786 0.8387687785291589
747 748 0.050649150811411525
747 787 -0.9651459104841218
748 749 -0.5513768585697978
748 788 -0.5297420726089839
749 750 -0.3188580511324619
749 789 -0.6635304010824463
750 751 0.8004342677649394
750 790 0.2522298781535801
751 752 -0.1919955098246935
751 791 -0.6415092594122858
752 753 -0.5053892208828454
752 792 0.0240840203687549
753 754 0.9267951403974306
753 793 -0.5898932065442091
754 755 -0.7022734267492874
754 794 0.7319895434027217
755 756 0.12255839044333094
755 795 -0.9369896504902269
756 757 -0.7642858890151918
756 796 0.7426001570545147
757 758 0.5028223300369512
757 797 -0.810230561802137
758 759 0.15135329332058345
758 798 0.22523024006220127
759 760 0.5478891021848831
759 799 0.4318778296774599
760 800 0.967491327749147
761 762 -0.27687047387484376
761 801 -0.5498909903203362
762 763 -0.1717461605675854
762 802 -0.9017821512042528
763 764 0.7684828621754745
763 803 -0.10837964257408239
764 765 0.0011311088728638286
764 804 -0.16487617918282105
765 766 -0.2150561729110667
765 805 0.9978768825193871
766 767 -0.21699648282057882
766 806 0.9547884538972506
767 768 -0.8668600220974934
767 807 -0.6819949829871232
768 769 0.009286034243299879
768 808 -0.9110449986904363
769 770 -0.09714523016041898
769 809 0.27691685547571865
770 771 0.9005234091631493
770 810 0.17130192457200533
771 772 0.09872222856254398
771 811 -0.4115781929449387
772 773 -0.42730961906325104
772 812 -0.36627343942743007
773 774 -0.9296692185302569
773 813 -0.7506124804387195
774 775 -0.477009805991073
774 814 -0.5490339346149249
775 776 0.46955718751341613
775 815 -0.42208958619925996
776 777 -0.768510845607673
776 816 0.8690542699807249
777 778 0.22105396967241275
777 817 -0.34666705511686446
778 779 0.7918719301956922
778 818 -0.34295593047549566
779 780 -0.5252754795030725
779 819 0.008928349086433585
780 781 -0.9165377407611093
780 820 -0.43525003867693357
781 782 0.10702048174172352
781 821 -0.723868133589898
782 783 -0.7495071305842345
782 822 0.24843563844299688
783 784 -0.6589836823790038
783 823 0.13060607945491776
784 785 -0.7202372832021084
784 824 -0.8946607239933047
785 786 -0.5637177978852443
785 825 -0.4532170166587357
786 787 0.5861370522092797
786 826 -0.7273481640007311
787 788 0.45484553573053943
787 827 -0.5105662228819015
788 789 -0.6079086441844035
788 828 -0.07439735000291359
789 790 -0.8511151488542086
789 829 0.4305918657085426
790 791 0.8311377410104062
790 830 0.7618918372798122
791 792 -0.5628501703708979
791 831 -0.030119997935982967
792 793 -0.8222229384182669
792 832 -0.17353199532739572
793 794 0.6216736726571925
793 833 0.6310832782698068
794 795 0.5846071387394229
794 834 0.8065329249799811
795 796 -0.8172856091366316
795 835 -0.051973586054979704
796 797 0.8908929463659137
796 836 -0.5173797720156812
797 798 0.2809187771621229
797 837 -0.8003228015699875
798 799 -0.6079106122039359
798 838 -0.6133487774542612
799 800 -0.4422004745655761
799 839 0.6061219112230696
800 840 -0.3312097792005819
801 802 -0.18696016724750275
801 841 -0.06211950260166188
802 803 -0.5812533009552727
802 842 0.4614162482580766
803 804 -0.8629001634763265
803 843 -0.8470074353680859
804 805 -0.41903020792969703
804 844 0.8014217347747019
805 806 0.6405824108238947
805 845 0.14572142187941095
806 807 0.24727563491684235
806 846 -0.7162291450146778
807 808 -0.7636758611043166
807 847 -0.41871513516518655
808 809 -0.4978149256682225
808 848 -0.5243487559855606
809 810 -0.11258387088739341
809 849 -0.9261493950733692
810 811 -0.7197021905392165
810 850 0.8475466356829537
811 812 0.7132570392345132
811 851 0.5245643349090825
812 813 0.6901777281499999
812 852 -0.8128421790253557
813 814 -0.43762875033644066
813 853 -0.32915508594553367
814 815 0.0668790019648502
814 854 -0.47267009432506457
815 816 -0.3276623058228252
815 855 0.8890570609459834
816 817 0.04074767828429571
816 856 0.37742361580771844
817 818 -0.6256437929993608
817 857 0.12803448282579777
818 819 0.760226551825919
818 858 -0.731836395937091
819 820 -0.7421631343692754
819 859 0.800731824311939
820 821 0.7504895443476864
820 860 0.40104395324160547
821 822 0.9690807616619772
821 861 0.7904609975379486
822 823 -0.7514876002370814
822 862 -0.5505471439954217
823 824 -0.4942777967434444
823 863 0.23797432441889144
824 825 -0.24115599811820698
824 864 0.08229863819454208
825 826 0.5910831196630975
825 865 -0.12332780157303924
826 827 -0.4608980961652116
826 866 -0.4494864117206674
827 828 -0.9032523094452065
827 867 0.5298680107247513
828 829 0.01086600962731521
828 868 -0.9294118925227253
829 830 0.2493651801073189
829 869 -0.4086300197197319
830 831 0.5504027789609587
830 870 0.7240268614595178
831 832 0.14395707785005163
831 871 0.8527988664275703
832 833 0.9373125948477643
832 872 0.45797652360677366
833 834 -0.4369856571807451
833 873 0.6798792337089465
834 835 -0.5367680395401206
834 874 0.6522730927145477
835 836 0.2614584585998614
835 875 0.6176672619039918
836 837 -0.9458351846685951
836 876 -0.5205606991830556
837 838 0.4802828092854827
837 877 0.9742510542292868
838 839 -0.7690700360258369
838 878 0.7884074120477378
839 840 0.029361802333105702
839 879 -0.24090620102505977
840 880 0.8483079180457114
841 842 -0.4615288434978775
841 881 -0.4164144515491348
842 843 0.30224554088319877
842 882 -0.04204340524604455
843 844 0.07758531600634
843 883 -0.8488671909895384
844 845 0.3375751559702145
844 884 0.5776646866859343
845 846 -0.607074078609442
845 885 0.8409388490187077
846 847 0.395456882873338
846 886 0.9315125146691867
847 848 0.50114683775796
847 887 0.38736894219600493
848 849 -0.4644656349798193
848 888 -0.47362014710096667
849 850 0.8254089648209653
849 889 -0.4243892644067748
850 851 0.11139918459432319
850 890 -0.4451674885390793
851 852 0.026728840970869916
851 891 0.005964723265823757
852 853 0.8982720639636417
852 892 -0.1699669527535077
853 854 -0.36489135539246975
853 893 0.13102125998939163
854 855 0.47889661903291714
854 894 0.5353902554899899
855 856 -0.7790390024332747
855 895 0.17387046662576466
856 857 -0.09131180051728771
856 896 0.5611193705937547
857 858 0.5411213638966721
857 897 -0.23265445549820418
858 859 -0.5032026777706411
858 898 0.7601630715275103
859 860 -0.4744295800009215
859 899 -0.7021554529044571
860 861 -0.16214413251600512
860 900 -0.9570572168415354
861 862 -0.6635471982744139
861 901 -0.5648056600892253
862 863 0.6066595245897852
862 902 0.101520680872772
863 864 -0.07440994077662877
863 903 0.23299867317247958
864 865 0.6041270398089651
864 904 0.7395411909746343
865 866 0.19774258322213423
865 905 -0.5054722353001075
866 867 0.022405662734984233
866 906 0.7507385538014717
867 868 -0.8345182084561884
867 907 -0.7204070522233725
868 869 -0.9629445388745761
868 908 -0.3487299241430839
869 870 0.7153187642034213
869 909 -0.8318513828598315
870 871 -0.8963996504907774
870 910 -0.573134711208078
871 872 -0.7428265123922009
871 911 -0.4277237308209785
872 873 0.16093949625027948
872 912 -0.7515781411600815
873 874 0.9427278223703157
873 913 -0.06244548585693943
874 875 -0.953771844417634
874 914 -0.3853134865442127
875 876 0.6264969543575762
875 915 0.07376798880449309
876 877 -0.9382137825150718
876 916 0.2729694003442633
877 878 0.37417017539148545
877 917 -0.9463236591088231
878 879 0.5309629848672037
878 918 0.4147502820321376
879 880 0.645938961294189
879 919 0.6497512045269052
880 920 -0.5659329551507701
881 882 -0.08462720135404411
881 921 0.721067825893853
882 883 -0.4504389890087215
882 922 0.3044462501323695
883 884 -0.6324553639751145
883 923 -0.12728583166697205
884 885 0.7914790621862346
884 924 -0.49962211522127986
885 886 -0.15170550519107318
885 925 0.23865454615896553
886 887 0.7896987733060534
886 926 0.1160081667356323
887 888 0.5252048433435734
887 927 0.3193278869063805
888 889 0.9454309733071078
888 928 0.5823225038340005
889 890 -0.4413118808080123
889 929 -0.9005516741326938
890 891 0.24428088776876677
890 930 0.7177860746581692
891 892 0.8389191536602163
891 931 0.1217790849616629
892 893 0.6548982729246893
892 932 0.6478305253507364
893 894 0.310868040698004
893 933 0.6896292448298971
894 895 0.43873482978402767
894 934 0.2582638191060911
895 896 0.4019746648668985
895 935 0.3258869000830966
896 897 -0.5537288487789025
896 936 0.6932761326211045
897 898 0.9190280658407635
897 937 -0.11249661925793442
898 899 0.053396773219556826
898 938 -0.17653527315471895
899 900 -0.6340915670745115
899 939 -0.6087925094008164
900 901 -0.9022946656836537
900 940 0.9853376488947669
901 902 0.7611209309266496
901 941 -0.4112147312959997
902 903 -0.26006035366787983
902 942 -0.8777847928835287
903 904 0.6192283543974255
903 943 -0.007564622882744176
904 905 -0.5138488545316531
904 944 0.7408320869480811
905 906 -0.987467851157801
905 945 -0.5455805437066619
906 907 0.06814436738794472
906 946 -0.8528199513640915
907 908 0.9122184240391151
907 947 0.6766532643324232
908 909 -0.1699447573726074
908 948 -0.33298811186066235
909 910 0.7217304582663053
909 949 -0.6191995729253994
910 911 0.43876963038096783
910 950 0.5918208608082616
911 912 -0.03527403185779998
911 951 0.51742843614988
912 913 0.10413682344884911
912 952 0.8565807859888239
913 914 -0.31297054807035907
913 953 -0.06416788225627101
914 915 -0.11345569422209101
914 954 -0.24325677302452298
915 916 0.44017254640146763
915 955 -0.8834099163104265
916 917 0.09302249254412276
916 956 -0.3168878986843393
917 918 0.7695831156348751
917 957 0.38823457775411074
918 919 0.8844211071252372
918 958 -0.7522024457009222
919 920 0.35504461436205226
919 959 -0.1295534327492438
920 960 0.6648730190411034
921 922 0.17250580893564282
921 961 -0.4330242751355804
922 923 0.9128990226347609
922 962 -0.12895888764961438
923 924 -0.004434337963085122
923 963 0.1666238304835148
924 925 0.8396412279448449
924 964 0.7252101745171162
925 926 -0.5937846865176495
925 965 -0.34386851239577654
926 927 -0.9705704325027984
926 966 0.6110926635362739
927 928 0.588468395016523
927 967 -0.7020873762398081
928 929 0.7818214632383591
928 968 0.42700579002516936
929 930 0.43479060201370845
929 969 0.8189082659711957
930 931 -0.783402431672928
930 970 0.11932583858496937
931 932 -0.8123062367073037
931 971 -0.7836513937862757
932 933 0.3650369557320188
932 972 -0.8944189441677028
933 934 -0.24020330947575363
933 973 0.8759900709408046
934 935 0.7867295427403265
934 974 0.10523269264934676
935 936 -0.8681992456758105
935 975 0.9173152380816878
936 937 0.9172359125956866
936 976 -0.7391025386093291
937 938 -0.22256536922434544
937 977 -0.22281023786070486
938 939 -0.39854617915455015
938 978 -0.5653440025161487
939 940 0.8259335233677922
939 979 -0.13958981534937553
940 941 -0.1208372633281547
940 980 0.18697670533721666
941 942 -0.7990236395707939
941 981 0.19614715093514
942 943 0.7438445994856988
942 982 0.3088139386969668
943 944 -0.677128165013454
943 983 -0.08589859269128342
944 945 0.8114847146551027
944 984 0.22664735629092525
945 946 -0.7941622741341929
945 985 0.8643796096009466
946 947 0.8760985587577366
946 986 -0.7468517378200423
947 948 -0.3050487983001984
947 987 -0.20970070156617626
948 949 -0.9044549542935363
948 988 -0.9639618238255845
949 950 0.3943651047086949
949 989 -0.4476653754007045
950 951 -0.6772036432220472
950 990 -0.07292954357251902
951 952 -0.2680098530668933
951 991 -0.10406623437377505
952 953 0.8017992072032938
952 992 0.3281611330995178
953 954 0.10116922321098265
953 993 0.18610341749374526
954 955 0.12750591765590324
954 994 0.3255633695119797
955 956 0.12118330594715832
955 995 0.058006081024311706
956 957 0.9277438430242393
956 996 0.8939915877814977
957 958 -0.6795743376157648
957 997 -0.6297186590072028
958 959 0.6961639235520436
958 998 -0.1773966978590511
959 960 0.1841436321697072
959 999 -0.3941184750051492
960 1000 -0.1814077549263602
961 962 -0.44404498675279735
961 1001 -0.09075584895610644
962 963 -0.8597349898246596
962 1002 -0.8845370243540649
963 964 0.24102536280981468
963 1003 -0.25437700071466307
964 965 0.01217052424997278
964 1004 0.13580434828806132
965 966 -0.31009307413080855
965 1005 -0.2104962591960784
966 967 0.8637226800022804
966 1006 0.46785796408328917
967 968 0.10862718756111334
967 1007 -0.9570804941468094
968 969 -0.30667652327841544
968 1008 0.8837068447228602
969 970 -0.0740914887132178
969 1009 0.6282484519835787
970 971 0.2654734275006576
970 1010 0.8522352650353737
971 972 0.5332330292444931
971 1011 0.05166246890623172
972 973 0.3094141104460697
972 1012 -0.10687840160533835
973 974 -0.2378659398590639
973 1013 -0.15330948883692308
974 975 -0.43589731483140426
974 1014 -0.5244708109027549
975 976 -0.9538642666334867
975 1015 -0.9358474147651399
976 977 -0.1252918224965034
976 1016 -0.9181384097109799
977 978 0.924240305802807
977 1017 -0.40958566757628057
978 979 -0.6452511825678484
978 1018 -0.09730149240986274
979 980 0.5105005881459028
979 1019 0.6502749847956892
980 981 0.47926409094578437
980 1020 0.22595715959373486
981 982 -0.70323490320843
981 1021 -0.8537381437627705
982 983 -0.9200512833295691
982 1022 -0.2735490841371093
983 984 0.1381092495365388
983 1023 -0.5855314127042361
984 985 0.5693278139760669
984 1024 0.9123202202699654
985 986 0.8312048281233628
985 1025 0.005905222373257857
986 987 -0.10022612175034706
986 1026 0.3661022631481132
987 988 -0.5851034997641607
987 1027 0.16645377905474334
988 989 -0.1814383469216878
988 1028 -0.5177974545591293
989 990 -0.7642736407412851
989 1029 -0.37413565499371115
990 991 -0.3365909986318658
990 1030 0.7588355388553076
991 992 0.9761109121843827
991 1031 -0.976839766645009
992 993 0.34813398354441105
992 1032 0.4175738662864974
993 994 0.02580788946253465
993 1033 0.6940500714032574
994 995 -0.42893113735523647
994 1034 -0.8449886570953826
995 996 0.4620592872989411
995 1035 0.05548731223517689
996 997 0.26118433056170476
996 1036 0.3305070596822899
997 998 -0.8610223309263807
997 1037 0.5276912255916393
998 999 -0.08023488798308454
998 1038 -0.7224337900291158
999 1000 0.6251331881264299
999 1039 0.42013095742678974
1000 1040 -0.7701305013818687
1001 1002 -0.589179310790025
1001 1041 -0.5972425779138537
1002 1003 -0.8342579624048851
1002 1042 0.9194143745064423
1003 1004 0.23747316596115975
1003 1043 -0.6855106832297275
1004 1005 -0.7701355239264429
1004 1044 0.5242316811155372
1005 1006 -0.9555362268856236
1005 1045 0.3206941043903968
1006 1007 -0.14209374541658115
1006 1046 -0.2383177832276313
1007 1008 -0.01667220552681914
1007 1047 0.6868336942193733
1008 1009 -0.03108970090635621
1008 1048 -0.6291301203102106
1009 1010 -0.342369581584933
1009 1049 -0.23052953452359115
1010 1011 -0.9236242346955965
1010 1050 0.014864097772532725
1011 1012 0.11272253705965252
1011 1051 -0.13415660997635537
1012 1013 -0.37911799661042167
1012 1052 0.03776221039215022
1013 1014 -0.17147671522045949
1013 1053 0.5293233022228334
1014 1015 -0.7998212114562406
1014 1054 0.23550705475638734
1015 1016 0.11113011757949276
1015 1055 -0.8494819896735122
1016 1017 0.5513769476405483
1016 1056 0.0461493947752627
1017 1018 0.2429104458498732
1017 1057 0.05894394079112786
1018 1019 0.0004852532348813554
1018 1058 -0.8286932576855615
1019 1020 -0.8185275401841141
1019 1059 0.2350988339702984
1020 1021 0.5038165524492557
1020 1060 0.12149826763212856
1021 1022 0.26814560932448006
1021 1061 0.94331010031219
1022 1023 0.007418864394144409
1022 1062 -0.9168645234826132
1023 1024 0.6945226113323892
1023 1063 0.3630182134895792
1024 1025 0.041252759342278456
1024 1064 -0.7599479334099506
1025 1026 0.7110797384078091
1025 1065 -0.41995091327422096
1026 1027 0.2682607746222032
1026 1066 -0.3841663202311816
1027 1028 -0.19337510065392816
1027 1067 -0.7413775114464181
1028 1029 -0.30430796998586973
1028 1068 0.6373762745939704
1029 1030 0.5160581417158918
1029 1069 0.36731493266093196
1030 1031 -0.15423197240968123
1030 1070 0.4461087615008654
1031 1032 -0.8308832993063349
1031 1071 -0.5679933236673236
1032 1033 -0.9719054558818081
1032 1072 -0.9040510451687089
1033 1034 -0.3398269868312953
1033 1073 0.9862190834569682
1034 1035 -0.9263833953716336
1034 1074 -0.1774501964086368
1035 1036 -0.798343971778237
1035 1075 0.35626776024873497
1036 1037 0.9725464241578301
1036 1076 0.15992720716447684
1037 1038 0.41453294083664183
1037 1077 -0.8125208011768716
1038 1039 -0.33190206580478576
1038 1078 0.6415051566260739
1039 1040 -0.5088057819197409
1039 1079 -0.9833537204231446
1040 1080 0.4429816335045096
1041 1042 0.028070119634883817
1041 1081 -0.8255412624383907
1042 1043 0.08152167237298769
1042 1082 0.6749248653394448
1043 1044 -0.4489830491326128
1043 1083 0.597436541192621
1044 1045 -0.6535499856313527
1044 1084 0.06767208201181907
1045 1046 -0.6600199640043516
1045 1085 0.20660052650656313
1046 1047 0.4892095273100956
1046 1086 -0.7842978057002739
1047 1048 -0.055425753446345816
1047 1087 -0.4088280465979037
1048 1049 0.4589984392387918
1048 1088 -0.48138981018768234
1049 1050 -0.4165524112769652
1049 1089 -0.41012295452722847
1050 1051 0.4652484273524007
1050 1090 0.3193852265751518
1051 1052 -0.9546032348989142
1051 1091 0.606474326461558
1052 1053 0.32914038239018195
1052 1092 -0.2197912690189212
1053 1054 0.4755818267568077
1053 1093 -0.15530903148318287
1054 1055 0.5303984079852464
1054 1094 0.2205230107839864
1055 1056 -0.3579241606254815
1055 1095 0.5845689583874987
1056 1057 -0.9354651147168598
1056 1096 0.812453930564748
1057 1058 0.9645474117997495
1057 1097 -0.9098014766935749
1058 1059 0.4682222963466436
1058 1098 -0.8193960744872735
1059 1060 0.6427123115181823
1059 1099 -0.5409213551737224
1060 1061 -0.01187157201552469
1060 1100 -0.09315554392705949
1061 1062 -0.6222979495859029
1061 1101 0.7098926296943062
1062 1063 -0.8265887528204798
1062 1102 0.2883157643481187
1063 1064 -0.7520398367499734
1063 1103 0.5465854669866039
1064 1065 -0.6202884339420107
1064 1104 0.18913676575846106
1065 1066 0.6931189910031847
1065 1105 -0.4886894614492474
1066 1067 0.12675915554877704
1066 1106 0.19461133272726938
1067 1068 -0.5208929811920948
1067 1107 0.654742655723247
1068 1069 -0.9845273285339844
1068 1108 0.39933958340862485
1069 1070 0.4573287642605628
1069 1109 -0.4313084283395685
1070 1071 0.3434749778734332
1070 1110 -0.37005707640271734
1071 1072 0.33944963948100226
1071 1111 -0.5702286984029799
1072 1073 0.3551891033460295
1072 1112 0.06907049011863142
1073 1074 0.042945782477677996
1073 1113 -0.8362372343596831
1074 1075 0.8484855722181499
1074 1114 0.23872035542910308
1075 1076 0.5191604505235947
1075 1115 0.24015751602320612
1076 1077 0.5474005346501247
1076 1116 0.1330921197194952
1077 1078 0.2936998481735762
1077 1117 0.024610559079143446
1078 1079 0.10719146894953635
1078 1118 0.9865253986306817
1079 1080 0.19683692907569106
1079 1119 0.5678187642571937
1080 1120 0.16174354924307854
1081 1082 -0.032828935296826955
1081 1121 -0.27564757522433325
1082 1083 -0.6599329115257306
1082 1122 -0.4793098545421697
1083 1084 -0.6938213985469677
1083 1123 -0.5533540542285265
1084 1085 -0.7471253895425616
1084 1124 -0.8541658128356855
1085 1086 0.23916069306961374
1085 1125 0.39580949286468714
1086 1087 0.5693916945518
1086 1126 -0.002389563240001946
1087 1088 -0.4506899976651433
1087 1127 -0.21291711025062376
1088 1089 0.6455708246863903
1088 1128 0.4809578310633642
1089 1090 0.12257827827707124
1089 1129 -0.34811686966930866
1090 1091 0.7228416092090248
1090 1130 0.312872590333626
1091 1092 -0.23691658636284774
1091 1131 -0.07161264472171558
1092 1093 -0.18231364696259766
1092 1132 -0.569184934707019
1093 1094 -0.31472016095651645
1093 1133 -0.8350788004643153
1094 1095 -0.7351861402531357
1094 1134 0.4023075352393426
1095 1096 0.11971090098296333
1095 1135 0.16123153089321085
1096 1097 0.8481654084859183
1096 1136 -0.4395088627187915
1097 1098 0.9607267920391864
1097 1137 -0.2989007352833808
1098 1099 -0.718658287276772
1098 1138 0.7799875762144253
1099 1100 0.866576366574078
1099 1139 0.07037896453726655
1100 1101 0.7763007344714608
1100 1140 0.9696401505840155
1101 1102 0.2599619337984713
1101 1141 0.7273637743278683
1102 1103 0.7825042177974626
1102 1142 -0.31939481110838397
1103 1104 0.507840044496435
1103 1143 0.17693071068849453
1104 1105 0.36609158766316363
1104 1144 -0.2181480302019685
1105 1106 0.09817715733436128
1105 1145 -0.35686513292800726
1106 1107 -0.8697346900422778
1106 1146 0.7477101138600037
1107 1108 -0.6195411290205666
1107 1147 -0.6375253964211145
1108 1109 0.4856415639024707
1108 1148 -0.848246612009316
1109 1110 0.6337125132258126
1109 1149 -0.8430159619453184
1110 1111 0.9830866058048222
1110 1150 0.6573397140587223
1111 1112 -0.2621912769218133
1111 1151 0.31631038368196185
1112 1113 0.6638102963200527
1112 1152 -0.4475558999945639
1113 1114 -0.5919760419380409
1113 1153 0.10667275701047552
1114 1115 -0.1919553062146595
1114 1154 0.6392981033890495
1115 1116 0.7847949543969142
1115 1155 0.4271087914204357
1116 1117 -0.21212157097201612
1116 1156 0.6570393358913174
1117 1118 0.6097001099822581
1117 1157 -0.5379340091554137
1118 1119 -0.4443557702685863
1118 1158 -0.054470558897863564
1119 1120 -0.6551598845389985
1119 1159 0.6945260819103407
1120 1160 -0.5943664009716576
1121 1122 0.4153732436313422
1121 1161 0.4934924462040091
1122 1123 0.38395502374568546
1122 1162 0.7911406562839671
1123 1124 -0.5140436406120898
1123 1163 -0.04098539035386617
1124 1125 0.218054887521129
1124 1164 -0.017593740768639954
1125 1126 -0.4161376279073279
1125 1165 -0.4159360268713077
1126 1127 -0.8597619737462707
1126 1166 0.6460904282573636
1127 1128 0.8276460002665309
1127 1167 0.9485921280348644
1128 1129 -0.4195993681507062
1128 1168 -0.08071428928657909
1129 1130 -0.8684077869376057
1129 1169 0.3805364198145973
1130 1131 0.26325887526791725
1130 1170 0.21980603346348349
1131 1132 -0.11858018130882497
1131 1171 -0.7325918315417419
1132 1133 -0.6670451546019571
1132 1172 0.24551410109929916
1133 1134 -0.4923924516782938
1133 1173 -0.8489484898668158
1134 1135 0.47831383026412766
1134 1174 -0.26220531325903074
1135 1136 0.8344982681363344
1135 1175 -0.7905716034559387
1136 1137 0.4805921251139009
1136 1176 -0.8523294514013056
1137 1138 0.6089666092214892
1137 1177 -0.5967590971762133
1138 1139 -0.2502582513085094
1138 1178 -0.7403988768170213
1139 1140 0.035172980239677853
1139 1179 0.9882133613549766
1140 1141 -0.23564948930344443
1140 1180 -0.5869501988714161
1141 1142 -0.33693507420620517
1141 1181 -0.30209384601714895
1142 1143 -0.9191604891956828
1142 1182 -0.04299796122396371
1143 1144 0.0317417605169128
1143 1183 -0.006624867146237889
1144 1145 -0.38489195804656506
1144 1184 0.5410836720811294
1145 1146 -0.41922091072018564
1145 1185 0.21114801319240772
1146 1147 -0.20857053758920374
1146 1186 -0.1307549826493941
1147 1148 -0.780450334530703
1147 1187 0.44747666978641343
1148 1149 0.08913530165955974
1148 1188 -0.694588273528256
1149 1150 -0.6328316164418302
1149 1189 0.8604529397610792
1150 1151 -0.4409923224843064
1150 1190 -0.2205124982558293
1151 1152 -0.0014232973919017233
1151 1191 -0.33672793426631253
1152 1153 0.1563917621971327
1152 1192 -0.07659410468818217
1153 1154 0.6345732015471179
1153 1193 -0.6010610399956497
1154 1155 0.9354169615850636
1154 1194 0.9795403454576106
1155 1156 -0.23139513177886673
1155 1195 -0.10313138898369889
1156 1157 0.3354922337377013
1156 1196 -0.9868274073809851
1157 1158 -0.579461541250754
1157 1197 -0.6755273887278677
1158 1159 0.5786610529059371
1158 1198 -0.7786803438714043
1159 1160 0.3766398252663281
1159 1199 0.7557613807825527
1160 1200 -0.681305647114353
1161 1162 0.38218584371152864
1161 1201 0.37836082750982825
1162 1163 -0.31862303107968093
1162 1202 -0.8706536040194335
1163 1164 -0.9985089559162041
1163 1203 -0.939377278955067
1164 1165 0.3496198694785453
1164 1204 0.5817083661085687
1165 1166 0.5110589538056722
1165 1205 -0.22355160946313135
1166 1167 -0.21658504535983303
1166 1206 -0.7864701286396785
1167 1168 0.4967660888983392
1167 1207 0.9750201464701098
1168 1169 0.4301946434152468
1168 1208 0.3360309290275185
1169 1170 -0.3827246195130065
1169 1209 -0.21542959422743047
1170 1171 -0.6706246890136953
1170 1210 0.7093609235584715
1171 1172 0.9264337720126608
1171 1211 0.9188273059268661
1172 1173 0.9494493607284165
1172 1212 -0.8038009407990023
1173 1174 -0.33480892313616506
1173 1213 -0.6212172385970589
1174 1175 0.09465128908247067
1174 1214 -0.8458000096004479
1175 1176 0.9768976663891284
1175 1215 0.2831898291450736
1176 1177 0.3090481873502704
1176 1216 -0.37127406816487585
1177 1178 0.42662595983129425
1177 1217 -0.335841033274509
1178 1179 -0.21519290273126135
1178 1218 -0.6599994097290831
1179 1180 -0.637578501515057
1179 1219 0.8602228195733563
1180 1181 0.8526518619176127
1180 1220 -0.42531308115349953
1181 1182 0.14170607547375513
1181 1221 -0.5536915814970342
1182 1183 0.5509936987233162
1182 1222 0.5475214567910232
1183 1184 -0.8071496059235403
1183 1223 -0.9110109550329188
1184 1185 0.41492694518056616
1184 1224 0.7300763754587418
1185 1186 -0.47158649209875825
1185 1225 0.38490483559587796
1186 1187 -0.0629758070888855
1186 1226 0.6430567314765565
1187 1188 0.6435667811901535
1187 1227 0.09076345323018153
1188 1189 -0.6205509025153333
1188 1228 -0.511251344746624
1189 1190 0.08155908821014424
1189 1229 0.5054132647487242
1190 1191 -0.6659892757854524
1190 1230 0.8541316357463018
1191 1192 0.8389695051693067
1191 1231 -0.09229012552004523
1192 1193 0.44958481548154117
1192 1232 -0.868156144353408
1193 1194 0.9326683261988606
1193 1233 -0.7855474263416367
1194 1195 -0.7150188279305991
1194 1234 -0.6280427208499573
1195 1196 -0.6033448789369196
1195 1235 0.15968821243277387
1196 1197 -0.8010907891476442
1196 1236 -0.5630248943601672
1197 1198 0.26713149923101875
1197 1237 0.6707813091901575
1198 1199 0.8126471244422304
1198 1238 0.2431845599548479
1199 1200 -0.6234199183595281
1199 1239 0.8050602060024357
1200 1240 0.7530787925334426
1201 1202 -0.2527997517021434
1201 1241 0.3362696094705351
1202 1203 0.7282393388212876
1202 1242 -0.41825510834104795
1203 1204 -0.07690369670438901
1203 1243 -0.6749586302669615
1204 1205 0.9653749852911324
1204 1244 -0.8318386378466374
1205 1206 -0.6950734780838492
1205 1245 0.8105298025604286
1206 1207 -0.6524031115837494
1206 1246 0.7188652315789588
1207 1208 0.5244767988585091
1207 1247 -0.4315196371857186
1208 1209 0.053156928381361324
1208 1248 -0.5717141552401448
1209 1210 -0.6274136176572129
1209 1249 -0.9012705331626853
1210 1211 0.03171494344659531
1210 1250 -0.9572978054054053
1211 1212 -0.9804502736727125
1211 1251 -0.8908663852261358
1212 1213 0.31388376671304474
1212 1252 0.19938847830972706
1213 1214 0.2916130235379779
1213 1253 0.4925354476392583
1214 1215 0.1971621096091536
1214 1254 -0.9627101455732625
1215 1216 0.3755054140820706
1215 1255 -0.9680894011622263
1216 1217 -0.9509073074419894
1216 1256 -0.39095729835679904
1217 1218 -0.6206888078702475
1217 1257 -0.6455702494684192
1218 1219 -0.7608430655167568
1218 1258 0.9656042473631796
1219 1220 -0.4960940459418899
1219 1259 0.12078350079826938
1220 1221 0.4372753643177223
1220 1260 -0.5279426958859277
1221 1222 -0.3916428567944692
1221 1261 -0.7506448883965209
1222 1223 0.6001555462509405
1222 1262 0.5505908158421138
1223 1224 0.6086340595292006
1223 1263 -0.1747108798130368
1224 1225 0.2759738400666325
1224 1264 0.33923348331790604
1225 1226 0.9736442873207509
1225 1265 0.786639701018162
1226 1227 -0.22546381060296072
1226 1266 0.893682711014953
1227 1228 -0.7818489792038619
1227 1267 -0.5133579640839965
1228 1229 0.10767578810888923
1228 1268 -0.9981399265363224
1229 1230 0.21029732980977345
1229 1269 -0.521130608139917
1230 1231 -0.6296069020451052
1230 1270 0.964213560155813
1231 1232 -0.9003644285120869
1231 1271 0.5982501282213235
1232 1233 -0.09555192144342972
1232 1272 0.6142590803857932
1233 1234 0.9428043002344138
1233 1273 -0.6182557680192482
1234 1235 -0.6586802171717336
1234 1274 0.8951069329710424
1235 1236 -0.917886008324786
1235 1275 0.0166528355877964
1236 1237 -0.5967099362602688
1236 1276 -0.5579498239258616
1237 1238 -0.5696521726784234
1237 1277 0.23390113437629756
1238 1239 -0.23472421679263067
1238 1278 0.7449303451610094
1239 1240 -0.865155758525548
1239 1279 -0.794700462357373
1240 1280 0.795432164995445
1241 1242 -0.3203026720863642
1241 1281 0.14558773973775008
1242 1243 0.48216481279912515
1242 1282 -0.683932690597012
1243 1244 0.35900360754657035
1243 1283 0.5904091743532769
1244 1245 0.2624242248671609
1244 1284 0.15394979076289572
1245 1246 -0.9738343800956368
1245 1285 0.7729688153115646
1246 1247 -0.6545164010072937
1246 1286 0.5685009310353892
1247 1248 -0.12983591669298367
1247 1287 0.44629832014216797
1248 1249 -0.35121400438317707
1248 1288 0.38958616897294496
1249 1250 0.3085660535449726
1249 1289 -0.15357587286440966
1250 1251 0.6409309831707704
1250 1290 0.377082908397127
1251 1252 -0.2276465577482767
1251 1291 0.9635639537506073
1252 1253 0.49529311329752845
1252 1292 -0.3617189449187901
1253 1254 -0.02297492904050369
1253 1293 -0.03492373644641389
1254 1255 -0.30371307531979785
1254 1294 0.6180140624490094
1255 1256 0.742324323993371
1255 1295 -0.21150622854872103
1256 1257 0.07424085207068098
1256 1296 -0.9310630942850493
1257 1258 -0.6529283426103074
1257 1297 0.8214078560476055
1258 1259 -0.8298891165190594
1258 1298 0.48808342706768926
1259 1260 -0.84678915739103
1259 1299 -0.2807074640786906
1260 1261 0.19075285463149294
1260 1300 -0.36600186249869626
1261 1262 0.6883749599833833
1261 1301 -0.053263044789319425
1262 1263 0.43502457072216316
1262 1302 -0.8460775682048052
1263 1264 0.13841503704837121
1263 1303 0.2792183597487732
1264 1265 -0.0270453700949449
1264 1304 -0.2223052318185943
1265 1266 -0.7408393575118242
1265 1305 -0.9673258868736749
1266 1267 0.03171258258509546
1266 1306 0.47256255706446915
1267 1268 -0.4207906806901198
1267 1307 -0.5087850842599051
1268 1269 -0.1465538048101045
1268 1308 -0.370103515155322
1269 1270 -0.401572457377658
1269 1309 0.42077224876944097
1270 1271 -0.32543263503743525
1270 1310 0.2600160619093279
1271 1272 0.8303660123066057
1271 1311 -0.5933679557777263
1272 1273 -0.9985961203282403
1272 1312 -0.32372191868088573
1273 1274 0.1947891274671565
1273 1313 0.49227476640541834
1274 1275 0.7540135469483809
1274 1314 0.019207653493301002
1275 1276 0.7889495870263243
1275 1315 0.17767621249012167
1276 1277 -0.7911271494402448
1276 1316 0.8645680170246366
1277 1278 0.044949560389249354
1277 1317 0.05594922413512138
1278 1279 0.8802588525086106
1278 1318 0.771275396848979
1279 1280 -0.5185690202295841
1279 1319 0.35315414737849693
1280 1320 0.5207780884787676
1281 1282 -0.34838568387025104
1281 1321 -0.10970990147293591
1282 1283 0.38992687028175177
1282 1322 0.6828392380622963
1283 1284 0.15632671747542037
1283 1323 0.38952995434641147
1284 1285 0.301284353583406
1284 1324 0.08635890962875936
1285 1286 -0.415486448095828
1285 1325 -0.23634991977588138
1286 1287 0.6082322006334144
1286 1326 -0.8269637087249992
1287 1288 0.4186800369438417
1287 1327 0.3562500997469218
1288 1289 -0.08603383462835623
1288 1328 0.4357203027207681
1289 1290 0.8647808072444252
1289 1329 -0.962151317543088
1290 1291 0.3148120901165643
1290 1330 -0.896474963644533
1291 1292 -0.03640469516992173
1291 1331 0.845325405581441
1292 1293 -0.4767530709446153
1292 1332 -0.42576616681372115
1293 1294 -0.3108812817044726
1293 1333 0.9182602035892999
1294 1295 0.25755480176127077
1294 1334 -0.2502200219058144
1295 1296 -0.20396534966292768
1295 1335 0.2725127306459727
1296 1297 0.7580874970568847
1296 1336 -0.16487601128803475
1297 1298 -0.08529084772739925
1297 1337 -0.3697929851035442
1298 1299 -0.09930871904091498
1298 1338 -0.5401564016126126
1299 1300 -0.5062263479433888
1299 1339 0.5527840168484759
1300 1301 -0.9148342434342207
1300 1340 -0.956986563783585
1301 1302 -0.7130467884496028
1301 1341 0.8212644054499165
1302 1303 0.35096935957358366
1302 1342 0.9062948009416112
1303 1304 0.7621282299623342
1303 1343 0.34530178829027736
1304 1305 0.24129934228573857
1304 1344 0.2032525630132973
1305 1306 0.03268941424050453
1305 1345 0.7640973277657346
1306 1307 0.5335275533451449
1306 1346 -0.8140120178615575
1307 1308 -0.3100078442626255
1307 1347 -0.3474641180177169
1308 1309 0.44052822595715924
1308 1348 0.37301115467581547
1309 1310 -0.05634344317029716
1309 1349 0.489465643524716
1310 1311 -0.3072849487574558
1310 1350 0.416416630477328
1311 1312 0.0726718062620968
1311 1351 -0.8633829542355935
1312 1313 -0.3127092298407854
1312 1352 -0.14410853344949803
1313 1314 -0.5956451431811358
1313 1353 -0.19348791524494757
1314 1315 0.24242245729463985
1314 1354 -0.08326113264628643
1315 1316 -0.04129679548558385
1315 1355 -0.5051045307504107
1316 1317 -0.2210506918131836
1316 1356 -0.01613832392279213
1317 1318 -0.5221173273839097
1317 1357 -0.2753019192061894
1318 1319 0.48838419387941845
1318 1358 -0.04873681360423476
1319 1320 0.017344496987820257
1319 1359 -0.5675872253393632
1320 1360 -0.653009090426308
1321 1322 -0.8769421383401215
1321 1361 -0.5146491556313237
1322 1323 0.45430415749341857
1322 1362 -0.2817849502730172
1323 1324 -0.21808396853224266
1323 1363 -0.9074075940141033
1324 1325 0.1147347750604033
1324 1364 0.7371092672809771
1325 1326 0.9568103047921115
1325 1365 -0.12664851711967562
1326 1327 -0.12922684404862772
1326 1366 0.5743179468199873
1327 1328 -0.024223794286272637
1327 1367 -0.7137357428096802
1328 1329 0.3682320400050634
1328 1368 -0.2886966593129845
1329 1330 0.649791857944003
1329 1369 -0.9629216324634424
1330 1331 0.4108939072444888
1330 1370 -0.3239717704058569
1331 1332 -0.31660585853043277
1331 1371 -0.009334539706294942
1332 1333 0.6756311571450835
1332 1372 0.697648733076369
1333 1334 0.9867335182360055
1333 1373 0.2846163439448912
1334 1335 0.8276028144215875
1334 1374 0.2543195977865256
1335 1336 -0.20520357383503862
1335 1375 0.880269182772691
1336 1337 0.023260847102157367
1336 1376 0.9339001844907027
1337 1338 0.6262153273287185
1337 1377 0.07330139224659016
1338 1339 0.7599423063330806
1338 1378 0.04238611574709017
1339 1340 0.9786975484248954
1339 1379 -0.697337286851393
1340 1341 -0.3968333145120324
1340 1380 -0.07344374453154279
1341 1342 -0.5648487980022976
1341 1381 -0.9114584463001296
1342 1343 -0.004926858271710577
1342 1382 -0.46135940376642215
1343 1344 -0.10103730895595309
1343 1383 0.05370841996312259
1344 1345 -0.5581692457571992
1344 1384 -0.2784150659130702
1345 1346 0.4169250659803716
1345 1385 0.7225999350038665
1346 1347 0.11923053819634988
1346 1386 -0.6959429385975697
1347 1348 0.3383835876524304
1347 1387 -0.8173384161908601
1348 1349 0.5679756265261313
1348 1388 0.8573841323482736
1349 1350 0.7329074144240593
1349 1389 -0.07686941605361586
1350 1351 0.4477421109129116
1350 1390 0.8385975481511587
1351 1352 -0.38834076281325736
1351 1391 0.9914498790542281
1352 1353 0.3480599736339507
1352 1392 -0.05057982020688945
1353 1354 -0.7866811486962999
1353 1393 0.7169914660593317
1354 1355 0.6084212912154396
1354 1394 0.3037969516140093
1355 1356 -0.8561224697730363
1355 1395 -0.5369686868237353
1356 1357 0.53732082168619
1356 1396 -0.945120897661093
1357 1358 0.2975071201122028
1357 1397 -0.8245995623075122
1358 1359 0.06602562567100057
1358 1398 0.8100156193279469
1359 1360 -0.5042955204926909
1359 1399 0.16739483125550736
1360 1400 0.049913572702765974
1361 1362 0.9432052123471353
1361 1401 -0.538831591289852
1362 1363 0.45337950298039575
1362 1402 -0.7210657516350794
1363 1364 -0.12115693474070133
1363 1403 -0.25603937558112055
1364 1365 -0.09597676725684945
1364 1404 0.06995115726072276
1365 1366 0.43176395748373264
1365 1405 -0.17523446613555782
1366 1367 -0.019878237586590686
1366 1406 0.7320316374582163
1367 1368 0.9192771452416961
1367 1407 -0.5597535162737144
1368 1369 -0.8018036856909105
1368 1408 0.3615727368323798
1369 1370 -0.6540655867869325
1369 1409 -0.9723278352290365
1370 1371 0.6289517254441948
1370 1410 -0.6878892732157429
1371 1372 0.6576174633311975
1371 1411 0.3172369233416774
1372 1373 0.6255315493609841
1372 1412 -0.4427888524938359
1373 1374 0.6924196382121202
1373 1413 -0.2487001873713135
1374 1375 0.8593502632146379
1374 1414 -0.021414695654311977
1375 1376 0.8333609967660842
1375 1415 -0.25404949594262805
1376 1377 0.8585085287540799
1376 1416 0.43745564550293814
1377 1378 0.3438976573303161
1377 1417 -0.435821917434418
1378 1379 -0.9060198425577826
1378 1418 -0.23484765254411233
1379 1380 -0.8778258396659759
1379 1419 0.32271874513760945
1380 1381 -0.11953842236225842
1380 1420 -0.1182248912516517
1381 1382 -0.017942348826133214
1381 1421 0.30376235475461333
1382 1383 0.7433618338421215
1382 1422 0.5280228833053273
1383 1384 -0.5305860451814961
1383 1423 0.7368881866811776
1384 1385 -0.8215365514709649
1384 1424 0.3363708749617065
1385 1386 0.3084638841806955
1385 1425 -0.2198057015293151
1386 1387 -0.3364991014015497
1386 1426 -0.009106007829588147
1387 1388 -0.6916903092729751
1387 1427 0.5753059032241887
1388 1389 -0.012739876852800869
1388 1428 -0.966207217257542
1389 1390 0.6582103009038527
1389 1429 0.11235651286348602
1390 1391 -0.006451830980139794
1390 1430 -0.43450929405274286
1391 1392 -0.14999704130718072
1391 1431 -0.22266132381584747
1392 1393 0.4772905088121975
1392 1432 0.04038049561450596
1393 1394 0.019857495095042976
1393 1433 0.3603112219387614
1394 1395 -0.30216176982402465
1394 1434 -0.7269644020887236
1395 1396 0.6314985542417175
1395 1435 -0.06610249480718045
1396 1397 -0.7831316272853217
1396 1436 0.46917815786173045
1397 1398 0.24429700661168052
1397 1437 -0.7666497244490713
1398 1399 0.7328257240909715
1398 1438 -0.10364154263110081
1399 1400 -0.24933263339585765
1399 1439 -0.7109175389558726
1400 1440 0.7270966836958697
1401 1402 0.38295502189466046
1401 1441 0.30095371642747915
1402 1403 -0.37236176953355593
1402 1442 -0.16083448663411093
1403 1404 0.19400648440066015
1403 1443 -0.7315636606019338
1404 1405 0.3819274075305301
1404 1444 -0.8210100172097823
1405 1406 0.8270716243386182
1405 1445 0.4389809984206752
1406 1407 -0.24055749994866593
1406 1446 0.2566288376421797
1407 1408 0.9587686896942478
1407 1447 -0.74515250313852
1408 1409 -0.2888333059900172
1408 1448 0.12992961141321402
1409 1410 0.018768137146977004
1409 1449 -0.2925907151357001
1410 1411 -0.3291325633305888
1410 1450 -0.7937885729377709
1411 1412 -0.38689379083622155
1411 1451 -0.08670665764039098
1412 1413 -0.24431859222319496
1412 1452 -0.4194959439336232
1413 1414 0.17567000993122095
1413 1453 -0.26128953930696297
1414 1415 0.30849917372466984
1414 1454 0.2855617198089424
1415 1416 -0.5478922276093634
1415 1455 -0.18673795732853993
1416 1417 0.45243094821460517
1416 1456 0.6751705557672827
1417 1418 -0.6119032253273711
1417 1457 -0.7148730643870247
1418 1419 0.2269403837383348
1418 1458 -0.14976912305777157
1419 1420 0.9569786422200566
1419 1459 0.9265282667899064
1420 1421 0.00627041672811135
1420 1460 -0.7382612972090301
1421 1422 0.09056390616895893
1421 1461 0.33350489039461806
1422 1423 0.1062496951824281
1422 1462 -0.9719511231995299
1423 1424 0.21102885088412182
1423 1463 -0.8680248063241722
1424 1425 -0.7113156337734667
1424 1464 -0.007114338996152103
1425 1426 -0.3181006040563463
1425 1465 0.42217780606856015
1426 1427 -0.39430357481152023
1426 1466 0.9868099303007716
1427 1428 -0.6064989794649627
1427 1467 0.11097670272471971
1428 1429 0.8403075848506718
1428 1468 -0.8444926335400034
1429 1430 0.9616735192600161
1429 1469 -0.013520651542392459
1430 1431 0.3728409689930319
1430 1470 -0.9481993745430255
1431 1432 -0.5503003944455012
1431 1471 -0.6643214286020771
1432 1433 -0.4090892112601212
1432 1472 0.6922268499358222
1433 1434 0.02722869818812379
1433 1473 0.8660875058462831
1434 1435 0.08342705323172117
1434 1474 -0.929251902672491
1435 1436 -0.8423707952501411
1435 1475 0.06584897503384934
1436 1437 -0.1305847042834245
1436 1476 -0.6418133331688445
1437 1438 -0.9081553063501142
1437 1477 -0.6464814953025249
1438 1439 -0.017051604531844733
1438 1478 0.7417599109802613
1439 1440 0.7116083554835118
1439 1479 0.6432047312029749
1440 1480 -0.341866778980082
1441 1442 0.44787827887496423
1441 1481 -0.049822778731137385
1442 1443 0.7544240778886342
1442 1482 -0.692519582857714
1443 1444 -0.5445742065563282
1443 1483 0.6295648330545596
1444 1445 -0.13614936222538043
1444 1484 -0.7957315585910234
1445 1446 -0.03861642312922431
1445 1485 -0.8315567020317598
1446 1447 -0.5729594700231124
1446 1486 0.6845127682277428
1447 1448 0.9606712682353198
1447 1487 -0.24776773238157523
1448 1449 -0.750009646923337
1448 1488 -0.70795751879944
1449 1450 -0.36330281649996277
1449 1489 0.9487828038194217
1450 1451 -0.9632877830682791
1450 1490 -0.35286742100745894
1451 1452 0.24822269957537957
1451 1491 -0.19823052421416154
1452 1453 0.3727386385198288
1452 1492 -0.5297769203716662
1453 1454 0.8980707178319813
1453 1493 0.21549352260092625
1454 1455 -0.8963982188333393
1454 1494 -0.7205736061467725
1455 1456 0.9855889551740658
1455 1495 -0.39020783499211364
1456 1457 0.2692160537970574
1456 1496 0.2137871525658941
1457 1458 -0.3217240477202463
1457 1497 -0.18190049035555056
1458 1459 -0.40294852414650695
1458 1498 -0.3437298251570957
1459 1460 0.7253658035714936
1459 1499 0.45916554607601645
1460 1461 0.3010123101740967
1460 1500 0.5393436601848751
1461 1462 -0.1597220993875328
1461 1501 0.6636418541653482
1462 1463 -0.16070678800519378
1462 1502 -0.19422693464210639
1463 1464 0.5037424202548588
1463 1503 0.9856109087924216
1464 1465 0.9668513149330125
1464 1504 0.807356048059827
1465 1466 0.5429458229657913
1465 1505 0.6482447842963119
1466 1467 -0.37197064456207696
1466 1506 -0.3369921422644302
1467 1468 0.06744882818038023
1467 1507 0.05608075245453614
1468 1469 0.8354107081473379
1468 1508 0.5809368149511893
1469 1470 0.9777128408799376
1469 1509 0.11839912729005886
1470 1471 0.24182588921426595
1470 1510 -0.9200700102017529
1471 1472 -0.8383157232877989
1471 1511 -0.9994606874188705
1472 1473 -0.08905769896709748
1472 1512 -0.5802823100265628
1473 1474 0.16715973577235577
1473 1513 -0.10404524373762625
1474 1475 0.07927914366205391
1474 1514 -0.32317829020695665
1475 1476 0.39363406844317406
1475 1515 -0.12854173582714967
1476 1477 0.4980401129135954
1476 1516 -0.36588570667513
1477 1478 0.145272207443075
1477 1517 -0.033630524442534115
1478 1479 0.17960822752676764
1478 1518 0.9189630367317332
1479 1480 -0.13653243885648214
1479 1519 0.7771395400763781
1480 1520 0.6081807789542728
1481 1482 0.19332754920372563
1481 1521 -0.8660611521343473
1482 1483 0.7602495804986311
1482 1522 0.5979286384416078
1483 1484 -0.4713489467195737
1483 1523 -0.1793595901856735
1484 1485 -0.7243802141779334
1484 1524 -0.995748883068182
1485 1486 -0.27273226434258
1485 1525 -0.01878659530547999
1486 1487 0.6787145728001627
1486 1526 0.13166866911518627
1487 1488 0.6218732217947567
1487 1527 -0.985415754735284
1488 1489 -0.15232192894873897
1488 1528 0.338757670452702
1489 1490 0.15609513685139054
1489 1529 0.8526865016300953
1490 1491 0.39875900462595903
1490 1530 -0.16044134263836018
1491 1492 -0.6035031798225399
1491 1531 -0.5504918328595514
1492 1493 0.48607115237491816
1492 1532 0.5858898998375306
1493 1494 0.7882240287782636
1493 1533 0.2360272301709958
1494 1495 -0.7515396087763346
1494 1534 -0.5835871451740455
1495 1496 -0.008367893166642437
1495 1535 -0.603004816929311
1496 1497 0.7383725775637737
1496 1536 -0.7463243350940494
1497 1498 0.28300855758905774
1497 1537 -0.2231037380762415
1498 1499 -0.3944226779309714
1498 1538 -0.04868849172937728
1499 1500 0.15858389210099855
1499 1539 -0.9687529554612415
1500 1501 -0.11796817336968846
1500 1540 -0.07058648076116225
1501 1502 0.22739133295244263
1501 1541 -0.5949984701016817
1502 1503 0.4734327458691321
1502 1542 0.9111959417105253
1503 1504 0.8512109628156914
1503 1543 0.3497407654071325
1504 1505 0.4745924918317852
1504 1544 0.6353405118073201
1505 1506 -0.6079311509213166
1505 1545 -0.3826299684531642
1506 1507 0.12554891651500277
1506 1546 -0.5149123497943631
1507 1508 0.8665715199686335
1507 1547 -0.37846406522496556
1508 1509 -0.6139909529228895
1508 1548 -0.259636844461012
1509 1510 0.551801952324376
1509 1549 0.6640191276113518
1510 1511 0.7497365021306028
1510 1550 0.7385808303175327
1511 1512 0.6162410872145465
1511 1551 0.254378604287526
1512 1513 -0.35162361597760494
1512 1552 0.8310615821255709
1513 1514 0.5432513408448456
1513 1553 0.29590752868919235
1514 1515 0.10528565294076797
1514 1554 -0.46353570161658575
1515 1516 0.03816962029372295
1515 1555 -0.8197065202636113
1516 1517 -0.7804396020744371
1516 1556 -0.81336624833934
1517 1518 -0.916140831158553
1517 1557 0.8340170240805174
1518 1519 -0.8321333025377675
1518 1558 0.5710601555064756
1519 1520 0.3719379464268455
1519 1559 -0.9298420090667376
1520 1560 0.32820164187414647
1521 1522 -0.8548757243555332
1521 1561 -0.6020479474058433
1522 1523 0.9432485941559614
1522 1562 -0.2645940333930792
1523 1524 0.8719443529915631
1523 1563 -0.44889507395829087
1524 1525 -0.5805871276767576
1524 1564 -0.5667254751235316
1525 1526 -0.4322716330972325
1525 1565 0.06928101883929672
1526 1527 -0.3538231067643016
1526 1566 -0.30486361817268226
1527 1528 -0.1099984151298985
1527 1567 -0.5021164545803796
1528 1529 -0.7650706404529188
1528 1568 0.548894368275753
1529 1530 0.777919182891829
1529 1569 -0.3208657542279185
1530 1531 -0.4041137525187859
1530 1570 0.8725051669343853
1531 1532 0.4811862885891267
1531 1571 -0.5791126854653903
1532 1533 0.06670998741605993
1532 1572 -0.6509806955851594
1533 1534 -0.830460945260671
1533 1573 -0.3833798017526666
1534 1535 0.9748448766037612
1534 1574 0.3435448872588265
1535 1536 -0.034361496668118274
1535 1575 0.9050709752099098
1536 1537 0.962371522763287
1536 1576 -0.49625305653946006
1537 1538 -0.23378960367560198
1537 1577 -0.602496919755972
1538 1539 0.9949086083475072
1538 1578 0.840832031523272
1539 1540 0.867001759940639
1539 1579 0.1392580895944855
1540 1541 -0.7509686978835168
1540 1580 -0.9347045683123054
1541 1542 0.7793655233249952
1541 1581 -0.8419657320736817
1542 1543 -0.008351552062393575
1542 1582 -0.10830596986080132
1543 1544 0.26248456577441903
1543 1583 0.9834119116865601
1544 1545 0.3926201029994272
1544 1584 0.9365490950736441
1545 1546 -0.9509386527833803
1545 1585 -0.5814132889305799
1546 1547 0.9174252073723022
1546 1586 0.952170553570481
1547 1548 -0.9058191164406961
1547 1587 -0.8059534304292146
1548 1549 0.14077963441005936
1548 1588 -0.16156640261774058
1549 1550 0.747676229154207
1549 1589 -0.23371367387099107
1550 1551 0.4812218490261555
1550 1590 0.1595325299189596
1551 1552 -0.9605844235737135
1551 1591 -0.8159251565031005
1552 1553 0.8943132977536734
1552 1592 0.23061282112523362
1553 1554 -0.03785468008975479
1553 1593 -0.8535101960690699
1554 1555 -0.03604096575615667
1554 1594 0.7666472169179639
1555 1556 -0.6901346356257121
1555 1595 0.15497430713740812
1556 1557 -0.007652569007057464
1556 1596 -0.7077347144044455
1557 1558 -0.8483170670831899
1557 1597 -0.41568186425576314
1558 1559 0.41536874118432277
1558 1598 0.005847009227590183
1559 1560 0.6186156851635234
1559 1599 0.20241178645726876
1560 1600 -0.45931806832099875
1561 1562 -0.6962780059829179
1562 1563 -0.5901204621844418
1563 1564 -0.7094200822928722
1564 1565 0.032488962468885774
1565 1566 -0.5806978636366842
1566 1567 0.18936548407554232
1567 1568 0.3890504042897387
1568 1569 0.7027281577252646
1569 1570 0.3070914938897653
1570 1571 0.4534010493404521
1571 1572 -0.6290292746674104
1572 1573 -0.4749492715524988
1573 1574 0.18622507558671342
1574 1575 0.44206718006345347
1575 1576 -0.1966339559748047
1576 1577 -0.5329096815445622
1577 1578 -0.21100828503328173
1578 1579 0.07840240087698347
1579 1580 -0.06157658941479127
1580 1581 -0.5080884178552885
1581 1582 -0.27413551260029756
1582 1583 0.17557187209981118
1583 1584 0.5975189797013394
1584 1585 -0.6460961050552505
1585 1586 -0.14537132345814752
1586 1587 0.19821100882337883
1587 1588 0.8817629786709469
1588 1589 0.5490003483084187
1589 1590 -0.7579045076143143
1590 1591 -0.974241205149708
1591 1592 0.9552309456540704
1592 1593 -0.5328371030480743
1593 1594 0.9762040502088205
1594 1595 -0.7889922213613445
1595 1596 -0.29487827539463596
1596 1597 -0.768462110400695
1597 1598 0.06277169454858189
1598 1599 0.33876331094417633
1599 1600 0.28799939507322625
