1 2 0.027886687545380484
1 41 0.5463301041585935
2 3 -0.5429648746704623
2 42 -0.9285405604370689
3 4 0.3219283440702929
3 43 0.8679626767075121
4 5 0.02017027785806813
4 44 -0.6147091472918587
5 6 0.9942329869720161
5 45 -0.10486338243321858
6 7 -0.7822810144204493
6 46 -0.24472793595892095
7 8 -0.5517899548236012
7 47 0.4516581603189205
8 9 -0.8725181139909106
8 48 0.3207503995362584
9 10 -0.9203683529429443
9 49 -0.9865002707591459
10 11 0.26738424197309807
10 50 0.5215753007834523
11 12 0.11332187710563191
11 51 -0.1832775642390092
12 13 0.27583498970938036
12 52 0.42621398237786123
13 14 0.36495200343653544
13 53 -0.1617050512262781
14 15 0.4914371973400393
14 54 -0.1252755839703925
15 16 -0.9664255458055739
15 55 0.8379177775864357
16 17 0.30836160317075056
16 56 0.12421300567155824
17 18 0.01943784301974727
17 57 0.2058450532742202
18 19 -0.34634279890678044
18 58 0.7177488645188832
19 20 0.6305902696972174
19 59 -0.4396358383925658
20 21 0.3567003598872811
20 60 0.23324862943645153
21 22 0.7712707259455565
21 61 -0.2635114910873677
22 23 0.2644676779012469
22 62 -0.17327069562387432
23 24 0.7377605634001565
23 63 0.8534147382642834
24 25 -0.054264079039348045
24 64 0.09269296572991803
25 26 0.7194876025008723
25 65 -0.2842831674234412
26 27 0.13138799850223526
26 66 -0.1778701633361659
27 28 0.377781652312164
27 67 -0.6994296619507314
28 29 0.5928385722810394
28 68 0.5497887127735464
29 30 0.6339219167695027
29 69 -0.7298916701161844
30 31 0.7377747461206818
30 70 -0.7574110481734857
31 32 0.7229501730778252
31 71 -0.685709963697988
32 33 0.10887093335535081
32 72 -0.20610299040164937
33 34 -0.9725028909526121
33 73 0.736806927432667
34 35 -0.22341734723244833
34 74 -0.4039044032229997
35 36 0.03380382255334635
35 75 0.15532359848117472
36 37 0.0716241754074316
36 76 0.8485318595035627
37 38 0.00868026843071501
37 77 0.45766102551469645
38 39 0.27944914018067624
38 78 -0.21603058945741482
39 40 -0.9449555728381593
39 79 0.6025230216724642
40 80 -0.5950546537240047
41 42 0.7408553714496253
41 81 -0.9839061029403642
42 43 0.9290585564400142
42 82 -0.8506801068844372
43 44 0.6090739502172071
43 83 -0.051049394992704444
44 45 -0.9496860713088549
44 84 0.024522808839264387
45 46 0.5493399854549263
45 85 0.2957978790820863
46 47 -0.5530708867048741
46 86 0.8164197731397462
47 48 0.5146201438405558
47 87 -0.6581139780607845
48 49 -0.1835378017035758
48 88 0.8351041038172677
49 50 -0.17212048441774863
49 89 -0.3758913075456589
50 51 0.30596751839676606
50 90 -0.6189455646769346
51 52 -0.05206765033278393
51 91 -0.9911286858778492
52 53 -0.1177535433518111
52 92 -0.12407487361138014
53 54 -0.580356897376346
53 93 0.08208244285444333
54 55 0.5234442799738792
54 94 -0.27210001959566776
55 56 -0.3574221606978152
55 95 0.19760230622277675
56 57 0.33400910883723123
56 96 -0.9172224822910571
57 58 0.16579219122261124
57 97 0.5184844572098675
58 59 -0.1110487449148152
58 98 -0.48941899651358467
59 60 -0.026052760478768366
59 99 -0.37551925724316004
60 61 0.2615842476759884
60 100 -0.9387852444199918
61 62 0.2302207295348111
61 101 -0.26092644130031184
62 63 0.6509268997581268
62 102 -0.7087968457662903
63 64 0.9666410854577971
63 103 -0.011459106477125891
64 65 0.1445690788950993
64 104 -0.810064631251469
65 66 0.8656317460566558
65 105 0.137507671191599
66 67 0.51143001844474
66 106 -0.09536736333124995
67 68 -0.16481348256582762
67 107 0.8143351582391993
68 69 -0.7593469929214505
68 108 0.7321779729598468
69 70 -0.050005511150247095
69 109 -0.7962749180292787
70 71 -0.2199344109676553
70 110 -0.01651210109472334
71 72 0.7110053350222065
71 111 0.549023133710663
72 73 -0.772410442600036
72 112 0.21241342585250234
73 74 -0.7556293755684467
73 113 0.722461890961617
74 75 -0.22724675885377543
74 114 -0.3755358274050653
75 76 -0.9405276527991049
75 115 -0.7013949885296533
76 77 0.33675336137025047
76 116 -0.9223360805070511
77 78 0.31478934584619034
77 117 0.7503706922018283
78 79 -0.991778655745049
78 118 0.9768769485075657
79 80 -0.6303897495335333
79 119 -0.8652338128746004
80 120 -0.5877104789184562
81 82 -0.38052814898959175
81 121 0.9152074787317819
82 83 0.4609604817069175
82 122 0.005259847221243286
83 84 -0.012112771734719585
83 123 -0.48920997516984266
84 85 -0.11118005164157818
84 124 0.3436243551449665
85 86 0.9322781582979327
85 125 0.6990771421853674
86 87 0.31868048983543273
86 126 -0.5674760666930916
87 88 -0.8360809889652634
87 127 0.12975428375856035
88 89 0.08225873501793002
88 128 0.7576940189608199
89 90 -0.5588613095433232
89 129 0.8954140463700575
90 91 -0.10599848046424687
90 130 0.20718576746813233
91 92 -0.8012011382008652
91 131 0.21829465923029323
92 93 -0.8628386820994205
92 132 0.2605642399024861
93 94 -0.7357185026022499
93 133 -0.021293993547766288
94 95 -0.794123385074923
94 134 0.4131086674564517
95 96 -0.7783828067664069
95 135 -0.9209997293720869
96 97 0.6097799601928835
96 136 -0.7074316234384195
97 98 -0.577240080278004
97 137 -0.5625781691606928
98 99 0.4347751623959675
98 138 -0.11027198815182349
99 100 -0.7968354925570833
99 139 0.15712940453814328
100 101 0.7754373832177273
100 140 0.6580352685502489
101 102 0.606851662764287
101 141 -0.5539603512858358
102 103 0.23900775190940582
102 142 0.4187132045358908
103 104 0.9089310897018918
103 143 -0.5924665024317111
104 105 0.23131137971953497
104 144 0.2726352207396221
105 106 -0.14169583304924682
105 145 0.26991599092295493
106 107 -0.8117392826037608
106 146 0.7434183594721966
107 108 -0.30324451215791637
107 147 0.42321871993231674
108 109 0.07325360525552793
108 148 -0.3656773408638354
109 110 0.41382213674506674
109 149 -0.7681482459345466
110 111 -0.8538564243208298
110 150 -0.5657896767765815
111 112 -0.5785122241185319
111 151 -0.7913411062303359
112 113 0.43406482841021843
112 152 -0.2010812430551412
113 114 0.777010993707929
113 153 0.6763002874600494
114 115 -0.7097231720322943
114 154 -0.7844562772147698
115 116 -0.008449739751493546
115 155 -0.05373336563165698
116 117 -0.41034362716300454
116 156 0.4443512830504244
117 118 0.8867775027410734
117 157 0.32164835571992256
118 119 -0.08772283513238865
118 158 -0.656852481066653
119 120 0.09305704366884227
119 159 -0.3424270227170876
120 160 -0.1263327187629868
121 122 0.026233424535774263
121 161 -0.36343115025580275
122 123 -0.8147783304279479
122 162 0.047898708718677296
123 124 0.2149883164247519
123 163 -0.8734618539776793
124 125 -0.5069274593691524
124 164 0.9319768157617951
125 126 -0.26467237303719826
125 165 -0.4047505483528655
126 127 -0.07994627190217685
126 166 0.774140790220194
127 128 0.352148090369939
127 167 -0.8570583857808949
128 129 0.9973326046388176
128 168 -0.401061922219379
129 130 -0.41194377999294485
129 169 -0.7166138040030037
130 131 0.5243372580517756
130 170 -0.26806092069731635
131 132 0.602493352440034
131 171 0.7085576935944236
132 133 -0.3583744040304795
132 172 -0.3067942649695148
133 134 -0.8693137189853994
133 173 -0.6325857581411907
134 135 -0.9761491806672526
134 174 0.2694150365760697
135 136 -0.5849787167501403
135 175 -0.6974545130181444
136 137 0.5251615986305811
136 176 0.629120377501933
137 138 -0.722205565935987
137 177 0.2805441138599627
138 139 -0.7208102510768619
138 178 0.485209114034872
139 140 0.627565862420181
139 179 0.44973525260157277
140 141 -0.6593830985476878
140 180 -0.03908713090466964
141 142 0.14794545367504086
141 181 -0.40553266782960007
142 143 0.7549695064406576
142 182 0.08138399370811067
143 144 -0.6986206891446314
143 183 0.1106165319306478
144 145 0.8231798346579464
144 184 0.8957701530861839
145 146 -0.9396134391771322
145 185 -0.6548852822614497
146 147 0.2140024569499277
146 186 0.26791065908622724
147 148 0.23910450174338282
147 187 0.20362642937687636
148 149 0.06377063208815259
148 188 -0.9911869003339471
149 150 0.02861684556291899
149 189 0.13638526795435113
150 151 0.8232793531798224
150 190 -0.9681175334476944
151 152 -0.79333670567449
151 191 0.8307297409823216
152 153 0.8684101098773482
152 192 0.9049087887968581
153 154 0.7372628417263334
153 193 0.5342825568920126
154 155 0.3763103567583117
154 194 -0.39397539206243426
155 156 -0.4118398071808158
155 195 -0.1932546654914009
156 157 0.2744004860714626
156 196 -0.8237755425284261
157 158 0.1533004614637241
157 197 0.09636842570586746
158 159 0.7750260153171509
158 198 -0.4860996504079915
159 160 0.14071354127671643
159 199 -0.7390409691684225
160 200 0.05766684056428062
161 162 0.07839987485129618
161 201 -0.5574901151444802
162 163 -0.13156407704103312
162 202 0.09603281340893455
163 164 0.14294690702249357
163 203 -0.8170415090309961
164 165 -0.14139566759268507
164 204 0.3054076455167185
165 166 0.11121841828500645
165 205 -0.1288654711534163
166 167 0.9926465808460538
166 206 -0.24975610131822856
167 168 0.9657701558965657
167 207 -0.9291973482805658
168 169 0.17482681288453628
168 208 0.16477788975030672
169 170 0.49949365534040635
169 209 0.42997219744135284
170 171 0.6507375852388015
170 210 -0.34161432367340794
171 172 0.6816238903291423
171 211 -0.40085837598278284
172 173 -0.507983995200276
172 212 -0.6151315212005828
173 174 -0.47187939713561966
173 213 -0.6641013852548205
174 175 -0.5827167205074488
174 214 0.2565632942067362
175 176 -0.5368219865875807
175 215 -0.6896773290984723
176 177 -0.869493327046279
176 216 -0.6253917634155903
177 178 -0.5763482953278736
177 217 0.06881162735744395
178 179 -0.38739667960364166
178 218 0.73247913824937
179 180 0.9979389936097349
179 219 -0.4096078789507436
180 181 -0.1838720395483775
180 220 0.27080407777786397
181 182 0.42724739332160766
181 221 0.4835749837745822
182 183 0.1468008703298822
182 222 0.23124713580269596
183 184 0.05040167199336554
183 223 0.7528580238653668
184 185 -0.3315634759591215
184 224 -0.3514410023846988
185 186 0.38991185698666886
185 225 -0.9000361840963045
186 187 -0.5193815525565317
186 226 0.4108406712473829
187 188 -0.7947886007735305
187 227 -0.183442069619715
188 189 0.9984084169280261
188 228 -0.026438263096566716
189 190 0.9079165307620636
189 229 -0.5834437641103978
190 191 -0.7815524095799482
190 230 0.9339860933173401
191 192 -0.16099176468049103
191 231 0.20715185951472548
192 193 0.7655145420691059
192 232 0.9297629267170893
193 194 -0.07266174466040698
193 233 0.34451712069097096
194 195 -0.7044051044017112
194 234 -0.5281335168579102
195 196 0.8817976385627744
195 235 -0.5005205658107112
196 197 -0.08479550941261316
196 236 -0.7277529398688596
197 198 0.6842216733983104
197 237 -0.00905865626183755
198 199 -0.2628632747004933
198 238 0.5606132586892854
199 200 0.08177643143930768
199 239 0.5377892991315476
200 240 0.7309042025562278
201 202 0.61296271584854
201 241 -0.3154907487706313
202 203 0.8700139366016799
202 242 0.9901006059138697
203 204 0.04106829871609419
203 243 0.19530481297205515
204 205 0.38081329967575717
204 244 0.8980943669203987
205 206 -0.5012831763556682
205 245 0.0056207176585243435
206 207 -0.041640385285698356
206 246 -0.5407286588270848
207 208 0.8509666996815584
207 247 -0.8991008779866179
208 209 -0.17614195472231753
208 248 0.005308745155341077
209 210 0.34962862276212814
209 249 0.34242891155449784
210 211 -0.29741809969676347
210 250 -0.8363102878800668
211 212 -0.8333632969801363
211 251 0.15664782932751664
212 213 -0.20423690930611627
212 252 -0.45375934763086967
213 214 0.16738714234098784
213 253 0.6036877236272769
214 215 0.03590953949325337
214 254 0.15626104368315374
215 216 0.9571525725787449
215 255 0.08144616636865032
216 217 -0.4855968088042453
216 256 0.7595327342833358
217 218 -0.336390978289286
217 257 0.3129023657489247
218 219 0.6736566239124233
218 258 -0.5631215746508411
219 220 0.36316282193047233
219 259 0.8562699735308714
220 221 0.7875250140302636
220 260 -0.4803435094523183
221 222 0.16013767316000527
221 261 0.05278128495013279
222 223 0.5590268167228132
222 262 -0.8565628629289925
223 224 0.7365776789240133
223 263 -0.22390192323785585
224 225 0.06724345448943936
224 264 -0.8040429738142987
225 226 0.8514190280970557
225 265 0.8168969948659033
226 227 -0.3170657429193704
226 266 0.20883670961487644
227 228 -0.9099269524474294
227 267 0.3595463433376054
228 229 0.06641634476659175
228 268 0.19085538629601673
229 230 -0.8755751798109994
229 269 -0.5358211907937258
230 231 0.5080209005565606
230 270 0.008785344832553665
231 232 -0.0001508410927140158
231 271 0.13750021678633906
232 233 0.20722647737278854
232 272 -0.8661574754341139
233 234 0.33375527219707224
233 273 -0.1560570983377212
234 235 0.12578074595539745
234 274 0.8685107729515817
235 236 0.6217470126940559
235 275 0.469846452803901
236 237 -0.4536430527066553
236 276 0.11355088082996878
237 238 0.13517564514778302
237 277 -0.29261248845438104
238 239 -0.2690206546713012
238 278 0.6979449557176844
239 240 0.8651882776711328
239 279 0.8622517459638233
240 280 0.42975064012360065
241 242 0.07777769813428925
241 281 -0.9882524288978833
242 243 0.32463614756119274
242 282 -0.2917394558478319
243 244 0.5452827382658585
243 283 0.050224056310825604
244 245 0.3407750093065447
244 284 -0.6341315784245107
245 246 -0.0491567759472511
245 285 0.3320242747525606
246 247 -0.6063644804476469
246 286 0.008110198334618568
247 248 0.41319161358299095
247 287 0.7412290937956343
248 249 -0.2554494590695797
248 288 -0.7788189234016198
249 250 0.8174155262528084
249 289 0.7692025555432886
250 251 -0.14828578831476502
250 290 -0.4281813814112143
251 252 -0.6977483549943468
251 291 -0.6102049078057494
252 253 0.9357965131444805
252 292 0.6687799070402249
253 254 0.01620571996213882
253 293 0.4835999859712996
254 255 -0.7589962195098119
254 294 -0.07740553783026805
255 256 0.47343390892752546
255 295 -0.6066904229986287
256 257 0.4559809266738908
256 296 0.5691840571121747
257 258 0.6119427107977111
257 297 0.4049874138739049
258 259 0.5403489586897947
258 298 0.9725315193057495
259 260 0.8929676251487491
259 299 -0.02963260185209271
260 261 0.20659169807139088
260 300 0.012218718500411452
261 262 -0.6151373923869436
261 301 0.05389496157339568
262 263 -0.23408531921432907
262 302 -0.9664773441734422
263 264 0.789868367232166
263 303 0.9502283952075139
264 265 -0.04058309878911226
264 304 -0.8386218418018467
265 266 0.0004141493556417686
265 305 -0.5888981290658444
266 267 -0.5107621720201028
266 306 0.6121052631566484
267 268 -0.27751043793985697
267 307 0.42456353749686193
268 269 0.503445246519999
268 308 0.6457558654192304
269 270 -0.15432018645934664
269 309 0.7488255296419994
270 271 -0.37178198024827935
270 310 -0.6282116475745092
271 272 0.4187810889281436
271 311 -0.012350160817633293
272 273 0.711113638094468
272 312 -0.01671968690436798
273 274 0.5716873174300019
273 313 0.3140096585890624
274 275 0.5096286993830974
274 314 -0.7738572912407253
275 276 -0.579600719089062
275 315 0.16452536908417215
276 277 -0.15971000416376557
276 316 0.02960379916470046
277 278 0.9552769754618264
277 317 -0.30836644892455034
278 279 0.11149521869574675
278 318 0.48600040580069903
279 280 -0.5183647034366841
279 319 -0.5261879999908445
280 320 0.41711173738389884
281 282 0.34630495636105074
281 321 -0.5799514756425237
282 283 -0.12168597193532693
282 322 0.5510317530652633
283 284 0.2785502751020217
283 323 0.08073378418070098
284 285 0.30047830882392645
284 324 0.6253946994968458
285 286 0.9881108892938668
285 325 0.05855862712813886
286 287 -0.04189449684067181
286 326 0.9518915149511715
287 288 -0.6135530891127483
287 327 -0.7396611855867898
288 289 0.9791989092694604
288 328 0.228795092925552
289 290 -0.003484465317412866
289 329 -0.47394191545641795
290 291 0.5745766709148374
290 330 0.764445392496788
291 292 0.20297609153753382
291 331 0.0383383342570387
292 293 -0.24849390118862869
292 332 -0.6477197818408804
293 294 -0.08498648885075788
293 333 0.007633291644496998
294 295 0.7859203733541253
294 334 0.015227294737836461
295 296 0.7602300190445364
295 335 -0.1146983175760039
296 297 -0.9732977206708651
296 336 0.46772112286952106
297 298 0.8352319515359765
297 337 0.18706340818605915
298 299 0.8009021726411856
298 338 0.06566270553259224
299 300 -0.8743008279332678
299 339 0.5602125808594434
300 301 -0.2894643787456397
300 340 -0.7692756531591058
301 302 -0.6855801181064858
301 341 0.48809829906773894
302 303 -0.4818027258560722
302 342 -0.13182920406458254
303 304 0.6887253490148004
303 343 0.43754058400946705
304 305 -0.6055449773593
304 344 0.2077281578064063
305 306 -0.317077184220776
305 345 0.6573745395793
306 307 -0.16050197240694275
306 346 -0.7103874101905401
307 308 0.9655677093984334
307 347 -0.28922955957040863
308 309 -0.22576485194901763
308 348 0.47986374885094496
309 310 -0.8403767078680384
309 349 -0.2961792676824475
310 311 0.16302786377873368
310 350 0.7260759607464966
311 312 0.029066725589005138
311 351 0.9594987917050919
312 313 0.36164086594547373
312 352 -0.4194260847614646
313 314 0.4179137304595866
313 353 -0.8002773187045145
314 315 0.209599163562467
314 354 0.3706721530431847
315 316 -0.4389790697459608
315 355 0.16310553622371726
316 317 0.546039473842262
316 356 -0.6147919448912664
317 318 -0.7368080762931102
317 357 0.043740747150523784
318 319 -0.5408122076413819
318 358 0.18251405568002377
319 320 -0.08210683402032881
319 359 -0.5755832548485849
320 360 -0.7795454208128043
321 322 0.8651151857574237
321 361 -0.2515105010370158
322 323 0.2573812376042075
322 362 -0.8040181577087147
323 324 -0.4688351295243922
323 363 -0.3780430165278186
324 325 0.6812506089456882
324 364 -0.07071334939989393
325 326 0.9671505337085369
325 365 0.6646161118184475
326 327 -0.8855565802504664
326 366 -0.7017778877391154
327 328 0.13145845109836451
327 367 0.8853814139158711
328 329 -0.21636885587812982
328 368 -0.3922733059068204
329 330 0.209777883119465
329 369 0.22089784259241774
330 331 0.296099966646028
330 370 0.43707014528909016
331 332 0.6530090856006985
331 371 -0.09849006676185357
332 333 -0.7578073548646025
332 372 -0.8040846147434724
333 334 -0.2797809008473491
333 373 -0.7217358376923453
334 335 0.5137186263052151
334 374 -0.09423339768538308
335 336 -0.782983390376959
335 375 0.21838558783073103
336 337 0.39651396579936593
336 376 0.4191133584622526
337 338 -0.0598133805950507
337 377 0.17952101214655425
338 339 0.7482087172369791
338 378 -0.4714229053088477
339 340 0.6131815701997265
339 379 0.3797314486651078
340 341 -0.5783161258767104
340 380 0.09505510261409578
341 342 0.25776596254647877
341 381 0.5325523822071587
342 343 -0.23203187859953878
342 382 -0.2525103101976931
343 344 0.28074727264287724
343 383 0.8647472961125287
344 345 0.615944509985831
344 384 -0.1266551111730989
345 346 -0.037569660123797144
345 385 0.5655017538000209
346 347 0.24172356227125458
346 386 -0.17280978627009014
347 348 -0.23134948782847298
347 387 -0.6410276154358645
348 349 -0.8270480860499783
348 388 -0.03225699960618167
349 350 -0.12026086445074768
349 389 -0.01779924891951823
350 351 0.5850010762146223
350 390 0.7155885966569522
351 352 0.6573720728080823
351 391 -0.37596929115661815
352 353 -0.7953093132513795
352 392 0.6969929236144949
353 354 0.44981502193630396
353 393 -0.38946644695064125
354 355 -0.5875023183343873
354 394 -0.8540838652615754
355 356 0.44768843805733893
355 395 -0.08486708771642393
356 357 0.864269166960504
356 396 -0.3436944395242514
357 358 0.39770631149066427
357 397 -0.009236478421534855
358 359 0.00511381312797754
358 398 -0.45742548107786707
359 360 0.19754073312398623
359 399 0.2637637937445736
360 400 -0.6718778234818339
361 362 0.5048378441718928
361 401 0.5262780036910439
362 363 0.3031721201455644
362 402 0.9372320167027055
363 364 -0.1138577440830082
363 403 -0.24630630863624492
364 365 0.33872891232206004
364 404 0.8422189835919325
365 366 -0.29389139560495536
365 405 0.09718508397830838
366 367 -0.43797491722365445
366 406 0.6160530921651275
367 368 -0.7583607971979882
367 407 0.7973831786304926
368 369 -0.41186692476040676
368 408 0.5039353868662795
369 370 -0.16992377579784956
369 409 0.7240323694901285
370 371 0.621743383015112
370 410 -0.06436815983660327
371 372 -0.1422572269769402
371 411 -0.18579277206869116
372 373 0.30925014673003304
372 412 -0.476875499847794
373 374 0.3545366867767057
373 413 -0.6691622125580299
374 375 -0.5307120074031604
374 414 -0.7544467808935578
375 376 0.09543466313613957
375 415 -0.03306392073113629
376 377 -0.26229809139366145
376 416 -0.8130853536787959
377 378 0.3051807206332253
377 417 -0.3204242387511933
378 379 0.9874902190429031
378 418 0.2408842852663473
379 380 0.6869223633079051
379 419 -0.2200178975139162
380 381 -0.0895570579147349
380 420 0.8206271263389393
381 382 -0.7266210805889104
381 421 0.38961674677092684
382 383 -0.682350008870185
382 422 0.2591479064847573
383 384 0.8113524299503319
383 423 0.7421887729413355
384 385 -0.5130021900270814
384 424 -0.6098981424589784
385 386 -0.9487704438100724
385 425 -0.028363390805674182
386 387 0.6643995571540691
386 426 -0.4968925583293362
387 388 -0.2206035514094966
387 427 -0.16107587836555748
388 389 -0.15340281332902328
388 428 -0.37510708677755633
389 390 0.530860603010803
389 429 0.954437020777896
390 391 -0.747001182177927
390 430 -0.8174201838515436
391 392 0.6667364823323647
391 431 -0.2108064933618563
392 393 0.049088324684036344
392 432 0.8583150574371066
393 394 -0.11022744860754363
393 433 -0.08215069904103767
394 395 0.7209016938751749
394 434 0.64977934153713
395 396 0.8670955131300309
395 435 0.7934428883549798
396 397 0.8120478297356051
396 436 -0.37545342688155925
397 398 0.7416887349336532
397 437 -0.5002872182241644
398 399 -0.8459875919950199
398 438 -0.1906461796212664
399 400 -0.08321334011806103
399 439 -0.18766388334760875
400 440 -0.5625261789310723
401 402 0.7409989105435002
401 441 -0.7797776434867967
402 403 -0.5260960658739697
402 442 -0.21455250595976705
403 404 0.13463675966882294
403 443 -0.17424965940055026
404 405 -0.009950703081740064
404 444 -0.07927679061989434
405 406 0.8206713238827823
405 445 -0.2790290667021118
406 407 0.6307568311155662
406 446 -0.980891054802209
407 408 -0.2582656559050742
407 447 -0.44550946486346765
408 409 -0.9464720287812023
408 448 -0.983266541227328
409 410 0.9876966441142474
409 449 -0.9730754384111209
410 411 0.030804715668932836
410 450 0.5838316946683189
411 412 -0.179330975688752
411 451 -0.685769465841001
412 413 -0.6275106810853897
412 452 -0.09474632789015835
413 414 0.756206322607998
413 453 -0.7471794033281698
414 415 -0.2818930480134918
414 454 -0.19438780257333654
415 416 -0.35409634218370756
415 455 0.027812774058083578
416 417 0.6304943738238047
416 456 0.10293320913962489
417 418 0.3300163164805743
417 457 0.7695937966913995
418 419 0.07684086921832756
418 458 0.6963575324582403
419 420 -0.9772780223016155
419 459 0.6884858994122154
420 421 -0.8195972470011303
420 460 -0.29127994617557484
421 422 -0.8584250040894097
421 461 0.5705516665445818
422 423 0.46237368130391654
422 462 0.9536234647571307
423 424 -0.8774271089104453
423 463 -0.05833670982759309
424 425 0.7856919978190584
424 464 0.1465270781101542
425 426 0.7623880653362396
425 465 0.26308264562003214
426 427 -0.5774763957757636
426 466 0.35421052139778353
427 428 -0.6658035990367304
427 467 -0.6135979494984534
428 429 -0.2929606046147031
428 468 0.33342742541852477
429 430 0.026144256033605373
429 469 -0.43952168195066044
430 431 -0.9016890142790626
430 470 -0.3082391415601773
431 432 0.8760357822978022
431 471 0.31981252048627407
432 433 0.7232125885573775
432 472 -0.06874374385275273
433 434 -0.8262769448484057
433 473 0.8077070718388704
434 435 0.19364549470520798
434 474 -0.16563924751749992
435 436 0.7391970966519263
435 475 0.022562940943218646
436 437 -0.89781803089904
436 476 -0.14645064592690105
437 438 0.7160518805756453
437 477 0.6209624977369792
438 439 -0.6924138942289741
438 478 0.9002581990575893
439 440 0.7977231946662073
439 479 0.7193798148829325
440 480 0.48612258991365587
441 442 -0.39981603921243236
441 481 -0.050188468099062966
442 443 -0.8346695706565952
442 482 0.6471016009209674
443 444 0.9068038507022245
443 483 0.19335803118873618
444 445 0.9183861705491685
444 484 0.9753097589345474
445 446 -0.5597729062139103
445 485 0.9294495017652511
446 447 -0.22170849592944641
446 486 -0.972293907453849
447 448 0.46399090627972317
447 487 0.17954720953419678
448 449 0.6640267014722414
448 488 -0.1557127166053951
449 450 -0.15768268455208068
449 489 0.7811592287852309
450 451 -0.9036183133408613
450 490 -0.7683470953442089
451 452 0.6571278488756296
451 491 -0.24314634133147184
452 453 0.20719586926329958
452 492 -0.5218355486367163
453 454 -0.07129660609859623
453 493 -0.3683013117625833
454 455 -0.10977898766041205
454 494 0.4601799966429214
455 456 0.052208166089306784
455 495 -0.3597248253368446
456 457 0.318527052738945
456 496 0.9779766311561471
457 458 0.9069775791935633
457 497 0.8974436405979487
458 459 0.2155722672704221
458 498 0.07577398709055694
459 460 0.7038692247782066
459 499 -0.45452223586000295
460 461 0.8411664100665746
460 500 0.9347863434236743
461 462 0.7686033434987156
461 501 0.19385700687904794
462 463 -0.015656338860078778
462 502 0.1366397000406856
463 464 0.6669408688021152
463 503 -0.4473798993496596
464 465 -0.7255300138897383
464 504 -0.8133024595033296
465 466 0.91793063327406
465 505 0.25967809149303434
466 467 -0.5433552466194527
466 506 -0.4925822792063439
467 468 0.1470229611310072
467 507 -0.1607173730627114
468 469 0.8986769553285094
468 508 0.23311702360371855
469 470 -0.9158559012164944
469 509 -0.6365069678945181
470 471 -0.22249887821109215
470 510 0.8618186887308437
471 472 -0.10619197164867011
471 511 0.6779446530170592
472 473 0.4181038840652471
472 512 -0.7547205900453977
473 474 -0.09330485674086764
473 513 -0.943976344067404
474 475 0.5854397889949297
474 514 0.06745077448179537
475 476 0.7949131702886572
475 515 0.06907372321890559
476 477 0.922239923832805
476 516 -0.29471390524264796
477 478 0.11741207753117178
477 517 0.34472741670991347
478 479 0.4578630434178623
478 518 -0.4846161551639905
479 480 -0.2029795311358913
479 519 -0.9906034619012787
480 520 -0.3147617904321751
481 482 0.34587343833317163
481 521 -0.48481513415876454
482 483 -0.42100739241625007
482 522 -0.67200383517858
483 484 -0.051827945915474016
483 523 0.9909990770581827
484 485 0.8892967768169633
484 524 0.9198874187514297
485 486 -0.4920155261403809
485 525 0.8312882841595897
486 487 -0.9641776440727556
486 526 0.6154756746802181
487 488 -0.4294143732952296
487 527 0.5819662562203003
488 489 -0.28976122984445385
488 528 -0.3245226194566768
489 490 0.497322823716136
489 529 -0.45349858519489183
490 491 0.6368535718989559
490 530 0.39668896829369027
491 492 -0.6404517337570341
491 531 -0.7147459575561859
492 493 0.1448621172593445
492 532 0.7478428520937954
493 494 -0.8811326050717858
493 533 0.6090044663796952
494 495 0.30735798738546394
494 534 -0.1988744409143599
495 496 0.19603570233219703
495 535 -0.7281282907891986
496 497 0.36777175222140435
496 536 -0.07370587992348732
497 498 0.07145346637412708
497 537 0.6991257629891849
498 499 -0.7516834515768147
498 538 0.5195122487141346
499 500 0.2973299250365846
499 539 0.9399831018928204
500 501 0.4898753755808489
500 540 0.2926864280449375
501 502 0.16038831703955259
501 541 -0.5374975540594809
502 503 0.18030348591058276
502 542 0.76881058281787
503 504 0.8188402465595652
503 543 -0.3631179010329375
504 505 0.24169897075319113
504 544 -0.4208276424854933
505 506 -0.33614602098851254
505 545 0.08829963038590605
506 507 0.06777504565871895
506 546 -0.9195875707926044
507 508 -0.27105781711221644
507 547 -0.4838069693098399
508 509 0.3713493180824976
508 548 -0.7855940391356384
509 510 0.40431352922071095
509 549 -0.9875492659692566
510 511 0.2004450138900058
510 550 -0.8397684134371695
511 512 0.7187842661036654
511 551 -0.0740286500562386
512 513 0.4193041399418005
512 552 -0.47391080068620717
513 514 0.46018605816597646
513 553 -0.4086980606798962
514 515 -0.47987680627424356
514 554 0.5199347550176967
515 516 0.7237526668845615
515 555 -0.2114856506431011
516 517 -0.733538230992413
516 556 0.885959383328401
517 518 0.6790775885621227
517 557 0.16205643881566867
518 519 -0.28113020424333435
518 558 -0.9640477111026979
519 520 -0.9945961138499555
519 559 -0.6088563829860485
520 560 0.417741992958933
521 522 0.40230263944897504
521 561 0.31400011874852485
522 523 -0.673729899397715
522 562 -0.44407261445769186
523 524 -0.5492124464491126
523 563 -0.09135630483951718
524 525 -0.48903419992278985
524 564 0.2296017354322446
525 526 -0.8415204948114174
525 565 -0.6467560251366102
526 527 -0.449825152814445
526 566 0.4247582024084531
527 528 0.19780306253711233
527 567 -0.0935680504490628
528 529 -0.6293767505855752
528 568 0.00960824276825778
529 530 -0.9856704554264086
529 569 0.16524261053214118
530 531 -0.6927271651996942
530 570 0.6179891825859061
531 532 0.8105951873660528
531 571 0.7530657811988124
532 533 0.9966955792757906
532 572 0.4951653157905982
533 534 -0.5526103545488905
533 573 -0.21843608110163126
534 535 0.23888736217824524
534 574 -0.5341510645387175
535 536 0.1692154652575153
535 575 -0.7059095752715498
536 537 0.5667217604523682
536 576 0.5128672320657892
537 538 0.9703894570383096
537 577 0.2947258548711851
538 539 0.527520880888297
538 578 -0.21210663173662336
539 540 -0.6077387601360555
539 579 -0.7337458768978897
540 541 -0.5167488256618038
540 580 -0.3051176791224761
541 542 -0.6451863228740118
541 581 -0.9643073421307984
542 543 -0.5251235078073273
542 582 0.4861444520987017
543 544 0.4218704844355874
543 583 0.15758441112129362
544 545 0.9819883647000638
544 584 -0.2935251000486181
545 546 -0.3903323141323476
545 585 -0.3020664560058115
546 547 0.40251068102300613
546 586 -0.7478744036252769
547 548 0.7774031642088
547 587 -0.5473625467346908
548 549 0.7981750510611205
548 588 0.11331828958114043
549 550 -0.7399951929008903
549 589 -0.06316492751667413
550 551 -0.516617337205878
550 590 0.7446171866012989
551 552 0.39726872952631687
551 591 0.9852394175202508
552 553 -0.393981002837581
552 592 0.8261297404014978
553 554 -0.4722144198663032
553 593 -0.8088622529394554
554 555 -0.621715991060311
554 594 0.5409660908460787
555 556 0.48009567404535836
555 595 0.617272109285542
556 557 -0.5333800587512059
556 596 0.47994665352475896
557 558 -0.012404542923551753
557 597 -0.973854572538609
558 559 0.4366938961360205
558 598 -0.24541447569501562
559 560 0.9144454530888864
559 599 -0.05525348731354951
560 600 0.7714704905703116
561 562 -0.6359844845762115
561 601 -0.35587401434179844
562 563 -0.9858749542626735
562 602 0.4975111953140665
563 564 -0.13160467834573564
563 603 0.5211152264816046
564 565 -0.014115040868506457
564 604 -0.04049133511315728
565 566 0.48373938524944426
565 605 0.9197573760124993
566 567 0.4566658409831117
566 606 0.002998661451923068
567 568 -0.6522149236841264
567 607 0.6734616529127351
568 569 0.8913117055731341
568 608 0.05903175014182982
569 570 0.6369245485124191
569 609 0.5076606146455671
570 571 0.5796479628647708
570 610 0.6590246841753555
571 572 -0.49183371491989303
571 611 0.31004540460211416
572 573 -0.15655400337949077
572 612 -0.4157427386839023
573 574 0.8338841107472283
573 613 -0.7206856900743992
574 575 0.3917784863037419
574 614 0.23377574920252586
575 576 -0.6211310219112101
575 615 0.07559331839917105
576 577 0.022995393031608025
576 616 0.3613571042628685
577 578 -0.06540342498630425
577 617 0.6391489514328164
578 579 0.4161573487777295
578 618 0.7345376582762684
579 580 -0.8326497647295963
579 619 0.8816617940887894
580 581 0.03777131870329775
580 620 -0.7911347543931921
581 582 -0.25017881576761947
581 621 0.2859498209140001
582 583 0.036798359423154015
582 622 0.9637985654337162
583 584 0.07154583294558647
583 623 0.3651193430375399
584 585 0.5786601407643044
584 624 -0.42821916493314416
585 586 0.519752462835176
585 625 -0.7238348978375904
586 587 -0.4207679343792421
586 626 0.29902070638575506
587 588 -0.08427134553387838
587 627 -0.7399243394954251
588 589 -0.3354251627760507
588 628 0.14664805174150963
589 590 -0.3161847109421305
589 629 0.7741892726199
590 591 -0.5688321644683905
590 630 0.37757550365461023
591 592 -0.557545815248641
591 631 -0.14467494092049393
592 593 0.09262121954377567
592 632 -0.9921169736069955
593 594 -0.7097036212827488
593 633 0.4669603080224214
594 595 0.9292113759903338
594 634 -0.6451671203406186
595 596 -0.2908555284880525
595 635 -0.7176765490111452
596 597 0.7908313749694862
596 636 -0.7722414123568713
597 598 -0.1846110308781448
597 637 0.5413164006262798
598 599 0.6095460317444532
598 638 -0.7387358586629098
599 600 0.039031563556567894
599 639 -0.7213116603917686
600 640 -0.42233248689059
601 602 0.7750749138416566
601 641 -0.8333016779004865
602 603 0.7076297880113938
602 642 0.8514048648933399
603 604 0.14307236252868205
603 643 0.37611236338722365
604 605 -0.33002712104913345
604 644 -0.07985566355374085
605 606 -0.42332713703146285
605 645 -0.1752275528428484
606 607 -0.7067712689981456
606 646 -0.11734810472457746
607 608 0.8748069396260238
607 647 0.2788245513341938
608 609 -0.5949113062844229
608 648 0.6724547824063645
609 610 0.7619487515812211
609 649 -0.937017483825423
610 611 0.5131411318205119
610 650 -0.8910430107900305
611 612 0.7856773437890316
611 651 -0.125890675353598
612 613 -0.7296973343663244
612 652 -0.1305968685152299
613 614 -0.4760658366985586
613 653 -0.6019572545357654
614 615 -0.06993009018694685
614 654 0.7424696922514338
615 616 -0.5891395586383747
615 655 -0.7322109330010285
616 617 0.900370513751491
616 656 0.1221411195737847
617 618 -0.42683240805778855
617 657 -0.3312284484763177
618 619 0.447648404606767
618 658 -0.27326576978873085
619 620 -0.16033472414382488
619 659 -0.2193519281716807
620 621 -0.07079984813987927
620 660 -0.015524661310884147
621 622 -0.9989350331026174
621 661 -0.4126648894359346
622 623 0.6659664124711249
622 662 0.31242880824881136
623 624 -0.6875734667886086
623 663 -0.34997023281613626
624 625 0.11633246573962275
624 664 -0.19345628330567766
625 626 -0.8401808491084084
625 665 0.5789133985129651
626 627 0.7744034453964226
626 666 -0.8065937438640414
627 628 0.024276126229948902
627 667 -0.4120520409959616
628 629 0.24756535460833873
628 668 -0.7636650276087773
629 630 0.4430425551529453
629 669 0.7097554505952022
630 631 0.6579938115777741
630 670 -0.25832968866019734
631 632 0.2585739507060085
631 671 0.5639681431737291
632 633 0.8633198340549719
632 672 0.10318148173387032
633 634 -0.5185048869960363
633 673 0.008124859148462171
634 635 0.261055920532393
634 674 -0.026891364534765705
635 636 -0.3981365006194417
635 675 -0.40038135948077636
636 637 0.3046563025127227
636 676 -0.2828799812620002
637 638 -0.7303898783289817
637 677 -0.2769828575827171
638 639 0.01680512926070743
638 678 -0.2950206471497472
639 640 -0.6164966409081676
639 679 -0.08862817733840678
640 680 -0.22602771777846242
641 642 0.49312824028081637
641 681 -0.8752999020330472
642 643 -0.39571017638364214
642 682 -0.051739277161101604
643 644 -0.176047117347091
643 683 -0.565153943820252
644 645 0.0012574046128110972
644 684 -0.8593637329001691
645 646 -0.01592775821696102
645 685 -0.02658556594942718
646 647 0.3269664173016549
646 686 0.5059210167312771
647 648 0.8918480215004438
647 687 -0.4442046239976025
648 649 0.24834393517868558
648 688 -0.8350511058577315
649 650 -0.5736111965135986
649 689 -0.22274932564210292
650 651 0.20029439619562983
650 690 -0.7575942654011794
651 652 -0.8706344155788361
651 691 0.7919659117804838
652 653 0.9933108775283925
652 692 -0.220895194234751
653 654 0.5243766666273699
653 693 0.7465688333521412
654 655 0.9781022886859214
654 694 -0.7405189416641822
655 656 -0.25995810226132376
655 695 0.1540182410841835
656 657 -0.336607945670915
656 696 0.9650307297950289
657 658 0.3916975688420896
657 697 0.7064875303221299
658 659 0.5168229712876511
658 698 0.028106464976526357
659 660 0.1636258581014276
659 699 -0.8433678768544011
660 661 -0.11629842462956574
660 700 -0.05527663300095842
661 662 0.7764595174789852
661 701 -0.0722498449947302
662 663 -0.7053896279999845
662 702 0.8283500426762436
663 664 -0.12293559500724394
663 703 -0.399955763964968
664 665 0.7313456418409399
664 704 0.9959138661030951
665 666 -0.16796127142104922
665 705 -0.6545502771886289
666 667 -0.017424102229796956
666 706 -0.9270753654175699
667 668 0.22158677818758377
667 707 0.7938817538910135
668 669 -0.4177832398636607
668 708 0.13236228962059493
669 670 0.5332540319373535
669 709 -0.011594904317613786
670 671 -0.498229940432219
670 710 0.7440806480119497
671 672 -0.49089360591635955
671 711 0.24802861477589055
672 673 0.16801788060499656
672 712 0.2789788544636609
673 674 -0.6114447321128058
673 713 0.24797473471543086
674 675 -0.5347141354685927
674 714 0.49000538845500174
675 676 0.6511913717796343
675 715 0.9193967345001524
676 677 -0.5325627983509162
676 716 -0.617854765276417
677 678 0.541437466531669
677 717 -0.40495437949084123
678 679 0.7079418469686569
678 718 -0.6621259345457078
679 680 -0.37369120293891367
679 719 -0.03225776610335451
680 720 0.9514199997707826
681 682 0.4629622531454569
681 721 0.48502270998708763
682 683 0.48063093573932125
682 722 0.30127444556458105
683 684 -0.7062665078197292
683 723 -0.49059025032409553
684 685 -0.30512114135353907
684 724 -0.42804441009748184
685 686 0.28321441284873394
685 725 0.9868183832627571
686 687 -0.9152753556166975
686 726 0.8392262214773638
687 688 -0.16690904410253027
687 727 0.49127299927198154
688 689 0.4442313675213432
688 728 -0.8825258289824052
689 690 -0.6994157864206954
689 729 -0.44689218184441293
690 691 -0.12048711213966845
690 730 0.8595326148057258
691 692 0.6672162306310541
691 731 0.8458009331851295
692 693 0.857076518940632
692 732 0.4455256782063308
693 694 0.331377738931377
693 733 0.7238764596479705
694 695 -0.11361482546494517
694 734 0.2949918624577834
695 696 -0.5311700199948417
695 735 -0.3673700437398102
696 697 -0.6106273519497774
696 736 0.9247411741386402
697 698 -0.9868493457686944
697 737 -0.6559766088477275
698 699 -0.7723691601890754
698 738 -0.006096142968418539
699 700 -0.12050236550573956
699 739 -0.1188590280736348
700 701 0.8320228763168178
700 740 0.5212683591812122
701 702 -0.6634108464040891
701 741 -0.8921495226315435
702 703 -0.039366106531847356
702 742 0.8007978243606675
703 704 0.376735110049635
703 743 -0.38277408116633294
704 705 -0.7593670188645336
704 744 0.04510846227587617
705 706 -0.7558331673832732
705 745 0.29880046572302943
706 707 0.7530205979237383
706 746 -0.6895397997129031
707 708 -0.525308015295971
707 747 -0.39911383372539944
708 709 0.3338781280956604
708 748 0.444311252275464
709 710 0.2052863752081111
709 749 0.016032604689676155
710 711 -0.8786904827211639
710 750 -0.9834380121960851
711 712 0.3927903671023649
711 751 -0.9794565816017413
712 713 -0.48661759625169587
712 752 -0.8299565952665859
713 714 -0.8866837260939209
713 753 0.07510927254876076
714 715 -0.5318192729945865
714 754 0.32771092344491315
715 716 0.12488995905492595
715 755 -0.9299923805633019
716 717 0.3920048015812285
716 756 0.6075535617910544
717 718 0.36259124573109913
717 757 -0.9756515735260527
718 719 0.07934323577226765
718 758 -0.8398259994905846
719 720 -0.6213654946162834
719 759 -0.6011291916648733
720 760 -0.5551821080399704
721 722 -0.18416837309667744
721 761 0.9827659977969623
722 723 -0.4647645552630495
722 762 -0.22145743842879395
723 724 -0.208168008623842
723 763 -0.863111997239993
724 725 -0.26419038167372944
724 764 0.6636777522502391
725 726 0.32826520977465146
725 765 0.9062944586442669
726 727 0.8264556946020452
726 766 -0.7773784633944059
727 728 0.6453101958614988
727 767 -0.6617068802265345
728 729 -0.19425653309689195
728 768 0.1625806868866546
729 730 0.9287463164282725
729 769 0.4563173495259789
730 731 0.12031041329675674
730 770 -0.0656211663057058
731 732 0.34368614287602206
731 771 -0.08648030274465368
732 733 0.797387926940218
732 772 0.10409285097066445
733 734 -0.23267064327697473
733 773 -0.39893195687625305
734 735 -0.21332330863338322
734 774 -0.12393930547343035
735 736 0.5916876541673477
735 775 -0.07443024161673395
736 737 -0.838421617704401
736 776 0.482623595626237
737 738 -0.7068437223127693
737 777 -0.7976145223189246
738 739 -0.26749414446008846
738 778 0.6564799962398138
739 740 -0.6937200480274273
739 779 0.9424457830698254
740 741 -0.1448304269797498
740 780 -0.021183679520266674
741 742 0.5182637411613795
741 781 0.9054913438160508
742 743 0.4396060120359373
742 782 0.44057894224672545
743 744 -0.6347284164027776
743 783 -0.11248500618675217
744 745 -0.46222454050742634
744 784 0.39130712774390175
745 746 -0.2549715816235123
745 785 -0.7162495535885582
746 747 0.7006440463607726
746 786 0.8483722415142225
747 748 -0.9234903550696472
747 787 0.7748740783462111
748 749 0.4610621790609206
748 788 -0.43093770991925573
749 750 -0.7028867919965016
749 789 -0.6565357502284292
750 751 -0.990389119064625
750 790 0.4814519741438308
751 752 0.38751790256169283
751 791 -0.5466583755759931
752 753 -0.6266081519895057
752 792 0.233239162884175
753 754 -0.3996321013150632
753 793 0.6706962707950326
754 755 -0.11545017287513981
754 794 0.14392971968520873
755 756 0.3354577653038564
755 795 -0.36094780509523794
756 757 0.47063577082547936
756 796 -0.5659529655165905
757 758 -0.7711882291862968
757 797 -0.9514157321272043
758 759 0.4104703112838186
758 798 -0.3594294382999399
759 760 0.5075540416273041
759 799 -0.35624489176946494
760 800 -0.7504643470364925
761 762 -0.09572540248321637
761 801 -0.620242913744157
762 763 0.8104817579872925
762 802 0.4616843332848619
763 764 0.6000672780225524
763 803 -0.8625434938397032
764 765 0.06089297717497
764 804 -0.5815820606787592
765 766 0.12992096960149402
765 805 -0.88265800907668
766 767 -0.006724325368674622
766 806 -0.4472837926629476
767 768 -0.8776660738803896
767 807 0.46471713381086266
768 769 -0.4116935639467676
768 808 0.5530200305313899
769 770 0.9187888988031558
769 809 -0.04864444207447671
770 771 -0.9549743354928726
770 810 0.9307759220547835
771 772 0.07638775168749756
771 811 0.876292138344783
772 773 -0.8250551146500671
772 812 -0.32420586994665546
773 774 0.027672977041107494
773 813 -0.38976702690134846
774 775 0.4793450837884521
774 814 0.5544436544689926
775 776 -0.11227662878429401
775 815 0.005514745259778575
776 777 -0.952163698654799
776 816 0.437808290660781
777 778 -0.8990383887078577
777 817 0.8272837513383402
778 779 -0.5591065674720983
778 818 -0.6003976736277445
779 780 0.11737550661364682
779 819 -0.10956187439019405
780 781 0.14005788755535664
780 820 -0.16676987988558767
781 782 -0.5536407424773657
781 821 0.653663453581323
782 783 -0.27687026028549977
782 822 0.8913730068812162
783 784 -0.5331289980824474
783 823 -0.81303772934474
784 785 -0.3468797755878432
784 824 -0.857680442975022
785 786 -0.16708054632570613
785 825 0.25920192483130755
786 787 0.3098599544656291
786 826 0.9179270717109724
787 788 -0.5563065688853788
787 827 -0.520759439752061
788 789 -0.4164480920641853
788 828 0.6039203669006887
789 790 0.7724366568911818
789 829 0.8929630655580503
790 791 0.945748281063683
790 830 -0.8797963802065651
791 792 -0.9845817821137819
791 831 -0.6292183464662069
792 793 0.8985843028332099
792 832 -0.9272597026914533
793 794 0.3543219593871145
793 833 0.23127178115120084
794 795 0.9880748823188541
794 834 0.1908741108365133
795 796 0.1805729572801169
795 835 -0.2603774533845784
796 797 0.4193609615905598
796 836 0.13112191635160442
797 798 0.47211788009594424
797 837 0.45601545437072266
798 799 -0.3818405621098928
798 838 -0.9637187874354869
799 800 -0.03328759223406719
799 839 0.21625191095374752
800 840 0.23053813475808838
801 802 -0.29674705580123484
801 841 0.4296233328505197
802 803 -0.8475077291967945
802 842 -0.5874434596456617
803 804 -0.9254089112993196
803 843 -0.601411438109051
804 805 -0.4519709467238455
804 844 0.8497345563451744
805 806 0.0030197783949288404
805 845 0.41704007957690603
806 807 -0.06988155495561577
806 846 -0.5180850579041427
807 808 -0.7983773178889824
807 847 0.22705818711813208
808 809 -0.9469617579174177
808 848 -0.7129732910630358
809 810 -0.7708019006230848
809 849 -0.5815583070127137
810 811 0.1301925866551652
810 850 0.12980366435070323
811 812 0.7596295268725863
811 851 0.316066194174619
812 813 0.19476901789990864
812 852 -0.5470866448355172
813 814 -0.10456125301314612
813 853 0.6150612386822054
814 815 -0.2893391064591897
814 854 0.5304446563276426
815 816 0.9818377684369688
815 855 0.07076687058836706
816 817 -0.5908233283603084
816 856 -0.026268410905391226
817 818 -0.9652210560970405
817 857 0.6734271791921242
818 819 -0.25028929896949603
818 858 -0.3101955697293919
819 820 0.11890799405991981
819 859 -0.9150274143523556
820 821 -0.9180385443053165
820 860 -0.7614042706421571
821 822 -0.9897845847172249
821 861 -0.9765448836090098
822 823 0.9966706674789221
822 862 0.909720761433704
823 824 -0.6599272377660879
823 863 -0.5683348333861085
824 825 0.7749070233049749
824 864 0.6201560308826743
825 826 -0.034645457814670655
825 865 0.11929623461071404
826 827 0.034337081998092156
826 866 -0.4068363862406832
827 828 0.4720298056880321
827 867 -0.5912561993228951
828 829 -0.14654180062912392
828 868 0.11837691313523946
829 830 -0.44218782435967174
829 869 -0.9499202655102574
830 831 -0.6963201590689869
830 870 0.26791765260297074
831 832 0.40768862009525275
831 871 -0.05070831593390612
832 833 -0.274834071128061
832 872 -0.39256802738821817
833 834 0.7782301618252399
833 873 0.09182055511562326
834 835 0.11227074708686291
834 874 0.8166717705310134
835 836 0.47511940972099587
835 875 -0.7463595462338148
836 837 -0.6789841508217871
836 876 0.3306509666527142
837 838 0.9167578699642143
837 877 -0.3699513781936399
838 839 -0.31705859311889983
838 878 -0.4768415336220364
839 840 -0.19020624844073653
839 879 -0.09377038537101923
840 880 -0.6931456516305154
841 842 -0.28512927349646877
841 881 -0.896762892009848
842 843 0.7766367711632369
842 882 -0.17458981010959262
843 844 -0.5554395294832664
843 883 -0.47068809692785396
844 845 -0.7138586338997501
844 884 -0.2442616316798938
845 846 0.09260533782478997
845 885 -0.013448473577948983
846 847 0.48250742482520814
846 886 0.6066622538742594
847 848 -0.9164746084417008
847 887 0.11117673649572257
848 849 -0.17960640083865487
848 888 0.8459052176646193
849 850 0.15433352167910952
849 889 -0.6131917432595908
850 851 -0.056348991312183294
850 890 0.7787364712928093
851 852 0.9260999491117519
851 891 0.6901118478146064
852 853 0.10236520626189183
852 892 -0.12464503178155462
853 854 0.9271771828688788
853 893 0.3581091430499932
854 855 -0.16575958595937879
854 894 -0.37579545841837025
855 856 -0.37837272037206127
855 895 -0.9888365614960206
856 857 0.6227227974427414
856 896 -0.9117856163265603
857 858 -0.3547859247935188
857 897 0.5508374293594189
858 859 0.14866588554603344
858 898 -0.33069275786512353
859 860 0.592639689291621
859 899 0.3957329378691463
860 861 0.04655732295746029
860 900 0.15332437113816533
861 862 0.8381034091107613
861 901 0.3751620692403659
862 863 0.4493449398717517
862 902 0.7488920967123951
863 864 0.03886717586759936
863 903 -0.9565209445024998
864 865 -0.44663143292212926
864 904 -0.3955700477021944
865 866 -0.26847560743263865
865 905 -0.08024005871495588
866 867 -0.0162398708538658
866 906 -0.7715397525740508
867 868 0.20010266556438827
867 907 -0.6237918460695866
868 869 -0.3709744792062002
868 908 -0.268756040932032
869 870 -0.037703425726416384
869 909 0.7343353281138374
870 871 -0.8763733402079499
870 910 -0.7123318375260761
871 872 -0.0197093612579331
871 911 0.18884681959809013
872 873 -0.8674472953203405
872 912 0.2481743111313861
873 874 0.9360774338547027
873 913 -0.948458808032473
874 875 0.11553482430097928
874 914 -0.8574542357935953
875 876 -0.46090045885683617
875 915 0.6690311203288899
876 877 0.015837100339412435
876 916 -0.6955351741665141
877 878 -0.48744408011131823
877 917 -0.4608534999160603
878 879 0.03795339525616237
878 918 0.045891566460201316
879 880 -0.5085408068187045
879 919 0.9775505322543707
880 920 0.2115096244611474
881 882 -0.3681619912960685
881 921 0.9976092231299618
882 883 -0.5909780030424434
882 922 -0.3061372652561811
883 884 -0.970981009992758
883 923 -0.2295129680642105
884 885 -0.053603317967904074
884 924 0.11955783817463406
885 886 -0.8540295557318573
885 925 0.318973199563066
886 887 -0.29823483482478497
886 926 -0.37094087530923137
887 888 -0.21981060531905672
887 927 0.49140354670973907
888 889 -0.6445325931858772
888 928 -0.7154109906784818
889 890 0.8398506628463112
889 929 -0.25955216260319425
890 891 0.04307337332469263
890 930 -0.08284525582375557
891 892 0.04464150952308632
891 931 -0.18182324497927538
892 893 0.3547166933194015
892 932 0.6729601712724853
893 894 0.42676142290751895
893 933 -0.5450491177460763
894 895 0.2397244553962843
894 934 0.206362546436748
895 896 -0.3006950791461096
895 935 -0.26345449979415525
896 897 -0.0471807296638731
896 936 0.2067546763461361
897 898 -0.9583207717161684
897 937 0.3046690933783629
898 899 0.49441100839169905
898 938 -0.686852770857346
899 900 -0.6727840217663192
899 939 -0.807532095604486
900 901 -0.5226188249905197
900 940 0.6387021045359556
901 902 0.08220763528322816
901 941 0.9597486359285003
902 903 0.7370591963602517
902 942 0.6565779205088347
903 904 -0.3724141598843591
903 943 0.5974133481000077
904 905 0.018508292270378313
904 944 -0.4648133731419326
905 906 0.28344910807816026
905 945 -0.3490368749733084
906 907 -0.6330127883728649
906 946 0.03350540662223467
907 908 0.4701608224106921
907 947 0.6859396669606348
908 909 -0.9567914964695516
908 948 0.6583141085060031
909 910 0.33813462818420326
909 949 -0.05380262618067899
910 911 0.2606339864535825
910 950 -0.3255362997312057
911 912 0.7721775912934103
911 951 -0.09454719455470362
912 913 -0.7897798520513166
912 952 0.47956363274162794
913 914 -0.9554377054488501
913 953 0.05123042763818142
914 915 -0.10618458205082226
914 954 0.5690623139138997
915 916 0.20958696923881504
915 955 -0.5789270830290958
916 917 0.860675607267912
916 956 -0.9719452521399894
917 918 0.29029225733529485
917 957 0.5325390412606106
918 919 -0.6025051636970009
918 958 0.5674847794009072
919 920 -0.6190538678947861
919 959 -0.713748891327592
920 960 0.4370836447562638
921 922 -0.42419028676537174
921 961 -0.07640825716838817
922 923 -0.17560215647774102
922 962 0.510569016456486
923 924 0.3654306062233017
923 963 -0.8033014334127329
924 925 0.9487459197055832
924 964 -0.15534673431609258
925 926 -0.21087588453329698
925 965 0.4866414275802742
926 927 -0.5138274203755144
926 966 -0.8832447008873525
927 928 0.7970369434842006
927 967 -0.004376215927384575
928 929 -0.6456178966454942
928 968 0.8626179067597446
929 930 0.9131107890125225
929 969 0.4150568808282511
930 931 -0.12480942418114749
930 970 0.25045519088806145
931 932 0.343226371670869
931 971 -0.19843389584597637
932 933 -0.1794091558512556
932 972 -0.7485968456610468
933 934 -0.619358563154695
933 973 -0.8880053479926326
934 935 0.07902285578137547
934 974 -0.1281089060597651
935 936 -0.6321786080389802
935 975 0.3968289923236339
936 937 -0.13110091737009477
936 976 -0.7305142821832171
937 938 -0.42665035331997836
937 977 0.3036991420134336
938 939 0.9187984100100961
938 978 -0.8821521546173308
939 940 0.7751936970443292
939 979 -0.12025343426540136
940 941 0.7821616368896922
940 980 -0.20724869350731456
941 942 0.237274303836285
941 981 -0.8979185595322332
942 943 0.830973040485111
942 982 -0.727048393938408
943 944 0.08077913905834233
943 983 -0.5698915117105285
944 945 0.36819921419887724
944 984 0.8814585354165136
945 946 0.8352449131685007
945 985 0.04265462666210906
946 947 -0.6746812911737705
946 986 0.3320872949844711
947 948 0.2734791501921041
947 987 -0.8538676682767641
948 949 -0.47474025453511115
948 988 -0.279095147187048
949 950 -0.5004120260728215
949 989 -0.5434061530829497
950 951 -0.10013862792261174
950 990 0.5076898027210581
951 952 0.008059774228762917
951 991 -0.4047226150140415
952 953 0.4138384108271076
952 992 -0.701002178099555
953 954 -0.6475796196281236
953 993 0.7996161727190236
954 955 0.23896591186938987
954 994 -0.4300169610530373
955 956 -0.19607922675248757
955 995 0.2325260063638277
956 957 0.08176281080627201
956 996 -0.7603085270925607
957 958 -0.5700848033361763
957 997 0.40498805702200347
958 959 -0.08337645845622355
958 998 -0.972606956501475
959 960 -0.07803208602197031
959 999 0.21112289816287233
960 1000 0.45968436051373995
961 962 0.47053622196794653
961 1001 0.8873579014907194
962 963 -0.7338318972365057
962 1002 0.7096422376333116
963 964 0.3887882012118362
963 1003 -0.8162597422897369
964 965 -0.335074919436108
964 1004 0.6607783772873101
965 966 0.8909689862542769
965 1005 0.3251526910930045
966 967 0.13433155358652105
966 1006 0.577490836386745
967 968 0.3650318698536483
967 1007 -0.8322660013681398
968 969 0.2624227985603331
968 1008 0.6113616139672273
969 970 -0.9123071799695017
969 1009 0.8077913985319725
970 971 0.08626532766570327
970 1010 0.9299834510764549
971 972 0.03365928817970909
971 1011 -0.5445217884589586
972 973 -0.2981701235285621
972 1012 -0.41421821682351956
973 974 0.09329093663716015
973 1013 -0.8387690744198846
974 975 0.16039709584211548
974 1014 0.688092337332199
975 976 -0.1800889756431827
975 1015 -0.8859937446454007
976 977 -0.8627165277078221
976 1016 0.05061797901695786
977 978 0.5404298626350652
977 1017 0.3769723214483893
978 979 0.5151947683069613
978 1018 0.28847909637801594
979 980 -0.9538946987452592
979 1019 -0.2530354180775787
980 981 0.8664915810744998
980 1020 -0.3795468338794603
981 982 -0.914478768085734
981 1021 0.0022071020476142067
982 983 0.5427554433692261
982 1022 0.4759452882743309
983 984 -0.47440521927557033
983 1023 0.052968560879972815
984 985 0.3061406504786137
984 1024 0.07907515610649929
985 986 -0.683281394555088
985 1025 0.0778161524867127
986 987 -0.9500020282125112
986 1026 -0.531829263826723
987 988 0.03600121452509186
987 1027 -0.8062851317516526
988 989 0.6925331343039229
988 1028 0.0834942842642421
989 990 -0.5172332778541076
989 1029 -0.8296999398093139
990 991 -0.44140058637852775
990 1030 -0.8840259230619045
991 992 0.7963509617987914
991 1031 0.7634805063089023
992 993 0.7653743112153277
992 1032 0.1461883208524688
993 994 -0.5589057347896753
993 1033 -0.07963847806935953
994 995 -0.32674392142294106
994 1034 0.7203679644891656
995 996 0.3288542162180401
995 1035 -0.7721811036488346
996 997 0.26591733631055225
996 1036 -0.08206154236355512
997 998 -0.9219031640733519
997 1037 -0.6536178256123608
998 999 -0.9424465055336124
998 1038 0.08973619067899752
999 1000 0.030701835386706344
999 1039 -0.11742311690292495
1000 1040 0.9169612975142376
1001 1002 -0.6491947146689125
1001 1041 -0.5751572481938665
1002 1003 -0.24038364768585918
1002 1042 -0.04624399198325224
1003 1004 0.7596967162275752
1003 1043 -0.10392813928684941
1004 1005 0.9251111070163545
1004 1044 -0.877485811023111
1005 1006 -0.1581723523079439
1005 1045 0.4493058141812647
1006 1007 -0.47747358729137757
1006 1046 -0.9742524845093414
1007 1008 -0.46576790382054645
1007 1047 -0.5536587302616527
1008 1009 -0.34246765097058174
1008 1048 0.30323984588649644
1009 1010 0.28665786123387016
1009 1049 0.5985460731053689
1010 1011 -0.1961603934920162
1010 1050 0.25305058685887727
1011 1012 0.12138287905608647
1011 1051 0.06958002481384096
1012 1013 -0.8066738809014626
1012 1052 -0.03373525942096389
1013 1014 -0.5699018809572607
1013 1053 -0.964843856168903
1014 1015 -0.9409746647187904
1014 1054 -0.1716494634120822
1015 1016 0.24332672500201924
1015 1055 -0.4343898054807571
1016 1017 -0.9833866738279902
1016 1056 -0.6915198983697375
1017 1018 -0.9539152131220658
1017 1057 0.6164864401658101
1018 1019 -0.9619749787595389
1018 1058 -0.2732425541965451
1019 1020 -0.2509033789440476
1019 1059 -0.893503881408386
1020 1021 0.23681496826789772
1020 1060 -0.7188131233658965
1021 1022 -0.8733163899601679
1021 1061 -0.3275746858609243
1022 1023 -0.4014789355670343
1022 1062 -0.3808051049782868
1023 1024 0.7775498081622574
1023 1063 0.4406441251856654
1024 1025 -0.6508074670816033
1024 1064 0.4954511401513353
1025 1026 -0.3386925859354484
1025 1065 -0.8928663667046113
1026 1027 0.02965407414308885
1026 1066 0.8382399924174919
1027 1028 -0.7232463677023555
1027 1067 -0.8495167862458199
1028 1029 -0.8163294779246746
1028 1068 -0.6305977859877174
1029 1030 -0.0033577721742434896
1029 1069 0.983115907080472
1030 1031 -0.37956674417513137
1030 1070 -0.8601907209613002
1031 1032 -0.2675861053388928
1031 1071 -0.3636312238236994
1032 1033 0.4205576864372407
1032 1072 0.9633600143953978
1033 1034 0.17274785307546625
1033 1073 0.10319119926118892
1034 1035 -0.6112334214610531
1034 1074 -0.5041231483143096
1035 1036 0.9995019618263934
1035 1075 0.6551141092472768
1036 1037 0.5550591121784629
1036 1076 0.6127529849365001
1037 1038 -0.6048915489237185
1037 1077 0.043632466370592704
1038 1039 -0.7236487020924183
1038 1078 -0.7333325631018226
1039 1040 -0.24124382401256161
1039 1079 0.02101454271084502
1040 1080 0.016093413581805383
1041 1042 -0.7350447740988766
1041 1081 -0.5826376155050408
1042 1043 -0.7396926058581834
1042 1082 -0.45560524707854366
1043 1044 0.12862048376355717
1043 1083 -0.15656404918365285
1044 1045 0.9855352905242394
1044 1084 0.46535638346073505
1045 1046 -0.42488376005708695
1045 1085 0.2980983416590304
1046 1047 0.09609049178338824
1046 1086 -0.9559826450421083
1047 1048 0.8015802170867428
1047 1087 -0.9501423730923182
1048 1049 0.9062608849101923
1048 1088 0.6152558207008267
1049 1050 0.8141066177013849
1049 1089 -0.28404166391944674
1050 1051 -0.9073261202235925
1050 1090 0.7929395828061376
1051 1052 0.7594770212006132
1051 1091 0.5021322497984801
1052 1053 0.9926940150497063
1052 1092 -0.4485524945544388
1053 1054 0.17340120228383804
1053 1093 -0.2092238937030415
1054 1055 -0.48472052132083676
1054 1094 -0.6976729372420529
1055 1056 0.5559452677418992
1055 1095 -0.7576683486791622
1056 1057 -0.4413814638663671
1056 1096 -0.17231066344938872
1057 1058 0.6067206039166926
1057 1097 -0.2236689669513432
1058 1059 0.3585953347559525
1058 1098 -0.03316721614108875
1059 1060 -0.6609912793242121
1059 1099 0.9668615791899662
1060 1061 0.2737398631197827
1060 1100 -0.1548778355862399
1061 1062 0.7147493907269347
1061 1101 -0.09334761070817499
1062 1063 -0.8526131532250871
1062 1102 0.6643991196070593
1063 1064 -0.6534740917043125
1063 1103 0.7067045163267394
1064 1065 0.7757809605831945
1064 1104 0.38317512557299827
1065 1066 -0.9130867751590199
1065 1105 0.6074493767543789
1066 1067 0.7145367388387702
1066 1106 -0.3487995920232452
1067 1068 0.8499995878807403
1067 1107 -0.5408840200928926
1068 1069 -0.6064766543370312
1068 1108 -0.3603806949657431
1069 1070 -0.6345810801300606
1069 1109 0.8408815599395003
1070 1071 -0.935134961772534
1070 1110 -0.12108630657656239
1071 1072 -0.8030084246956388
1071 1111 0.17256904446263577
1072 1073 0.4053789312944909
1072 1112 0.42314472502927547
1073 1074 0.5589371628798048
1073 1113 -0.242592117535803
1074 1075 0.8893525997526746
1074 1114 0.3600843787169694
1075 1076 -0.8575789104896983
1075 1115 0.9484309398815562
1076 1077 0.010025390564713854
1076 1116 -0.2084883423356152
1077 1078 -0.19429888578980514
1077 1117 -0.3220139321247486
1078 1079 0.40171812430166076
1078 1118 0.11595703338726615
1079 1080 0.9301100442981303
1079 1119 0.5310752501438769
1080 1120 0.18390220214048902
1081 1082 0.9913758890870588
1081 1121 -0.5067083361653746
1082 1083 0.8916759434774779
1082 1122 -0.051288946636176114
1083 1084 0.6061313575529401
1083 1123 -0.3268733604988967
1084 1085 -0.6317126613210766
1084 1124 -0.7762613708234838
1085 1086 0.9695671723240444
1085 1125 0.15013406322080547
1086 1087 -0.24064844859113133
1086 1126 -0.1499559981587999
1087 1088 -0.5308973518839015
1087 1127 -0.5920445573134352
1088 1089 -0.5855874192214887
1088 1128 -0.459799559740254
1089 1090 -0.14774372906315425
1089 1129 0.2236231140495093
1090 1091 0.34022494262362435
1090 1130 -0.9826924495903124
1091 1092 -0.6650015763764776
1091 1131 0.5776410653303499
1092 1093 0.9997341681967851
1092 1132 0.4893420788307641
1093 1094 -0.5134753033592625
1093 1133 0.7399452479922166
1094 1095 0.5356106395488154
1094 1134 -0.34345955508822046
1095 1096 0.5297683796971595
1095 1135 -0.4522596821506242
1096 1097 0.558808598668264
1096 1136 0.08361159541131169
1097 1098 0.4432604611470399
1097 1137 0.7718928831818126
1098 1099 0.5170554982376434
1098 1138 0.9608332759586347
1099 1100 -0.8511194416358339
1099 1139 0.04107657314030777
1100 1101 -0.37753406812815427
1100 1140 -0.9851238572251202
1101 1102 -0.41618309770967254
1101 1141 0.146708687169939
1102 1103 0.8014127982810388
1102 1142 -0.5950967881597449
1103 1104 -0.6161729874320641
1103 1143 0.16796255375950597
1104 1105 -0.8241537407333397
1104 1144 -0.8096331570743815
1105 1106 -0.34920246309347336
1105 1145 -0.8344679795462375
1106 1107 0.7294647328075343
1106 1146 0.805607648065535
1107 1108 0.44919230860221204
1107 1147 -0.49457879696179385
1108 1109 -0.6285711637412275
1108 1148 0.1644428630429151
1109 1110 -0.5708489008682862
1109 1149 0.7668300488924673
1110 1111 -0.4989951759215261
1110 1150 0.8228716629077806
1111 1112 0.5021432171325755
1111 1151 -0.5567627393649068
1112 1113 -0.6614781535131256
1112 1152 0.9822633254649638
1113 1114 -0.15698465647501747
1113 1153 0.6326472521609567
1114 1115 -0.8125657195766878
1114 1154 0.15396135734332783
1115 1116 0.6061771194132792
1115 1155 0.7459211395770666
1116 1117 -0.6971431586971968
1116 1156 -0.1738866991268455
1117 1118 0.7321487325489251
1117 1157 -0.8559089239815689
1118 1119 0.3264702689453125
1118 1158 -0.8313313035981371
1119 1120 -0.09405809224058315
1119 1159 0.6925876383975635
1120 1160 0.5759717766633472
1121 1122 -0.7798936827782343
1121 1161 0.004640476530010984
1122 1123 -0.6951467653812631
1122 1162 0.10429407034645455
1123 1124 -0.3479169904025663
1123 1163 -0.770117511016426
1124 1125 -0.8496408016531942
1124 1164 0.23398985967642605
1125 1126 0.2423042483453537
1125 1165 0.054394855057545044
1126 1127 0.07666327191390354
1126 1166 -0.4971530149241177
1127 1128 0.9255240285462589
1127 1167 0.5543419847201287
1128 1129 0.6991058501473955
1128 1168 -0.35509685765755594
1129 1130 -0.998486983276466
1129 1169 0.5651953222352517
1130 1131 0.15093849845677254
1130 1170 0.46032131601156756
1131 1132 -0.5979155796315796
1131 1171 -0.3751283119957656
1132 1133 -0.9441293041644394
1132 1172 0.9215885566818611
1133 1134 0.7969449044678769
1133 1173 -0.1836103011048449
1134 1135 -0.28621615456568583
1134 1174 0.8743752405307159
1135 1136 0.6109212190636395
1135 1175 0.5887934586077799
1136 1137 0.38168412234407545
1136 1176 0.4388111780401691
1137 1138 -0.6808261096347621
1137 1177 -0.31981753240410726
1138 1139 -0.06852252311712426
1138 1178 -0.36741251889354776
1139 1140 -0.8650281899843986
1139 1179 -0.7137450668436589
1140 1141 -0.5929780352293281
1140 1180 -0.6868234881969928
1141 1142 -0.9831367254655601
1141 1181 -0.7435035097975804
1142 1143 0.0785484138289938
1142 1182 -0.7612431306596277
1143 1144 0.7862194887494307
1143 1183 -0.13554491981868044
1144 1145 0.6409046798002758
1144 1184 0.33255643965966186
1145 1146 0.4863385214506477
1145 1185 0.31358047920911236
1146 1147 0.7936321583505952
1146 1186 -0.13094737778406462
1147 1148 -0.23660770454708802
1147 1187 -0.39859180462511423
1148 1149 -0.3475508643348806
1148 1188 0.9598654986464827
1149 1150 0.921403993554162
1149 1189 -0.6926606610683106
1150 1151 -0.7095228278459811
1150 1190 0.777899590231784
1151 1152 0.9897064674340355
1151 1191 0.8325886275815795
1152 1153 0.3807818966344301
1152 1192 -0.7781037747204371
1153 1154 -0.8682231093833859
1153 1193 -0.2591014872139126
1154 1155 -0.8471350137357934
1154 1194 -0.8471360673516488
1155 1156 -0.7772150237729092
1155 1195 -0.49922674775143605
1156 1157 0.11640572014736605
1156 1196 -0.260706662210308
1157 1158 0.26234737182129586
1157 1197 -0.0837484297668396
1158 1159 -0.954326848962435
1158 1198 0.6391898170042689
1159 1160 0.9227999455481153
1159 1199 -0.5900266167676598
1160 1200 0.4795690488779816
1161 1162 -0.0877563695532746
1161 1201 0.46898045789176357
1162 1163 0.241338410398384
1162 1202 0.6980531801761056
1163 1164 0.6355132463631108
1163 1203 -0.7991013979870683
1164 1165 -0.36554807349242613
1164 1204 0.05456327139205319
1165 1166 -0.0629704610219477
1165 1205 0.9979168204410287
1166 1167 0.3070444257930207
1166 1206 -0.6310458463672368
1167 1168 -0.20136565142285923
1167 1207 -0.016649679205023915
1168 1169 -0.379626249403626
1168 1208 0.642379777469829
1169 1170 0.8858299977500961
1169 1209 0.9985160543702283
1170 1171 -0.24025938782497747
1170 1210 -0.21471301457620373
1171 1172 0.8174745668076535
1171 1211 0.20944292478797366
1172 1173 -0.17469624127666217
1172 1212 -0.6368244849720117
1173 1174 0.14482864529496986
1173 1213 -0.5906470836885445
1174 1175 0.9104445071262901
1174 1214 -0.7333598297264914
1175 1176 -0.5134385986579451
1175 1215 0.27237874192847933
1176 1177 0.7660730324417453
1176 1216 -0.573669686097481
1177 1178 0.0020722742011343165
1177 1217 0.22034316399151166
1178 1179 -0.7016065514885315
1178 1218 0.21779720337850517
1179 1180 -0.6119041040307509
1179 1219 0.7427914107703875
1180 1181 0.3122707035608452
1180 1220 0.9355814037994656
1181 1182 0.06395278648761926
1181 1221 -0.3263841962614418
1182 1183 -0.46090076204727515
1182 1222 0.3456529165479989
1183 1184 0.22449643235293992
1183 1223 -0.3399125632610638
1184 1185 -0.24743846095799826
1184 1224 0.9776199547906375
1185 1186 0.39782914243170375
1185 1225 0.30186597019025974
1186 1187 0.37891090964577256
1186 1226 -0.6247725337253582
1187 1188 0.3182961929974
1187 1227 0.6895544015112429
1188 1189 -0.18761276385344416
1188 1228 -0.6229868491882775
1189 1190 0.4471300154507021
1189 1229 -0.9059326130787826
1190 1191 0.7987480793863639
1190 1230 0.8660458235647499
1191 1192 0.2970016256306496
1191 1231 -0.029579026945001807
1192 1193 -0.3386568635320957
1192 1232 0.6543404985685857
1193 1194 0.5381783924839156
1193 1233 -0.2816390223094416
1194 1195 -0.6008396980197097
1194 1234 0.25200066718635705
1195 1196 0.2114601863967429
1195 1235 0.8478083633867317
1196 1197 -0.36922154614682623
1196 1236 0.44961005198400095
1197 1198 0.7117947349865199
1197 1237 0.41326919019455044
1198 1199 0.5966425754495219
1198 1238 -0.9250717047856216
1199 1200 -0.4912797720455171
1199 1239 0.25506823213108865
1200 1240 -0.9321983138091132
1201 1202 0.2418870826445989
1201 1241 0.24214045337762768
1202 1203 -0.14286235100966738
1202 1242 0.9161739030790228
1203 1204 -0.8085867697753875
1203 1243 0.39402298865451546
1204 1205 -0.6398428454856289
1204 1244 0.9344225993565398
1205 1206 -0.6474965858978594
1205 1245 -0.7397318812550968
1206 1207 0.1631942294025901
1206 1246 0.8382518855400014
1207 1208 -0.9847367322376737
1207 1247 0.14711061255657842
1208 1209 -0.07843313023841914
1208 1248 -0.32527388721054007
1209 1210 0.6102256806420083
1209 1249 0.5961709320207347
1210 1211 -0.805231543968624
1210 1250 -0.697774009272222
1211 1212 0.3975795939765334
1211 1251 -0.7806220658439411
1212 1213 -0.37625691663386585
1212 1252 -0.6699223515568358
1213 1214 0.9954596524080914
1213 1253 -0.9721329030542047
1214 1215 0.6258039459353355
1214 1254 0.5783839348532993
1215 1216 0.6958200118479512
1215 1255 0.795451800405292
1216 1217 0.2069604580560518
1216 1256 0.14501490916664173
1217 1218 -0.8402366043918446
1217 1257 0.946834161833308
1218 1219 0.13416575036265543
1218 1258 0.4708045544600101
1219 1220 0.08902624278159976
1219 1259 0.7744491050963411
1220 1221 0.9281091993878077
1220 1260 0.3861113357306456
1221 1222 0.8487250457653543
1221 1261 -0.6093918126932372
1222 1223 -0.4937673936159215
1222 1262 0.9969676222186437
1223 1224 -0.6205258000947147
1223 1263 0.870571111625249
1224 1225 -0.2554052300145815
1224 1264 0.18191750811942908
1225 1226 -0.5801127134540804
1225 1265 0.5402386908884165
1226 1227 -0.9226465602120564
1226 1266 -0.8024013449124652
1227 1228 -0.6102440147205352
1227 1267 -0.19988307616727963
1228 1229 0.6027212221182672
1228 1268 0.4804231160759791
1229 1230 0.401341651290658
1229 1269 -0.6075177124696061
1230 1231 -0.2921670183703893
1230 1270 0.3949665651754737
1231 1232 -0.9199437702209079
1231 1271 -0.2026086258866877
1232 1233 -0.6522900484896801
1232 1272 -0.9545630710712645
1233 1234 0.871187777215114
1233 1273 0.3711998946017656
1234 1235 0.5392038030840824
1234 1274 0.7820976078875355
1235 1236 -0.40777072377998436
1235 1275 -0.22820204611433748
1236 1237 -0.7006873378619674
1236 1276 -0.2939935622654992
1237 1238 -0.8614847262702501
1237 1277 0.8563155248325378
1238 1239 -0.7940137529076801
1238 1278 -0.9759605398751889
1239 1240 -0.5000845178471551
1239 1279 -0.3813341368360812
1240 1280 0.6511870956743282
1241 1242 -0.6996547316079338
1241 1281 0.0765490919700278
1242 1243 -0.6086191999494888
1242 1282 0.033178587976498086
1243 1244 0.8769705252816178
1243 1283 -0.8027865895261161
1244 1245 0.14897749920731607
1244 1284 0.6743042223532476
1245 1246 0.4242151760088564
1245 1285 0.7558117475813428
1246 1247 -0.4275445257063051
1246 1286 -0.5817064267309082
1247 1248 -0.4888246688468614
1247 1287 -0.3618721847384698
1248 1249 -0.26607686417852805
1248 1288 -0.43436371013522135
1249 1250 0.26169625058899615
1249 1289 0.9090362349045025
1250 1251 0.4873681876360558
1250 1290 0.19109147253439063
1251 1252 0.9481829570259268
1251 1291 -0.7650314626058856
1252 1253 -0.7776376242825536
1252 1292 -0.0396843042505286
1253 1254 -0.09077447113879056
1253 1293 0.8144565769508698
1254 1255 -0.3866923831092952
1254 1294 0.6466981282430568
1255 1256 -0.6468036487315454
1255 1295 -0.4177452476514516
1256 1257 0.8170893406294735
1256 1296 -0.35338382520301326
1257 1258 0.8858226173702328
1257 1297 0.7753655192431637
1258 1259 -0.2776555660684774
1258 1298 -0.3562982414317337
1259 1260 0.25919727912300483
1259 1299 -0.599094592417788
1260 1261 -0.3699666467570961
1260 1300 0.3463210426957837
1261 1262 -0.46942687287441354
1261 1301 0.5042776442714483
1262 1263 -0.6636336205735798
1262 1302 0.9906147759033681
1263 1264 0.7735888107780879
1263 1303 -0.8352902447843027
1264 1265 -0.03700875144514559
1264 1304 -0.2525433785576279
1265 1266 -0.647938053899282
1265 1305 -0.32327310709812607
1266 1267 0.09301649102640064
1266 1306 -0.2984868291854177
1267 1268 0.04028499333010682
1267 1307 0.04027216300962966
1268 1269 0.9000807046932537
1268 1308 0.5290348845999098
1269 1270 -0.748549318809604
1269 1309 0.22837516477883746
1270 1271 -0.20600126986517409
1270 1310 0.06270970287031385
1271 1272 0.8155206154894754
1271 1311 0.990044251503156
1272 1273 -0.6011286974963754
1272 1312 0.7364425862695076
1273 1274 0.6373869493791844
1273 1313 0.33017035941997386
1274 1275 -0.13610076861864373
1274 1314 -0.5718708404459154
1275 1276 -0.30652211026428855
1275 1315 0.1609104890518429
1276 1277 0.8457656476452466
1276 1316 -0.761710768507526
1277 1278 0.859846950842917
1277 1317 -0.08715631095711851
1278 1279 0.3712155290144936
1278 1318 0.42194745991925453
1279 1280 0.6611765718036835
1279 1319 0.6481435853933852
1280 1320 -0.013722936521965767
1281 1282 -0.7593055129765984
1281 1321 -0.6939489559572074
1282 1283 -0.19681158245918584
1282 1322 -0.4423672508288312
1283 1284 -0.4130460225620183
1283 1323 -0.7396311192469633
1284 1285 -0.33261765324314063
1284 1324 0.8146549120539415
1285 1286 -0.13068978286318322
1285 1325 0.6099381652931055
1286 1287 0.04097394630612872
1286 1326 -0.8222276484050521
1287 1288 -0.8875808189046268
1287 1327 -0.33328871886361733
1288 1289 0.7192173084156954
1288 1328 0.5858433112241164
1289 1290 -0.368521030128653
1289 1329 -0.6724619063067199
1290 1291 -0.34647758326625766
1290 1330 -0.7541610999273771
1291 1292 0.3216963294040134
1291 1331 -0.9927425186256049
1292 1293 0.7044339421984902
1292 1332 -0.09095139437799604
1293 1294 0.07960585129573805
1293 1333 0.8499714615149265
1294 1295 0.607674427106889
1294 1334 0.9607486874761622
1295 1296 0.02611743706928471
1295 1335 0.673102629469595
1296 1297 0.06627276443510888
1296 1336 0.37458328721174383
1297 1298 0.30599454512214685
1297 1337 -0.619080465089864
1298 1299 0.7018952288716287
1298 1338 0.9958380789030048
1299 1300 0.698550764254201
1299 1339 -0.5419121894800645
1300 1301 0.11985178049532297
1300 1340 0.33807273010405314
1301 1302 -0.5189785616281768
1301 1341 -0.432313089361424
1302 1303 -0.21987075946176726
1302 1342 0.04022801260235376
1303 1304 0.4843287878594911
1303 1343 -0.9845474225515349
1304 1305 0.26651369141972014
1304 1344 -0.29242903627629646
1305 1306 0.34105206584645287
1305 1345 0.169937195312295
1306 1307 0.05931423099219946
1306 1346 0.32107053428579513
1307 1308 0.13656668065628974
1307 1347 0.42189849309338023
1308 1309 -0.43080335008445036
1308 1348 -0.6855198843888164
1309 1310 -0.11174156448060701
1309 1349 0.828904257171073
1310 1311 -0.6313587292904064
1310 1350 -0.1696899976414461
1311 1312 -0.5171725189838847
1311 1351 0.015233986566992153
1312 1313 0.9640006094914795
1312 1352 -0.019451095858909806
1313 1314 0.8968642206566118
1313 1353 -0.2541307856368813
1314 1315 0.6255914513372274
1314 1354 -0.5287754111564222
1315 1316 -0.5229281064476616
1315 1355 -0.16878988908213377
1316 1317 -0.20604368905461734
1316 1356 -0.32273318509750815
1317 1318 0.2678018952420882
1317 1357 0.5533400370598724
1318 1319 -0.4025227904064601
1318 1358 0.7195203597395365
1319 1320 -0.21679641400324012
1319 1359 0.02128078394296251
1320 1360 -0.9679037145094158
1321 1322 -0.09964288637194918
1321 1361 -0.14185530558658233
1322 1323 0.20817899100914738
1322 1362 -0.8406551661213426
1323 1324 -0.2046516266842584
1323 1363 0.13611781778024068
1324 1325 -0.10078743180732741
1324 1364 -0.1988396874291254
1325 1326 0.44531417092833125
1325 1365 0.5751891314975592
1326 1327 0.1008544231164481
1326 1366 0.7161613651863292
1327 1328 0.10499466961136372
1327 1367 0.2120304252725389
1328 1329 -0.14562074097501232
1328 1368 0.25513967424302497
1329 1330 0.9229558041005799
1329 1369 -0.4475767876279415
1330 1331 0.6989475968965095
1330 1370 -0.36901045274879873
1331 1332 -0.45635861897595564
1331 1371 -0.0037859128194630554
1332 1333 -0.044248378977882696
1332 1372 0.5178943364980009
1333 1334 0.5091714589771537
1333 1373 -0.11131253577495892
1334 1335 0.3650721006432369
1334 1374 0.9053457568670626
1335 1336 -0.3496804239641127
1335 1375 -0.9113907613598955
1336 1337 0.1861099047310384
1336 1376 -0.9507730573978093
1337 1338 -0.20228882826387418
1337 1377 -0.10682533586988052
1338 1339 0.3671337433053563
1338 1378 0.812673548034639
1339 1340 -0.7684727384212064
1339 1379 0.3350834360128121
1340 1341 0.2896499166198767
1340 1380 0.9362729955401907
1341 1342 0.2540830053163541
1341 1381 -0.6657381517834595
1342 1343 0.625035546956938
1342 1382 -0.1996354773948188
1343 1344 -0.28323755088465874
1343 1383 -0.6888801642570794
1344 1345 0.48693304600352305
1344 1384 -0.577955860280994
1345 1346 -0.8708854345539925
1345 1385 0.1651326757222431
1346 1347 0.26326942786909835
1346 1386 0.6947912571242822
1347 1348 -0.011465559288225569
1347 1387 -0.41108061872847057
1348 1349 -0.43855301275699876
1348 1388 0.3301352058801581
1349 1350 0.5661054238580903
1349 1389 0.42370730700800396
1350 1351 0.7981517289152484
1350 1390 0.5936143142942754
1351 1352 -0.7505820509479268
1351 1391 -0.9989746786505187
1352 1353 -0.8243920152256521
1352 1392 -0.3632224538889788
1353 1354 -0.9875446591799737
1353 1393 -0.6956499029679821
1354 1355 0.33145918315689804
1354 1394 -0.06847258628774777
1355 1356 -0.3569091626988006
1355 1395 -0.6709177651053588
1356 1357 0.45512698948904906
1356 1396 0.548741227619088
1357 1358 0.4408482511560159
1357 1397 0.043840107993011745
1358 1359 0.1666217202517255
1358 1398 -0.6781437582176393
1359 1360 -0.4714230375051158
1359 1399 0.48035931934588283
1360 1400 -0.3704581909246656
1361 1362 0.46732416167646895
1361 1401 -0.8528568998769859
1362 1363 -0.009704184345439515
1362 1402 -0.05185602898281294
1363 1364 0.6596589694285315
1363 1403 -0.14313216341086354
1364 1365 0.5844426982180739
1364 1404 -0.19043523440390375
1365 1366 0.7957739227715546
1365 1405 0.41333662240171853
1366 1367 0.07089823644459026
1366 1406 0.38332394871529707
1367 1368 -0.9043597119835312
1367 1407 -0.11615034942671976
1368 1369 -0.13275523639448483
1368 1408 -0.10605529920723078
1369 1370 -0.4680761866815313
1369 1409 0.39627864956330083
1370 1371 -0.8684973282180224
1370 1410 -0.1637829772902062
1371 1372 -0.6466175475317084
1371 1411 0.26730560407393855
1372 1373 -0.5323784765504043
1372 1412 0.708640955953914
1373 1374 0.7903458750638939
1373 1413 0.07159196214016439
1374 1375 0.6005728536971482
1374 1414 -0.43236621122632957
1375 1376 -0.0974353858672754
1375 1415 0.9015053547787453
1376 1377 -0.5715841440893223
1376 1416 -0.046169516767633034
1377 1378 0.3804134720715564
1377 1417 -0.8333544271190882
1378 1379 -0.7422172924202957
1378 1418 0.8254136048596896
1379 1380 0.39614856153259814
1379 1419 -0.7031498872768536
1380 1381 -0.4032129862311413
1380 1420 -0.00044535244878507463
1381 1382 0.45659182898711315
1381 1421 -0.5889923955196361
1382 1383 -0.24467159214220313
1382 1422 -0.14769137565876123
1383 1384 -0.6767913454072465
1383 1423 0.36131322500052687
1384 1385 0.027309894013475056
1384 1424 0.0033228644972991273
1385 1386 0.26230189100232315
1385 1425 0.9785652253500787
1386 1387 -0.7137896461180291
1386 1426 0.6730853029325672
1387 1388 0.21549785618759199
1387 1427 0.056963351793730244
1388 1389 0.8175765273380289
1388 1428 -0.9668490217941157
1389 1390 0.717329887817959
1389 1429 0.5168367174526411
1390 1391 -0.8209745855544981
1390 1430 0.49079005518840746
1391 1392 0.3505822021329028
1391 1431 0.4214300872346548
1392 1393 0.09168144507897047
1392 1432 -0.35183635296977145
1393 1394 0.6525373829432151
1393 1433 0.9129069939337366
1394 1395 -0.653718701713784
1394 1434 0.3042892530464205
1395 1396 0.5687703189896365
1395 1435 0.7422968092173186
1396 1397 -0.7642966962923163
1396 1436 -0.2962112553761098
1397 1398 0.8711618349666328
1397 1437 -0.4306763762726282
1398 1399 0.6498866485883441
1398 1438 -0.3771773723317007
1399 1400 -0.7314940213543786
1399 1439 -0.42898888083270736
1400 1440 -0.5512221630372132
1401 1402 -0.4424283404741167
1401 1441 -0.6694124508379864
1402 1403 0.4716108742528822
1402 1442 -0.4130873939531585
1403 1404 0.5532685751373596
1403 1443 -0.2053575071730207
1404 1405 0.7674603198947403
1404 1444 -0.17994062254476528
1405 1406 -0.11723422121320093
1405 1445 0.9528406089424315
1406 1407 -0.47376130006070727
1406 1446 -0.18455439005786678
1407 1408 -0.5306462449435152
1407 1447 0.06503194844500881
1408 1409 -0.25848051467681143
1408 1448 0.24163343085444478
1409 1410 -0.6077567209596719
1409 1449 -0.37712113743511866
1410 1411 -0.45654005536206355
1410 1450 -0.4061045629613511
1411 1412 0.5519073205398655
1411 1451 0.671543751218515
1412 1413 -0.36809017657478327
1412 1452 0.07216248115998813
1413 1414 -0.8797913031177316
1413 1453 0.4098004678676239
1414 1415 0.3310568129673006
1414 1454 -0.4543822005748246
1415 1416 0.8429561189333958
1415 1455 0.44156570939386586
1416 1417 -0.7934357593635903
1416 1456 -0.09025152355175314
1417 1418 0.8568498876084585
1417 1457 -0.7469664465717598
1418 1419 -0.11086547579113137
1418 1458 0.4464044956484561
1419 1420 -0.23072107451478674
1419 1459 0.08881607238676748
1420 1421 0.42511125976206476
1420 1460 -0.13817327971932447
1421 1422 -0.9194262839522733
1421 1461 -0.05970033406381958
1422 1423 -0.23908788621565535
1422 1462 -0.0348669704235145
1423 1424 -0.2598071659333201
1423 1463 -0.08108729768570067
1424 1425 0.2080270142173426
1424 1464 -0.14602205469109153
1425 1426 -0.7448696544653908
1425 1465 0.9001213030628274
1426 1427 -0.7319947678901095
1426 1466 -0.7187969004778865
1427 1428 -0.8916571141407408
1427 1467 -0.8360352921472192
1428 1429 -0.3163768306931194
1428 1468 0.3960826303577607
1429 1430 0.45890198020666273
1429 1469 0.7848477063861328
1430 1431 -0.7153527061348823
1430 1470 -0.07233971472538836
1431 1432 -0.2799601459196146
1431 1471 -0.971986950985954
1432 1433 0.9017634109685668
1432 1472 -0.8337868405554292
1433 1434 0.13926827331505165
1433 1473 0.4347857021992503
1434 1435 0.8949908494827725
1434 1474 -0.1557211454420011
1435 1436 0.9181397662652804
1435 1475 0.24380312283469663
1436 1437 0.353531498997234
1436 1476 0.9496873205754068
1437 1438 -0.9720120741564511
1437 1477 -0.004437389193850283
1438 1439 -0.4110983312908816
1438 1478 -0.41667334456616967
1439 1440 0.9553278083741212
1439 1479 0.22981037492851097
1440 1480 -0.8920990556813837
1441 1442 0.016176276921176846
1441 1481 0.15850230516302855
1442 1443 -0.5658222530158821
1442 1482 -0.588838769116383
1443 1444 -0.06122821402258416
1443 1483 -0.09516963225119124
1444 1445 -0.8078741741660118
1444 1484 -0.03424858254770635
1445 1446 -0.577437808941794
1445 1485 -0.011867999104163474
1446 1447 -0.38675060530450955
1446 1486 -0.24528362909548074
1447 1448 0.9237494589175133
1447 1487 -0.40157389417611644
1448 1449 -0.3386771376260196
1448 1488 -0.9498608522839032
1449 1450 0.5250166026956535
1449 1489 0.3223681326132606
1450 1451 0.7443026526167356
1450 1490 0.3646073159641736
1451 1452 0.9917627852817388
1451 1491 0.00976702736912105
1452 1453 0.4006582174370332
1452 1492 0.015955686544798064
1453 1454 -0.6706005975515399
1453 1493 0.3430022361467593
1454 1455 0.19172627691570998
1454 1494 -0.4652368561240967
1455 1456 -0.2516257228213201
1455 1495 -0.48900488979436085
1456 1457 -0.46129991116761104
1456 1496 -0.20630897670009474
1457 1458 0.9528727980056757
1457 1497 0.793795914419386
1458 1459 0.9571216072494595
1458 1498 0.9864171880931218
1459 1460 0.24077757678958633
1459 1499 0.9246329364759014
1460 1461 0.49714872115391295
1460 1500 0.2851177251552368
1461 1462 0.1251234629793616
1461 1501 0.8266283619439936
1462 1463 -0.42679138689145857
1462 1502 0.5390277694333432
1463 1464 0.8983502447010947
1463 1503 -0.4624569945056667
1464 1465 -0.28080115252353766
1464 1504 -0.2000970628106653
1465 1466 0.48501153909016614
1465 1505 -0.055290145992786366
1466 1467 0.79540444847387
1466 1506 0.6996591622174566
1467 1468 -0.32630142578134214
1467 1507 -0.3719845234227386
1468 1469 0.7460292993419371
1468 1508 0.20358885542007443
1469 1470 -0.23991129273404255
1469 1509 -0.8840142879905784
1470 1471 0.2066634568896739
1470 1510 -0.7574585323372498
1471 1472 -0.7924988549581036
1471 1511 0.25784688358569197
1472 1473 -0.5261525238576195
1472 1512 0.4527021468639356
1473 1474 0.04364423781292759
1473 1513 0.02092847396018005
1474 1475 0.8063877601424678
1474 1514 -0.8311213211753399
1475 1476 0.5258688221278676
1475 1515 0.9968790498565221
1476 1477 -0.16276315808561592
1476 1516 0.31175956556119333
1477 1478 0.3245417716456549
1477 1517 -0.34303309981308905
1478 1479 -0.09201677301478339
1478 1518 0.06410478217559801
1479 1480 0.2952754022043098
1479 1519 0.3343296923849919
1480 1520 -0.4359822066615242
1481 1482 0.2772158564549918
1481 1521 -0.5719485913209563
1482 1483 0.9641007151162164
1482 1522 -0.0941525989426919
1483 1484 -0.5314544566214114
1483 1523 -0.36229864623855645
1484 1485 0.5414023829016279
1484 1524 -0.7126852766538605
1485 1486 -0.08454878061877924
1485 1525 -0.7494393421937
1486 1487 0.8330624295759061
1486 1526 0.7713958661435141
1487 1488 0.1825295178099362
1487 1527 -0.570850360249658
1488 1489 0.6697282117575096
1488 1528 -0.014350138063281115
1489 1490 -0.34014526647279575
1489 1529 -0.5378913981326812
1490 1491 -0.2741475892804117
1490 1530 -0.8830218209087062
1491 1492 -0.4809415675083877
1491 1531 -0.19817455770749937
1492 1493 0.39469306442162
1492 1532 -0.6647974626515982
1493 1494 -0.13759632980170888
1493 1533 -0.8403474622941192
1494 1495 -0.7978931582691455
1494 1534 0.7445086031629902
1495 1496 -0.6984526556751647
1495 1535 0.07455007774247413
1496 1497 -0.34918398352632685
1496 1536 -0.5065916308117333
1497 1498 0.8673433118171401
1497 1537 0.4017990002741114
1498 1499 0.12260587493794706
1498 1538 -0.24081603504704896
1499 1500 -0.1533906633133888
1499 1539 -0.6360205339021883
1500 1501 0.19588103583017258
1500 1540 -0.8873208034899749
1501 1502 0.9860294325015846
1501 1541 -0.23888167106144786
1502 1503 0.8792093480664287
1502 1542 0.15674022165419288
1503 1504 0.14250071484981652
1503 1543 0.7588776989398363
1504 1505 0.9092279260133613
1504 1544 0.38887111073397507
1505 1506 0.6109112174190794
1505 1545 0.2566773170313652
1506 1507 0.7031954824692153
1506 1546 -0.9255862295949124
1507 1508 0.315529274534218
1507 1547 0.17585953529274456
1508 1509 -0.3649169216310115
1508 1548 0.7600662213578058
1509 1510 0.7137518985418276
1509 1549 0.09157206017079367
1510 1511 0.844197277133349
1510 1550 0.12520786571686737
1511 1512 0.7246862452926488
1511 1551 -0.4595883293151495
1512 1513 -0.9910906094335428
1512 1552 0.6653524166735663
1513 1514 0.19416916208037627
1513 1553 -0.593481969222841
1514 1515 -0.7934018799926534
1514 1554 0.7964255692524556
1515 1516 -0.41802881702559747
1515 1555 0.662020764319468
1516 1517 -0.972924858938
1516 1556 0.32313207683486467
1517 1518 -0.05973025980053803
1517 1557 -0.9581984726947699
1518 1519 -0.5092413877192932
1518 1558 0.8833363030789148
1519 1520 -0.6999050118655892
1519 1559 -0.2928891513875629
1520 1560 0.2059340704258661
1521 1522 -0.16484470315413935
1521 1561 -0.0663716388014024
1522 1523 0.9173699384875662
1522 1562 0.7922131194516673
1523 1524 0.9440981339218799
1523 1563 -0.8269798898929324
1524 1525 -0.6261186155745428
1524 1564 0.3790844899477661
1525 1526 0.9768786966032565
1525 1565 -0.8711504658467761
1526 1527 -0.3289497915239088
1526 1566 0.8953019107340605
1527 1528 -0.07631032880250133
1527 1567 -0.2947516969034929
1528 1529 0.1952714043933379
1528 1568 -0.6435704689371384
1529 1530 0.9761794999542701
1529 1569 0.5994743335780492
1530 1531 0.10199866291430215
1530 1570 -0.4475247768789814
1531 1532 -0.5263128176283121
1531 1571 0.5079032594865989
1532 1533 0.5307973506745345
1532 1572 -0.23429919660631682
1533 1534 0.6063365916304273
1533 1573 0.5560501859393507
1534 1535 0.15072996437520336
1534 1574 0.29300525603457905
1535 1536 -0.9194015053905049
1535 1575 -0.43413337708111244
1536 1537 -0.6732868429634986
1536 1576 -0.3040572888629658
1537 1538 0.6841746709786898
1537 1577 0.1424423677769282
1538 1539 0.3873494627974734
1538 1578 0.9136445791622327
1539 1540 0.6687768183693581
1539 1579 -0.8686535128593231
1540 1541 0.1882716429769804
1540 1580 -0.9978223012996366
1541 1542 -0.06942425707439948
1541 1581 0.6085600141792187
1542 1543 0.7819676341792741
1542 1582 -0.4353571716808162
1543 1544 -0.8478352763100483
1543 1583 -0.14421856326977922
1544 1545 0.7151007387213302
1544 1584 0.43350502487175735
1545 1546 0.1504290332778604
1545 1585 0.24803339775404076
1546 1547 -0.6027495515147796
1546 1586 -0.37825017571269126
1547 1548 0.2090284309627799
1547 1587 0.37367956049404705
1548 1549 0.6728501158002811
1548 1588 0.5318424169766742
1549 1550 -0.6203026911392351
1549 1589 0.5141677223391123
1550 1551 -0.3400423113062976
1550 1590 0.5967117585920318
1551 1552 0.38667486443842214
1551 1591 -0.30409030594194264
1552 1553 -0.8506992983083641
1552 1592 -0.7203903817985082
1553 1554 0.32933576486415617
1553 1593 0.6306619130333728
1554 1555 0.977697118874449
1554 1594 0.49485287488059027
1555 1556 0.9007109726137605
1555 1595 0.6067185147959646
1556 1557 -0.5114444641214602
1556 1596 -0.5950074337304903
1557 1558 0.7001710284870777
1557 1597 -0.39302588778971237
1558 1559 0.01564197078569607
1558 1598 0.6100895670394164
1559 1560 -0.7626115294595868
1559 1599 -0.5357558583684938
1560 1600 -0.16955831382688324
1561 1562 -0.8338615687655606
1562 1563 -0.11818592646205728
1563 1564 0.2641730882545814
1564 1565 0.9682807328999774
1565 1566 0.6227774563627149
1566 1567 0.12934084387687173
1567 1568 -0.1367723861612964
1568 1569 0.28443203501056424
1569 1570 0.033947239929956075
1570 1571 0.706717529798768
1571 1572 -0.9511133196586368
1572 1573 0.9807128924356294
1573 1574 -0.18156843427845892
1574 1575 -0.394354695313226
1575 1576 0.8535993351426587
1576 1577 0.2293007905223574
1577 1578 -0.498818242082377
1578 1579 0.552604921408923
1579 1580 0.1760964760390593
1580 1581 -0.9909529045411074
1581 1582 -0.9892040043245471
1582 1583 0.8999102908861984
1583 1584 0.4069910675220143
1584 1585 -0.5514580258120436
1585 1586 -0.9129027190832282
1586 1587 0.5441714158512623
1587 1588 -0.3771670465817667
1588 1589 -0.42348163445691656
1589 1590 0.09830557941937168
1590 1591 -0.18189655972307084
1591 1592 -0.07458454028464678
1592 1593 0.7908202594367937
1593 1594 0.8800225942797677
1594 1595 -0.06735404858433958
1595 1596 0.3947982390539684
1596 1597 -0.2673020377325406
1597 1598 0.3558272437490049
1598 1599 -0.5190096839269147
1599 1600 -0.18957685224995457
