1 2 -0.8473834212520857
1 41 0.5598375844802292
2 3 -0.6689971990684251
2 42 -0.170196454853496
3 4 -0.9788401861233085
3 43 0.6612806519876093
4 5 0.6938131209199481
4 44 -0.15749258280145328
5 6 -0.5243264525941549
5 45 0.32918151109771565
6 7 0.6141106381442258
6 46 -0.031062095922673283
7 8 0.9202893832422001
7 47 0.7879025269426683
8 9 -0.13786335708714348
8 48 0.024376536383552416
9 10 0.4170976594986957
9 49 -0.8739787044517555
10 11 -0.520133835285634
10 50 0.4657838543906856
11 12 -0.5321805054721296
11 51 -0.8695230326096806
12 13 0.6187106408484824
12 52 -0.7894125654147304
13 14 0.9638426689982771
13 53 0.6962221695854924
14 15 0.5336603547078531
14 54 0.5126928693104242
15 16 -0.9877307816117784
15 55 0.3003360132417543
16 17 0.3563315201966426
16 56 0.535158951501316
17 18 0.4298778087684829
17 57 0.20913736388241255
18 19 -0.4173209784421319
18 58 0.3890082985398935
19 20 0.7821422060293339
19 59 0.5486257863847737
20 21 -0.5079922663885807
20 60 0.07281331041482964
21 22 -0.37848517818603766
21 61 0.2064507569704883
22 23 -0.35961290104270205
22 62 -0.913925236467179
23 24 -0.6117708828019335
23 63 -0.7302296827951924
24 25 0.7982612607526001
24 64 -0.39097089962433595
25 26 -0.8990500974328566
25 65 0.10868545340654445
26 27 0.19790456364715303
26 66 0.46244089505904284
27 28 0.37975426235389964
27 67 0.8628487340543016
28 29 0.28889599344564143
28 68 0.4057773179063764
29 30 -0.8243532578275385
29 69 -0.06636235813416902
30 31 0.014106759213753817
30 70 -0.8243733200084753
31 32 -0.4302795117611835
31 71 0.11503869549759482
32 33 -0.3657870486174153
32 72 -0.7034248644409855
33 34 0.2559522687024025
33 73 0.19868767647047947
34 35 0.37218695171090155
34 74 0.6108839342000403
35 36 -0.3082621172468216
35 75 0.7786782226548441
36 37 0.9415105657251752
36 76 0.6541664986599631
37 38 -0.5997965037472772
37 77 0.5585125199070586
38 39 0.2698059466720304
38 78 -0.08350914700029799
39 40 -0.11091894000775682
39 79 0.5703643058272296
40 80 -0.02342222107625669
41 42 -0.123181537118213
41 81 0.44693035566188244
42 43 -0.10375868499455332
42 82 0.5498007516280343
43 44 0.8532258755401132
43 83 -0.08279304046406133
44 45 0.7846749145104641
44 84 0.6709371222950695
45 46 -0.2516002050768118
45 85 0.5509651064527132
46 47 -0.29659664651934015
46 86 -0.24750517179541864
47 48 -0.5914920428931398
47 87 -0.49237409058476134
48 49 -0.5000768334418
48 88 -0.24021516661508158
49 50 -0.8845824855430793
49 89 0.8649990744435987
50 51 -0.8381392349839532
50 90 0.06494927186650679
51 52 -0.4557525556012849
51 91 0.26430428480338697
52 53 0.9024912176535069
52 92 -0.07046987717366826
53 54 0.3722561965079887
53 93 -0.25275169739894476
54 55 -0.1337941988396576
54 94 0.8332005970352891
55 56 0.507979840056479
55 95 0.778582397944156
56 57 -0.23978919023493095
56 96 0.9154236952355375
57 58 -0.585501544144374
57 97 -0.4795739323363559
58 59 0.7109486037728263
58 98 -0.543934333665723
59 60 0.27701383567722737
59 99 0.039873054329288005
60 61 -0.507899962787534
60 100 0.31892226111723376
61 62 -0.18893596721690775
61 101 0.7831957394947591
62 63 0.3232650473006209
62 102 -0.2492607424633062
63 64 -0.7043928930292336
63 103 0.8825427122080551
64 65 0.14756105741827708
64 104 0.9180941776835165
65 66 0.008349385316957614
65 105 -0.25164707025238275
66 67 0.48741982465495304
66 106 0.3489963115349102
67 68 0.8640566641058383
67 107 -0.4261412258094881
68 69 0.3115834025389219
68 108 -0.5963715035682542
69 70 0.13044567289128506
69 109 -0.6184743345745121
70 71 -0.923674503877588
70 110 0.8920611706077533
71 72 0.04710980860900005
71 111 0.04898628186791254
72 73 0.5138792553093439
72 112 0.45512054303029026
73 74 -0.594895172018576
73 113 -0.09100538547162484
74 75 0.5125113619746149
74 114 0.6358825155053831
75 76 -0.7113694905471677
75 115 0.6478298450608571
76 77 -0.0882027437360462
76 116 -0.48185003715255603
77 78 -0.2601229368839866
77 117 -0.6039120108908442
78 79 -0.41479887815804206
78 118 0.5108477164937879
79 80 -0.754268336919065
79 119 0.24016738531274573
80 120 0.37146667245839016
81 82 0.9559790239932053
81 121 0.07699174082086735
82 83 0.592781401565097
82 122 0.04478025600322377
83 84 0.5428846891273644
83 123 0.7323980681687823
84 85 -0.8013049716807388
84 124 0.2925082188975845
85 86 -0.6084513413550916
85 125 -0.04674541321394554
86 87 0.9623907151914859
86 126 -0.775574429736601
87 88 0.9217556982715864
87 127 0.13999529425105028
88 89 -0.7932620546169213
88 128 0.3176431235489239
89 90 0.612491756681683
89 129 -0.49263790637273863
90 91 0.31622221239294745
90 130 -0.5805539092939977
91 92 0.8217826519284084
91 131 -0.9965842439154888
92 93 -0.3367002834805115
92 132 0.557089789473866
93 94 -0.8158448969935779
93 133 -0.4106323795616571
94 95 -0.6982494222555695
94 134 -0.11695689457705338
95 96 0.42630286552906926
95 135 0.19368967369755508
96 97 -0.03441147025865443
96 136 -0.4643601895655478
97 98 0.4794930438893945
97 137 -0.9566133350292338
98 99 -0.745668124654933
98 138 0.9200626977464574
99 100 0.955209890794624
99 139 -0.4828256764957122
100 101 0.7726741011443201
100 140 0.6002463278632466
101 102 -0.4231900261932462
101 141 -0.7438153598900659
102 103 0.08738079500873353
102 142 -0.6027459306726675
103 104 -0.3025834930566327
103 143 -0.08877752010358853
104 105 -0.5531864679478844
104 144 -0.6997528211198993
105 106 -0.3053575779111932
105 145 0.07734247735676791
106 107 0.10692428769025963
106 146 -0.13269050671393878
107 108 -0.7100022923220088
107 147 0.9834596337711305
108 109 0.7440637122016496
108 148 -0.1636052732435076
109 110 0.5353165907580593
109 149 -0.8478242386899302
110 111 -0.16408536960104114
110 150 -0.5630048464592052
111 112 -0.312014253501089
111 151 -0.1279149157210815
112 113 0.6436803174166874
112 152 -0.1412243385966634
113 114 -0.9951006031058374
113 153 0.5666067222559394
114 115 -0.8818020629939862
114 154 -0.8382734745420002
115 116 0.08862792077979575
115 155 -0.5575312813688476
116 117 -0.6794742181763198
116 156 -0.908331164737501
117 118 -0.2552443495423571
117 157 -0.48740110655875113
118 119 -0.06834781978053472
118 158 -0.5107040271935976
119 120 -0.23903502426742373
119 159 0.7150683420724726
120 160 0.928516392539559
121 122 0.002240927319875796
121 161 -0.8558977332804769
122 123 -0.07873940767344623
122 162 0.5564272030877933
123 124 0.21922959666911845
123 163 0.7452543662883742
124 125 -0.37901086700851505
124 164 0.5081063939663497
125 126 -0.7928828392731864
125 165 -0.5760196517340443
126 127 0.7780477911384183
126 166 0.7152177468533985
127 128 -0.26295341462057076
127 167 -0.06691141704978687
128 129 -0.2147888590646856
128 168 -0.6769488010506819
129 130 -0.3165838163873993
129 169 0.6518393996024388
130 131 -0.34473975690151426
130 170 0.10101815346188348
131 132 0.6349689391244393
131 171 0.5289295867406172
132 133 -0.48705475232550843
132 172 -0.7071267431343238
133 134 0.4819929490199004
133 173 -0.15675727072858137
134 135 -0.2614256895040965
134 174 0.09237205096131373
135 136 -0.3138314096724002
135 175 -0.512332132720521
136 137 0.985696470667202
136 176 -0.44095830386158363
137 138 0.9113334113403417
137 177 -0.9101370299636811
138 139 -0.14511925465772957
138 178 0.0699820503639581
139 140 0.41103302078605286
139 179 -0.8275120387187742
140 141 0.5728355054283931
140 180 -0.5735721142158239
141 142 -0.9698764004989451
141 181 -0.6593530105870071
142 143 -0.961294769762181
142 182 -0.8062849640694121
143 144 0.5058879858130485
143 183 0.5743486268539382
144 145 0.8985261440390193
144 184 0.7518190749124001
145 146 -0.8783216248103523
145 185 -0.35426915036338924
146 147 0.6037083832336738
146 186 -0.7344462226688848
147 148 0.02037656065546578
147 187 0.3539238012063257
148 149 0.8696664660882298
148 188 -0.9687188714730197
149 150 0.14973973726860001
149 189 0.6200059978436552
150 151 0.5777132193222769
150 190 0.0519212075678408
151 152 0.74741565515335
151 191 0.8399588496235322
152 153 -0.9621932241040858
152 192 0.7991386218975847
153 154 -0.08933549675911734
153 193 -0.4448304936671832
154 155 -0.7337931259268669
154 194 -0.6039878872929703
155 156 0.7520850995790749
155 195 0.10614236782931341
156 157 -0.5312212311491731
156 196 -0.023275767432222594
157 158 -0.49907031972735116
157 197 0.13168113363822154
158 159 -0.21579735467180416
158 198 0.5919158277669401
159 160 -0.20743226070313425
159 199 -0.622283549103013
160 200 -0.3553387491299047
161 162 -0.46312203979625766
161 201 -0.00023499834888007776
162 163 0.7745779037054696
162 202 0.34983753973357534
163 164 -0.9521939477153383
163 203 -0.4568095594808723
164 165 0.0852633148954629
164 204 -0.084802250696566
165 166 0.8703493726885396
165 205 -0.3679057789843432
166 167 -0.5512231881254113
166 206 -0.30128253166404173
167 168 -0.45558010264427873
167 207 0.1671545599787907
168 169 -0.005212737427560565
168 208 -0.5832503204941204
169 170 0.23847092931670488
169 209 -0.4701647675806493
170 171 0.1799699170265463
170 210 -0.6915648877493437
171 172 0.38196509050926664
171 211 -0.7442456735435592
172 173 -0.4837566341589059
172 212 0.34506173958169706
173 174 0.6057720672432418
173 213 -0.56840704720035
174 175 -0.6134754762943841
174 214 -0.7057542168092463
175 176 -0.8702508125725881
175 215 0.6386072586791016
176 177 -0.11850522143179143
176 216 0.39547607925218586
177 178 -0.6766718695526004
177 217 0.2799031984577727
178 179 -0.08611997312158337
178 218 0.6559046908790997
179 180 0.24324199079152398
179 219 -0.6093452508715689
180 181 -0.9327604232061628
180 220 -0.5925052416905725
181 182 -0.8109858839311941
181 221 0.8214347320059368
182 183 0.2818365692207865
182 222 -0.7451181224381984
183 184 0.39144729615262275
183 223 0.7838916773997844
184 185 -0.9126058635519658
184 224 0.16006073405575494
185 186 -0.16707821197806805
185 225 -0.7168545234217127
186 187 -0.43502240586629415
186 226 0.5635890798228065
187 188 0.73293278356539
187 227 -0.320201876296651
188 189 -0.7697642742252531
188 228 -0.7315435071342034
189 190 0.22819787515669443
189 229 -0.9911019901557216
190 191 0.3230945465361277
190 230 -0.7834851539861727
191 192 0.794882882216329
191 231 -0.5298698059791134
192 193 -0.7888586079938986
192 232 -0.551692726949297
193 194 -0.2126625719970019
193 233 -0.18408662014550248
194 195 0.4363543938145513
194 234 0.07575556032818476
195 196 -0.8067560071852078
195 235 0.7332858207744648
196 197 -0.002963313939172041
196 236 -0.654729373236399
197 198 0.3407987171622804
197 237 -0.5012755845103816
198 199 -0.882752271971682
198 238 -0.3555239643161998
199 200 -0.31105397471281315
199 239 0.049942184750805696
200 240 -0.6120583715945556
201 202 0.35845999224188096
201 241 0.6074780722087509
202 203 0.6009580979969271
202 242 0.8782227074643707
203 204 -0.4455608346114095
203 243 -0.7587351433876837
204 205 0.790733569074124
204 244 -0.8854928803996647
205 206 0.7859540081799965
205 245 0.04860617497124253
206 207 0.13911977345086646
206 246 0.6047854074804935
207 208 0.45054364477956543
207 247 0.030896511476400823
208 209 -0.4157414440674281
208 248 -0.7516591342771644
209 210 -0.10196160812005961
209 249 0.7111191746337993
210 211 -0.1784506950960696
210 250 0.9994660283346115
211 212 -0.8934888546777748
211 251 0.47350843711261414
212 213 -0.7986640395686859
212 252 -0.09738185452838555
213 214 0.6474922601817423
213 253 0.7202231666821659
214 215 0.9667166699036791
214 254 -0.39574764516601046
215 216 0.12060776239276327
215 255 -0.42420754526797966
216 217 0.5962785791449716
216 256 -0.36670124690605377
217 218 -0.7712401729060658
217 257 0.9953507924757974
218 219 -0.14213969205053512
218 258 0.5141242009558729
219 220 -0.9811726158873468
219 259 0.8184168604910973
220 221 0.14041309732683782
220 260 -0.7503119666630755
221 222 0.3598225078014372
221 261 0.16204962246190924
222 223 -0.40491779954797646
222 262 0.18386468758185215
223 224 0.06531538425930239
223 263 -0.6680106240641634
224 225 0.29108274137019663
224 264 0.4337226848538984
225 226 0.04924697973960712
225 265 -0.3811545786485251
226 227 0.7781612621271263
226 266 0.32427901895034505
227 228 0.1844848828246437
227 267 -0.40191652291986446
228 229 0.45485487316905515
228 268 -0.7859288222575616
229 230 -0.8501107576507345
229 269 -0.9080194230908933
230 231 -0.10887958425457
230 270 -0.18367433957275492
231 232 0.26950318180894817
231 271 0.5354912730758312
232 233 -0.9384513946941964
232 272 -0.20914353431133526
233 234 -0.6810228217210927
233 273 -0.26730730269420433
234 235 0.41386257374343804
234 274 0.1983438156309505
235 236 -0.4550777651864284
235 275 0.14317040354880506
236 237 -0.0912152826367767
236 276 -0.11785893269809611
237 238 0.0998085245431839
237 277 -0.9404304674506263
238 239 0.4547815984187795
238 278 0.22533273298545686
239 240 -0.8396859205939633
239 279 0.7275218485617656
240 280 0.1333477328700452
241 242 -0.23811773370292322
241 281 -0.8681273061881898
242 243 -0.9186883811266284
242 282 0.7513434497401665
243 244 0.8214269085764765
243 283 -0.9391214666687537
244 245 0.11463525173595857
244 284 -0.3441778014066472
245 246 -0.9219336970495493
245 285 0.5859633646677136
246 247 0.9008908106762727
246 286 0.983617407166202
247 248 0.6413326690770615
247 287 -0.7735789298780449
248 249 0.5614609823295345
248 288 -0.441369543448658
249 250 -0.9986172947359029
249 289 0.9847877329089669
250 251 -0.3551301137375642
250 290 0.5707121210152659
251 252 0.28281848306986235
251 291 -0.260203852103041
252 253 -0.5288813570717164
252 292 0.09135633153747813
253 254 0.44439432724937755
253 293 -0.59197172930328
254 255 -0.0005962188029360327
254 294 0.8325367037982052
255 256 -0.7507003663141161
255 295 -0.4232770050854493
256 257 -0.9294649886179605
256 296 0.15610349748047891
257 258 -0.1340034956475329
257 297 -0.862094267955704
258 259 0.04551329402505022
258 298 -0.8406230199457878
259 260 -0.44129795552232665
259 299 0.9805979798411404
260 261 -0.7996474156887059
260 300 0.9956959774137775
261 262 0.8895039168924435
261 301 0.23626191938772934
262 263 -0.4539405399618637
262 302 -0.05450872014886432
263 264 0.22444914318666065
263 303 -0.09517758211422556
264 265 0.23253240101849615
264 304 0.12500735358180237
265 266 -0.86880969551862
265 305 -0.7438167847662236
266 267 -0.9002714315941305
266 306 0.6609497808460054
267 268 -0.5693041163930346
267 307 -0.9311468279002486
268 269 -0.13673734542735505
268 308 0.027095906316416674
269 270 -0.741738439285232
269 309 0.05248314796758291
270 271 -0.4114185139599249
270 310 -0.6434689497449835
271 272 -0.34477022876892827
271 311 -0.04581425682555662
272 273 0.388615853725629
272 312 0.8577718532883294
273 274 0.3530425962246351
273 313 0.11885167262877228
274 275 0.11938097898773692
274 314 -0.6286169014716982
275 276 0.3578063669894367
275 315 0.4879899653016224
276 277 0.618991864674733
276 316 0.8426067066984877
277 278 0.9448171606617655
277 317 -0.7949959373546029
278 279 -0.12106149088341156
278 318 -0.6885671630497605
279 280 0.3024326040790801
279 319 -0.3745136397127895
280 320 -0.170356829437051
281 282 -0.4237088013840129
281 321 0.8191870554392273
282 283 -0.4468738550977316
282 322 -0.048471001151511484
283 284 0.34512205904422544
283 323 -0.8573206254855854
284 285 -0.9294533273730745
284 324 0.5070370374058353
285 286 -0.8960862097350208
285 325 0.6538870567279791
286 287 -0.4375365862355496
286 326 -0.6152728513182986
287 288 0.2073059477158239
287 327 0.9792045946109289
288 289 0.9113533118107622
288 328 -0.1891361782062877
289 290 0.1318670679709597
289 329 -0.63595984641942
290 291 -0.5967721533258639
290 330 -0.07761207309282869
291 292 -0.30898386647372056
291 331 -0.9347132709623973
292 293 -0.7234391164455465
292 332 0.5479325338712602
293 294 -0.5542171180440705
293 333 -0.8714112058302006
294 295 -0.39469627253149353
294 334 -0.2668079594126318
295 296 0.5155669944116914
295 335 -0.5684187528194247
296 297 0.18397328416299508
296 336 0.45912956586755405
297 298 -0.6699582656430338
297 337 0.08451862825267842
298 299 0.018660974255149343
298 338 0.7111975153598478
299 300 0.35962977841311927
299 339 0.3417331780839541
300 301 -0.2912997229554588
300 340 -0.872812055582699
301 302 0.4122229162495683
301 341 -0.6829413200758705
302 303 -0.17500394716198153
302 342 0.5545711444466555
303 304 0.6592032198011619
303 343 -0.5140786027204007
304 305 0.21500446844210241
304 344 0.23932204370470345
305 306 -0.34430145613698016
305 345 0.32366082905518523
306 307 0.9369075846684694
306 346 -0.07925902335882573
307 308 -0.5285998912001717
307 347 -0.5013271378639426
308 309 0.027924108688691218
308 348 -0.4105448267746521
309 310 0.9185326343078588
309 349 -0.26241826366262155
310 311 0.7472547184616627
310 350 0.48479776759116056
311 312 0.7125335351778188
311 351 0.40647491787737433
312 313 0.09641030776413162
312 352 -0.8253151946443178
313 314 0.9842252650329093
313 353 0.4974662987112073
314 315 0.7204408648730152
314 354 0.5456674204541203
315 316 0.4331591333062037
315 355 0.66316143423004
316 317 0.9145730277016586
316 356 -0.02591502006639601
317 318 0.11782608176952047
317 357 0.9940770031634782
318 319 -0.9048105322912514
318 358 -0.19785762136394447
319 320 0.21619074980953923
319 359 0.9674347243059762
320 360 0.7911271562501916
321 322 -0.573229292840169
321 361 -0.09575207636463379
322 323 0.5935219138638046
322 362 0.43448446455045997
323 324 -0.2784390124295577
323 363 -0.16380091464486823
324 325 0.12348131213775293
324 364 0.7882906739124311
325 326 -0.982401778599441
325 365 0.3482226546933489
326 327 -0.024549694665023658
326 366 0.11512780186813654
327 328 -0.701841900264887
327 367 -0.009927867208446628
328 329 -0.689611016635775
328 368 0.4104259379868531
329 330 0.6003856115210329
329 369 -0.8476096239451396
330 331 0.03633910817155406
330 370 0.19203657985205824
331 332 0.9868685364838212
331 371 0.6732843041668062
332 333 0.8478251316107372
332 372 -0.3612815645035261
333 334 -0.8973973066150853
333 373 0.4781392643674489
334 335 0.12631025231975634
334 374 -0.8638752497770434
335 336 -0.8957946275938651
335 375 -0.2399045095676431
336 337 -0.4780311227003591
336 376 0.6414481133076833
337 338 0.7405902369654696
337 377 -0.48590606092957134
338 339 0.062233923396152635
338 378 -0.21441797980909572
339 340 0.34684854253453024
339 379 0.9847286656001228
340 341 0.023008306147590973
340 380 0.3948652990403496
341 342 -0.4248194678124655
341 381 0.23485836294134654
342 343 -0.19318430479393967
342 382 -0.43388972053465635
343 344 0.3542227547957244
343 383 -0.9798536992684306
344 345 -0.8154108173250514
344 384 -0.6520607478029494
345 346 0.6004858165250522
345 385 -0.0275604953748374
346 347 -0.21926595604525057
346 386 -0.2953818295309678
347 348 0.49442088849996013
347 387 0.032508375981769255
348 349 0.7636787050723279
348 388 -0.09504596615360805
349 350 0.5771002379236221
349 389 -0.4595159567066516
350 351 0.12723910411890005
350 390 -0.4539883855457827
351 352 0.4524257731889494
351 391 -0.8404190756295424
352 353 0.7683475954840981
352 392 -0.8030086889990067
353 354 0.6567992369838802
353 393 -0.7058105370942012
354 355 0.5120151761390439
354 394 0.8635275465889214
355 356 0.5410242837582357
355 395 -0.6226397201409348
356 357 0.7019796009941923
356 396 0.24040630496892978
357 358 -0.35631132670267673
357 397 -0.42574913170660533
358 359 0.37659622601675924
358 398 -0.46427185063041065
359 360 0.20561205075171807
359 399 -0.18747930095539234
360 400 0.2167143999447454
361 362 0.8624120393780434
361 401 -0.950201544899304
362 363 -0.7057048561166139
362 402 0.3174965179082909
363 364 -0.6371914218852661
363 403 0.04202820656435269
364 365 0.19652245514366173
364 404 -0.32593144113946404
365 366 -0.6685721505077651
365 405 -0.31424952374783977
366 367 0.3134093607865498
366 406 -0.784817735371327
367 368 0.26029056888348734
367 407 -0.3249411595764018
368 369 0.46711629651732833
368 408 0.7626392920467617
369 370 -0.17999984126026614
369 409 0.1462645265363609
370 371 0.43530594966025005
370 410 0.5918207544160876
371 372 0.9483815258757706
371 411 0.6360749486188091
372 373 -0.2910428675529557
372 412 0.19617047994463932
373 374 -0.016966718702453587
373 413 0.5230224371019521
374 375 -0.9532457329402362
374 414 0.26551716961107896
375 376 -0.3283802517330807
375 415 0.39407923079470497
376 377 0.5478673079781575
376 416 0.7233027738091573
377 378 -0.20124138414325343
377 417 0.1379355888405216
378 379 -0.9487168651863693
378 418 0.4025896916249534
379 380 -0.5505531953982334
379 419 0.9752780255165141
380 381 -0.07948486002525312
380 420 -0.7372645570096763
381 382 0.6718789073742106
381 421 -0.4357789481031964
382 383 0.9719426175435597
382 422 -0.6543830071756378
383 384 -0.23387476559556797
383 423 -0.30779974239858743
384 385 -0.4277344375314709
384 424 0.8558265148236
385 386 -0.9065748532849811
385 425 0.2139736549365201
386 387 0.21312280999759858
386 426 -0.6605550251427412
387 388 0.546270962059388
387 427 -0.42753854511325873
388 389 -0.6491208347571649
388 428 0.11542091556340206
389 390 0.9453088461130124
389 429 -0.23452449034203493
390 391 0.2684874350163602
390 430 -0.17828053811874423
391 392 -0.8944008156809222
391 431 0.3788925644931782
392 393 -0.5921243538503704
392 432 -0.5597615439589088
393 394 0.04076508108412025
393 433 -0.5112208353638972
394 395 -0.20909483842068344
394 434 -0.1562205485397259
395 396 0.11421097531109048
395 435 -0.012549642996219967
396 397 -0.7965796770260312
396 436 -0.8542727409622946
397 398 0.4766918673081275
397 437 -0.0685541009033579
398 399 0.8041173403486168
398 438 0.23901065755719597
399 400 0.36289050158043734
399 439 0.5125239458672954
400 440 0.2073824261910715
401 402 0.20109783492824507
401 441 0.9002590008272913
402 403 -0.8614958599803291
402 442 -0.2858587432942421
403 404 0.06998352185583134
403 443 -0.3659122361276077
404 405 0.9704393107590932
404 444 -0.7685718987813892
405 406 0.9055027895906964
405 445 -0.027533053738293622
406 407 0.2927120387103066
406 446 0.8427581613566761
407 408 0.9292346385049608
407 447 -0.029179184615756304
408 409 -0.7369750481403166
408 448 0.5797719181553138
409 410 -0.5056113034360443
409 449 0.7704656348751173
410 411 0.4003314306686949
410 450 0.6144010410198217
411 412 -0.08229417451031851
411 451 0.6903295929015718
412 413 0.47763667744064997
412 452 -0.8834526334469075
413 414 -0.43450765638606836
413 453 -0.30946625383075155
414 415 -0.2582373791309207
414 454 -0.840997547447196
415 416 0.11200160207326837
415 455 -0.054578744601097684
416 417 0.5120216148337782
416 456 0.3462332467889029
417 418 0.30138102191135596
417 457 0.44654708388692677
418 419 -0.21479964470994783
418 458 -0.3533138920303247
419 420 -0.35667350336472414
419 459 -0.8114711800556025
420 421 0.029674697091187863
420 460 -0.8618195236424984
421 422 -0.09264895133931828
421 461 -0.43583929476700134
422 423 0.28066731882432494
422 462 0.24741627964472324
423 424 -0.8112732845987933
423 463 0.6417438825596002
424 425 -0.06596447847891751
424 464 0.22731431403490543
425 426 0.8106412383842576
425 465 -0.8969469020028236
426 427 -0.7307610652178895
426 466 0.9816821886548794
427 428 -0.5741056928903066
427 467 0.15594795316566268
428 429 -0.7747000046726336
428 468 0.33885830630975966
429 430 -0.6097366649860563
429 469 -0.6173300774561188
430 431 -0.9958817457973448
430 470 0.2450232266218184
431 432 0.14544473004843006
431 471 -0.6579856390224148
432 433 0.7721125768574439
432 472 -0.18067432987514143
433 434 -0.522251423542835
433 473 -0.34157263524912373
434 435 -0.05781271112278241
434 474 -0.30057104072263696
435 436 -0.7335138339530234
435 475 -0.13338003806191367
436 437 0.21017646996210781
436 476 0.36332084428269384
437 438 -0.4668594275878295
437 477 0.14572593547101387
438 439 -0.08952065779255247
438 478 0.5094147610127349
439 440 0.37330812827396365
439 479 -0.5778470712934412
440 480 -0.5107743783818419
441 442 -0.5393942419580704
441 481 0.09697983847206082
442 443 0.6256591003274126
442 482 -0.14459033394489884
443 444 0.47417611910458146
443 483 -0.679595178761661
444 445 -0.8947965148424228
444 484 0.4652438189041619
445 446 0.3148527703237154
445 485 0.48147019252296896
446 447 0.8304021356590827
446 486 0.8875479986001507
447 448 -0.042602627364537016
447 487 0.8053274088527453
448 449 0.7195181749233011
448 488 -0.3909634096082335
449 450 0.39378807715309483
449 489 -0.6763437222065727
450 451 0.7719233989347907
450 490 -0.3477614298586613
451 452 -0.6032850083652752
451 491 0.34494931641871607
452 453 0.3495563904274386
452 492 0.6284964891875275
453 454 0.7894071925159873
453 493 0.9947668012290267
454 455 -0.42672452294045393
454 494 0.3869128538048714
455 456 0.9521488956258841
455 495 0.6882435515491605
456 457 0.1082383148092474
456 496 0.7149024367742942
457 458 -0.35049166959089195
457 497 -0.2587240357115135
458 459 -0.26045934316063013
458 498 -0.16459569351765468
459 460 0.8444971844580795
459 499 -0.8054455211131117
460 461 0.4608393528770274
460 500 0.8780918417563475
461 462 -0.42140643575666203
461 501 0.14973597653102266
462 463 -0.30082101619567214
462 502 0.48731544336509947
463 464 0.6537373517723395
463 503 -0.499227572787337
464 465 0.9368391789892596
464 504 -0.7991329076032734
465 466 -0.30459383378494187
465 505 -0.9662858277398028
466 467 0.0020742614655866465
466 506 0.02953918345501938
467 468 -0.4577254835964286
467 507 0.5076020561064425
468 469 -0.653291632209301
468 508 0.7808184496166231
469 470 -0.7715160687573823
469 509 -0.837156080276845
470 471 0.3317611210830129
470 510 0.9247237496083252
471 472 -0.9912099537112287
471 511 -0.5292721682220514
472 473 0.6868663007350877
472 512 0.1134028317136555
473 474 0.1385959615889254
473 513 -0.1708627240655627
474 475 0.022425848755034172
474 514 0.25244628258244184
475 476 0.5534014466505852
475 515 -0.11090808402571595
476 477 0.30327378737914135
476 516 -0.03216286171739835
477 478 0.6541638956149298
477 517 0.3383222391647178
478 479 -0.40064763090788547
478 518 0.7879248292924477
479 480 -0.9581439409998362
479 519 -0.36622797878600255
480 520 -0.5906352339545513
481 482 0.8182567497734625
481 521 -0.7336611084814997
482 483 0.19970887508689272
482 522 0.4563225662942676
483 484 -0.6149835620802893
483 523 -0.29097796390878794
484 485 -0.2582502014210315
484 524 -0.2770698427429268
485 486 -0.780144046925576
485 525 0.6775915162219559
486 487 0.8446791950637678
486 526 0.9215556549652846
487 488 -0.9681791775111204
487 527 0.7377703179533222
488 489 -0.0910356367775722
488 528 0.2392839180838222
489 490 -0.69480099654249
489 529 -0.8761336049729713
490 491 0.654618609795135
490 530 0.039956371206669505
491 492 -0.5255613096817415
491 531 -0.2150450672872335
492 493 0.5850424182579088
492 532 -0.12279723608394222
493 494 -0.7964881150425751
493 533 0.5585041839863647
494 495 0.5192132849487252
494 534 0.010792282182003676
495 496 -0.743695842415852
495 535 -0.5032106819536606
496 497 -0.5480760050993079
496 536 0.33001945860164894
497 498 0.747205649689455
497 537 0.8121680519661438
498 499 -0.32847620697213586
498 538 -0.4166276018332462
499 500 -0.0494155758525725
499 539 0.6681026497373268
500 501 -0.9161504428901068
500 540 0.1410262494036909
501 502 0.8380518640254604
501 541 0.9522817085080435
502 503 0.5075199937260391
502 542 -0.04727613439292533
503 504 0.4231409671834494
503 543 0.8041716297191677
504 505 -0.6149964754705646
504 544 -0.4372362236426788
505 506 0.1545937023793229
505 545 -0.7914265649184142
506 507 -0.39721109516598285
506 546 -0.9106562737940902
507 508 -0.23610436818378866
507 547 -0.43858385958659385
508 509 -0.8431901244191469
508 548 -0.38032217038862703
509 510 0.8532817560827561
509 549 0.44647570094448485
510 511 0.6521200210959508
510 550 -0.8424530809446891
511 512 0.2458189758524325
511 551 -0.2752014506681333
512 513 -0.04426214973910958
512 552 0.5740082785166547
513 514 -0.20360003025992324
513 553 -0.26921950046546295
514 515 0.17483654847158325
514 554 -0.6471376877237114
515 516 -0.21577380846043237
515 555 -0.047372415052997496
516 517 0.1853507707959734
516 556 0.3261758600374818
517 518 -0.5198191344504566
517 557 0.33562194028844305
518 519 -0.2650238143084882
518 558 -0.9894626071390216
519 520 -0.13058818565276065
519 559 0.6626506509651975
520 560 -0.4439987275357862
521 522 0.046825161347531674
521 561 0.5008197182040697
522 523 0.642455216613119
522 562 0.5210302399605662
523 524 -0.24324773313716141
523 563 -0.5874282869986913
524 525 0.7530643129791443
524 564 -0.34541270696922677
525 526 0.8278398774451032
525 565 -0.6891586953011821
526 527 -0.9026149257673011
526 566 0.8320363814045322
527 528 -0.7418531984244932
527 567 -0.2416631635472073
528 529 -0.5089737133643242
528 568 0.7427118392631833
529 530 0.14299702822474947
529 569 -0.6254659797353748
530 531 -0.48114426755525774
530 570 -0.6538525911974649
531 532 0.7433601977084683
531 571 -0.15009782347581413
532 533 0.6455408705945793
532 572 0.09415336777927696
533 534 0.11229715568180554
533 573 -0.9909024226660792
534 535 -0.5584716950036541
534 574 0.6789920817588475
535 536 -0.16127207514840047
535 575 -0.8569531982490952
536 537 0.5842169045015293
536 576 0.5494678478315358
537 538 -0.16520065947444085
537 577 0.9930995373154639
538 539 -0.07900174572839092
538 578 -0.9067477657363845
539 540 -0.4467883098133607
539 579 0.4404717594940195
540 541 0.6617220256585856
540 580 0.2811228628993081
541 542 0.13156846463989735
541 581 -0.951655732242267
542 543 -0.35387379113514017
542 582 -0.7734973426437151
543 544 0.16017144100730696
543 583 -0.26247052878735655
544 545 0.8381981910610745
544 584 0.4360410689922063
545 546 0.8818733420239797
545 585 -0.1852303810322138
546 547 -0.8709525380763923
546 586 -0.8820966429313886
547 548 0.5068349173968087
547 587 -0.6224312134096488
548 549 -0.5683705458935904
548 588 0.13933361530429544
549 550 -0.7088893714978775
549 589 0.2041896070723559
550 551 -0.3667249140658797
550 590 -0.9124836210599494
551 552 0.30086415549842793
551 591 -0.6937078703138257
552 553 -0.5781234631884589
552 592 -0.4567436399920701
553 554 0.972896300746714
553 593 -0.15515048672671106
554 555 0.4504112294955307
554 594 -0.8588040284405891
555 556 0.12988855323213788
555 595 0.5298197555669908
556 557 0.40705076367382986
556 596 -0.7120904496860565
557 558 0.8597628537040023
557 597 -0.605725942535345
558 559 0.9570962718775466
558 598 -0.007835171187263734
559 560 -0.8233092340196932
559 599 0.6872690637599801
560 600 -0.4049495984753846
561 562 0.33802648176782757
561 601 -0.06449428051003858
562 563 -0.985713449442003
562 602 -0.15948633265492984
563 564 0.8374184102845361
563 603 0.6561871390938951
564 565 0.7779771937682183
564 604 0.28797595846324464
565 566 0.09247685778954673
565 605 -0.43298975362548164
566 567 -0.45757438421579333
566 606 -0.358668529067689
567 568 -0.023087659138035788
567 607 -0.046882606168682894
568 569 0.39838850982217355
568 608 0.7133660917386633
569 570 0.08596535219120605
569 609 0.6389449562464324
570 571 0.5288980131636807
570 610 0.273265657037828
571 572 0.7874320880035865
571 611 0.19911875337572438
572 573 -0.6265498225021875
572 612 -0.4285263219902371
573 574 0.2331002906216615
573 613 -0.44014362501124404
574 575 -0.5846139674996516
574 614 0.513831099711062
575 576 0.5162839262497583
575 615 0.5363476539169261
576 577 -0.7407660478197957
576 616 -0.3722789195532623
577 578 -0.6496485097958531
577 617 0.6465829122209292
578 579 -0.5484787513191436
578 618 -0.12373798031588157
579 580 0.28380777177718186
579 619 0.38219695308027246
580 581 -0.7018181565330726
580 620 -0.863679764160892
581 582 -0.44724584407485724
581 621 0.3114206101494901
582 583 0.7398077416697584
582 622 0.9676914747664851
583 584 0.364602877143297
583 623 -0.2090434104641481
584 585 -0.738892078931179
584 624 -0.8580716779331508
585 586 0.2427144654941371
585 625 -0.34260000820521075
586 587 0.40617380954311133
586 626 0.5594379556442808
587 588 0.44971075375247493
587 627 -0.22038453255052848
588 589 -0.1894442017606417
588 628 -0.09541281525461076
589 590 -0.07204381247669245
589 629 -0.8557808629129435
590 591 -0.8637238784576173
590 630 -0.06980249026667451
591 592 0.29693021056473645
591 631 -0.7766210759708652
592 593 0.822832420486397
592 632 0.20766512676556448
593 594 0.837010129403305
593 633 0.9859115148414435
594 595 -0.585568512982833
594 634 -0.20663543358219472
595 596 0.7065362425787716
595 635 -0.4219162150451279
596 597 -0.04792734839135426
596 636 -0.3377696480300729
597 598 0.30354755446194104
597 637 -0.0008403867271129517
598 599 0.8071853380596206
598 638 -0.7819354545148685
599 600 -0.881035192289551
599 639 -0.3721660507766966
600 640 -0.15708247154492327
601 602 -0.5903018194044098
601 641 -0.01846822181785912
602 603 -0.07372756392370539
602 642 -0.8890009937745547
603 604 -0.7862465114867172
603 643 -0.26102816867923195
604 605 -0.3419009122264758
604 644 -0.8809346911750662
605 606 0.4812934617195783
605 645 -0.9434592142850013
606 607 -0.08277151810407424
606 646 0.9105607900152695
607 608 -0.9211828836637641
607 647 -0.3657857452114277
608 609 -0.10016990016287441
608 648 0.037996725865512726
609 610 0.7583700415367343
609 649 -0.7672993267928827
610 611 -0.8585372621842102
610 650 0.17490745084381643
611 612 -0.412507717547518
611 651 -0.4792860703875681
612 613 0.18547191682167297
612 652 0.10494960687377097
613 614 -0.29887386682939643
613 653 0.9385577746581819
614 615 -0.693552045289656
614 654 0.8697062674988814
615 616 -0.4151506528842266
615 655 0.8107108372955087
616 617 0.865509282867476
616 656 0.5491428182661056
617 618 0.8178472184012706
617 657 0.12932648263532243
618 619 0.7695468894998083
618 658 -0.1437379723907175
619 620 -0.6985659599207672
619 659 0.4059509428671144
620 621 -0.08503986093729621
620 660 -0.9034777030214152
621 622 0.8496191966260289
621 661 -0.7078377680771344
622 623 -0.43908386324324344
622 662 -0.3597890981187297
623 624 0.1428989866851471
623 663 0.3227801761125284
624 625 -0.6600846755273042
624 664 0.8311906547071295
625 626 -0.32814764326331236
625 665 -0.9769215477945683
626 627 0.9024638854973126
626 666 0.9612842441602683
627 628 -0.8297915081485177
627 667 0.2554441329469641
628 629 -0.10429730673094273
628 668 0.2238493428944801
629 630 0.9755191800834795
629 669 -0.5266856953113062
630 631 -0.5821835530914738
630 670 -0.878492445574599
631 632 0.7914618315039181
631 671 -0.4876198164722436
632 633 -0.23847941703463604
632 672 0.2584053908340205
633 634 0.24229308167042674
633 673 0.9537550447921217
634 635 0.6535809895422446
634 674 -0.4959013145747535
635 636 -0.47267805731795387
635 675 -0.3679691071179392
636 637 -0.03293013470578798
636 676 -0.2131810559363012
637 638 0.3266965839484115
637 677 -0.7245552958669188
638 639 -0.6001889816098815
638 678 -0.032562781567624155
639 640 -0.19192920658378898
639 679 0.8633998093524591
640 680 -0.19656607693216155
641 642 -0.25523062122988205
641 681 -0.04519769029682319
642 643 0.08288426419043926
642 682 0.21554150288773433
643 644 -0.5346578087360525
643 683 -0.09784279409891505
644 645 -0.5097812947188838
644 684 0.936826402433699
645 646 0.025094006882774078
645 685 0.5856297107132777
646 647 0.2101778053114598
646 686 -0.2946135666959262
647 648 -0.2864106192653082
647 687 0.9123586537278883
648 649 -0.6114911099397675
648 688 -0.3719512368082738
649 650 -0.33552514744435946
649 689 -0.16524856518198283
650 651 -0.91090676089007
650 690 -0.21748789893358267
651 652 -0.9932518829066299
651 691 0.14419608386388338
652 653 0.604336544191066
652 692 0.4297869651173589
653 654 0.4853558268740088
653 693 -0.8909565192722171
654 655 0.5467415640441233
654 694 0.0024795220690534414
655 656 0.10496814475195326
655 695 -0.5527727232220054
656 657 -0.6906299176770712
656 696 -0.03344139210066022
657 658 0.3838440658737281
657 697 -0.8798044400633485
658 659 0.11178562238016787
658 698 0.7871855108450214
659 660 0.6793717773328007
659 699 -0.7173218604802079
660 661 0.6736373140595555
660 700 0.032612948938505415
661 662 0.6571004829317066
661 701 0.7589426713410072
662 663 0.2915724696112867
662 702 0.5576528194799664
663 664 -0.41422154915297704
663 703 0.3246064709772145
664 665 -0.15786465222534996
664 704 0.7394773296607753
665 666 0.7332992356724535
665 705 -0.46055210674027913
666 667 -0.6976154765980129
666 706 -0.9697911176455181
667 668 0.21847101726333418
667 707 -0.8001037523828474
668 669 -0.47606313871860184
668 708 -0.3560876851278625
669 670 0.1466417403970921
669 709 -0.2792303699777716
670 671 0.2544470776587415
670 710 0.8430286211082765
671 672 -0.9908981661797178
671 711 0.6019537441765712
672 673 0.4985448392012293
672 712 0.42410288751489533
673 674 0.999558895061299
673 713 0.6300024673395994
674 675 0.6549300631716908
674 714 0.16118147438816655
675 676 0.7302154431067489
675 715 0.8011229656291994
676 677 -0.8542374700232664
676 716 0.5799049634029261
677 678 -0.5343049811175178
677 717 -0.30475896517529844
678 679 0.7908321021711779
678 718 -0.8159417493308476
679 680 0.8981068012304045
679 719 -0.9186301409170654
680 720 0.1459651095530785
681 682 -0.2682192284388141
681 721 0.6758359886185212
682 683 0.6569063899922507
682 722 0.883618536382897
683 684 -0.44736562757841325
683 723 0.0036137822368469408
684 685 -0.18946471953209
684 724 -0.6799330771093444
685 686 0.4694738155850535
685 725 -0.7836323371327181
686 687 -0.2516847048944655
686 726 0.8098569776463347
687 688 0.8339707499571818
687 727 0.16869726839319577
688 689 0.45902431903984175
688 728 0.9180155563354397
689 690 -0.2331650468864006
689 729 -0.1623420850916173
690 691 0.14232247587746572
690 730 0.3003893093105774
691 692 0.6771391357733212
691 731 -0.5505630553259035
692 693 -0.5738797006752674
692 732 -0.20522733860307585
693 694 0.36195159423418577
693 733 -0.9740086835977593
694 695 -0.13165740932059844
694 734 0.145951496457851
695 696 0.2429880448220625
695 735 0.3451388173661276
696 697 0.6216362568724514
696 736 0.7190463626377435
697 698 0.6852721210977315
697 737 0.3663263771394838
698 699 0.6116477316055708
698 738 0.42459257534323314
699 700 0.9213664673923114
699 739 0.9035734421980197
700 701 -0.3664704280446913
700 740 0.5418071113837746
701 702 -0.8204241617450518
701 741 0.8096308530180407
702 703 0.6906875934823249
702 742 0.5357516242009299
703 704 0.015717872544093403
703 743 0.18621821577586384
704 705 0.6932348225249299
704 744 0.9329355269477242
705 706 -0.5032814723120411
705 745 -0.2801242177077712
706 707 0.36877850438235105
706 746 -0.41582586342362604
707 708 -0.07988161093756618
707 747 -0.0744829090374084
708 709 -0.483333356036745
708 748 -0.7101877624954613
709 710 -0.024821757539117417
709 749 0.9816357790076085
710 711 0.6504740537779623
710 750 -0.8929058473151787
711 712 -0.3583288919725145
711 751 -0.1816782264844674
712 713 0.011532391091782612
712 752 0.24803638380989335
713 714 0.4299818991628219
713 753 -0.5577971974096494
714 715 0.3982342060082502
714 754 -0.40731504383367967
715 716 -0.3163404403100416
715 755 0.6668759070085923
716 717 0.043932359365907336
716 756 0.7493327669136023
717 718 0.6792054386843804
717 757 -0.23133890429320125
718 719 0.07697748129123827
718 758 0.5162204265557069
719 720 -0.6081069340443888
719 759 -0.10356521322344814
720 760 -0.5279018711278425
721 722 0.5372950130390186
721 761 -0.37201064557467567
722 723 -0.7437042919945343
722 762 -0.5391386511795611
723 724 0.8452063061559136
723 763 -0.2349777221403324
724 725 -0.40397350159829304
724 764 0.7991515577226496
725 726 0.6658802174675515
725 765 -0.5243185397658534
726 727 0.6446951364719413
726 766 -0.7249245595280482
727 728 0.8667354098746287
727 767 0.7274248066889288
728 729 -0.6957942631581397
728 768 -0.8987129445335953
729 730 -0.08002503729310972
729 769 0.5131005909493311
730 731 -0.684294488382929
730 770 -0.9103267215708177
731 732 -0.04151381765544593
731 771 0.9677921429184999
732 733 0.5561483616655243
732 772 -0.08376374483692839
733 734 0.7723877127147123
733 773 0.19336503312545172
734 735 0.3222286539115393
734 774 0.11576532459210775
735 736 0.4350973357321841
735 775 0.942687230682691
736 737 0.039972333492468204
736 776 -0.7971068285348439
737 738 0.1568447064150118
737 777 0.1624636601974918
738 739 0.23891419270134762
738 778 0.19176399280981982
739 740 -0.36225642344310827
739 779 0.9107055620405844
740 741 -0.5709372623560369
740 780 0.027650855656639495
741 742 0.19073995534901145
741 781 0.692329953764284
742 743 0.3608304497852397
742 782 0.24399544183141608
743 744 -0.4219971411049803
743 783 0.4916327107524838
744 745 0.08453192277666699
744 784 -0.45323917398293245
745 746 -0.6317636070418333
745 785 -0.37534802572206827
746 747 0.8451278043267769
746 786 -0.02469429760800379
747 748 0.4317580138415624
747 787 -0.6067058667658252
748 749 0.24847667378598648
748 788 0.8680346119214202
749 750 0.530641564750822
749 789 -0.5232487893073932
750 751 -0.40462256552502374
750 790 -0.9243655117614604
751 752 -0.7112978523792113
751 791 -0.593349460324206
752 753 -0.526543297765232
752 792 -0.03591803497134105
753 754 -0.6326764312321094
753 793 -0.893900157464798
754 755 0.9421197802253605
754 794 0.30192080212766115
755 756 0.0886649346341668
755 795 0.9158101349473569
756 757 -0.9136414228695042
756 796 -0.8071744689116349
757 758 -0.3251472563490969
757 797 0.4832367989304691
758 759 -0.21917899603626445
758 798 -0.10935551263177312
759 760 -0.4551838841245164
759 799 0.9067258398029063
760 800 0.8004597876304322
761 762 0.14525066528790798
761 801 -0.4479019033386098
762 763 0.3183167941411218
762 802 -0.7350520223665029
763 764 0.30025665725726536
763 803 0.19124222604074825
764 765 -0.6700465689829957
764 804 0.5557201331345627
765 766 0.6155752624336623
765 805 -0.0057423362751083395
766 767 -0.5026362676856628
766 806 -0.25610959786152065
767 768 -0.2485545977669481
767 807 -0.7660662978886588
768 769 -0.8650946517607498
768 808 -0.12905646235606438
769 770 -0.3889684215086675
769 809 -0.31315134414639734
770 771 0.15204752849981662
770 810 0.6375685121062575
771 772 -0.21322529416279123
771 811 0.8768936648238839
772 773 -0.5499394820742658
772 812 0.8741895339406864
773 774 0.2616426202638864
773 813 -0.967102493537251
774 775 0.3916343517021543
774 814 -0.8246379057116939
775 776 0.8272873218450842
775 815 -0.17344723724305489
776 777 -0.5612986059983682
776 816 -0.9511118548869979
777 778 -0.6801306609797846
777 817 0.6946022352537189
778 779 -0.618944978561184
778 818 -0.7297232057963785
779 780 0.8768878399122295
779 819 -0.766896670648411
780 781 0.012323440870402935
780 820 -0.7919789492087477
781 782 0.347355762988681
781 821 0.3573968995039425
782 783 -0.9711451447454975
782 822 -0.020506603763447817
783 784 -0.7013759417937204
783 823 -0.03841432146911572
784 785 0.028845006095934433
784 824 0.7865081695905529
785 786 -0.43777162535312275
785 825 0.9499132705680626
786 787 -0.12354306032822238
786 826 -0.15884685549780997
787 788 0.11943852249552744
787 827 0.9846729179113205
788 789 0.8168258211950152
788 828 0.9300282470389336
789 790 0.407775794335381
789 829 -0.07091997682593965
790 791 -0.1588657977118917
790 830 0.8713494715364893
791 792 -0.2021222668453342
791 831 -0.4174124181284431
792 793 0.765581854854394
792 832 0.8285212168930232
793 794 -0.5659144690589821
793 833 0.056346617811199984
794 795 -0.8390674847029183
794 834 0.6126966127579883
795 796 0.14004310242103934
795 835 0.8082933940314374
796 797 -0.7478050316667213
796 836 0.740334880751486
797 798 -0.7225472842062084
797 837 -0.3600225864135733
798 799 0.8674891132782929
798 838 0.07406801214598513
799 800 0.2243408453633131
799 839 -0.34688837594916744
800 840 -0.7378475663305331
801 802 -0.0943141349071992
801 841 -0.2940432681112106
802 803 -0.5518427261073613
802 842 0.1497251751782982
803 804 0.5039071222844151
803 843 -0.8766693396602627
804 805 -0.7302707372062063
804 844 0.9227874268758471
805 806 -0.6783484697254119
805 845 0.4680813551340155
806 807 -0.5665160194196541
806 846 0.12696350542723533
807 808 0.21427509380033039
807 847 -0.35398112160355
808 809 0.5853425546338262
808 848 -0.5502454599213022
809 810 -0.21951052993056286
809 849 -0.6975630696217163
810 811 0.5932232620711508
810 850 -0.2806802169296434
811 812 0.6531814296863461
811 851 -0.010774837850799024
812 813 -0.10184881105604382
812 852 -0.38254614495798633
813 814 -0.8324282598560335
813 853 0.05230581751234609
814 815 -0.16566070589012405
814 854 0.5069643919970721
815 816 -0.1363486991648275
815 855 -0.9530947390670068
816 817 -0.6685346016268507
816 856 -0.8777503020616357
817 818 0.05824958180543405
817 857 0.21583235042238202
818 819 -0.8886420117577829
818 858 -0.8123653642408215
819 820 0.48806593850049707
819 859 0.9249018371925293
820 821 0.6018588689777848
820 860 0.397250193214556
821 822 0.7496472441450812
821 861 0.525936672387751
822 823 0.4170853107239689
822 862 -0.3945455977274517
823 824 0.06343709937585706
823 863 -0.9836176126711564
824 825 0.8959567313642407
824 864 -0.20459608175122046
825 826 0.7525511199752704
825 865 -0.4351991574163523
826 827 -0.38604822664102034
826 866 0.12795664837628085
827 828 -0.9686383065215802
827 867 0.43325903483251027
828 829 -0.7798306217460802
828 868 0.4330579754214414
829 830 -0.5233367941286853
829 869 0.11663135572902039
830 831 -0.6146059160043655
830 870 0.46124869920001443
831 832 0.010739330249590395
831 871 -0.4657059892706008
832 833 -0.956390121084594
832 872 -0.4911985648334023
833 834 -0.12558657521899508
833 873 0.5095841015097067
834 835 -0.06543356183074778
834 874 0.6695685766676915
835 836 0.1089805201113494
835 875 -0.3017231184290248
836 837 0.013609036617890258
836 876 0.5011614195171128
837 838 0.10163456434898377
837 877 -0.3072627401151464
838 839 0.3800413236436917
838 878 0.3459259704757782
839 840 0.19942640275115076
839 879 0.3488812039638407
840 880 -0.6247141936794838
841 842 0.3147989255595165
841 881 -0.2592978340239296
842 843 -0.6609525528675817
842 882 0.5644603026475565
843 844 0.48964734736361915
843 883 0.8925518543448556
844 845 0.06041077218312463
844 884 -0.9136601288049571
845 846 0.615825904278394
845 885 0.39780229997189775
846 847 -0.5527224801080386
846 886 0.14984899289399456
847 848 -0.980514994176739
847 887 0.9623587042490744
848 849 -0.04573585720963069
848 888 0.030804367326944027
849 850 0.2607468662889858
849 889 -0.1995079539761757
850 851 0.15390223425110516
850 890 0.4373957593781259
851 852 0.27072832657803336
851 891 -0.8688337861775295
852 853 0.022516541265797052
852 892 -0.39816328272842183
853 854 -0.2365307834681767
853 893 0.636590952116189
854 855 -0.12329602397965322
854 894 0.9413285573205166
855 856 -0.16500200600556592
855 895 -0.6457026850325593
856 857 0.40001141442186894
856 896 0.4019322137261121
857 858 -0.6598361340499699
857 897 0.2562563369582862
858 859 0.2299631428019202
858 898 0.21695970114659158
859 860 0.6472140206828658
859 899 -0.734589857169637
860 861 -0.6020128003738219
860 900 -0.13829465975232913
861 862 -0.18245151199953913
861 901 -0.23506068298563054
862 863 -0.5061884875547165
862 902 -0.17440601651054388
863 864 0.5945351301023654
863 903 0.10895990204673978
864 865 -0.02573953348078528
864 904 0.5957485510007372
865 866 0.6783742128358681
865 905 -0.9237389597803995
866 867 -0.6303631521036235
866 906 0.9543273453560643
867 868 -0.300680848398315
867 907 -0.02953830498030441
868 869 -0.850767948810405
868 908 0.6305709173700824
869 870 -0.5325433064509792
869 909 0.6237469033849625
870 871 -0.008693293601127028
870 910 0.039310050864305834
871 872 -0.12576410135916372
871 911 -0.9417751528100655
872 873 -0.4768257430530949
872 912 -0.3452737411149518
873 874 -0.39798553949745985
873 913 0.2411063715470505
874 875 0.4011690220181474
874 914 0.9324428071842523
875 876 0.6983777995440417
875 915 -0.32530654751725563
876 877 -0.8456036687261959
876 916 0.4923180836316592
877 878 0.19585773356888603
877 917 0.20301905731404535
878 879 0.7944993827706928
878 918 -0.31708132539625944
879 880 0.7132392063361868
879 919 0.7750565319542455
880 920 -0.5132016211553012
881 882 -0.08181404421713712
881 921 0.4386482450180831
882 883 0.7139512522235203
882 922 -0.9326515909943036
883 884 0.20711910339097295
883 923 -0.42484011576019953
884 885 0.8619093554803994
884 924 -0.28354891108175617
885 886 0.9296926780539232
885 925 -0.4877110975880976
886 887 0.8720492428123765
886 926 0.697351951067172
887 888 0.9385521908979984
887 927 0.0736128915581511
888 889 0.6754047961543375
888 928 -0.6719335860332332
889 890 0.8323051514195099
889 929 0.6428317505556085
890 891 0.7463767814237223
890 930 -0.016745427144666092
891 892 0.0328652120490065
891 931 0.5198671585145291
892 893 -0.45923248054868493
892 932 0.32306357679713327
893 894 -0.4320558589622392
893 933 -0.20066863336803542
894 895 0.06796962894045455
894 934 -0.3780941377587348
895 896 -0.7596634397925532
895 935 0.6316915447626101
896 897 -0.11336892935343346
896 936 0.7619311986889885
897 898 -0.5232910239722866
897 937 0.5247455147830196
898 899 -0.9254290506135934
898 938 0.6766648477875434
899 900 -0.18417759886703022
899 939 0.12801100921894126
900 901 -0.3813618406529935
900 940 0.8746945550791676
901 902 0.9374006008199245
901 941 -0.47209397421875554
902 903 0.0885659456927741
902 942 -0.9779518711866559
903 904 -0.842242365046806
903 943 0.6977391403060942
904 905 -0.206059134955364
904 944 -0.5206591006721872
905 906 0.13720767767458764
905 945 0.7270208427679701
906 907 0.6131138458409808
906 946 0.7067124177410999
907 908 -0.43574873740017694
907 947 -0.07982810345126912
908 909 0.6881636609478392
908 948 -0.041427264493280935
909 910 -0.4111614971971014
909 949 -0.8028248999791991
910 911 0.6661638316667748
910 950 -0.37789052974858883
911 912 0.006685081009196292
911 951 0.20188889452858616
912 913 -0.3927056668264426
912 952 -0.437541544947212
913 914 -0.2781525654863479
913 953 -0.5577696630678355
914 915 0.8183600011182324
914 954 0.33295652317862645
915 916 0.5771883930493242
915 955 0.06133999428247994
916 917 -0.8449562945661253
916 956 0.8206949366757199
917 918 -0.7174030702077676
917 957 -0.7331509949001243
918 919 0.094354333469024
918 958 -0.5728053948713154
919 920 -0.15753058859480706
919 959 0.5167365538241502
920 960 0.8805737457337721
921 922 -0.17401634177233083
921 961 0.8128465383286774
922 923 0.06528960988734722
922 962 0.5939027148871288
923 924 0.34473843685857286
923 963 0.42409757356278965
924 925 0.46284255780021333
924 964 0.047416029599496756
925 926 -0.5284753460040366
925 965 -0.7055398163767999
926 927 -0.8014730738348639
926 966 -0.5861904032591445
927 928 0.2363714044389158
927 967 0.3377336035220728
928 929 -0.9705627878384806
928 968 0.013310064651285813
929 930 -0.5396401922206002
929 969 -0.5153720556175805
930 931 0.751000229413824
930 970 -0.36454224020881076
931 932 -0.5392668165442789
931 971 -0.897026596880983
932 933 0.5904666171222921
932 972 -0.18233652672298928
933 934 -0.7600025217818935
933 973 0.005741859853697129
934 935 0.7841685139719792
934 974 -0.15556093556471828
935 936 -0.9563736805943308
935 975 -0.7418847021693089
936 937 -0.7074245658273148
936 976 -0.611989148728753
937 938 -0.944762068363008
937 977 -0.7511565712367245
938 939 -0.11694279994142676
938 978 0.07687826047796142
939 940 -0.25720649946094465
939 979 -0.2284035450967743
940 941 0.33564232378864345
940 980 0.888678815933325
941 942 -0.24650941716646058
941 981 -0.7121044091025763
942 943 0.5031392082400437
942 982 0.4173040290287482
943 944 0.4204365629683715
943 983 0.8294522343692645
944 945 -0.4412580841431071
944 984 -0.0397624465158144
945 946 -0.566210229102011
945 985 -0.6781037104395315
946 947 0.8917918294056069
946 986 0.3654573272581698
947 948 -0.008799580926200257
947 987 0.8399687717155222
948 949 0.9740584704166835
948 988 -0.07301337652905082
949 950 0.7257727296633465
949 989 -0.6613188155349374
950 951 -0.3499384433378212
950 990 0.475905398348357
951 952 0.796825772854538
951 991 0.4312026986635613
952 953 -0.05346361021314183
952 992 -0.5180901791358585
953 954 0.5518683744264432
953 993 -0.4146601096897091
954 955 0.530854914490031
954 994 -0.8798942214558851
955 956 -0.3528195696749039
955 995 -0.047561285321507496
956 957 0.024307185557799427
956 996 0.9187727702509718
957 958 0.5685502245398242
957 997 -0.16526989075565846
958 959 -0.3343873869391607
958 998 0.6437006914645029
959 960 0.9469966032013022
959 999 0.06755957783443556
960 1000 -0.3722727505242287
961 962 -0.6390967615946368
961 1001 0.48223774582652856
962 963 0.9502793623142314
962 1002 -0.4514828136111575
963 964 0.3129005730772041
963 1003 -0.7061393686129129
964 965 -0.8148363937100855
964 1004 -0.7878815639588828
965 966 0.07881241990131382
965 1005 -0.2011023552285689
966 967 -0.1745015154720011
966 1006 0.29225515331849494
967 968 0.8530774180881016
967 1007 -0.0649826439414447
968 969 -0.2895081664387986
968 1008 -0.41566924828642793
969 970 0.5645411829946954
969 1009 0.11977391072175858
970 971 -0.5614957175089237
970 1010 -0.41175343717779356
971 972 -0.9411976170233476
971 1011 -0.6793685177031603
972 973 -0.6781196684846411
972 1012 -0.04840922421953353
973 974 0.9100431436370453
973 1013 -0.46820625334241117
974 975 0.0923714410454275
974 1014 0.2827483510292532
975 976 0.3287292158963393
975 1015 0.13437004500179595
976 977 0.22281292956545107
976 1016 0.05614972529702267
977 978 -0.5777301024602133
977 1017 -0.1981038960784267
978 979 -0.8529537142756176
978 1018 0.7169669849705742
979 980 -0.807178187162412
979 1019 -0.9857939918560881
980 981 0.5334558784157855
980 1020 0.5832453273246379
981 982 -0.3217791442573452
981 1021 0.1683830690789645
982 983 -0.5504278242090415
982 1022 -0.5028179218208555
983 984 0.363860677239511
983 1023 0.006975749864972958
984 985 -0.5232847355050856
984 1024 0.5292539418421827
985 986 0.5882433516989611
985 1025 0.30660017404777173
986 987 0.8037003726964869
986 1026 0.4769610363430923
987 988 0.7465432530229477
987 1027 0.8607760293811069
988 989 0.0823471460643348
988 1028 -0.32363254362592864
989 990 0.4166420113061664
989 1029 0.7373734253764863
990 991 -0.7191642601890147
990 1030 -0.7858268966795297
991 992 -0.842572944439471
991 1031 -0.27054672404248925
992 993 0.4604291455885994
992 1032 -0.9424030201248457
993 994 0.03777311048345022
993 1033 -0.4977392175843576
994 995 0.5897771440945465
994 1034 0.4705227608062963
995 996 0.8121954683556754
995 1035 -0.4052363151314162
996 997 0.2701647368509348
996 1036 0.2032603885752644
997 998 -0.7017113741331029
997 1037 -0.8471854091577764
998 999 0.9274413304951334
998 1038 -0.3441455086737568
999 1000 0.46323318843121775
999 1039 -0.022276503563210204
1000 1040 -0.8733290414943091
1001 1002 -0.1552519127137193
1001 1041 -0.14709285463011534
1002 1003 -0.6617978732692333
1002 1042 0.7534018603632706
1003 1004 0.9469511365394017
1003 1043 0.9107669036417578
1004 1005 -0.7015500986178265
1004 1044 -0.6775999815663061
1005 1006 -0.2866759025708532
1005 1045 -0.07939079813627758
1006 1007 -0.2268672743302298
1006 1046 -0.4967752633195823
1007 1008 0.16575635290924406
1007 1047 -0.5469206869924597
1008 1009 0.5444741949131677
1008 1048 0.3669341427610444
1009 1010 -0.9795785886048172
1009 1049 0.25976610530650457
1010 1011 0.45953484534663547
1010 1050 0.7702808266240091
1011 1012 -0.524466003743608
1011 1051 0.6108033748010926
1012 1013 -0.1967985155343337
1012 1052 -0.1285774016858352
1013 1014 0.5816632624771467
1013 1053 -0.6720877717934428
1014 1015 0.7120163266119139
1014 1054 -0.581122628318097
1015 1016 -0.14194206226461592
1015 1055 0.6151640758686028
1016 1017 -0.7556276804374311
1016 1056 0.81369993186645
1017 1018 0.74136575216122
1017 1057 -0.9863945415986606
1018 1019 -0.8398660935239881
1018 1058 -0.5779968158944397
1019 1020 -0.3877008804449642
1019 1059 -0.15304713228768185
1020 1021 -0.3795993720456383
1020 1060 0.6974264726488004
1021 1022 -0.6123196731465077
1021 1061 -0.14828303211290095
1022 1023 -0.6510274406847962
1022 1062 -0.17634245844807772
1023 1024 0.5808068633885817
1023 1063 -0.28305375658761545
1024 1025 0.33442298742128274
1024 1064 0.8653247435364184
1025 1026 0.9482925475465029
1025 1065 -0.6824298623804153
1026 1027 -0.05160967409534467
1026 1066 -0.9580701048564799
1027 1028 0.9356179219680032
1027 1067 -0.2108135317428561
1028 1029 0.6371780541138186
1028 1068 0.1275751610424738
1029 1030 0.4540741891030675
1029 1069 0.899592821460597
1030 1031 -0.17969020112761291
1030 1070 -0.2122140279359246
1031 1032 0.5184734287129575
1031 1071 0.43642399531849696
1032 1033 0.9257383449999685
1032 1072 -0.6230657011534084
1033 1034 0.2967784338121886
1033 1073 -0.6515595119235276
1034 1035 0.8865933853307957
1034 1074 0.510159660364262
1035 1036 -0.8273519342935127
1035 1075 0.8077388029949926
1036 1037 -0.6665446255811229
1036 1076 0.26416763126508425
1037 1038 -0.16217710768973448
1037 1077 0.684275401550994
1038 1039 0.5234084511459731
1038 1078 0.07524200427061123
1039 1040 -0.23470420307244932
1039 1079 -0.593237451523037
1040 1080 0.10430277288549727
1041 1042 0.26875973726767755
1041 1081 0.04581240205669057
1042 1043 0.8183649275216973
1042 1082 -0.6049342210656863
1043 1044 -0.1507489344087174
1043 1083 0.1872746588177443
1044 1045 -0.8944884137509934
1044 1084 -0.9059736699341996
1045 1046 -0.45091554414185286
1045 1085 -0.9914792446698804
1046 1047 -0.31068192574252396
1046 1086 -0.5919728269404179
1047 1048 -0.5152035149899332
1047 1087 0.044224389445181034
1048 1049 -0.8321257046398756
1048 1088 0.09620672545273345
1049 1050 -0.210174175303252
1049 1089 0.5704275306232645
1050 1051 -0.057635621993195496
1050 1090 0.391835466749362
1051 1052 -0.08177092011443432
1051 1091 0.07111675491289082
1052 1053 -0.520248007947363
1052 1092 0.539194738252941
1053 1054 0.7718058794477487
1053 1093 0.025266370471002997
1054 1055 0.747601078996835
1054 1094 0.14746337531565734
1055 1056 -0.5237474505591864
1055 1095 -0.5867610129448912
1056 1057 0.24368249360496064
1056 1096 0.21590413821982035
1057 1058 0.11187696853170448
1057 1097 -0.9279884969506746
1058 1059 -0.06967369206781582
1058 1098 -0.004701735321143818
1059 1060 0.15760350485452568
1059 1099 0.9107104638274144
1060 1061 -0.33044689596806354
1060 1100 0.653957079350683
1061 1062 0.21743911131004268
1061 1101 -0.22933433486995214
1062 1063 0.9197090803168213
1062 1102 -0.2187481593442291
1063 1064 -0.1287994143778053
1063 1103 -0.2877780378233261
1064 1065 0.4936076087493959
1064 1104 -0.09337839417771421
1065 1066 -0.7031318130936604
1065 1105 -0.8892288094571186
1066 1067 0.030651264533508416
1066 1106 0.07897752612760955
1067 1068 0.5616630890139453
1067 1107 0.7800487244587471
1068 1069 0.0012004810699584034
1068 1108 -0.15038039197976572
1069 1070 -0.45884987160850566
1069 1109 -0.2540645479249286
1070 1071 -0.39527926974566996
1070 1110 -0.49236153425485374
1071 1072 -0.8929954446594284
1071 1111 -0.9435686514958179
1072 1073 0.7887837534990156
1072 1112 0.358688007007093
1073 1074 -0.8745234559263491
1073 1113 0.253694119445391
1074 1075 0.233882338045156
1074 1114 0.55683538660336
1075 1076 -0.7639919390631837
1075 1115 -0.5381400181540119
1076 1077 0.507853665082602
1076 1116 0.22075570139902645
1077 1078 -0.5897709113093452
1077 1117 0.9900502517561645
1078 1079 0.38518219188095393
1078 1118 -0.26722823653669026
1079 1080 -0.8176132930039404
1079 1119 -0.35100420527956633
1080 1120 0.956974138916219
1081 1082 -0.17022804312111361
1081 1121 -0.9971462388744836
1082 1083 -0.11694051459472043
1082 1122 0.438464283384673
1083 1084 -0.9207428522662113
1083 1123 0.9772686691238772
1084 1085 0.8968565921174372
1084 1124 -0.8174164200207714
1085 1086 -0.05649862229717573
1085 1125 -0.448230966983707
1086 1087 0.7237334390453658
1086 1126 0.39450342468665744
1087 1088 -0.5415900971795298
1087 1127 -0.9394944291398784
1088 1089 0.5956892382211905
1088 1128 0.8193686749504125
1089 1090 0.4936940689668503
1089 1129 0.8446560170838
1090 1091 -0.7223724912091531
1090 1130 0.014858570406359739
1091 1092 -0.3737978838263638
1091 1131 -0.4023433439475568
1092 1093 -0.5955447789198085
1092 1132 -0.9227069501168135
1093 1094 -0.748383670097593
1093 1133 0.5653932722363393
1094 1095 -0.26711114192937835
1094 1134 -0.3295097259078401
1095 1096 0.027365640771498168
1095 1135 -0.7866934740037232
1096 1097 -0.253776625563932
1096 1136 0.21241422197517834
1097 1098 -0.24076281014455292
1097 1137 -0.4036724572306616
1098 1099 0.06644633533945155
1098 1138 0.8720843328201002
1099 1100 -0.8210695120809461
1099 1139 -0.30573085932879907
1100 1101 0.41966660339163653
1100 1140 0.019158185115559112
1101 1102 0.5103439531464515
1101 1141 0.030752783454241372
1102 1103 0.8519426665249263
1102 1142 -0.6374986790166721
1103 1104 -0.347884657598029
1103 1143 0.8867524052485358
1104 1105 -0.6347102944929865
1104 1144 -0.5293863794652529
1105 1106 -0.35142708382543186
1105 1145 -0.904545428053545
1106 1107 0.47276175101980256
1106 1146 0.7377242396295662
1107 1108 -0.7659562330639369
1107 1147 0.45237821755221597
1108 1109 0.5066494670032626
1108 1148 -0.8556784119229086
1109 1110 0.27078698313956306
1109 1149 -0.7650081664628186
1110 1111 0.7608187387334238
1110 1150 -0.18056545221471576
1111 1112 -0.008323852103511609
1111 1151 -0.10494465189248903
1112 1113 0.7680505956351416
1112 1152 -0.13016374275377518
1113 1114 -0.011240600085985708
1113 1153 0.30196187547202435
1114 1115 0.20477094198031698
1114 1154 -0.03460841515018931
1115 1116 -0.04061634407128922
1115 1155 0.5597153878420307
1116 1117 0.3785519856712938
1116 1156 0.7683201432453879
1117 1118 -0.9582600801782515
1117 1157 0.18708442405450376
1118 1119 -0.2932258262205496
1118 1158 -0.5875232684338567
1119 1120 -0.29056894120705246
1119 1159 0.13996541142120766
1120 1160 -0.04500774664260154
1121 1122 -0.8154753083064958
1121 1161 0.41878878745042547
1122 1123 0.6906903175279469
1122 1162 -0.6634493892655113
1123 1124 0.6374899852465976
1123 1163 0.2730046848593346
1124 1125 0.016703351776779174
1124 1164 -0.7627403592528477
1125 1126 -0.10043278214022378
1125 1165 0.8577502280231875
1126 1127 -0.17794179518811437
1126 1166 0.4008628564199417
1127 1128 -0.26318408103730584
1127 1167 0.49989028827310533
1128 1129 -0.9996301619401209
1128 1168 0.615100197371607
1129 1130 0.3985719425287346
1129 1169 0.825957173686211
1130 1131 -0.13031771345408671
1130 1170 -0.1367914800565897
1131 1132 0.10697098464007704
1131 1171 0.4915780264766427
1132 1133 0.40022726251679597
1132 1172 0.4850022795507982
1133 1134 0.7751734228360057
1133 1173 -0.7098776628146126
1134 1135 0.9635615943593523
1134 1174 0.8941596880983211
1135 1136 0.37815657567007777
1135 1175 0.8700241915646811
1136 1137 -0.8569834210605256
1136 1176 -0.39758538896728157
1137 1138 -0.6717177608655693
1137 1177 -0.041331622190414086
1138 1139 -0.9300538882299474
1138 1178 0.3524443906962522
1139 1140 0.7402109965128398
1139 1179 0.651377486082171
1140 1141 -0.6593251796465447
1140 1180 0.2017344497855349
1141 1142 -0.3498123377391462
1141 1181 0.449557847032678
1142 1143 -0.5212488883786663
1142 1182 0.013868717502262706
1143 1144 0.01286054235271017
1143 1183 0.014993843666444961
1144 1145 0.7737280246019604
1144 1184 0.27118619487479734
1145 1146 0.22791764457086638
1145 1185 -0.8282660951893805
1146 1147 0.2573838359657885
1146 1186 -0.8256605940124713
1147 1148 0.15405189558070642
1147 1187 -0.6025103364018671
1148 1149 0.2647982977408583
1148 1188 -0.8540081339878332
1149 1150 0.9765177691369846
1149 1189 0.3199962393126896
1150 1151 -0.38211402810300044
1150 1190 0.5738768327147479
1151 1152 -0.725481395177267
1151 1191 -0.4703472569406755
1152 1153 -0.3522232211554017
1152 1192 0.22094695029725964
1153 1154 -0.8438641799381026
1153 1193 0.5549114488631075
1154 1155 0.9596134034071702
1154 1194 -0.01152731790178163
1155 1156 0.9550814588024925
1155 1195 -0.6263404491142486
1156 1157 0.3934229402583407
1156 1196 0.285296069182416
1157 1158 0.3982497780527645
1157 1197 0.06454509347688187
1158 1159 0.0029043291098103108
1158 1198 -0.8884239109453314
1159 1160 0.34104060850487916
1159 1199 0.4215619289932533
1160 1200 0.5250272578973301
1161 1162 0.04869119353039442
1161 1201 0.39232092703393784
1162 1163 0.3299379258095221
1162 1202 0.615670918592139
1163 1164 0.5221694884433719
1163 1203 -0.6239401428348277
1164 1165 -0.5704242975825788
1164 1204 0.5261441455621676
1165 1166 -0.6419891863305565
1165 1205 0.2749671560136191
1166 1167 0.03945863495745239
1166 1206 0.05252442231714061
1167 1168 -0.44585963440896914
1167 1207 0.7254078769761616
1168 1169 -0.9135041446788215
1168 1208 0.3642411608211511
1169 1170 -0.43069036267781646
1169 1209 -0.3225686201534623
1170 1171 -0.6239106750347074
1170 1210 0.24556208877309937
1171 1172 -0.638619667564317
1171 1211 -0.13070110015320302
1172 1173 -0.5224812880741185
1172 1212 -0.6531881594623696
1173 1174 -0.7651681593761896
1173 1213 -0.4972230697498181
1174 1175 0.09120669034696749
1174 1214 -0.30726252439107604
1175 1176 0.6228481662535694
1175 1215 0.762417214320251
1176 1177 0.26675511529522344
1176 1216 0.1974259957044755
1177 1178 -0.31635802697880844
1177 1217 -0.47626983802217326
1178 1179 -0.14043470349333975
1178 1218 0.6244776088831605
1179 1180 -0.776102644727124
1179 1219 0.35159498003572676
1180 1181 0.24901785897108786
1180 1220 0.3711089613711209
1181 1182 0.10796750645177444
1181 1221 -0.0967328570088597
1182 1183 -0.697851339229703
1182 1222 -0.7733665124309415
1183 1184 -0.24292240519658748
1183 1223 -0.34462407792769656
1184 1185 -0.7862333507106378
1184 1224 -0.0003379143241841742
1185 1186 -0.09152124632957137
1185 1225 0.03013772555542049
1186 1187 -0.8167759293753056
1186 1226 0.7420427113513519
1187 1188 0.26305543745073523
1187 1227 0.3761329969302547
1188 1189 -0.5657294312353907
1188 1228 -0.9337757090709666
1189 1190 0.3594760099835208
1189 1229 0.1674275586418168
1190 1191 0.6918797619335781
1190 1230 0.40194530476271884
1191 1192 -0.3009013665092073
1191 1231 0.5743951092099524
1192 1193 -0.6089882661935944
1192 1232 -0.1580668056013057
1193 1194 -0.9033794748362665
1193 1233 0.9127149621766426
1194 1195 -0.7979910513505615
1194 1234 -0.9087547336488015
1195 1196 -0.535048550072897
1195 1235 0.99228328897461
1196 1197 0.0550676248833335
1196 1236 -0.0892404653829495
1197 1198 -0.48166831763560114
1197 1237 -0.36710576511840753
1198 1199 0.7206436728035555
1198 1238 -0.5119703970480793
1199 1200 0.5383065065948007
1199 1239 0.1445465381850084
1200 1240 -0.35524434321680864
1201 1202 0.9109366460058519
1201 1241 0.36582770875083503
1202 1203 0.09942824160145491
1202 1242 -0.6705666824419743
1203 1204 -0.38469081981429687
1203 1243 -0.5072127114285583
1204 1205 0.8762696420566984
1204 1244 -0.06057461055356539
1205 1206 0.28882979252488106
1205 1245 -0.43741363288673596
1206 1207 -0.2652887830720936
1206 1246 -0.02356328285538578
1207 1208 0.4050047694664074
1207 1247 0.3066382182960985
1208 1209 0.19601420730113772
1208 1248 0.9040325844799915
1209 1210 -0.8815983093722488
1209 1249 0.7338722188101305
1210 1211 0.3441446190269415
1210 1250 0.27264762993350034
1211 1212 0.2881739045810634
1211 1251 0.9201877610979963
1212 1213 0.16106255881245635
1212 1252 0.8392608685007612
1213 1214 0.02989688693076764
1213 1253 0.9002206947825351
1214 1215 0.9477569930409222
1214 1254 -0.9673180679391438
1215 1216 -0.8540981559091316
1215 1255 -0.15193132134417286
1216 1217 0.05204707858886737
1216 1256 -0.8938092505320954
1217 1218 0.2233711610047835
1217 1257 -0.5113034755251784
1218 1219 0.3350236646554572
1218 1258 0.6252148432514086
1219 1220 -0.8212126344602018
1219 1259 0.8913792195668202
1220 1221 -0.8673482418454035
1220 1260 -0.5008565628156438
1221 1222 -0.6777899729898793
1221 1261 0.9737870478403072
1222 1223 0.3400169705677869
1222 1262 -0.31521461901537573
1223 1224 -0.5381173129201109
1223 1263 0.8982814419392924
1224 1225 0.5324645176830267
1224 1264 0.6095666262367851
1225 1226 -0.8272965652423747
1225 1265 0.3837897366024263
1226 1227 0.7618861058030437
1226 1266 -0.1988422465473263
1227 1228 0.3074486523655564
1227 1267 -0.9878245349481192
1228 1229 0.03895983596183705
1228 1268 0.8870952034490371
1229 1230 0.009779629165143966
1229 1269 -0.6110848963898412
1230 1231 0.9285029012475579
1230 1270 -0.7542751100878915
1231 1232 -0.481299948784468
1231 1271 0.6113450307346102
1232 1233 0.08347688752828986
1232 1272 -0.7530551874877254
1233 1234 0.8785248714257243
1233 1273 0.6017869944648877
1234 1235 -0.26220427234322896
1234 1274 -0.08740548137335025
1235 1236 0.1255753186449231
1235 1275 0.7234342491747641
1236 1237 0.4255333969852604
1236 1276 0.6561055218535949
1237 1238 0.10774060557775789
1237 1277 0.7906930580651403
1238 1239 0.26751348251448026
1238 1278 0.01179607335018007
1239 1240 0.02430603244680829
1239 1279 0.2234159620494196
1240 1280 0.8865214855468584
1241 1242 -0.8937426186540849
1241 1281 -0.38229463027240573
1242 1243 -0.9289423903392733
1242 1282 -0.4369323643030125
1243 1244 0.19209824025030087
1243 1283 -0.8161902956724554
1244 1245 -0.9887160921620042
1244 1284 0.9984166027946499
1245 1246 -0.05822400654186355
1245 1285 0.9392232832626484
1246 1247 0.9710324833907387
1246 1286 0.568929734625496
1247 1248 0.7849662818062733
1247 1287 -0.8523779385001209
1248 1249 0.2637581844803929
1248 1288 -0.8601218718318409
1249 1250 -0.6915648242116474
1249 1289 0.10263902431461425
1250 1251 0.4855126382165105
1250 1290 -0.0835533871886176
1251 1252 -0.4611926262289907
1251 1291 -0.2142719146480896
1252 1253 -0.4920334055762916
1252 1292 0.08000839239343005
1253 1254 0.7211983586028685
1253 1293 -0.35074804919408864
1254 1255 -0.9021494930983807
1254 1294 -0.026786192886372184
1255 1256 0.8058802632216393
1255 1295 0.6827274668047052
1256 1257 -0.35674312090498606
1256 1296 0.9690320583614183
1257 1258 0.9440213469872396
1257 1297 -0.5010222759972487
1258 1259 0.7270563024397119
1258 1298 0.5608035589945044
1259 1260 -0.4800606123781155
1259 1299 0.21225633469614968
1260 1261 0.12189860541014585
1260 1300 0.7049532796793294
1261 1262 -0.6521373415625396
1261 1301 -0.2307730127023011
1262 1263 0.39753794432008394
1262 1302 -0.5455063399102127
1263 1264 0.4651087239455398
1263 1303 -0.03796382092005968
1264 1265 0.6788038653415791
1264 1304 0.822042013022062
1265 1266 0.981102571943617
1265 1305 -0.22143958519692086
1266 1267 -0.8634459044826133
1266 1306 -0.7852645743632474
1267 1268 0.849669555460469
1267 1307 -0.2973096291027115
1268 1269 -0.5739568146296639
1268 1308 -0.7741834154767797
1269 1270 -0.7889428018485827
1269 1309 -0.49111238782183175
1270 1271 -0.10452064190755017
1270 1310 0.622171521938834
1271 1272 0.6803628286153311
1271 1311 -0.5063116728737842
1272 1273 0.6027717813500735
1272 1312 -0.08327341282606526
1273 1274 -0.3743395491522816
1273 1313 0.29131414548791357
1274 1275 0.11258265291205061
1274 1314 -0.8607208166166087
1275 1276 -0.2689555939547801
1275 1315 -0.4200040638237994
1276 1277 0.456927368720474
1276 1316 -0.7997051876703642
1277 1278 -0.1605315844931201
1277 1317 -0.31033500020650195
1278 1279 -0.3051624515786855
1278 1318 0.8876551496069458
1279 1280 0.40506008341350896
1279 1319 0.6911247730646144
1280 1320 -0.3988610002753472
1281 1282 0.1851893746467459
1281 1321 -0.5297591854850714
1282 1283 0.6157416929071031
1282 1322 -0.910467478309722
1283 1284 0.7912199704298839
1283 1323 -0.07544811573854471
1284 1285 -0.9044535746281284
1284 1324 -0.22110419193892672
1285 1286 -0.3150797491977191
1285 1325 0.42469036490436585
1286 1287 0.6554005853034872
1286 1326 -0.7512562971516366
1287 1288 -0.642469200990033
1287 1327 0.818540444918777
1288 1289 0.34079596629633
1288 1328 -0.49015916670265547
1289 1290 0.018390776866547
1289 1329 0.6278701578907206
1290 1291 0.7051989809973418
1290 1330 0.14242439912551053
1291 1292 0.13860459196509622
1291 1331 -0.7162048898298035
1292 1293 -0.47124356045668403
1292 1332 0.48329556239205096
1293 1294 -0.9254800358347233
1293 1333 0.19141572446235
1294 1295 0.17398221819977255
1294 1334 -0.986904352738023
1295 1296 0.1875840222900631
1295 1335 0.3088365034487728
1296 1297 0.8863815441812686
1296 1336 0.6404602931060099
1297 1298 0.9771008872474274
1297 1337 -0.6772557157568375
1298 1299 -0.7354891337456984
1298 1338 0.07444593303245339
1299 1300 -0.05882735726011745
1299 1339 0.0238894051723455
1300 1301 -0.5349978512230806
1300 1340 0.794044705164273
1301 1302 0.17113172547235522
1301 1341 0.8665671324830797
1302 1303 -0.4003796045261401
1302 1342 0.785678332322371
1303 1304 0.1950451170687899
1303 1343 0.6772633950432194
1304 1305 -0.0353826276926279
1304 1344 0.3345075818793717
1305 1306 0.03361575032140007
1305 1345 -0.24948605408653046
1306 1307 -0.7713137076823551
1306 1346 0.8274063523020665
1307 1308 0.604110857885745
1307 1347 -0.6914303777541391
1308 1309 0.05310468231566001
1308 1348 -0.9582699244250883
1309 1310 -0.9434644982013478
1309 1349 0.24703830014309136
1310 1311 0.9483708369951873
1310 1350 -0.60375455969232
1311 1312 0.7056148471430801
1311 1351 -0.8384829133242706
1312 1313 0.06396934835602353
1312 1352 0.3578173000293161
1313 1314 0.9836747492196316
1313 1353 0.43410048694539194
1314 1315 0.10078617269875201
1314 1354 0.9170646717552544
1315 1316 0.75003284547977
1315 1355 -0.5866458079178682
1316 1317 -0.4873949810447129
1316 1356 0.22760901223353658
1317 1318 -0.19924829087995444
1317 1357 0.9986588901401736
1318 1319 0.6979115260444
1318 1358 0.4707134987484838
1319 1320 -0.49624366372010287
1319 1359 0.7180700352860376
1320 1360 -0.8549371474167666
1321 1322 0.9299419990722537
1321 1361 0.8900964475855877
1322 1323 -0.9835669899213759
1322 1362 -0.2767667045758855
1323 1324 -0.1103752700912426
1323 1363 -0.7905773928535125
1324 1325 0.07811340136327183
1324 1364 0.7834668751084384
1325 1326 0.6804383113626191
1325 1365 -0.2786177845660682
1326 1327 0.008547966169307974
1326 1366 -0.26619811919587466
1327 1328 0.8140747536395814
1327 1367 -0.8434654882030208
1328 1329 0.6638879870694852
1328 1368 -0.937075820178793
1329 1330 -0.2240210671785312
1329 1369 -0.7146706557473888
1330 1331 0.7636200082349707
1330 1370 -0.1796904936254211
1331 1332 0.2231659434312343
1331 1371 0.9489144936391201
1332 1333 -0.0658072187932679
1332 1372 -0.24208730196976092
1333 1334 0.14952414757134136
1333 1373 -0.5169245157269953
1334 1335 -0.6250102332019745
1334 1374 -0.827590754671059
1335 1336 -0.46797694791963584
1335 1375 -0.46953522326722297
1336 1337 -0.87247641404507
1336 1376 -0.8530339547172496
1337 1338 0.8998073852248822
1337 1377 -0.8745303476096078
1338 1339 0.546592297936257
1338 1378 0.5488076845368586
1339 1340 -0.5720264840091107
1339 1379 -0.2824476390237427
1340 1341 0.9503245580214343
1340 1380 -0.8221242536286582
1341 1342 -0.39713409693420365
1341 1381 -0.7708008333587373
1342 1343 0.15930500009137027
1342 1382 -0.7547666390851144
1343 1344 -0.2601020677227097
1343 1383 -0.4357723996676388
1344 1345 -0.8533032190283536
1344 1384 0.3231905578919858
1345 1346 0.9596000225657448
1345 1385 0.7009727144345421
1346 1347 -0.18726658063274115
1346 1386 -0.07252137079371068
1347 1348 0.2042770911259666
1347 1387 -0.8839938827124962
1348 1349 -0.2986770695614276
1348 1388 -0.1093706946250681
1349 1350 -0.6386375570309608
1349 1389 0.8421866906624809
1350 1351 0.487428797503795
1350 1390 -0.5772448189253119
1351 1352 -0.2350529884921737
1351 1391 -0.8010317723492577
1352 1353 0.7966170118281819
1352 1392 -0.7251302379521483
1353 1354 0.3210496267322085
1353 1393 -0.9396383034724296
1354 1355 0.5033942725590894
1354 1394 0.4067988559487772
1355 1356 -0.4692348016933856
1355 1395 -0.263139526564935
1356 1357 0.13466802279837253
1356 1396 0.8351553943813057
1357 1358 -0.4670306370098798
1357 1397 -0.657241702099711
1358 1359 -0.7633099530344005
1358 1398 -0.07528885470489377
1359 1360 -0.6040566131005132
1359 1399 -0.9651919199233294
1360 1400 -0.5975259609441692
1361 1362 0.6968017616753774
1361 1401 -0.05535200742319546
1362 1363 -0.8727554286028962
1362 1402 -0.7010273933515392
1363 1364 0.36980807412022765
1363 1403 0.6337879886848963
1364 1365 0.6462242233210835
1364 1404 0.2187732820892483
1365 1366 0.9798282681064605
1365 1405 0.2517384809552625
1366 1367 -0.8221860585449117
1366 1406 -0.20944594752730383
1367 1368 0.5484631051104423
1367 1407 -0.9691351691262187
1368 1369 -0.3517283524569019
1368 1408 0.35287177396004865
1369 1370 -0.23383790800382753
1369 1409 -0.9039000107666952
1370 1371 0.40027723850924146
1370 1410 -0.606389938516894
1371 1372 -0.45315948315365007
1371 1411 -0.038836882792487426
1372 1373 0.3122811516163413
1372 1412 0.06283908144807038
1373 1374 0.2071213210117553
1373 1413 0.9631886076073608
1374 1375 -0.5003953369591643
1374 1414 -0.6342463350824334
1375 1376 -0.8665766782160058
1375 1415 0.8038608556922417
1376 1377 -0.5746652899040356
1376 1416 0.6555137805098201
1377 1378 -0.985150255507425
1377 1417 -0.8050314767982403
1378 1379 0.8541227051059976
1378 1418 -0.16818550590672077
1379 1380 -0.4352416874446918
1379 1419 0.23144387683699752
1380 1381 0.4481125084172426
1380 1420 -0.20499962906421398
1381 1382 0.4134418992724398
1381 1421 0.9019100197889187
1382 1383 -0.1586772386705535
1382 1422 -0.7998514065230178
1383 1384 -0.045519371597507075
1383 1423 -0.07959163622950616
1384 1385 0.02925629241672789
1384 1424 -0.5737305490627336
1385 1386 0.9374017723200851
1385 1425 -0.22717809117326193
1386 1387 0.6380592841981032
1386 1426 -0.5131979419683619
1387 1388 0.11374761933959943
1387 1427 0.2948953827808509
1388 1389 -0.8449477673192769
1388 1428 0.7739334386317969
1389 1390 -0.7811209341171585
1389 1429 -0.3598683004859211
1390 1391 -0.20479539260333057
1390 1430 0.5021373753449205
1391 1392 -0.35366105569566275
1391 1431 -0.43368047091235207
1392 1393 -0.6164890432478896
1392 1432 -0.7525157320818432
1393 1394 -0.9273206706079249
1393 1433 0.2570691108558878
1394 1395 0.030443347544508503
1394 1434 0.7687068046697434
1395 1396 -0.32990191006321745
1395 1435 -0.6670103994848493
1396 1397 0.9666886811524638
1396 1436 0.7916426650002195
1397 1398 0.7857333499884005
1397 1437 -0.7490638266409122
1398 1399 0.30215306295417155
1398 1438 -0.8092335907428871
1399 1400 0.5933555512246576
1399 1439 -0.5385158547196764
1400 1440 0.8097179687881677
1401 1402 0.6829534297967945
1401 1441 -0.7377787153041722
1402 1403 -0.9536192638012757
1402 1442 0.04943967353726375
1403 1404 0.2591003429246639
1403 1443 -0.5159547850717343
1404 1405 -0.20279541804826873
1404 1444 0.6689574383245336
1405 1406 0.0019705411878447876
1405 1445 0.42981503501250096
1406 1407 -0.8516246505354834
1406 1446 -0.5319605710695052
1407 1408 -0.729528893262908
1407 1447 -0.7804788526125794
1408 1409 -0.6887303997200327
1408 1448 0.2925440185114039
1409 1410 -0.3970603736279681
1409 1449 0.26000542443649
1410 1411 -0.8338660034395704
1410 1450 0.8630047830911307
1411 1412 -0.7647234704065362
1411 1451 0.03612050316426196
1412 1413 -0.59770129826209
1412 1452 -0.16757551500839596
1413 1414 -0.7112260967198298
1413 1453 -0.3703952531376977
1414 1415 -0.7514325953348362
1414 1454 -0.7410819496402818
1415 1416 -0.4220226790614423
1415 1455 0.9850031491507838
1416 1417 -0.5921514571454924
1416 1456 -0.5493925077510136
1417 1418 0.4143527378459806
1417 1457 -0.5346997683325332
1418 1419 -0.9820694914599661
1418 1458 0.45447646569279754
1419 1420 -0.1553432026405317
1419 1459 0.18322773627084765
1420 1421 -0.7242037887816981
1420 1460 -0.5549598988658255
1421 1422 -0.09608172421499139
1421 1461 0.9960152883882516
1422 1423 -0.867525685912234
1422 1462 0.128322440225207
1423 1424 0.6617806953887226
1423 1463 0.7889526303468146
1424 1425 -0.49419925497929706
1424 1464 0.4154875513163665
1425 1426 -0.36733683087330693
1425 1465 -0.967721373420072
1426 1427 0.06527937586918364
1426 1466 0.15653644570944025
1427 1428 -0.22527107416769354
1427 1467 0.4364525680383997
1428 1429 -0.232106137338284
1428 1468 0.17437355265771814
1429 1430 0.7183037103358247
1429 1469 0.24293682447676135
1430 1431 0.5403052958982566
1430 1470 -0.8852932046050359
1431 1432 0.5225783166070499
1431 1471 0.6645352073178123
1432 1433 0.9258119038504022
1432 1472 -0.1374497264687049
1433 1434 -0.06955193424249684
1433 1473 -0.01917462619202226
1434 1435 -0.8181974865719068
1434 1474 0.5549156699953555
1435 1436 -0.4205408541146829
1435 1475 -0.6533646048437873
1436 1437 0.21164312197739088
1436 1476 0.4388515907385404
1437 1438 0.6788735084199795
1437 1477 0.25050980806455403
1438 1439 0.3916066126700539
1438 1478 0.6328646146874741
1439 1440 0.6770673284716768
1439 1479 -0.28651889616779735
1440 1480 -0.9254626963232144
1441 1442 -0.38253268540432916
1441 1481 -0.07400721169116586
1442 1443 0.3933918043788258
1442 1482 -0.14589301397254473
1443 1444 0.5708414431710194
1443 1483 -0.7086411332331322
1444 1445 0.7381167726113398
1444 1484 0.7438098146919709
1445 1446 -0.1523401322668818
1445 1485 0.4246534456871862
1446 1447 0.5975254225032189
1446 1486 0.372434952487932
1447 1448 -0.4120088443632346
1447 1487 -0.22346315871278022
1448 1449 0.39444961055637817
1448 1488 0.46755532992773685
1449 1450 -0.8857137118626499
1449 1489 0.9793924529056295
1450 1451 -0.2583245102203515
1450 1490 -0.9086029647942615
1451 1452 0.9431538367068841
1451 1491 0.08475251952700424
1452 1453 0.912987015832452
1452 1492 0.6022704281367293
1453 1454 0.69586710181966
1453 1493 -0.6816502227664416
1454 1455 -0.2572157110591118
1454 1494 -0.7425251572672702
1455 1456 -0.9863447665071601
1455 1495 0.5982467429594902
1456 1457 -0.4792036532593893
1456 1496 0.46643166774513967
1457 1458 -0.44874297371999816
1457 1497 0.34664489044963487
1458 1459 -0.44367288270195315
1458 1498 0.31121412661006964
1459 1460 0.07332325397688222
1459 1499 0.3319890190051715
1460 1461 -0.27724015996330253
1460 1500 -0.9641658738730836
1461 1462 -0.35611161723383034
1461 1501 0.7611682121577787
1462 1463 -0.7765174055015989
1462 1502 -0.5712639363113721
1463 1464 0.7180093454915175
1463 1503 0.38861251923417406
1464 1465 -0.5482019359509269
1464 1504 -0.3146276576506746
1465 1466 -0.8462738698119858
1465 1505 0.9126476311365845
1466 1467 -0.16988173896298853
1466 1506 -0.758934384710543
1467 1468 -0.051167781598445705
1467 1507 -0.8871559779263027
1468 1469 -0.7747566048420742
1468 1508 0.936680440459168
1469 1470 -0.17194223025925415
1469 1509 0.46303904083683767
1470 1471 -0.48909669737987826
1470 1510 0.9261473828713442
1471 1472 -0.33214445688264393
1471 1511 -0.32163180747064146
1472 1473 0.4363029089403856
1472 1512 -0.6671817128672848
1473 1474 -0.6166358113599331
1473 1513 -0.38985356232444546
1474 1475 0.42654005198188316
1474 1514 -0.24338317537040388
1475 1476 0.06529688105487552
1475 1515 0.3891349158893498
1476 1477 0.6973945625029894
1476 1516 -0.7074086586740933
1477 1478 0.9159251505209718
1477 1517 -0.3644494953791684
1478 1479 0.8983978821329368
1478 1518 0.004100438097989212
1479 1480 -0.2942961686938208
1479 1519 0.7394471132251939
1480 1520 0.5552352923615405
1481 1482 0.48369440136693354
1481 1521 -0.028349542582206677
1482 1483 -0.7308590827106247
1482 1522 -0.33728557807518866
1483 1484 0.6545526579591943
1483 1523 0.16141074122377153
1484 1485 0.4352728708266973
1484 1524 -0.8044253120441653
1485 1486 -0.45039523333079434
1485 1525 0.8544166286913768
1486 1487 0.3970932766931867
1486 1526 -0.8412842461383727
1487 1488 0.8217477285417234
1487 1527 -0.1272043744540894
1488 1489 0.7506703843021558
1488 1528 -0.17366776789604121
1489 1490 0.0723781778668684
1489 1529 -0.39985629360614716
1490 1491 0.23690702495573812
1490 1530 0.8665224507342588
1491 1492 -0.5729970954213146
1491 1531 -0.3784855199480044
1492 1493 0.024217209065586554
1492 1532 0.32092650306758097
1493 1494 -0.7424624081311515
1493 1533 -0.6559562844804554
1494 1495 0.5468437511244368
1494 1534 -0.19443441270989492
1495 1496 0.05160234044214951
1495 1535 -0.9159574506010149
1496 1497 0.05516038638797016
1496 1536 0.7210550736630084
1497 1498 -0.9410006169860987
1497 1537 0.08052621646273805
1498 1499 -0.902030685435603
1498 1538 -0.28925208755732457
1499 1500 0.9510471197778192
1499 1539 0.06704061754472979
1500 1501 0.389133559880825
1500 1540 -0.09266757751671006
1501 1502 -0.997106313296221
1501 1541 0.35914913137593163
1502 1503 -0.8548049548738763
1502 1542 -0.777446771418917
1503 1504 0.055840326512418104
1503 1543 -0.6506711526418509
1504 1505 -0.24609171519718198
1504 1544 0.5218838387025171
1505 1506 0.16870009974932065
1505 1545 -0.10783024722959911
1506 1507 -0.1523787048188776
1506 1546 -0.7759146536430324
1507 1508 -0.9219973860957205
1507 1547 -0.8984833284690297
1508 1509 -0.6364370010896401
1508 1548 -0.06753870487857494
1509 1510 -0.19837284819813283
1509 1549 -0.6868651509128603
1510 1511 0.13754377570876475
1510 1550 0.15667261319368064
1511 1512 0.9293689931635798
1511 1551 -0.6751752849388959
1512 1513 0.8559986320144068
1512 1552 -0.7489397290070263
1513 1514 0.7797087161510048
1513 1553 -0.27008907302139695
1514 1515 -0.01893038382151646
1514 1554 -0.6960152187798636
1515 1516 0.03143441817095338
1515 1555 -0.8586677041789343
1516 1517 -0.37441934104229535
1516 1556 -0.9499534407945576
1517 1518 0.7113192288372476
1517 1557 -0.8250166970290993
1518 1519 -0.9425517854668497
1518 1558 -0.583935958248494
1519 1520 0.5177334865035881
1519 1559 -0.883340318028808
1520 1560 0.6360268750648979
1521 1522 -0.7262477624050983
1521 1561 -0.31292694059128334
1522 1523 0.18069170861267025
1522 1562 0.8813227867927762
1523 1524 -0.4212543768431276
1523 1563 0.026486799687478024
1524 1525 -0.40284114373120206
1524 1564 -0.028155888025054088
1525 1526 0.08392567586751887
1525 1565 -0.5167010128254887
1526 1527 -0.6720354448255474
1526 1566 -0.9568317118582657
1527 1528 -0.752301845212821
1527 1567 -0.4553025056985327
1528 1529 -0.7150340530175183
1528 1568 -0.4793781392177088
1529 1530 0.6675744869016311
1529 1569 -0.7250696374604844
1530 1531 0.5380179975617636
1530 1570 0.9744942260607079
1531 1532 0.2528148792886429
1531 1571 0.7140468756247322
1532 1533 -0.7152571511346955
1532 1572 -0.17361325397276617
1533 1534 0.5393951009413147
1533 1573 -0.7451399370171541
1534 1535 -0.7663497520292171
1534 1574 0.30269967076843196
1535 1536 0.32637985488287247
1535 1575 0.4049156010471231
1536 1537 -0.8479164449158643
1536 1576 -0.8968917763928301
1537 1538 -0.19932216849276707
1537 1577 -0.6772834495119608
1538 1539 0.26631534013183944
1538 1578 -0.7478971256721691
1539 1540 0.09290700387783724
1539 1579 0.22809367677154135
1540 1541 -0.3080665501197595
1540 1580 0.7352957624932721
1541 1542 0.7703855975756089
1541 1581 -0.4401360956739595
1542 1543 -0.10314706596526713
1542 1582 -0.6686809333340529
1543 1544 0.8626054566694674
1543 1583 0.7083783685810754
1544 1545 -0.6146994782577242
1544 1584 -0.8415726946474156
1545 1546 -0.684326701448732
1545 1585 0.8760549075665893
1546 1547 -0.36517681619485454
1546 1586 -0.19930939832641892
1547 1548 -0.3211168561621076
1547 1587 0.8572574475297765
1548 1549 -0.8234811803580324
1548 1588 -0.6856981408764693
1549 1550 0.9593833191134713
1549 1589 0.744696729007946
1550 1551 -0.48898273967391126
1550 1590 -0.09849913828722445
1551 1552 -0.05375556878443555
1551 1591 0.183865328675604
1552 1553 0.3506094555088457
1552 1592 -0.946713390687417
1553 1554 0.9417356275538042
1553 1593 -0.6664010964266207
1554 1555 -0.9875214280984264
1554 1594 -0.3284837834272716
1555 1556 0.18065899057026025
1555 1595 0.4258138082120402
1556 1557 0.2479931904723125
1556 1596 0.8386511850660385
1557 1558 0.5646810193444189
1557 1597 -0.3456560491368661
1558 1559 0.6105229069319622
1558 1598 -0.7032509107451124
1559 1560 0.8885889970177911
1559 1599 -0.5832545461620575
1560 1600 0.394386600463569
1561 1562 -0.35114766065511405
1562 1563 0.9851154383452805
1563 1564 0.2577028061292941
1564 1565 0.010106734402682394
1565 1566 -0.12560666313699542
1566 1567 -0.8049709461799417
1567 1568 -0.9872463437974348
1568 1569 -0.2206291971146943
1569 1570 -0.3560720560745556
1570 1571 0.8702338549663635
1571 1572 -0.09312461688026286
1572 1573 0.7896327389641538
1573 1574 -0.8177508312050705
1574 1575 0.5763680959204227
1575 1576 0.3992324185463725
1576 1577 0.6925256083614197
1577 1578 0.8234713474879751
1578 1579 -0.36573097037519764
1579 1580 0.09486526333406498
1580 1581 0.9327308925060949
1581 1582 0.6954875401242597
1582 1583 -0.37120570214178206
1583 1584 0.0522294779601975
1584 1585 -0.6332047689844074
1585 1586 -0.9212931186672604
1586 1587 -0.6193161304335513
1587 1588 -0.34235592690403305
1588 1589 -0.7284593880280008
1589 1590 0.47584760422443706
1590 1591 -0.4576684289766433
1591 1592 0.31577244451292197
1592 1593 0.728557398531293
1593 1594 0.06356198364863475
1594 1595 -0.32382352296701145
1595 1596 -0.646360448233102
1596 1597 -0.9904664589930954
1597 1598 -0.0788434695841369
1598 1599 0.2446007979891649
1599 1600 0.33316833725655304
