1 2 0.7857203028720032
1 11 -0.3360403893976456
2 3 -0.8910509843552907
2 12 0.43727447312838863
3 4 0.4930214343699699
3 13 0.4481411348233766
4 5 0.7705281594747433
4 14 0.953106040815356
5 6 -0.49677171365904393
5 15 -0.9172489973981965
6 7 0.6563133701978943
6 16 -0.44729908113472194
7 8 0.13359354265010248
7 17 -0.7741633304257072
8 9 -0.03299284381934453
8 18 0.24629990227215015
9 10 -0.4676039096116811
9 19 -0.7153445731997732
10 20 0.8305367714850735
11 12 0.6424582461156636
11 21 -0.9166067485495002
12 13 0.6043411248489508
12 22 0.4728132876228779
13 14 -0.18778440788322137
13 23 0.9787596965600047
14 15 0.6738171858143651
14 24 -0.6383507478281214
15 16 0.9174452006319476
15 25 -0.8675590383731369
16 17 -0.7486833166667519
16 26 0.1255621589853524
17 18 -0.8744475203374715
17 27 0.14944844993404782
18 19 0.9461450097585322
18 28 -0.2905049409162823
19 20 0.9029986216593338
19 29 -0.5047760948200732
20 30 -0.9624662155377357
21 22 -0.7846866401280641
21 31 0.19010412841248048
22 23 0.4182635015623346
22 32 0.08187370860505627
23 24 -0.09900143850966803
23 33 -0.25238313179929417
24 25 0.23682101690917667
24 34 -0.04778225345331166
25 26 0.02588037217127681
25 35 -0.3174068175601581
26 27 -0.4653219892521123
26 36 0.5500698566127167
27 28 -0.02902946841862053
27 37 -0.3971558057297204
28 29 -0.550708731558589
28 38 0.9574276112529416
29 30 -0.2876276703161711
29 39 -0.9021218238684929
30 40 -0.45887318322697346
31 32 0.05963472438564321
31 41 -0.16238514288669137
32 33 -0.7503516512387804
32 42 0.9152945909393368
33 34 0.4192572123384042
33 43 -0.835082893376583
34 35 -0.1916866906545438
34 44 0.48376737509801826
35 36 0.3200196372907955
35 45 0.6888546742375785
36 37 -0.6411873089209219
36 46 0.5665133426749911
37 38 -0.920408883906743
37 47 0.26778827294822616
38 39 0.1741488420016255
38 48 0.9633627774750013
39 40 -0.5237386575791902
39 49 0.7656495111254102
40 50 -0.8057392172593587
41 42 -0.32918430145334154
41 51 0.24503886439218037
42 43 -0.19348740253016028
42 52 -0.5660976793528798
43 44 -0.20325416237743354
43 53 0.5417619326157594
44 45 0.6518665783383673
44 54 0.36645966097528326
45 46 0.2077331134142113
45 55 0.17442738195147056
46 47 0.21599264166858534
46 56 -0.9165022476928935
47 48 -0.7513286335989127
47 57 -0.9767883111692253
48 49 0.9373321606308882
48 58 0.41020787144277615
49 50 0.928866032214015
49 59 0.3120556482290191
50 60 -0.7589035459649058
51 52 -0.12371714778225185
51 61 0.47176421269738045
52 53 0.43455169290663886
52 62 0.9884148768438752
53 54 0.5295019670009342
53 63 -0.4322812328846053
54 55 -0.7214567890180552
54 64 0.40565011479682234
55 56 -0.7659339289307163
55 65 0.42090067088555383
56 57 0.1225502643832026
56 66 0.3362754696538841
57 58 -0.44666682264293733
57 67 -0.39690891981167753
58 59 -0.9612283820380045
58 68 0.225660778904198
59 60 -0.4062777863383107
59 69 -0.881328054603995
60 70 0.49011093157374575
61 62 0.03607282399853751
61 71 0.1577172004523142
62 63 -0.4887718887983299
62 72 0.3426188638785608
63 64 -0.6209156192592389
63 73 -0.05749807052936995
64 65 -0.8823254196717238
64 74 -0.6146690504975683
65 66 -0.5909534843097344
65 75 -0.019264413485680754
66 67 0.8767852133331688
66 76 0.5720117176239266
67 68 -0.6393647369933115
67 77 -0.8660440738370658
68 69 -0.500881661920354
68 78 -0.7411285854919472
69 70 0.7288729698646219
69 79 -0.6897182051584951
70 80 -0.7729807308241559
71 72 0.2907101917911876
71 81 0.9804485427468328
72 73 0.1980118262782331
72 82 0.4346642911110261
73 74 -0.33038791099475295
73 83 0.4694700874273019
74 75 0.8495875299103925
74 84 -0.18979508527201672
75 76 -0.9267829391279785
75 85 -0.36919284882245806
76 77 0.5008609430416748
76 86 -0.005898048330893468
77 78 0.558467907052054
77 87 -0.19850305154336767
78 79 -0.2674777301939455
78 88 -0.5998129897715598
79 80 -0.46090381996708074
79 89 0.09640930142187543
80 90 0.8604865083346089
81 82 0.6397163938436827
81 91 -0.17359813036763838
82 83 0.8746990692898091
82 92 -0.29638046292059594
83 84 -0.6217857689302713
83 93 -0.33779185175782467
84 85 -0.7034169347981136
84 94 0.3645742613491676
85 86 0.7260608141986837
85 95 0.11693323644833775
86 87 -0.9145349966942447
86 96 0.6337349928914868
87 88 -0.5083702973864943
87 97 0.04754437571200221
88 89 0.5329628273513407
88 98 0.8683623301656362
89 90 -0.49544511991091955
89 99 0.6893561712692466
90 100 0.283743678846174
91 92 0.7525353104132548
92 93 -0.49273180505720804
93 94 0.6884568416451378
94 95 -0.6730224984707631
95 96 0.09341565255297124
96 97 -0.9727525116163218
97 98 -0.49002861221356997
98 99 -0.9471952038821221
99 100 0.004429765093004079
