1 2 0.027886687545380484
1 11 0.5463301041585935
2 3 0.7409989105435002
2 12 -0.7797776434867967
3 4 -0.29674705580123484
3 13 0.4296233328505197
4 5 0.2418870826445989
4 14 0.24214045337762768
5 6 -0.5429648746704623
5 15 -0.9285405604370689
6 7 -0.5260960658739697
6 16 -0.21455250595976705
7 8 -0.8475077291967945
7 17 -0.5874434596456617
8 9 -0.14286235100966738
8 18 0.9161739030790228
9 10 0.3219283440702929
9 19 0.8679626767075121
10 20 -0.17424965940055026
11 12 0.7408553714496253
11 21 -0.9839061029403642
12 13 -0.39981603921243236
12 22 -0.050188468099062966
13 14 -0.28512927349646877
13 23 -0.896762892009848
14 15 -0.6996547316079338
14 24 0.0765490919700278
15 16 0.9290585564400142
15 25 -0.8506801068844372
16 17 -0.8346695706565952
16 26 0.6471016009209674
17 18 0.7766367711632369
17 27 -0.17458981010959262
18 19 -0.6086191999494888
18 28 0.033178587976498086
19 20 0.6090739502172071
19 29 -0.051049394992704444
20 30 0.19335803118873618
21 22 -0.38052814898959175
21 31 0.9152074787317819
22 23 0.34587343833317163
22 32 -0.48481513415876454
23 24 -0.3681619912960685
23 33 0.9976092231299618
24 25 -0.7593055129765984
24 34 -0.6939489559572074
25 26 0.4609604817069175
25 35 0.005259847221243286
26 27 -0.42100739241625007
26 36 -0.67200383517858
27 28 -0.5909780030424434
27 37 -0.3061372652561811
28 29 -0.19681158245918584
28 38 -0.4423672508288312
29 30 -0.012112771734719585
29 39 -0.48920997516984266
30 40 0.9909990770581827
31 32 0.026233424535774263
31 41 -0.36343115025580275
32 33 0.40230263944897504
32 42 0.31400011874852485
33 34 -0.42419028676537174
33 43 -0.07640825716838817
34 35 -0.09964288637194918
34 44 -0.14185530558658233
35 36 -0.8147783304279479
35 45 0.047898708718677296
36 37 -0.673729899397715
36 46 -0.44407261445769186
37 38 -0.17560215647774102
37 47 0.510569016456486
38 39 0.20817899100914738
38 48 -0.8406551661213426
39 40 0.2149883164247519
39 49 -0.8734618539776793
40 50 -0.09135630483951718
41 42 0.07839987485129618
41 51 -0.5574901151444802
42 43 -0.6359844845762115
42 52 -0.35587401434179844
43 44 0.47053622196794653
43 53 0.8873579014907194
44 45 0.46732416167646895
44 54 -0.8528568998769859
45 46 -0.13156407704103312
45 55 0.09603281340893455
46 47 -0.9858749542626735
46 56 0.4975111953140665
47 48 -0.7338318972365057
47 57 0.7096422376333116
48 49 -0.009704184345439515
48 58 -0.05185602898281294
49 50 0.14294690702249357
49 59 -0.8170415090309961
50 60 0.5211152264816046
51 52 0.61296271584854
51 61 -0.3154907487706313
52 53 0.7750749138416566
52 62 -0.8333016779004865
53 54 -0.6491947146689125
53 63 -0.5751572481938665
54 55 -0.4424283404741167
54 64 -0.6694124508379864
55 56 0.8700139366016799
55 65 0.9901006059138697
56 57 0.7076297880113938
56 66 0.8514048648933399
57 58 -0.24038364768585918
57 67 -0.04624399198325224
58 59 0.4716108742528822
58 68 -0.4130873939531585
59 60 0.04106829871609419
59 69 0.19530481297205515
60 70 0.37611236338722365
61 62 0.07777769813428925
61 71 -0.9882524288978833
62 63 0.49312824028081637
62 72 -0.8752999020330472
63 64 -0.7350447740988766
63 73 -0.5826376155050408
64 65 0.016176276921176846
64 74 0.15850230516302855
65 66 0.32463614756119274
65 75 -0.2917394558478319
66 67 -0.39571017638364214
66 76 -0.051739277161101604
67 68 -0.7396926058581834
67 77 -0.45560524707854366
68 69 -0.5658222530158821
68 78 -0.588838769116383
69 70 0.5452827382658585
69 79 0.050224056310825604
70 80 -0.565153943820252
71 72 0.34630495636105074
71 81 -0.5799514756425237
72 73 0.4629622531454569
72 82 0.48502270998708763
73 74 0.9913758890870588
73 83 -0.5067083361653746
74 75 0.2772158564549918
74 84 -0.5719485913209563
75 76 -0.12168597193532693
75 85 0.5510317530652633
76 77 0.48063093573932125
76 86 0.30127444556458105
77 78 0.8916759434774779
77 87 -0.051288946636176114
78 79 0.9641007151162164
78 88 -0.0941525989426919
79 80 0.2785502751020217
79 89 0.08073378418070098
80 90 -0.49059025032409553
81 82 0.8651151857574237
81 91 -0.2515105010370158
82 83 -0.18416837309667744
82 92 0.9827659977969623
83 84 -0.7798936827782343
83 93 0.004640476530010984
84 85 -0.16484470315413935
84 94 -0.0663716388014024
85 86 0.2573812376042075
85 95 -0.8040181577087147
86 87 -0.4647645552630495
86 96 -0.22145743842879395
87 88 -0.6951467653812631
87 97 0.10429407034645455
88 89 0.9173699384875662
88 98 0.7922131194516673
89 90 -0.4688351295243922
89 99 -0.3780430165278186
90 100 -0.863111997239993
91 92 0.5048378441718928
92 93 -0.09572540248321637
93 94 -0.0877563695532746
94 95 -0.8338615687655606
95 96 0.3031721201455644
96 97 0.8104817579872925
97 98 0.241338410398384
98 99 -0.11818592646205728
99 100 -0.1138577440830082
