1 2 -0.5534178416929223
1 11 0.046326682801352215
2 3 -0.7582424969220862
2 12 0.83537401548945
3 4 0.5425888932495304
3 13 0.6322846525776988
4 5 -0.13868964067662737
4 14 0.9154571996229015
5 6 0.7407216835513775
5 15 0.9330523208053558
6 7 -0.12598437753173974
6 16 0.8665219187748021
7 8 0.22247718304056163
7 17 0.32184601225666576
8 9 -0.5531408522308381
8 18 0.2767998655895729
9 10 0.1468515264773531
9 19 0.1360702461191019
10 20 -0.9083764825813139
11 12 0.10140291316236216
11 21 -0.9087960997343874
12 13 0.13289265743839107
12 22 -0.05596136851614553
13 14 -0.7207167925034084
13 23 0.15601349114968222
14 15 -0.9044837977902083
14 24 0.46556360178337663
15 16 -0.0888702892955664
15 25 -0.1991540018566338
16 17 0.41243449688471534
16 26 -0.4657267385142949
17 18 0.014125608009941226
17 27 0.2699465098949414
18 19 -0.7252857172015899
18 28 -0.7412018408044516
19 20 -0.3170149438694583
19 29 -0.7645466800583802
20 30 -0.5591527172353177
21 22 -0.27854232930445466
21 31 -0.5538381166174224
22 23 -0.37086715070557696
22 32 -0.9135685405267477
23 24 -0.3186514559116014
23 33 -0.535569025061867
24 25 0.35133289856278926
24 34 0.05401033558831192
25 26 -0.4021207380731766
25 35 0.6567201334862367
26 27 -0.6404671971680762
26 36 0.31110670971769516
27 28 -0.7835174969795935
27 37 0.9024014311513453
28 29 0.30255146121218757
28 38 0.4348328252113165
29 30 0.08900728280904135
29 39 0.13572990918998928
30 40 -0.8271853075126963
31 32 0.377452323642713
31 41 -0.6725371499982016
32 33 0.5048898339199461
32 42 0.08653808774263605
33 34 -0.6027124928297907
33 43 -0.4570184534226387
34 35 0.1339749037447604
34 44 0.445890498494282
35 36 0.8196823399815116
35 45 0.5322733505025901
36 37 0.644055632533985
36 46 0.8158177341712622
37 38 -0.9331369713482778
37 47 -0.8059820672082039
38 39 -0.8010240572240188
38 48 0.15505132828464085
39 40 0.8290795294590052
39 49 0.252801252383835
40 50 0.3171495527436883
41 42 -0.8593502663889994
41 51 0.882021720491672
42 43 0.5343808514294013
42 52 0.5808975324315737
43 44 0.953705528021386
43 53 -0.5691420434372769
44 45 0.3652067003305257
44 54 0.5906253601985791
45 46 -0.86337043137215
45 55 0.2120530399516265
46 47 0.2523514431062559
46 56 -0.6744549249012155
47 48 0.6938935363417189
47 57 0.22473750791601455
48 49 -0.1709343440354727
48 58 -0.7296280388513319
49 50 -0.008752175622826597
49 59 -0.6291109360156826
50 60 -0.6220826831541246
51 52 0.12736276046965056
51 61 -0.8440153212200259
52 53 -0.8555572412507397
52 62 0.31943166881569507
53 54 -0.28718516587580756
53 63 -0.9632001067387674
54 55 -0.7743089555964124
54 64 -0.6016747356572583
55 56 0.8784322648567571
55 65 -0.795714684509865
56 57 -0.43670761373143496
56 66 0.17641814589723892
57 58 0.40030290793377854
57 67 0.10052025567236811
58 59 0.03522771750395237
58 68 -0.8705504627968308
59 60 -0.22244175217126294
59 69 0.14540858053651418
60 70 -0.5574577361242881
61 62 0.4452810222496797
61 71 -0.6830956529536671
62 63 -0.8934013233115059
62 72 0.3700489054454015
63 64 0.2335805391900283
63 73 -0.5391892244378311
64 65 0.44263845794550716
64 74 -0.21226535503433608
65 66 0.9550790328799044
65 75 -0.2866225512510203
66 67 -0.7765011812575202
66 76 -0.46095543509259973
67 68 0.6228028307496731
67 77 0.2887641511978569
68 69 0.7964160613190279
68 78 -0.8111254245821189
69 70 0.45458378043581615
69 79 0.9754669326636882
70 80 -0.9918312804385114
71 72 -0.49943738651195324
71 81 -0.413025487795605
72 73 -0.1132980759734703
72 82 -0.06400770524007782
73 74 0.4847034721316992
73 83 0.168500416789773
74 75 -0.3216291937643605
74 84 -0.6931086278567578
75 76 0.30837433667812064
75 85 -0.7544285874396095
76 77 -0.9960311979084255
76 86 0.793126748094007
77 78 -0.6050456288620749
77 87 0.5466453239697793
78 79 0.7257071617767945
78 88 0.47694416094714853
79 80 -0.6164227961281241
79 89 0.3459680040385973
80 90 -0.5804151769200283
81 82 0.39322142841718977
81 91 -0.07147182391969653
82 83 0.32211866952991897
82 92 0.3799332638532238
83 84 -0.15979289082048598
83 93 0.41850566438972425
84 85 -0.798851970777563
84 94 -0.1855057862898446
85 86 0.9227043868271638
85 95 0.3023628543432315
86 87 0.8606549164375583
86 96 -0.31953209432521024
87 88 -0.3107915580566094
87 97 0.7008204675109508
88 89 -0.770976947824699
88 98 0.0853750818407768
89 90 -0.16933237088724318
89 99 0.2730163508786929
90 100 0.615837907664331
91 92 -0.569875712571321
92 93 -0.4733410311088724
93 94 0.9440910518067389
94 95 0.16583092893300755
95 96 0.8733556197886474
96 97 -0.15483789828661543
97 98 -0.3174037097123865
98 99 0.9403013445905344
99 100 -0.9880592690960197
