1 2 -0.6394606222464616
1 11 -0.9610495170247508
2 3 0.5179591763210107
2 12 0.636550715728287
3 4 -0.8726271384506892
3 13 -0.2707687140079178
4 5 0.46933544180900344
4 14 0.8658092543746918
5 6 -0.0944816710160048
5 15 0.24566801530597915
6 7 -0.3636256120259047
6 16 -0.5639932494589601
7 8 0.03801548317531789
7 17 0.8449004765417398
8 9 0.1909733809261085
8 18 0.8642972433384435
9 10 -0.8898303357884281
9 19 0.6929939542947174
10 20 0.9043509605884847
11 12 -0.07356294700331079
11 21 0.44986785838429566
12 13 -0.31075101808156513
12 22 -0.36240240627513276
13 14 -0.8599543947509951
13 23 -0.36126458589818
14 15 -0.19934313415638316
14 24 -0.2831241433036875
15 16 0.4799030355957894
15 25 -0.16267313963631835
16 17 0.6898770617443515
16 26 -0.3956706244247785
17 18 0.44782252523922805
17 27 -0.012173997732988218
18 19 0.07770058377015143
18 28 -0.5439262676114855
19 20 0.9781623231587118
19 29 -0.5044007150335956
20 30 0.8230656935381664
21 22 -0.15959279082454514
21 31 -0.0291458036644352
22 23 -0.7766775360106792
22 32 -0.8320937133558859
23 24 -0.8592348097860862
23 33 -0.4194726657293759
24 25 0.6131335818554422
24 34 0.5289821930889429
25 26 -0.2647647498647001
25 35 -0.6619423788184953
26 27 -0.12355865824531254
26 36 -0.8171708261486996
27 28 -0.005007294503475146
27 37 0.2974443965694009
28 29 0.4259258404660695
28 38 0.043146982791606225
29 30 -0.8917693910495723
29 39 0.959386616638011
30 40 -0.618556774294228
31 32 -0.9744383708187827
31 41 -0.025256785360256773
32 33 0.4254518713776858
32 42 0.19908679251531103
33 34 0.5802022468675789
33 43 0.8108006416001436
34 35 0.3052294798311679
34 44 0.6219331479101347
35 36 0.5877448132696141
35 45 0.6660748171688549
36 37 -0.39804166031813226
36 46 -0.8286103879732265
37 38 -0.10445767926857741
37 47 0.10127894190473774
38 39 0.010946337239142068
38 48 -0.7270309734889124
39 40 0.5344325692283483
39 49 -0.09160439974579404
40 50 0.9227755435141483
41 42 0.8836133046867323
41 51 0.7015901787535574
42 43 -0.8886526408298432
42 52 -0.04040543668113927
43 44 0.5852427701598524
43 53 0.12363742028975677
44 45 0.2844297174821102
44 54 0.9148881056519103
45 46 0.468425974610706
45 55 0.7505891600473658
46 47 -0.31257338607939134
46 56 0.41860203554287145
47 48 0.9423504072619895
47 57 0.8648274378772749
48 49 -0.7101610761909791
48 58 0.859210228700489
49 50 -0.04348671953432626
49 59 0.8310060081973198
50 60 0.5812270519460163
51 52 0.4599289404416371
51 61 -0.7825278562620501
52 53 -0.1966470387386956
52 62 0.695957995093949
53 54 0.23203677014530277
53 63 -0.27703291559359644
54 55 -0.3322511570978153
54 64 0.476505245697346
55 56 0.29611288395162694
55 65 0.3921323495413145
56 57 0.9479365115305183
56 66 0.2504496801426406
57 58 0.6813708607772897
57 67 -0.7459034777772013
58 59 0.9121165280965742
58 68 0.9318617933986333
59 60 -0.2883398402747961
59 69 -0.8936403424420087
60 70 -0.4018195394160293
61 62 0.7878083405701624
61 71 0.7143084941456592
62 63 0.4356983586797576
62 72 0.20412810249764912
63 64 -0.6623654028290944
63 73 -0.12751813266967815
64 65 0.8996666114743623
64 74 -0.33127169167752
65 66 -0.6139638394668048
65 75 0.5352644698786162
66 67 -0.4613929196429112
66 76 0.31341761237732446
67 68 0.11304221174348816
67 77 -0.26714557791703153
68 69 -0.2844215174083651
68 78 -0.9082595896183734
69 70 0.2279406584467274
69 79 -0.37491048143759276
70 80 -0.5031606355137086
71 72 -0.6698267648095457
71 81 0.26466802764699215
72 73 0.1047676430109945
72 82 0.898204795493275
73 74 0.4656506726963523
73 83 -0.8742247522785991
74 75 0.22326399346962877
74 84 -0.2686596648456938
75 76 -0.3318342113953219
75 85 -0.12408158787444346
76 77 0.2539956383826214
76 86 0.6513044581445004
77 78 0.823590968551948
77 87 -0.37264169379329126
78 79 0.10785454564317187
78 88 0.4726189435641426
79 80 0.3631180859964578
79 89 0.8959000595043076
80 90 0.7585121261047976
81 82 -0.9590327744175347
81 91 -0.7665254624399676
82 83 0.9733466607169372
82 92 -0.3238919007009444
83 84 -0.9585340422376574
83 93 0.5410961328300381
84 85 -0.07691941722539908
84 94 -0.8499960137825686
85 86 -0.3622595204828498
85 95 0.13657933785453258
86 87 0.06738796379270684
86 96 0.8222433296014537
87 88 0.8615318449185387
87 97 -0.5233077975200571
88 89 0.2960929463451938
88 98 -0.8941343017705254
89 90 -0.27884024320647516
89 99 -0.5060036945592485
90 100 -0.4025842472682166
91 92 -0.3672653767749192
92 93 -0.5202506418950532
93 94 -0.40009598113889133
94 95 -0.9613132754035147
95 96 0.3173847028661769
96 97 -0.16899266155031945
97 98 -0.15921845030869686
98 99 -0.5342343347414227
99 100 -0.8940962637831054
