1 2 0.034595767693178514
1 11 0.8939252076296282
2 3 0.6449326782068661
2 12 0.2523660759204922
3 4 0.1769716436846851
3 13 0.5472263381514686
4 5 0.8358916114078596
4 14 -0.7418729447876586
5 6 0.5972004147014127
5 15 -0.23154611450313878
6 7 0.28692042033941045
6 16 0.13669955097679187
7 8 0.27877975742852734
7 17 -0.1659437858725643
8 9 -0.7553055405317737
8 18 0.9971733621874668
9 10 -0.1010060345442334
9 19 0.3773099157389437
10 20 -0.19978528004609775
11 12 0.5309195187938138
11 21 -0.4352083120657746
12 13 -0.7790445721726524
12 22 -0.9989423776614479
13 14 0.3116909160138066
13 23 0.11541351895684593
14 15 0.8328154441316791
14 24 -0.5304048981774059
15 16 -0.8145479910669089
15 25 -0.7465499807601859
16 17 -0.5196361969071759
16 26 -0.4085863937883465
17 18 0.2544649995145116
17 27 -0.20713871175749676
18 19 0.7765243036823766
18 28 0.9192896198559768
19 20 -0.7023039502146087
19 29 -0.7606949551214615
20 30 0.5273359869979048
21 22 -0.5579092734766948
21 31 0.3724441704749337
22 23 0.8843324657109992
22 32 -0.7169984845496205
23 24 -0.6435054668597133
23 33 -0.5188329375639738
24 25 0.23197353727900483
24 34 0.9031755200025284
25 26 0.06879456246195037
25 35 0.014608394150337212
26 27 -0.989950152548519
26 36 -0.7422129028463844
27 28 -0.396373672169281
27 37 -0.20411073545250558
28 29 0.12957089831650603
28 38 -0.40353419178476746
29 30 -0.7186930416601134
29 39 0.6892349674169058
30 40 -0.761647388870988
31 32 -0.6657215937998875
31 41 -0.21511506706993866
32 33 -0.15680694766768055
32 42 -0.30702111970291157
33 34 0.012109264737718561
33 43 -0.20650860234034196
34 35 -0.48973836055532827
34 44 -0.09948970331001927
35 36 0.00706954735561105
35 45 -0.7467864486306923
36 37 0.05831003935733081
36 46 0.294989976369761
37 38 0.6995690568377562
37 47 0.6774774069104814
38 39 -0.6296141650333218
38 48 0.5617055709373842
39 40 -0.25693244574006835
39 49 0.22266735906392876
40 50 0.5972438877676749
41 42 0.23610469450561844
41 51 -0.17613981028250802
42 43 0.739570168794363
42 52 -0.14279637529542732
43 44 -0.03388962911411708
43 53 0.9114796821763718
44 45 0.9450355608529875
44 54 -0.5212580036767227
45 46 0.5825811821126949
45 55 0.19210250824639918
46 47 -0.709276091011614
46 56 0.38277852092169007
47 48 -0.42923932812918175
47 57 -0.3222834452150367
48 49 -0.6895705071919176
48 58 0.20223790064703806
49 50 0.8214156548731184
49 59 -0.6339013561140314
50 60 -0.5650116927774798
51 52 -0.9950702375982277
51 61 0.7680643647442096
52 53 0.6575029686455114
52 62 0.4357036764520765
53 54 0.8032043856147615
53 63 0.011518643955030328
54 55 -0.6026373946107422
54 64 0.3758927538420551
55 56 0.51553874539834
55 65 -0.08127181622373647
56 57 0.21113038954126417
56 66 0.9270895601248681
57 58 -0.03221605734322286
57 67 -0.23101728936573918
58 59 0.47608004860301123
58 68 0.1326281979546755
59 60 -0.8997619406732338
59 69 -0.47289122727989463
60 70 0.02562712106761067
61 62 0.7698950767529471
61 71 -0.3991806212670381
62 63 -0.7615466116317546
62 72 0.19276834541921772
63 64 0.6414029703258297
63 73 0.6554318521499622
64 65 0.6900183893381437
64 74 -0.09336763636638978
65 66 -0.8510815902709934
65 75 0.2049756869329975
66 67 0.6857091020974857
66 76 0.036628890116833235
67 68 -0.3424253001197197
67 77 0.058006363025385754
68 69 0.5887586127277917
68 78 0.8545200342971442
69 70 -0.2393852742871958
69 79 0.07177708048092102
70 80 0.1530973915509397
71 72 0.17916373042942912
71 81 0.9568538320296618
72 73 -0.7404874045896401
72 82 -0.8449318165456456
73 74 -0.5363333047958911
73 83 -0.8418890271901391
74 75 -0.7972599449260764
74 84 0.2456959411053281
75 76 -0.12880166096726042
75 85 -0.9871434009333127
76 77 0.20695041443165563
76 86 -0.8290084745783306
77 78 -0.8062300714320132
77 87 -0.9532401388248115
78 79 -0.8382755593199109
78 88 -0.7669643566436113
79 80 -0.5881346517408561
79 89 0.5154298944035725
80 90 -0.038626545884081986
81 82 0.6901876442526222
81 91 -0.869849121885613
82 83 0.6624105113808361
82 92 -0.07122877043959508
83 84 -0.06847414704186705
83 93 0.7579516168085463
84 85 -0.8330481262804306
84 94 -0.8934658107021249
85 86 -0.9067402432766136
85 95 -0.16251519998817354
86 87 0.9091088626985264
86 96 0.7902019097801045
87 88 -0.6199226972267902
87 97 0.9246852891480681
88 89 -0.7723975275381361
88 98 -0.4241340977770722
89 90 0.23448298751386343
89 99 0.557824164474263
90 100 -0.013503399506380243
91 92 -0.4105110705652688
92 93 -0.6759750419945021
93 94 -0.7049938825882931
94 95 -0.309043044041609
95 96 0.7565317104185425
96 97 0.11669435212810053
97 98 0.5219122916745196
98 99 0.102804808412011
99 100 -0.611484673395063
