1 2 0.10159580514915101
1 11 0.41629564523620965
2 3 -0.4329498364573625
2 12 0.38627583662599263
3 4 -0.18696016724750275
3 13 -0.06211950260166188
4 5 -0.2527997517021434
4 14 0.3362696094705351
5 6 -0.7414122707822917
5 15 0.10655546361530699
6 7 -0.6158554072127937
6 16 0.4513392478656417
7 8 -0.5812533009552727
7 17 0.4614162482580766
8 9 0.7282393388212876
8 18 -0.41825510834104795
9 10 0.6557256028428418
9 19 0.9304562971878307
10 20 0.5020546146367586
11 12 -0.41819052217411135
11 21 0.02165521039532603
12 13 -0.11909256465852103
12 22 -0.6862645230500735
13 14 -0.4615288434978775
13 23 -0.4164144515491348
14 15 -0.3203026720863642
14 24 0.14558773973775008
15 16 -0.6243703501522435
15 25 0.9042024860624165
16 17 0.5698734068622622
16 26 0.9441967273675316
17 18 0.30224554088319877
17 27 -0.04204340524604455
18 19 0.48216481279912515
18 28 -0.683932690597012
19 20 0.3976199967608469
19 29 -0.03500591645234019
20 30 0.8970552939199095
21 22 0.7858939086953094
21 31 0.7925861778668761
22 23 0.08929803606368947
22 32 0.5606295290227341
23 24 -0.08462720135404411
23 33 0.721067825893853
24 25 -0.34838568387025104
24 34 -0.10970990147293591
25 26 0.36322355761485325
25 35 0.08203934671954238
26 27 0.7019428340830034
26 36 0.08718865319164548
27 28 -0.4504389890087215
27 37 0.3044462501323695
28 29 0.38992687028175177
28 38 0.6828392380622963
29 30 -0.4259004706377343
29 39 0.6673757686863193
30 40 0.681122170972474
31 32 -0.7488293790723275
31 41 -0.5855142437236265
32 33 -0.3872729352476405
32 42 -0.5560842321356372
33 34 0.17250580893564282
33 43 -0.4330242751355804
34 35 -0.8769421383401215
34 44 -0.5146491556313237
35 36 0.41436120161579537
35 45 -0.4722266580949732
36 37 -0.8204182609538704
36 46 -0.022253510767774376
37 38 0.9128990226347609
37 47 -0.12895888764961438
38 39 0.45430415749341857
38 48 -0.2817849502730172
39 40 0.7443590167988519
39 49 -0.8157368163988168
40 50 -0.8887169178966237
41 42 -0.8970655933983402
41 51 -0.11838031269872706
42 43 -0.22405748488870247
42 52 0.8727672997208609
43 44 -0.44404498675279735
43 53 -0.09075584895610644
44 45 0.9432052123471353
44 54 -0.538831591289852
45 46 0.8534513685074556
45 55 0.6783861155999413
46 47 0.8558726951242512
46 56 0.5752363990069527
47 48 -0.8597349898246596
47 57 -0.8845370243540649
48 49 0.45337950298039575
48 58 -0.7210657516350794
49 50 -0.5681010579604466
49 59 0.663522180915733
50 60 -0.3906271341032159
51 52 -0.9402475782428661
51 61 -0.08633355121057784
52 53 0.9519908449458676
52 62 0.34476735182562734
53 54 -0.589179310790025
53 63 -0.5972425779138537
54 55 0.38295502189466046
54 64 0.30095371642747915
55 56 0.45263899685607445
55 65 -0.03952008782917993
56 57 -0.02981154789182372
56 66 -0.08944127703822735
57 58 -0.8342579624048851
57 67 0.9194143745064423
58 59 -0.37236176953355593
58 68 -0.16083448663411093
59 60 0.6966077941589921
59 69 -0.37069400247200535
60 70 -0.687475152657453
61 62 0.2982880952295215
61 71 -0.4430254347040494
62 63 0.8056682170767961
62 72 0.6915017425863585
63 64 0.028070119634883817
63 73 -0.8255412624383907
64 65 0.44787827887496423
64 74 -0.049822778731137385
65 66 0.6842063717532936
65 75 0.4895046468487185
66 67 -0.5640284631812928
66 76 -0.6455732383963528
67 68 0.08152167237298769
67 77 0.6749248653394448
68 69 0.7544240778886342
68 78 -0.692519582857714
69 70 -0.4414108063062874
69 79 -0.13836995596308
70 80 0.005502095348838942
71 72 0.35250980396026255
71 81 0.18172563483270165
72 73 -0.24401191734222172
72 82 -0.8155659822565515
73 74 -0.032828935296826955
73 83 -0.27564757522433325
74 75 0.19332754920372563
74 84 -0.8660611521343473
75 76 0.32065181279922506
75 85 0.8279505340118756
76 77 -0.8527526615612848
76 86 0.784786375174185
77 78 -0.6599329115257306
77 87 -0.4793098545421697
78 79 0.7602495804986311
78 88 0.5979286384416078
79 80 0.07889300052933357
79 89 -0.8088663699867729
80 90 -0.8519244074400072
81 82 -0.9520362352456693
81 91 0.11770817598176397
82 83 0.30682180504707235
82 92 0.11568152477690186
83 84 0.4153732436313422
83 93 0.4934924462040091
84 85 -0.8548757243555332
84 94 -0.6020479474058433
85 86 0.26733112757514954
85 95 -0.26811883029478123
86 87 0.28035323379811783
86 96 -0.7133353650573573
87 88 0.38395502374568546
87 97 0.7911406562839671
88 89 0.9432485941559614
88 98 -0.2645940333930792
89 90 0.6738242774272303
89 99 0.06946974070264189
90 100 -0.8754410391884482
91 92 -0.4814951061850692
92 93 -0.27687047387484376
93 94 0.38218584371152864
94 95 -0.6962780059829179
95 96 0.1056891463008911
96 97 -0.1717461605675854
97 98 -0.31862303107968093
98 99 -0.5901204621844418
99 100 0.5499356300818472
