1 2 -0.9025502383817454
1 11 -0.4217806804203663
2 3 -0.18256334111253492
2 12 0.42672085576895746
3 4 -0.22636713173142886
3 13 -0.1792916428543625
4 5 0.6092193040392957
4 14 0.594905678935963
5 6 0.7146847208076494
5 15 -0.6465408745385497
6 7 0.38104356582770094
6 16 0.558493258501708
7 8 -0.127761724982552
7 17 -0.2733810891856494
8 9 -0.4812876770112864
8 18 -0.7790442155612778
9 10 0.3455396909453494
9 19 -0.4337711128960282
10 20 0.40386918107169034
11 12 0.4419326936624597
11 21 -0.9567675001681004
12 13 -0.4586604546537325
12 22 0.7082057439826881
13 14 0.6203150989852744
13 23 0.20073853076426973
14 15 0.33138729554838964
14 24 -0.5117750065544531
15 16 -0.2529578026993069
15 25 -0.23544247788589567
16 17 -0.9055417399887484
16 26 -0.8508775976591172
17 18 -0.43171345563696395
17 27 0.5440510010606263
18 19 -0.623771893856947
18 28 -0.3520816675797964
19 20 -0.4686886794309584
19 29 0.7622823469909821
20 30 0.9373278094009516
21 22 -0.588154469465122
21 31 -0.8984534866092464
22 23 0.8263279392236111
22 32 0.5215121393292124
23 24 0.7966806771693886
23 33 -0.019935549901964
24 25 0.6387124915091273
24 34 -0.06479761910376869
25 26 0.14129004403104606
25 35 0.022273433082365512
26 27 0.20968907780505752
26 36 0.4247000053464487
27 28 0.43163747124413177
27 37 -0.6743381705066507
28 29 0.33107828655212623
28 38 -0.3760816559984317
29 30 0.07825985850996697
29 39 0.48753026998659843
30 40 0.9026181266710551
31 32 -0.3954562120707663
31 41 0.32782058924939994
32 33 0.03333707551613241
32 42 -0.6643284695569853
33 34 0.6566362644325636
33 43 0.7177789423364778
34 35 0.4782174539681787
34 44 -0.07870706335492739
35 36 0.05815461748558959
35 45 0.04640539802194321
36 37 -0.6984509036567457
36 46 0.22952714900157223
37 38 0.5214155459883472
37 47 0.5716563372757519
38 39 0.04789750922964986
38 48 -0.332463165399389
39 40 0.7956170149706718
39 49 -0.45207781582181794
40 50 0.8741283411054406
41 42 -0.3837712135262423
41 51 0.16718255243719748
42 43 -0.40261541678226864
42 52 -0.43211390993873233
43 44 0.5768902872821859
43 53 0.7753108744144059
44 45 0.7281714991459485
44 54 0.40432858400822647
45 46 0.8637551151860132
45 55 -0.5068481319861142
46 47 -0.6982980239679304
46 56 -0.07653556150001539
47 48 0.4772131937376125
47 57 -0.5423969270742302
48 49 -0.8233302706281755
48 58 -0.8234284903757747
49 50 0.06687104036662772
49 59 -0.7336131161226256
50 60 -0.9077614367918929
51 52 -0.8608580907747989
51 61 0.7348089679861767
52 53 -0.3455748467645381
52 62 -0.07971933241404794
53 54 0.3977215779049763
53 63 -0.09121938477850078
54 55 -0.6640498531340862
54 64 -0.6415070537496628
55 56 -0.5833938979939839
55 65 0.6320607801808937
56 57 0.9605265576945181
56 66 0.6870383156136137
57 58 -0.3395770373066338
57 67 -0.44773555828951306
58 59 -0.49541424982951354
58 68 -0.5634821097357468
59 60 0.9237103815489447
59 69 0.6249118551475683
60 70 -0.5468575417066477
61 62 -0.7335189614965045
61 71 -0.6437506768810033
62 63 0.08873671891527524
62 72 -0.5651982604805561
63 64 -0.388169670422289
63 73 0.6401688098518536
64 65 0.6998100571001817
64 74 -0.2697755063160292
65 66 -0.39226601056929056
65 75 0.35078478182574147
66 67 0.3838295671058336
66 76 -0.07440214434463832
67 68 0.7951968159500185
67 77 0.8502451852442778
68 69 -0.8746216211973616
68 78 0.5555541408728206
69 70 0.3028179965720039
69 79 -0.5954850988457816
70 80 0.021350593003927942
71 72 -0.00814090034768844
71 81 0.7273992891164471
72 73 0.5997366538779529
72 82 0.45336889859307083
73 74 -0.7206706891519601
73 83 -0.1974070030386228
74 75 -0.2379297211782465
74 84 -0.9175850194677184
75 76 0.847316096488395
75 85 -0.8600611606074782
76 77 0.8335472411320268
76 86 0.4651349746165523
77 78 0.23715113045810932
77 87 -0.72139283267207
78 79 -0.007735737108974794
78 88 -0.4514987582336607
79 80 0.9416456058165168
79 89 -0.9289279234273373
80 90 0.6301268503581472
81 82 0.5178876710242286
81 91 0.9409702506983153
82 83 0.6985854267824338
82 92 -0.4649563908358554
83 84 -0.5375753701193287
83 93 0.1809155270867131
84 85 0.26832615382948566
84 94 0.6083566848902608
85 86 0.563538885204995
85 95 -0.9297940219609739
86 87 -0.9957989982143194
86 96 0.3458584999533878
87 88 -0.7249418491668398
87 97 -0.26826401724927984
88 89 0.6196666097349788
88 98 -0.32464776029117504
89 90 -0.15353154742823727
89 99 0.8888284853628323
90 100 0.17776478599915913
91 92 0.5186051055711056
92 93 0.22964942229686924
93 94 0.7725361158702917
94 95 0.7946257952820088
95 96 0.018159325278922278
96 97 0.1574920812359999
97 98 -0.7690609245227946
98 99 -0.6087792167421073
99 100 -0.3615805082901462
