1 2 -0.165955990594852
1 11 0.4406489868843162
2 3 0.6014891373510733
2 12 0.936523151438795
3 4 0.9777221778129894
3 13 0.4963313087596788
4 5 -0.7953311423443483
4 14 -0.17188802436086337
5 6 0.7666121824116197
5 15 0.24734441411121777
6 7 -0.3467101964558077
6 16 0.05411620451521859
7 8 -0.9602397323204088
7 17 -0.9475780262445614
8 9 0.11248046798083777
8 18 -0.72708954867863
9 10 -0.5203044817048277
9 19 -0.012460571462540093
10 20 -0.5796519801703208
11 12 -0.9997712503653102
11 21 -0.39533485473632046
12 13 -0.3731516436815143
12 22 0.38464523133862816
13 14 -0.43911201587118964
13 23 0.578558656902977
14 15 0.3888003154554902
14 24 -0.1716414609461947
15 16 0.5018848680546744
15 25 -0.30220331604431494
16 17 0.771884198621549
16 26 -0.28546047999500046
17 18 -0.9433870239584108
17 27 -0.5075778647939082
18 19 -0.8801646209755767
18 28 -0.7573130885185253
19 20 0.2399114367627595
19 29 0.6579617991003575
20 30 -0.8669270372917701
21 22 -0.7064882183657739
21 31 -0.8153228104624044
22 23 0.7527783045920766
22 32 0.7892133270076946
23 24 -0.793547986844716
23 33 -0.10421294764818967
24 25 -0.9000930821078257
24 34 0.07179281183102315
25 26 -0.46014421646994785
25 35 0.7917724363921337
26 27 0.8170703018395984
26 36 0.24672023158360545
27 28 0.720055897365776
27 37 0.07766212868330569
28 29 -0.9108962429104766
28 38 -0.7850117417878142
29 30 -0.6864172107078315
29 39 -0.962847595645181
30 40 0.6095091274866908
31 32 -0.6274795772446582
31 41 -0.3088785459139045
32 33 -0.8299115772604442
32 42 -0.9218904335342353
33 34 0.8171910061861911
33 43 -0.412771703252641
34 35 0.32758929043957763
34 44 0.029778224116617125
35 36 -0.14381762025741018
35 45 0.9296800942967711
36 37 -0.9683575143068874
36 46 0.8588744674875226
37 38 0.10564395737153176
37 47 0.6840617847192114
38 39 -0.5485813227842906
38 48 0.4259779607653533
39 40 -0.8599557125615553
39 49 -0.02730977812593638
40 50 0.27892176175988026
41 42 -0.20646505153866013
41 51 0.07763346800671389
42 43 -0.6603391608708622
42 52 0.7562850068588263
43 44 -0.4244493228273025
43 53 -0.7399428557634447
44 45 0.8891895119816267
44 54 0.17311008100398584
45 46 0.32688299563689616
45 55 0.24339144041824357
46 47 0.3817938350338479
46 56 0.994645700902961
47 48 -0.7516533697601777
47 57 -0.441632641977721
48 49 0.11943396410828488
48 58 -0.9748880396817683
49 50 0.2126589233066607
49 59 0.13770287417296267
50 60 0.8496159407987014
51 52 -0.1616109711934104
51 61 0.370439000793519
52 53 -0.8033063323338998
52 62 -0.15778474998989567
53 54 -0.9612660842594059
53 63 0.3576710658797819
54 55 0.806803830575767
54 64 -0.725050591707525
55 56 -0.7705080540932496
55 65 0.8989785174141425
56 57 -0.6553189833093429
56 66 -0.7257285007422445
57 58 0.17151854291657576
57 67 0.9391914966393491
58 59 -0.8560514406210264
58 68 0.934552660000544
59 60 -0.3652751813556785
59 69 0.9772323088248978
60 70 -0.8680778186319524
61 62 -0.5910955005369651
61 71 0.7562348727818908
62 63 0.9157790603010039
62 72 0.06633056994603415
63 64 -0.5767437679998819
63 73 -0.4689066812555476
64 65 -0.7214473054984829
64 74 0.6147825774190476
65 66 -0.10017573304011895
65 75 0.15677922877426353
66 67 0.8651909260743271
66 76 0.39363632297980033
67 68 0.1220604385114199
67 77 -0.962705421254114
68 69 0.13620092383988425
68 78 -0.593413530678019
69 70 0.15949043849159383
69 79 -0.2397176547528992
70 80 0.5443560590864935
71 72 -0.9452248136041477
71 81 0.34093502035680445
72 73 0.3837542279009467
72 82 -0.3689687379878741
73 74 -0.01685368143932342
73 83 -0.8932749097658392
74 75 -0.20464632602893285
74 84 -0.6692916057661344
75 76 -0.18372639447743766
75 85 -0.5259460395139446
76 77 -0.867999654555875
76 86 0.5109261052049328
77 78 0.6012653453612327
77 87 -0.5340514523179591
78 79 -0.49534851085935316
78 88 0.4876517081501859
79 80 0.10189643823579364
79 89 0.4906688618130042
80 90 0.8639441383936746
81 82 -0.16539039526574606
81 91 0.11737965689150331
82 83 0.3730018553631673
82 92 0.6692513437947458
83 84 0.14823521098402614
83 93 -0.7065428501883797
84 85 0.8550171607920678
84 94 -0.3044682805089869
85 86 0.8067590411245076
85 95 0.1473589733445717
86 87 0.5077523769224928
86 96 0.8460490710929667
87 88 0.6142103912375583
87 97 -0.2242787118716565
88 89 -0.6091410377813624
88 98 0.16271785454651555
89 90 0.3384657869063692
89 99 -0.4701608846743812
90 100 -0.531275827757159
91 92 -0.7192261228095325
92 93 -0.9634234453116164
93 94 0.1786110738065685
94 95 0.5016242062723111
95 96 -0.9942593459376821
96 97 0.4230495172569435
97 98 0.7270837091188573
98 99 0.9400399781766247
99 100 -0.8673303311431169
