1 2 0.542641286533492
1 11 -0.958496101281197
2 3 0.08508873602252254
2 12 -0.7156599047969461
3 4 0.09517231183848707
3 13 0.6385739913401374
4 5 0.19474329646176858
4 14 0.8056635206632548
5 6 0.21115512878751352
5 15 0.026933254816576824
6 7 0.156272859764935
6 16 0.7078675010009727
7 8 -0.5624613016409266
7 17 0.5049923404372056
8 9 0.1460578080663717
8 18 0.583513992553248
9 10 -0.4081924755583253
9 19 -0.9248846481166446
10 20 0.6887715890786952
11 12 0.26729646985255084
11 21 0.4976077650772237
12 13 -0.2533184798970616
12 22 0.34826723013269056
13 14 -0.6021049206423754
13 23 0.7137006049154664
14 15 0.06911589760363013
14 24 0.18040272597084583
15 16 0.1956732959259473
15 25 -0.47556867773609945
16 17 -0.8638054529240999
16 26 -0.07093838444133493
17 18 -0.7862408312128617
17 27 0.48920648155112123
18 19 0.12311472055273787
18 28 0.7546704831298694
19 20 -0.9386303192541074
19 29 -0.09378999959753309
20 30 -0.9707302497935002
21 22 -0.0029859753948191514
21 31 -0.5504067089383047
22 23 -0.11633365115400784
22 32 -0.13197201333341257
23 24 -0.2966947211358242
23 33 0.5092953830597144
24 25 -0.9214364655492253
24 34 -0.28563648273092745
25 26 -0.3982573821185855
25 35 -0.9492004358997879
26 27 0.5638982372382968
26 36 0.43720562076450054
27 28 -0.060429413119011066
27 37 0.19651134255821834
28 29 0.16839165706135106
28 38 0.41769965273791043
29 30 0.48972815390013547
29 39 0.1145908124727939
30 40 0.4853491545988682
31 32 -0.603874270480752
31 41 0.5210614243979175
32 33 0.23553395693863433
32 42 0.026276485108781777
33 34 -0.4080765862406426
33 43 0.7678729591223725
34 35 -0.8407738196880716
34 44 -0.38908016331436346
35 36 -0.3938748786979305
35 45 -0.5158482491929453
36 37 0.1720439601063517
36 46 -0.9258111735311843
37 38 -0.7047596154294047
37 47 -0.6319303558136975
38 39 -0.7029330972870829
38 48 -0.14309852206420715
39 40 -0.22977280086902696
39 49 -0.6638544049347628
40 50 -0.1662031859012445
41 42 -0.6617783268749291
41 51 -0.8233203716519795
42 43 0.30079436386293446
42 52 0.20207790680908877
43 44 -0.3489767243355024
43 53 -0.669968204561703
44 45 -0.338561376035736
44 54 0.5476605924211917
45 46 0.11515637732528838
45 55 0.13101403977633508
46 47 -0.29868721743373405
46 56 0.12638136898549002
47 48 0.2901442529364837
47 57 -0.9027439874731888
48 49 0.38778013268482336
48 58 -0.7907605109542937
49 50 0.6765226414073857
49 59 0.19810359492298524
50 60 -0.32264173402132057
51 52 0.3707196367355945
51 61 0.9067866923898731
52 53 0.6104463936654929
52 62 0.043294304787268256
53 54 -0.21494151210682544
53 63 -0.8130792508826994
54 55 -0.9200815826200455
54 64 -0.14101564313672332
55 56 -0.049735505169898886
55 65 -0.4144040474209818
56 57 -0.4005402551508743
56 66 0.024668306547098506
57 58 -0.5027749843944611
57 67 0.08481703245600847
58 59 -0.12078952445081903
58 68 -0.6675957045909326
59 60 0.5654296364899423
59 69 0.6970183637894292
60 70 0.43166174550262837
61 62 -0.9921034673441711
61 71 0.024384526771553228
62 63 0.8172977616173365
62 72 -0.36152782202290945
63 64 0.6422113156738569
63 73 -0.6976959607148723
64 65 -0.3701462563146234
64 74 0.27298228613508924
65 66 -0.8714978786103511
65 75 0.9576382915152852
66 67 0.34693385056944104
66 76 -0.681612533243813
67 68 -0.5464533134599816
67 77 -0.23717693019073582
68 69 0.013957258528094707
68 78 0.6380717282724251
69 70 0.20632595172406965
69 79 0.5621212345805642
70 80 -0.588099483262055
71 72 0.625241923304227
71 81 0.2250521336587763
72 73 -0.8190813014581853
72 82 -0.3985998867275933
73 74 -0.23177110261560085
73 83 0.8885214244776023
74 75 -0.30730569983993394
74 84 -0.9138052875900111
75 76 -0.3205843127242727
75 85 -0.009902738235091357
76 77 -0.8990446596920048
76 86 -0.32436822587064107
77 78 0.8444655738070925
77 87 0.8507137457355536
78 79 -0.8197865305511229
78 88 0.6001375013882904
79 80 0.2314737520671386
79 89 -0.95766961765569
80 90 -0.41233688959246395
81 82 0.4435106348635991
81 91 -0.4162478636587337
82 83 -0.7720312762729005
82 92 0.6573626526153533
83 84 0.9752509498037445
83 93 -0.08739090581043185
84 85 0.759830349035832
84 94 0.5264811742873621
85 86 0.9541614518453636
85 95 -0.11845235019866696
86 87 -0.7838724544410949
86 96 -0.6421943828578192
87 88 0.1334998491499999
87 97 0.06694176997800527
88 89 0.13025270791560906
88 98 0.1786954233612148
89 90 0.500929220974982
89 99 -0.6479157334326122
90 100 0.6071366954864392
91 92 0.8355482450258869
92 93 -0.9062073612215005
93 94 0.6522456876854796
94 95 0.7561932854497166
95 96 -0.3634543890420976
96 97 0.7716541923354114
97 98 -0.9702799507335438
98 99 -0.6037986855674622
99 100 -0.08297158752545397
