1 2 0.5554048211476403
1 11 -0.5249175599301754
2 3 0.8981883633564207
2 12 -0.5642019817366222
3 4 -0.44600728723238103
3 13 0.3908909051069491
4 5 0.11326410286880528
4 14 -0.8545255782313044
5 6 0.9178694639665943
5 15 -0.09352133355280023
6 7 0.3934496877065019
6 16 0.9261961554058573
7 8 0.22369917865108224
7 17 0.8245121686372381
8 9 -0.8578529750751838
8 18 0.24369073790195683
9 10 0.6888285129754392
9 19 -0.21560290650386138
10 20 0.22730906779640336
11 12 0.648557065322737
11 21 0.9314983960859995
12 13 -0.36121726723927083
12 22 0.8355447720011748
13 14 0.8371034962918975
13 23 -0.5110485956040194
14 15 0.6794170208321417
14 24 -0.18936101460373722
15 16 -0.7420838508429191
15 25 0.52113535353478
16 17 -0.4445569405371588
16 26 -0.5327470763040663
17 18 0.08322125656002721
17 27 -0.252109820847608
18 19 0.4414280612462895
18 28 -0.9163827617575409
19 20 -0.6608750426822338
19 29 0.6023581368410016
20 30 -0.5941902142234134
21 22 0.9452022278097867
21 31 -0.09310150516537563
22 23 -0.9361926671202105
22 32 -0.869830925914971
23 24 -0.08382836544647265
23 33 -0.4940146343569871
24 25 -0.7102580219073498
24 34 -0.6181598826668127
25 26 -0.5967318497717695
25 35 -0.6485402735736367
26 27 0.6913441089582895
26 36 -0.5515750587504378
27 28 -0.9735987488702009
27 37 0.6586353890426431
28 29 -0.20951636347273506
28 38 -0.6773223530896166
29 30 0.820257260123098
29 39 0.659154954173071
30 40 -0.2156186741741566
31 32 0.21808492552255587
31 41 0.5510530292096933
32 33 0.25965799821564595
32 42 0.7476268865590774
33 34 -0.24133341703386768
33 43 0.2090776572634221
34 35 -0.018719725869678294
34 44 0.4240487484995066
35 36 -0.12576397469837786
35 45 -0.31947839430437486
36 37 0.37781259911737863
36 46 -0.6930107260432545
37 38 0.6331230554271561
37 47 -0.8405597644875604
38 39 -0.4478338300446829
38 48 -0.5469933533737108
39 40 0.42810185206711315
39 49 -0.8012646920232533
40 50 0.8899340662680388
41 42 0.28322668951813834
41 51 0.4440364590338943
42 43 -0.9825685353924303
42 52 0.49315447398787504
43 44 0.544757519361116
43 53 -0.864165006411171
44 45 0.9698769154020161
44 54 0.7495730034700889
45 46 0.9345062171211387
45 55 -0.7139478458248569
46 47 -0.5928037276888396
46 56 -0.8648022127928461
47 48 -0.6566494046456703
47 57 0.6762980644419998
48 49 -0.390632139389836
48 58 -0.7275332377560975
49 50 0.826602488053755
49 59 0.1559586923315328
50 60 -0.0825733885481108
51 52 -0.9299269517971254
51 61 -0.4031010582216412
52 53 0.6256823420052469
52 62 -0.8485651076554666
53 54 0.37217015837462686
53 63 0.09652019479165053
54 55 -0.0019166321982120316
54 64 -0.7864400120125823
55 56 0.6891170656122361
55 65 0.3388122799613258
56 57 0.49897139086994935
56 66 -0.6398412091639691
57 58 0.12832055772362216
57 67 -0.3004355727979371
58 59 0.38850011519710415
58 68 -0.8942675960329505
59 60 0.8005509035011167
59 69 0.127140343738116
60 70 -0.590799852008443
61 62 -0.8829750162358505
61 71 0.7141218851743978
62 63 0.31291066919391564
62 72 0.01852440016703638
63 64 -0.7240278944834855
63 73 -0.8024935615901632
64 65 0.826425613979286
64 74 -0.27016807822743005
65 66 -0.7813901838409087
65 75 -0.823492919941452
66 67 -0.7514785795001526
66 76 -0.5503854521824072
67 68 -0.7099940742890665
67 77 -0.8029618481659466
68 69 0.16287660162674866
68 78 -0.6405437427355045
69 70 -0.980309118400623
69 79 0.9884787255931844
70 80 0.5912191408228418
71 72 -0.25429194425038504
71 81 0.35969590315619393
72 73 -0.0402332170072337
72 82 0.9111482898621326
73 74 -0.5088817893506887
73 83 -0.6964266748310548
74 75 -0.5468242462011432
74 84 0.7448637246908569
75 76 0.9329240825547807
75 85 -0.611405029573987
76 77 -0.44108089270275164
76 86 -0.9323565379124217
77 78 0.12036283663216141
77 87 0.4201317801261275
78 79 0.013382701118237028
78 88 -0.43696232626314635
79 80 -0.7352043272358575
79 89 0.38527251548263486
80 90 0.7380383562841335
81 82 -0.48744010134673976
81 91 -0.3048375696950161
82 83 -0.9999759328610298
82 92 -0.5060425980161674
83 84 0.8519889589804357
83 93 0.3602100312092842
84 85 -0.7272832964815241
84 94 -0.5272396796943595
85 86 -0.8361998799633097
85 95 -0.4612306094402727
86 87 -0.49120162991724814
86 96 0.33770941284255285
87 88 0.9017420652522907
87 97 0.4961026642523749
88 89 -0.2598462447014145
88 98 0.009057825949740916
89 90 -0.3314234952387545
89 99 -0.639592484781514
90 100 0.36358710641806913
91 92 -0.9811744598380612
92 93 0.424465355823167
93 94 -0.5246821562406334
94 95 0.1907984907047584
95 96 0.30026103602626675
96 97 0.5198381612414829
97 98 -0.25550797515176393
98 99 -0.7553375774176454
99 100 -0.7188046696564909
