1 2 0.6976353945371574
1 11 -0.642208150158003
2 3 0.997086805454344
2 12 -0.2544260433442236
3 4 -0.8406677892202044
3 13 -0.8863375971758325
4 5 -0.2573348684643504
4 14 -0.8045382406882735
5 6 -0.7448156900959211
5 15 -0.3926925204256009
6 7 -0.9699916873001995
6 16 0.799454817621909
7 8 -0.19742300052810968
7 17 0.1800109228113973
8 9 -0.7692233025940047
8 18 -0.6809284989956474
9 10 0.59477099157076
9 19 0.9382621141679188
10 20 0.18179202469504885
11 12 -0.8912735713871371
11 21 -0.2769231078235541
12 13 0.5210205478578993
12 22 -0.05305111463367762
13 14 -0.8433381827338222
13 23 0.3913556212782552
14 15 0.45504509715582464
14 24 -0.08111114932856855
15 16 -0.40940685660236276
15 25 0.13821007528515117
16 17 0.23080033383490073
16 26 0.9418841366250685
17 18 0.9878294024557581
17 27 0.22301774709598376
18 19 0.49087645524502643
18 28 -0.05531661174482139
19 20 0.9370105014356145
19 29 -0.8419409898157926
20 30 -0.6031389189145497
21 22 -0.44919814278717607
21 31 0.06000044979085062
22 23 0.019430611635309347
22 32 0.8900768343808854
23 24 -0.9416820781897142
23 33 -0.0010151605418320386
24 25 0.04099294961948208
24 34 0.36913808580702834
25 26 0.48683925893199786
25 35 -0.3399696294593315
26 27 0.24324066815677092
26 36 0.8725249125324808
27 28 0.36604270179842113
27 37 -0.8075774129617372
28 29 0.2604058563942193
28 38 0.6240273805715368
29 30 -0.6305140439400179
29 39 0.767071469774322
30 40 -0.4944619458036601
31 32 -0.388162168528168
31 41 -0.39105128169171377
32 33 -0.7811067033163401
32 42 -0.06981367847032893
33 34 -0.7347313645110776
33 43 -0.9384887329084297
34 35 -0.1494194094152983
34 44 0.20694611462250978
35 36 0.21570461474505676
35 45 0.03135070629660475
36 37 0.1980793427944374
36 46 -0.7214425693616893
37 38 -0.13195665688048774
37 47 -0.7416826094011819
38 39 -0.8679977549058775
38 48 -0.4001621606015353
39 40 0.48902745669679937
39 49 -0.6659675090929682
40 50 0.9017216077277204
41 42 -0.7765174476488106
41 51 -0.500201972239771
42 43 -0.7168894801983972
42 52 0.07669752431385124
43 44 0.27897885662775845
43 53 -0.10800370496077494
44 45 0.6476982169128216
44 54 -0.0962574731144541
45 46 0.8396014492465464
45 55 -0.5972667776293765
46 47 0.3567494464779377
46 56 0.0926780946662058
47 48 -0.5691932618073634
47 57 0.7001318930792078
48 49 0.24716410723680915
48 58 -0.013624925515278496
49 50 -0.12298138141222248
49 59 0.025314859603023043
50 60 -0.7335125005100029
51 52 0.8352597956731249
51 61 -0.47170629349325277
52 53 -0.40200268699950903
52 62 0.07549043883767204
53 54 0.9492132714390935
53 63 -0.3404681352568173
54 55 0.7758904020666113
54 64 -0.5592009266527223
55 56 -0.9967104844798591
55 65 -0.8565336065304661
56 57 -0.9819112329326749
56 66 0.5495404798401282
57 58 -0.26002150726785755
57 67 -0.5435750412909091
58 59 0.5784394579545258
58 68 0.6775798552381922
59 60 -0.5652366859654743
59 69 -0.7967131358968331
60 70 -0.1792026386584633
61 62 0.43554737494711215
61 71 0.7314300683803081
62 63 0.3312550756497088
62 72 -0.27134239886370803
63 64 -0.6091503535736258
63 73 0.3680924246268189
64 65 -0.7863546965589521
64 74 -0.9759797487411825
65 66 -0.15901100696815607
65 75 -0.002165256296317697
66 67 -0.7571509902464215
66 76 0.03478828514569754
67 68 0.7198653026085349
67 77 -0.06849844213215395
68 69 0.5225533423139104
68 78 -0.7570168270753945
69 70 -0.5020701577298723
69 79 0.9332246345856321
70 80 -0.7078175026941005
71 72 0.6141589644907515
71 81 -0.578898834682344
72 73 0.24603723866912075
72 82 0.28544977049042264
73 74 -0.29780228546563814
73 83 0.5420722266785365
74 75 0.8358827973033531
74 84 0.2731324284557475
75 76 0.1475033731257449
75 85 0.7607467639601286
76 77 0.3315046876831742
76 86 0.5258256830076014
77 78 0.35623394217240123
77 87 -0.24424804584328785
78 79 0.9394854240479962
78 88 0.7276184558449548
79 80 0.6436930110097463
79 89 -0.12976773855295987
80 90 -0.26029171533876294
81 82 -0.665513937087109
81 91 -0.9065872166358566
82 83 -0.16003635980525321
82 92 -0.19351513197967551
83 84 0.5835990027389495
83 93 -0.1122508217491418
84 85 -0.5604759253257305
84 94 0.095104867291945
85 86 -0.5985600673918445
85 95 -0.1576438814599761
86 87 0.8817577613526411
86 96 -0.752024871161777
87 88 0.4328671105733446
87 97 -0.2699604252010881
88 89 -0.8014188852151274
88 98 -0.3146899945334878
89 90 0.6556246721928827
89 99 -0.9049260206154159
90 100 0.20609635320321273
91 92 -0.9211553764850038
92 93 -0.2191593478069187
93 94 -0.4623433974835194
94 95 0.8415993406944
95 96 0.8645546870818193
96 97 -0.5800085239150901
97 98 0.10304374458800192
98 99 -0.9277458952260234
99 100 0.5397064876587037
