1 2 0.7468588055836325
1 11 0.937081325641864
2 3 -0.8683832244255771
2 12 0.9657410931068675
3 4 -0.8626197330836856
3 13 0.20728895273822245
4 5 0.19150049174805162
4 14 0.3239654245489354
5 6 0.7325233657632948
5 15 -0.593180455696019
6 7 0.004154785270976902
6 16 0.9942373230730439
7 8 0.058584904616660216
7 17 0.12964622136747628
8 9 0.08844310123399901
8 18 -0.401894502766567
9 10 -0.4588529559761698
9 19 -0.04755217605732498
10 20 0.40670503987221895
11 12 0.7383890804278399
11 21 0.06171138311119795
12 13 -0.7442885741499363
12 22 -0.35573841359164127
13 14 0.5911491168579532
13 23 -0.9359836871484064
14 15 0.021160910506540676
14 24 -0.05821483671230099
15 16 -0.40293029743274955
15 25 -0.04839195587245215
16 17 0.968081294746961
16 26 -0.5458427468334492
17 18 0.6670980024983808
17 27 -0.8743733550300221
18 19 0.7308480624289246
18 28 0.6938930870932059
19 20 0.21923242046086022
19 29 -0.6254991315655007
20 30 0.8974478197729234
21 22 -0.5345433440454186
21 31 -0.9772023914451402
22 23 -0.8581143104996025
22 32 -0.5504601220639092
23 24 -0.08910435578813392
23 33 0.5803450826765713
24 25 -0.9822554288296983
24 34 -0.8642071928692616
25 26 -0.012791004157064023
25 35 0.21535226143557518
26 27 0.6999145803794415
26 36 0.6256350712763432
27 28 0.21273324631484325
27 37 0.0072254898813775
28 29 -0.0685992667389792
28 38 0.5027163935716041
29 30 -0.9440092690208766
29 39 -0.5920128999833771
30 40 -0.8815963903920707
31 32 -0.13906236341501899
31 41 -0.19529727992527035
32 33 -0.21273017011279016
32 42 0.7922900097612704
33 34 0.9771930362274586
33 43 0.16792908700193343
34 35 -0.1303675432328224
34 44 -0.1370127382392785
35 36 0.6378711540651725
35 45 0.05544767683982421
36 37 -0.5277312594955008
36 46 0.3137065884111485
37 38 -0.6794026143488905
37 47 -0.7091090428874545
38 39 0.5671413455333565
38 48 -0.26380630294101937
39 40 -0.5097908779112814
39 49 -0.12733887524054155
40 50 -0.6582980492165664
41 42 0.04534934270513924
41 51 -0.04321640839519514
42 43 -0.30907677600426586
42 52 0.9694988745705426
43 44 -0.9221754047153563
43 53 -0.10715418496419482
44 45 -0.6282326289604581
44 54 0.05941063340380914
45 46 0.8784082720477433
45 55 0.44676682997454753
46 47 0.9543420030965184
46 56 0.46313702960481873
47 48 0.27568172404315905
47 57 0.7658122807225973
48 49 -0.6453737987319763
48 58 -0.49425899269793616
49 50 0.26185848427631475
49 59 -0.39715276702737623
50 60 0.00794206386544083
51 52 0.11071294764466089
51 61 0.08677203508508069
52 53 -0.9425359020734092
52 62 -0.2966305274597598
53 54 -0.6236549694133715
53 63 0.2541112937104968
54 55 0.1981725058802788
54 64 0.44184893337516695
55 56 -0.6424859686642648
55 65 0.23945083319181792
56 57 -0.808743277398227
56 66 0.0012122118886319644
57 58 -0.9342683782988572
57 67 -0.14395619706375973
58 59 -0.5258178809078968
58 68 -0.21620887630089136
59 60 0.9510134264914718
59 69 0.7422966827341966
60 70 0.9049638002062361
61 62 0.521791151205858
61 71 0.4247491481641825
62 63 -0.23808222159229397
62 72 0.5283202627319201
63 64 -0.5693644010545076
63 73 -0.6980597846850072
64 65 -0.38720828672153296
64 74 -0.1912090704504692
65 66 0.12456676792326693
65 75 0.5268092292742927
66 67 -0.07527984292395806
66 76 -0.9985122211131876
67 68 0.7557861465229914
67 77 -0.04698584102933423
68 69 -0.9855871809757197
68 78 -0.4382182999267812
69 70 0.24146406279070542
69 79 -0.3242258515078835
70 80 0.9040281888152768
71 72 0.2393641922068792
71 81 -0.14781645904761564
72 73 0.8776078266215435
72 82 -0.36062040706594467
73 74 0.07228861335914893
73 83 -0.7992264115509014
74 75 0.645564840995053
74 84 0.17426070247059444
75 76 0.6132926704264516
75 85 -0.4027495948944
76 77 0.9778778809208444
76 86 0.75523988235019
77 78 -0.2648589249018145
77 87 -0.5186994962818432
78 79 0.07414023389188151
78 88 -0.15388139264404166
79 80 -0.6605367900733561
79 89 0.3194603025017797
80 90 -0.11987729319982043
81 82 -0.4218499439638246
81 91 0.9477104824008924
82 83 -0.1350481344191683
82 92 -0.45970851681706937
83 84 0.46231686396132554
83 93 0.8793020788823496
84 85 0.4130310868109126
84 94 0.021164493364364878
85 86 -0.7232305865678195
85 95 0.2707958283577274
86 87 -0.5655776941675714
86 96 0.21075500262523383
87 88 -0.9035364456727404
87 97 -0.6496664415817002
88 89 0.06365264909474933
88 98 0.4801547195278246
89 90 0.43089813955849676
89 99 -0.867798566415455
90 100 -0.47869806530963976
91 92 -0.3324519089786593
92 93 0.6021117726527889
93 94 0.8866363689264036
94 95 0.6601233219862352
95 96 -0.9833832511348592
96 97 -0.056093758928141835
97 98 0.11355086533269887
98 99 0.8624308788499091
99 100 0.5502324207202052
