1 2 -0.6916743152406553
1 11 0.4800993930308095
2 3 0.5291209006777575
2 12 -0.9583804040958677
3 4 -0.19873674527665286
3 13 0.990276320677117
4 5 0.14480903105921872
4 14 0.6070333013547526
5 6 0.27477099028193885
5 15 0.7249303245952301
6 7 -0.22956603951385168
6 16 0.19148378857381276
7 8 -0.6165784554888885
7 17 -0.19482170420807043
8 9 0.9372366579399336
8 18 0.7471651024740258
9 10 0.22730690875020643
9 19 0.23678542547867987
10 20 0.7651414006781014
11 12 -0.47336996962973066
11 21 0.06747878676059549
12 13 -0.7295796432617663
12 22 -0.7674539651966203
13 14 -0.6448716481242214
13 23 0.9251938060557006
14 15 -0.772796560920366
14 24 -0.4457655711496076
15 16 0.8832754246793137
15 25 -0.10874589317874861
16 17 0.22161411100881856
16 26 0.1992383767946755
17 18 0.5736889304954493
17 27 -0.49238361214462123
18 19 0.8255679883416487
18 28 -0.6602034781362289
19 20 -0.973293155617508
19 29 0.14886558965413776
20 30 0.549880430869458
21 22 -0.9708500750291607
21 31 0.8374940161997699
22 23 -0.3802048310199415
22 32 0.3429052904240053
23 24 -0.16149945948178757
23 33 -0.15189510689800256
24 25 0.2833561833708458
24 34 -0.014525389126984312
25 26 0.33991526487151
25 35 0.8486613992639833
26 27 -0.3754320063134968
26 36 -0.8602526504738239
27 28 -0.7810291573369623
27 37 0.8613520287637726
28 29 -0.36638419862190985
28 38 -0.5164395285718746
29 30 0.5553589041592433
29 39 0.8997641542755004
30 40 0.8107917332593071
31 32 0.8014297082340245
31 41 -0.9331571447473108
32 33 -0.05754044349997178
32 42 0.6323365960920537
33 34 -0.07370226054530815
33 43 -0.25255370235216934
34 35 0.013112151336189592
34 44 -0.07711947986808965
35 36 0.23884693353549324
35 45 -0.3548285345823723
36 37 0.601468468431055
36 46 0.8228681002666383
37 38 -0.7472254324508052
37 47 0.2100107807271272
38 39 -0.018090060350034243
38 48 0.08788681913702723
39 40 0.40596434620002264
39 49 -0.7675885331043506
40 50 0.9761795153898376
41 42 0.9138986725502336
41 51 -0.7255813572878471
42 43 -0.4208264329388929
42 52 0.46625195522534124
43 44 -0.06898379965497803
43 53 -0.9296634770583905
44 45 0.7894861478557815
44 54 0.21155538627116988
45 46 -0.3610473781328376
45 55 -0.4170866299866942
46 47 -0.6106507419149259
46 56 -0.5787847222942322
47 48 -0.4197561268243457
47 57 0.2530587838451406
48 49 -0.1890912258299795
48 58 0.48482062635358725
49 50 -0.5067970437538181
49 59 -0.16212263856485465
50 60 0.25969995790228073
51 52 -0.4323432940841083
51 61 0.21216636871765782
52 53 0.4052447105104926
52 62 -0.34486104747315394
53 54 -0.8314546605363087
53 63 0.4650413962839002
54 55 0.2067112063351073
54 64 -0.1122562876174622
55 56 0.9148348474781143
55 65 -0.18808331408071455
56 57 -0.24511843527871058
56 66 -0.19430557965465312
57 58 0.31895190768163273
57 67 -0.8645476767486104
58 59 0.2874660315304054
58 68 0.3186867014293413
59 60 0.2640630934276791
59 69 -0.8090594930702575
60 70 -0.48036502446477214
61 62 0.8884502721060843
61 71 0.7054710822185699
62 63 -0.33070494178788845
62 72 0.9561161580330377
63 64 0.27239998766573503
63 73 -0.9441844222769349
64 65 -0.03990643334621957
64 74 0.7768950544593858
65 66 0.8931116447256062
65 75 0.7143811176638872
66 67 0.7703553888655899
66 76 -0.5956913132598549
67 68 -0.28911415039795463
67 77 -0.33055184504645485
68 69 -0.7015526294645336
68 78 0.4931675796115118
69 70 -0.21938158115373585
69 79 -0.35606482493854674
70 80 0.6535999503213512
71 72 -0.9954815329629729
71 81 0.04245205444058575
72 73 0.24916422347070477
72 82 0.9006270493990507
73 74 -0.3996598803520268
73 83 -0.558294958342229
74 75 -0.5829990230796398
74 84 0.8891629243126498
75 76 0.3778553320649152
75 85 -0.9934240624953208
76 77 -0.16197034503249896
76 86 0.2959183466785227
77 78 -0.6449872655665292
77 87 -0.9839933204354376
78 79 0.28289519123123297
78 88 -0.4035379415367264
79 80 0.9426505878551561
79 89 0.9383647592228825
80 90 -0.15102972224489442
81 82 0.10407526652913313
81 91 -0.0292451726745806
82 83 0.5349513012409775
82 92 0.650018506429547
83 84 -0.8899600133195997
83 93 0.046492141556583766
84 85 -0.8530599121154689
84 94 0.19030491327218102
85 86 0.8002069993139649
85 95 0.8397297419246468
86 87 0.023285905586662103
86 96 -0.3323350289707938
87 88 -0.9791231958105577
87 97 0.19491760927824653
88 89 -0.24834420936108015
88 98 0.9772557303502947
89 90 0.48683593645102774
89 99 0.03537859007093669
90 100 0.8919562453401206
91 92 0.5362683081288446
92 93 -0.18671939638667667
93 94 -0.16726068541077965
94 95 -0.9376978582964672
95 96 -0.9881812882630314
96 97 0.5569468677186893
97 98 -0.8307229592957572
98 99 -0.3108101194401638
99 100 -0.6710400877621778
